#          k/h    CDM            baryon         photon         nu             mass_nu        total          no_nu          total_de       Weyl           v_CDM          v_b            v_b-v_c     
   0.102076E-04   0.202760E+08   0.202760E+08   0.270206E+08   0.270202E+08   0.202761E+08   0.202760E+08   0.202760E+08   0.202828E+08  -0.392788E+00   0.102118E+08   0.102118E+08   0.610958E+01
   0.112819E-04   0.202760E+08   0.202760E+08   0.270175E+08   0.270170E+08   0.202761E+08   0.202760E+08   0.202760E+08   0.202828E+08  -0.392788E+00   0.102118E+08   0.102118E+08   0.675238E+01
   0.124693E-04   0.202760E+08   0.202760E+08   0.270137E+08   0.270131E+08   0.202761E+08   0.202760E+08   0.202760E+08   0.202828E+08  -0.392788E+00   0.102118E+08   0.102118E+08   0.746276E+01
   0.137816E-04   0.202760E+08   0.202760E+08   0.270090E+08   0.270083E+08   0.202761E+08   0.202760E+08   0.202760E+08   0.202828E+08  -0.392788E+00   0.102118E+08   0.102118E+08   0.824781E+01
   0.152321E-04   0.202760E+08   0.202760E+08   0.270034E+08   0.270024E+08   0.202761E+08   0.202760E+08   0.202760E+08   0.202828E+08  -0.392788E+00   0.102118E+08   0.102118E+08   0.911535E+01
   0.168352E-04   0.202760E+08   0.202760E+08   0.269964E+08   0.269953E+08   0.202761E+08   0.202760E+08   0.202760E+08   0.202827E+08  -0.392787E+00   0.102118E+08   0.102118E+08   0.100740E+02
   0.186070E-04   0.202760E+08   0.202760E+08   0.269879E+08   0.269865E+08   0.202761E+08   0.202760E+08   0.202760E+08   0.202827E+08  -0.392787E+00   0.102118E+08   0.102118E+08   0.111333E+02
   0.205653E-04   0.202760E+08   0.202760E+08   0.269776E+08   0.269759E+08   0.202760E+08   0.202760E+08   0.202760E+08   0.202827E+08  -0.392787E+00   0.102118E+08   0.102118E+08   0.123038E+02
   0.227297E-04   0.202759E+08   0.202759E+08   0.269649E+08   0.269628E+08   0.202760E+08   0.202759E+08   0.202759E+08   0.202827E+08  -0.392786E+00   0.102118E+08   0.102118E+08   0.135971E+02
   0.251219E-04   0.202759E+08   0.202759E+08   0.269494E+08   0.269469E+08   0.202760E+08   0.202759E+08   0.202759E+08   0.202826E+08  -0.392785E+00   0.102117E+08   0.102117E+08   0.150259E+02
   0.277659E-04   0.202759E+08   0.202759E+08   0.269306E+08   0.269275E+08   0.202760E+08   0.202759E+08   0.202759E+08   0.202826E+08  -0.392785E+00   0.102117E+08   0.102117E+08   0.166042E+02
   0.306881E-04   0.202758E+08   0.202758E+08   0.269076E+08   0.269038E+08   0.202759E+08   0.202758E+08   0.202758E+08   0.202826E+08  -0.392784E+00   0.102117E+08   0.102117E+08   0.183476E+02
   0.339179E-04   0.202758E+08   0.202758E+08   0.268795E+08   0.268749E+08   0.202759E+08   0.202758E+08   0.202758E+08   0.202825E+08  -0.392782E+00   0.102117E+08   0.102117E+08   0.202731E+02
   0.374876E-04   0.202757E+08   0.202757E+08   0.268452E+08   0.268396E+08   0.202758E+08   0.202757E+08   0.202757E+08   0.202824E+08  -0.392781E+00   0.102116E+08   0.102116E+08   0.223992E+02
   0.414330E-04   0.202757E+08   0.202756E+08   0.268033E+08   0.267965E+08   0.202757E+08   0.202757E+08   0.202757E+08   0.202824E+08  -0.392779E+00   0.102116E+08   0.102116E+08   0.247465E+02
   0.457936E-04   0.202756E+08   0.202756E+08   0.267523E+08   0.267440E+08   0.202757E+08   0.202756E+08   0.202756E+08   0.202823E+08  -0.392777E+00   0.102116E+08   0.102116E+08   0.273374E+02
   0.506132E-04   0.202755E+08   0.202754E+08   0.266901E+08   0.266800E+08   0.202756E+08   0.202755E+08   0.202755E+08   0.202821E+08  -0.392774E+00   0.102115E+08   0.102115E+08   0.301961E+02
   0.559400E-04   0.202753E+08   0.202753E+08   0.266143E+08   0.266020E+08   0.202754E+08   0.202753E+08   0.202753E+08   0.202820E+08  -0.392771E+00   0.102114E+08   0.102114E+08   0.333493E+02
   0.618274E-04   0.202752E+08   0.202752E+08   0.265219E+08   0.265070E+08   0.202753E+08   0.202752E+08   0.202752E+08   0.202818E+08  -0.392767E+00   0.102114E+08   0.102114E+08   0.368257E+02
   0.683345E-04   0.202750E+08   0.202750E+08   0.264095E+08   0.263913E+08   0.202751E+08   0.202750E+08   0.202750E+08   0.202816E+08  -0.392762E+00   0.102113E+08   0.102113E+08   0.406563E+02
   0.755264E-04   0.202747E+08   0.202747E+08   0.262728E+08   0.262506E+08   0.202748E+08   0.202747E+08   0.202747E+08   0.202813E+08  -0.392756E+00   0.102111E+08   0.102111E+08   0.448744E+02
   0.834752E-04   0.202745E+08   0.202744E+08   0.261067E+08   0.260797E+08   0.202745E+08   0.202745E+08   0.202745E+08   0.202810E+08  -0.392749E+00   0.102110E+08   0.102110E+08   0.495154E+02
   0.922605E-04   0.202741E+08   0.202741E+08   0.259050E+08   0.258723E+08   0.202742E+08   0.202741E+08   0.202741E+08   0.202806E+08  -0.392741E+00   0.102108E+08   0.102108E+08   0.546164E+02
   0.101971E-03   0.202737E+08   0.202736E+08   0.256607E+08   0.256210E+08   0.202737E+08   0.202737E+08   0.202737E+08   0.202801E+08  -0.392730E+00   0.102106E+08   0.102106E+08   0.602161E+02
   0.112702E-03   0.202732E+08   0.202731E+08   0.253650E+08   0.253170E+08   0.202732E+08   0.202732E+08   0.202731E+08   0.202795E+08  -0.392717E+00   0.102103E+08   0.102103E+08   0.663540E+02
   0.124564E-03   0.202725E+08   0.202724E+08   0.250081E+08   0.249501E+08   0.202726E+08   0.202725E+08   0.202725E+08   0.202788E+08  -0.392701E+00   0.102100E+08   0.102100E+08   0.730693E+02
   0.137674E-03   0.202717E+08   0.202716E+08   0.245784E+08   0.245085E+08   0.202718E+08   0.202717E+08   0.202717E+08   0.202779E+08  -0.392682E+00   0.102096E+08   0.102096E+08   0.803996E+02
   0.152163E-03   0.202708E+08   0.202707E+08   0.240627E+08   0.239787E+08   0.202708E+08   0.202708E+08   0.202708E+08   0.202768E+08  -0.392658E+00   0.102091E+08   0.102091E+08   0.883789E+02
   0.168178E-03   0.202696E+08   0.202695E+08   0.234463E+08   0.233457E+08   0.202697E+08   0.202696E+08   0.202696E+08   0.202755E+08  -0.392630E+00   0.102085E+08   0.102084E+08   0.970348E+02
   0.185878E-03   0.202682E+08   0.202680E+08   0.227130E+08   0.225932E+08   0.202682E+08   0.202682E+08   0.202682E+08   0.202739E+08  -0.392595E+00   0.102078E+08   0.102077E+08   0.106385E+03
   0.205440E-03   0.202665E+08   0.202663E+08   0.218460E+08   0.217041E+08   0.202665E+08   0.202665E+08   0.202665E+08   0.202719E+08  -0.392554E+00   0.102069E+08   0.102068E+08   0.116432E+03
   0.227062E-03   0.202644E+08   0.202641E+08   0.208283E+08   0.206614E+08   0.202644E+08   0.202644E+08   0.202644E+08   0.202696E+08  -0.392503E+00   0.102058E+08   0.102057E+08   0.127159E+03
   0.250959E-03   0.202619E+08   0.202615E+08   0.196448E+08   0.194501E+08   0.202618E+08   0.202619E+08   0.202619E+08   0.202667E+08  -0.392442E+00   0.102045E+08   0.102044E+08   0.138521E+03
   0.277372E-03   0.202588E+08   0.202584E+08   0.182838E+08   0.180591E+08   0.202587E+08   0.202588E+08   0.202588E+08   0.202633E+08  -0.392368E+00   0.102029E+08   0.102028E+08   0.150434E+03
   0.306564E-03   0.202551E+08   0.202546E+08   0.167405E+08   0.164846E+08   0.202550E+08   0.202550E+08   0.202550E+08   0.202592E+08  -0.392280E+00   0.102010E+08   0.102008E+08   0.162769E+03
   0.338828E-03   0.202506E+08   0.202500E+08   0.150208E+08   0.147340E+08   0.202504E+08   0.202505E+08   0.202505E+08   0.202543E+08  -0.392175E+00   0.101987E+08   0.101985E+08   0.175342E+03
   0.374488E-03   0.202452E+08   0.202444E+08   0.131460E+08   0.128310E+08   0.202449E+08   0.202451E+08   0.202451E+08   0.202483E+08  -0.392049E+00   0.101959E+08   0.101956E+08   0.187898E+03
   0.413901E-03   0.202387E+08   0.202377E+08   0.111574E+08   0.108204E+08   0.202383E+08   0.202385E+08   0.202385E+08   0.202413E+08  -0.391899E+00   0.101925E+08   0.101922E+08   0.200110E+03
   0.457462E-03   0.202309E+08   0.202297E+08   0.912082E+07   0.877153E+07   0.202304E+08   0.202306E+08   0.202307E+08   0.202329E+08  -0.391723E+00   0.101884E+08   0.101881E+08   0.211578E+03
   0.505608E-03   0.202215E+08   0.202201E+08   0.712637E+07   0.677901E+07   0.202209E+08   0.202212E+08   0.202212E+08   0.202230E+08  -0.391515E+00   0.101836E+08   0.101832E+08   0.221831E+03
   0.558821E-03   0.202103E+08   0.202087E+08   0.528373E+07   0.495625E+07   0.202095E+08   0.202100E+08   0.202100E+08   0.202113E+08  -0.391272E+00   0.101778E+08   0.101774E+08   0.230359E+03
   0.617635E-03   0.201969E+08   0.201951E+08   0.370756E+07   0.341977E+07   0.201960E+08   0.201966E+08   0.201966E+08   0.201975E+08  -0.390989E+00   0.101709E+08   0.101705E+08   0.236646E+03
   0.682638E-03   0.201812E+08   0.201790E+08   0.249234E+07   0.226235E+07   0.201800E+08   0.201807E+08   0.201808E+08   0.201813E+08  -0.390661E+00   0.101628E+08   0.101623E+08   0.240227E+03
   0.754482E-03   0.201625E+08   0.201601E+08   0.167978E+07   0.151884E+07   0.201611E+08   0.201621E+08   0.201621E+08   0.201625E+08  -0.390281E+00   0.101532E+08   0.101527E+08   0.240758E+03
   0.833888E-03   0.201407E+08   0.201379E+08   0.123008E+07   0.113731E+07   0.201389E+08   0.201401E+08   0.201402E+08   0.201404E+08  -0.389842E+00   0.101420E+08   0.101414E+08   0.238071E+03
   0.921651E-03   0.201151E+08   0.201120E+08   0.101802E+07   0.977630E+06   0.201129E+08   0.201144E+08   0.201146E+08   0.201147E+08  -0.389335E+00   0.101289E+08   0.101283E+08   0.232203E+03
   0.101865E-02   0.200852E+08   0.200819E+08   0.875301E+06   0.859883E+06   0.200826E+08   0.200845E+08   0.200847E+08   0.200847E+08  -0.388749E+00   0.101137E+08   0.101131E+08   0.223377E+03
   0.112586E-02   0.200505E+08   0.200469E+08   0.678115E+06   0.659192E+06   0.200473E+08   0.200498E+08   0.200499E+08   0.200499E+08  -0.388071E+00   0.100961E+08   0.100954E+08   0.211937E+03
   0.124435E-02   0.200103E+08   0.200065E+08   0.428340E+06   0.389978E+06   0.200063E+08   0.200095E+08   0.200097E+08   0.200096E+08  -0.387286E+00   0.100757E+08   0.100750E+08   0.198287E+03
   0.137531E-02   0.199638E+08   0.199598E+08   0.236889E+06   0.182076E+06   0.199589E+08   0.199629E+08   0.199632E+08   0.199629E+08  -0.386381E+00   0.100522E+08   0.100514E+08   0.182900E+03
   0.152006E-02   0.199102E+08   0.199061E+08   0.177785E+06   0.120049E+06   0.199042E+08   0.199092E+08   0.199095E+08   0.199092E+08  -0.385338E+00   0.100251E+08   0.100243E+08   0.166391E+03
   0.168004E-02   0.198486E+08   0.198444E+08   0.167808E+06  -0.338276E+06   0.198412E+08   0.198474E+08   0.198479E+08   0.198474E+08  -0.384139E+00   0.999391E+07   0.999316E+07   0.149570E+03
   0.185685E-02   0.197778E+08   0.197736E+08   0.924518E+05  -0.275919E+06   0.197688E+08   0.197765E+08   0.197771E+08   0.197765E+08  -0.382766E+00   0.995817E+07   0.995743E+07   0.133312E+03
   0.205228E-02   0.196968E+08   0.196926E+08   0.182806E+05  -0.224939E+06   0.196858E+08   0.196954E+08   0.196961E+08   0.196954E+08  -0.381194E+00   0.991727E+07   0.991654E+07   0.118354E+03
   0.226827E-02   0.196043E+08   0.196001E+08   0.311547E+05  -0.183268E+06   0.195909E+08   0.196027E+08   0.196036E+08   0.196027E+08  -0.379399E+00   0.987057E+07   0.986985E+07   0.105206E+03
   0.250700E-02   0.194989E+08   0.194946E+08   0.199115E+05  -0.149216E+06   0.194825E+08   0.194971E+08   0.194982E+08   0.194971E+08  -0.377354E+00   0.981736E+07   0.981665E+07   0.941210E+02
   0.277085E-02   0.193790E+08   0.193747E+08  -0.770289E+04  -0.121398E+06   0.193592E+08   0.193770E+08   0.193783E+08   0.193770E+08  -0.375029E+00   0.975688E+07   0.975618E+07   0.849201E+02
   0.306246E-02   0.192432E+08   0.192386E+08   0.305726E+04  -0.986798E+05   0.192192E+08   0.192408E+08   0.192424E+08   0.192408E+08  -0.372393E+00   0.968833E+07   0.968762E+07   0.770622E+02
   0.338478E-02   0.190897E+08   0.190848E+08  -0.143648E+05  -0.801349E+05   0.190606E+08   0.190869E+08   0.190888E+08   0.190869E+08  -0.369413E+00   0.961082E+07   0.961011E+07   0.699371E+02
   0.374101E-02   0.189165E+08   0.189114E+08  -0.120571E+05  -0.650038E+05   0.188814E+08   0.189133E+08   0.189156E+08   0.189133E+08  -0.366053E+00   0.952342E+07   0.952271E+07   0.631331E+02
   0.413473E-02   0.187219E+08   0.187164E+08  -0.129135E+05  -0.526648E+05   0.186795E+08   0.187181E+08   0.187209E+08   0.187181E+08  -0.362274E+00   0.942516E+07   0.942445E+07   0.566718E+02
   0.456989E-02   0.185036E+08   0.184978E+08  -0.100516E+05  -0.426091E+05   0.184528E+08   0.184992E+08   0.185027E+08   0.184992E+08  -0.358038E+00   0.931499E+07   0.931429E+07   0.508240E+02
   0.505085E-02   0.182597E+08   0.182534E+08  -0.700372E+04  -0.344201E+05   0.181988E+08   0.182545E+08   0.182587E+08   0.182545E+08  -0.353302E+00   0.919184E+07   0.919114E+07   0.457240E+02
   0.558243E-02   0.179880E+08   0.179811E+08  -0.703279E+04  -0.277570E+05   0.179152E+08   0.179819E+08   0.179868E+08   0.179819E+08  -0.348025E+00   0.905460E+07   0.905391E+07   0.411884E+02
   0.616996E-02   0.176862E+08   0.176786E+08  -0.524807E+04  -0.223406E+05   0.175997E+08   0.176790E+08   0.176849E+08   0.176790E+08  -0.342162E+00   0.890217E+07   0.890148E+07   0.370020E+02
   0.681932E-02   0.173521E+08   0.173437E+08  -0.586082E+04  -0.179425E+05   0.172498E+08   0.173437E+08   0.173506E+08   0.173437E+08  -0.335672E+00   0.873341E+07   0.873273E+07   0.332162E+02
   0.753702E-02   0.169834E+08   0.169740E+08  -0.498632E+04  -0.143756E+05   0.168631E+08   0.169736E+08   0.169818E+08   0.169736E+08  -0.328510E+00   0.854718E+07   0.854651E+07   0.298871E+02
   0.833025E-02   0.165780E+08   0.165674E+08  -0.330895E+04  -0.114868E+05   0.164373E+08   0.165666E+08   0.165762E+08   0.165666E+08  -0.320632E+00   0.834237E+07   0.834170E+07   0.268732E+02
   0.920698E-02   0.161337E+08   0.161217E+08  -0.526508E+04  -0.915091E+04   0.159703E+08   0.161205E+08   0.161317E+08   0.161205E+08  -0.311998E+00   0.811788E+07   0.811721E+07   0.241560E+02
   0.101760E-01   0.156485E+08   0.156348E+08  -0.327329E+04  -0.726548E+04   0.154601E+08   0.156333E+08   0.156462E+08   0.156333E+08  -0.302568E+00   0.787271E+07   0.787205E+07   0.217545E+02
   0.112469E-01   0.151207E+08   0.151051E+08  -0.304328E+04  -0.574676E+04   0.149054E+08   0.151033E+08   0.151181E+08   0.151033E+08  -0.292310E+00   0.760603E+07   0.760537E+07   0.195956E+02
   0.124306E-01   0.145491E+08   0.145313E+08  -0.238920E+04  -0.452634E+04   0.143051E+08   0.145295E+08   0.145461E+08   0.145295E+08  -0.281203E+00   0.731726E+07   0.731660E+07   0.176765E+02
   0.137389E-01   0.139333E+08   0.139129E+08  -0.209037E+04  -0.354830E+04   0.136591E+08   0.139111E+08   0.139299E+08   0.139111E+08  -0.269235E+00   0.700612E+07   0.700547E+07   0.159641E+02
   0.151849E-01   0.132733E+08   0.132499E+08  -0.141150E+04  -0.276693E+04   0.129680E+08   0.132485E+08   0.132694E+08   0.132485E+08  -0.256409E+00   0.667270E+07   0.667204E+07   0.144363E+02
   0.167830E-01   0.125839E+08   0.125573E+08  -0.122961E+04  -0.214727E+04   0.122467E+08   0.125564E+08   0.125794E+08   0.125564E+08  -0.243013E+00   0.632444E+07   0.632378E+07   0.130781E+02
   0.185493E-01   0.118455E+08   0.118153E+08  -0.936770E+03  -0.165454E+04   0.114770E+08   0.118153E+08   0.118404E+08   0.118153E+08  -0.228669E+00   0.595153E+07   0.595087E+07   0.118457E+02
   0.205016E-01   0.110732E+08   0.110393E+08  -0.588482E+03  -0.126603E+04   0.106745E+08   0.110403E+08   0.110675E+08   0.110403E+08  -0.213669E+00   0.556157E+07   0.556091E+07   0.107223E+02
   0.226592E-01   0.102653E+08   0.102277E+08  -0.477171E+03  -0.960716E+03   0.983916E+07   0.102299E+08   0.102590E+08   0.102299E+08  -0.197984E+00   0.515379E+07   0.515313E+07   0.967720E+01
   0.250440E-01   0.944884E+07   0.940773E+07  -0.365856E+03  -0.723862E+03   0.899823E+07   0.941126E+07   0.944194E+07   0.941126E+07  -0.182139E+00   0.474182E+07   0.474116E+07   0.869351E+01
   0.276798E-01   0.863489E+07   0.859078E+07  -0.241487E+03  -0.541493E+03   0.816330E+07   0.859538E+07   0.862748E+07   0.859538E+07  -0.166347E+00   0.433124E+07   0.433060E+07   0.774387E+01
   0.305930E-01   0.782999E+07   0.778382E+07  -0.261678E+03  -0.401943E+03   0.734138E+07   0.778898E+07   0.782224E+07   0.778898E+07  -0.150740E+00   0.392542E+07   0.392480E+07   0.680489E+01
   0.338127E-01   0.705515E+07   0.700833E+07  -0.170412E+03  -0.296478E+03   0.655316E+07   0.701312E+07   0.704729E+07   0.701312E+07  -0.135723E+00   0.353496E+07   0.353436E+07   0.586388E+01
   0.373714E-01   0.633482E+07   0.628916E+07  -0.107864E+03  -0.217936E+03   0.582230E+07   0.629224E+07   0.632716E+07   0.629224E+07  -0.121770E+00   0.317216E+07   0.317161E+07   0.492019E+01
   0.413045E-01   0.569191E+07   0.564951E+07  -0.961909E+02  -0.160321E+03   0.516848E+07   0.564909E+07   0.568479E+07   0.564909E+07  -0.109322E+00   0.284849E+07   0.284800E+07   0.398879E+01
   0.454350E-01   0.515154E+07   0.511419E+07   0.222489E+02  -0.119948E+03   0.461964E+07   0.510892E+07   0.514527E+07   0.510892E+07  -0.988670E-01   0.257667E+07   0.257624E+07   0.313671E+01
   0.495654E-01   0.473086E+07   0.469941E+07   0.170873E+02  -0.925905E+02   0.418936E+07   0.468850E+07   0.472558E+07   0.468850E+07  -0.907295E-01   0.236515E+07   0.236479E+07   0.242582E+01
   0.536959E-01   0.439472E+07   0.436918E+07   0.134607E+02  -0.733171E+02   0.384270E+07   0.435256E+07   0.439043E+07   0.435256E+07  -0.842271E-01   0.219617E+07   0.219587E+07   0.186012E+01
   0.578264E-01   0.411334E+07   0.409300E+07   0.108109E+02  -0.591945E+02   0.355114E+07   0.407128E+07   0.410993E+07   0.407128E+07  -0.787828E-01   0.205471E+07   0.205447E+07   0.143527E+01
   0.619568E-01   0.386607E+07   0.384973E+07   0.880762E+01  -0.484853E+02   0.329525E+07   0.382404E+07   0.386333E+07   0.382404E+07  -0.739973E-01   0.193038E+07   0.193017E+07   0.113867E+01
   0.660873E-01   0.363455E+07   0.362077E+07   0.724049E+01  -0.400775E+02   0.305834E+07   0.359255E+07   0.363224E+07   0.359255E+07  -0.695165E-01   0.181394E+07   0.181375E+07   0.949186E+00
   0.702177E-01   0.340789E+07   0.339526E+07   0.598212E+01  -0.332987E+02   0.283069E+07   0.336600E+07   0.340577E+07   0.336600E+07  -0.651316E-01   0.169995E+07   0.169977E+07   0.841464E+00
   0.743482E-01   0.318549E+07   0.317285E+07   0.496089E+01  -0.277717E+02   0.261182E+07   0.314384E+07   0.318337E+07   0.314384E+07  -0.608319E-01   0.158813E+07   0.158795E+07   0.789512E+00
   0.784786E-01   0.296376E+07   0.295031E+07   0.411984E+01  -0.231963E+02   0.239862E+07   0.292258E+07   0.296150E+07   0.292258E+07  -0.565495E-01   0.147670E+07   0.147652E+07   0.767548E+00
   0.826091E-01   0.275116E+07   0.273655E+07   0.343234E+01  -0.194375E+02   0.219782E+07   0.271061E+07   0.274870E+07   0.271061E+07  -0.524471E-01   0.136992E+07   0.136973E+07   0.755634E+00
   0.867395E-01   0.255353E+07   0.253784E+07   0.287360E+01  -0.163677E+02   0.201367E+07   0.251375E+07   0.255090E+07   0.251375E+07  -0.486372E-01   0.127072E+07   0.127053E+07   0.738897E+00
   0.918936E-01   0.233508E+07   0.231864E+07   0.232528E+01  -0.133398E+02   0.181203E+07   0.229633E+07   0.233232E+07   0.229633E+07  -0.444297E-01   0.116116E+07   0.116096E+07   0.698683E+00
   0.970477E-01   0.215356E+07   0.213734E+07   0.191003E+01  -0.110349E+02   0.164480E+07   0.211584E+07   0.215084E+07   0.211584E+07  -0.409366E-01   0.107019E+07   0.107001E+07   0.633655E+00
   0.102202E+00   0.201060E+07   0.199559E+07   0.159763E+01  -0.929387E+01   0.151169E+07   0.197375E+07   0.200808E+07   0.197375E+07  -0.381867E-01   0.998605E+06   0.998437E+06   0.550098E+00
   0.107356E+00   0.190104E+07   0.188793E+07   0.136054E+01  -0.796831E+01   0.140731E+07   0.186485E+07   0.189884E+07   0.186485E+07  -0.360790E-01   0.943765E+06   0.943617E+06   0.459779E+00
   0.112510E+00   0.181420E+07   0.180326E+07   0.117501E+01  -0.692772E+01   0.132255E+07   0.177849E+07   0.181237E+07   0.177849E+07  -0.344075E-01   0.900307E+06   0.900181E+06   0.375182E+00
   0.117664E+00   0.173836E+07   0.172939E+07   0.102324E+01  -0.607296E+01   0.124807E+07   0.170305E+07   0.173685E+07   0.170305E+07  -0.329474E-01   0.862350E+06   0.862242E+06   0.306018E+00
   0.122818E+00   0.166435E+07   0.165683E+07   0.893740E+00  -0.533968E+01   0.117693E+07   0.162947E+07   0.166309E+07   0.162947E+07  -0.315231E-01   0.825310E+06   0.825215E+06   0.257282E+00
   0.127972E+00   0.158686E+07   0.158011E+07   0.780060E+00  -0.469164E+01   0.110526E+07   0.155250E+07   0.158573E+07   0.155250E+07  -0.300336E-01   0.786536E+06   0.786448E+06   0.228879E+00
   0.133126E+00   0.150440E+07   0.149777E+07   0.679118E+00  -0.411195E+01   0.103211E+07   0.147071E+07   0.150329E+07   0.147071E+07  -0.284507E-01   0.745293E+06   0.745206E+06   0.216608E+00
   0.138280E+00   0.141871E+07   0.141172E+07   0.589842E+00  -0.359544E+01   0.958766E+06   0.138581E+07   0.141753E+07   0.138581E+07  -0.268078E-01   0.702453E+06   0.702364E+06   0.214001E+00
   0.143435E+00   0.133354E+07   0.132602E+07   0.512052E+00  -0.314221E+01   0.887795E+06   0.130154E+07   0.133228E+07   0.130154E+07  -0.251772E-01   0.659909E+06   0.659817E+06   0.214319E+00
   0.148589E+00   0.125349E+07   0.124550E+07   0.445697E+00  -0.275322E+01   0.822160E+06   0.122242E+07   0.125215E+07   0.122242E+07  -0.236462E-01   0.619949E+06   0.619855E+06   0.212201E+00
   0.153743E+00   0.118275E+07   0.117457E+07   0.390413E+00  -0.242749E+01   0.764384E+06   0.115254E+07   0.118138E+07   0.115254E+07  -0.222941E-01   0.584658E+06   0.584564E+06   0.204607E+00
   0.158897E+00   0.112375E+07   0.111574E+07   0.345199E+00  -0.216013E+01   0.715712E+06   0.109428E+07   0.112241E+07   0.109428E+07  -0.211668E-01   0.555242E+06   0.555151E+06   0.190967E+00
   0.164051E+00   0.107626E+07   0.106875E+07   0.308377E+00  -0.194181E+01   0.675616E+06   0.104738E+07   0.107500E+07   0.104738E+07  -0.202592E-01   0.531571E+06   0.531486E+06   0.172703E+00
   0.169205E+00   0.103780E+07   0.103103E+07   0.277954E+00  -0.176101E+01   0.642207E+06   0.100938E+07   0.103666E+07   0.100938E+07  -0.195239E-01   0.512409E+06   0.512332E+06   0.152404E+00
   0.174359E+00   0.100505E+07   0.999082E+06   0.252112E+00  -0.160697E+01   0.613168E+06   0.977015E+06   0.100405E+07   0.977015E+06  -0.188975E-01   0.496093E+06   0.496024E+06   0.132915E+00
   0.179513E+00   0.974786E+06   0.969541E+06   0.229424E+00  -0.147115E+01   0.586370E+06   0.947104E+06   0.973905E+06   0.947104E+06  -0.183186E-01   0.481017E+06   0.480954E+06   0.116545E+00
   0.184667E+00   0.944218E+06   0.939499E+06   0.208844E+00  -0.134726E+01   0.560032E+06   0.916912E+06   0.943426E+06   0.916912E+06  -0.177343E-01   0.465789E+06   0.465731E+06   0.104560E+00
   0.189821E+00   0.911472E+06   0.907035E+06   0.189754E+00  -0.123144E+01   0.533102E+06   0.884612E+06   0.910727E+06   0.884612E+06  -0.171093E-01   0.449482E+06   0.449427E+06   0.970611E-01
   0.194975E+00   0.876206E+06   0.871824E+06   0.171939E+00  -0.112250E+01   0.505385E+06   0.849876E+06   0.875470E+06   0.849876E+06  -0.164372E-01   0.431929E+06   0.431874E+06   0.932004E-01
   0.200130E+00   0.839538E+06   0.835055E+06   0.155500E+00  -0.102123E+01   0.477567E+06   0.813805E+06   0.838786E+06   0.813805E+06  -0.157393E-01   0.413687E+06   0.413632E+06   0.915708E-01
   0.205284E+00   0.803200E+06   0.798554E+06   0.140611E+00  -0.928915E+00   0.450640E+06   0.778092E+06   0.802420E+06   0.778092E+06  -0.150484E-01   0.395619E+06   0.395563E+06   0.906359E-01
   0.210438E+00   0.768820E+06   0.764043E+06   0.127380E+00  -0.846435E+00   0.425486E+06   0.744330E+06   0.768018E+06   0.744330E+06  -0.143952E-01   0.378533E+06   0.378477E+06   0.891151E-01
   0.215592E+00   0.737688E+06   0.732877E+06   0.115824E+00  -0.774081E+00   0.402751E+06   0.713773E+06   0.736880E+06   0.713773E+06  -0.138040E-01   0.363070E+06   0.363014E+06   0.862409E-01
   0.220746E+00   0.710594E+06   0.705879E+06   0.105864E+00  -0.711520E+00   0.382776E+06   0.687187E+06   0.709803E+06   0.687187E+06  -0.132896E-01   0.349619E+06   0.349565E+06   0.818375E-01
   0.225900E+00   0.687576E+06   0.683076E+06   0.973158E-01  -0.657694E+00   0.365475E+06   0.664598E+06   0.686820E+06   0.664598E+06  -0.128526E-01   0.338195E+06   0.338143E+06   0.762296E-01
   0.231054E+00   0.667895E+06   0.663690E+06   0.899096E-01  -0.610955E+00   0.350356E+06   0.645278E+06   0.667189E+06   0.645278E+06  -0.124787E-01   0.328429E+06   0.328381E+06   0.700484E-01
   0.236208E+00   0.650378E+06   0.646496E+06   0.833617E-01  -0.569511E+00   0.336726E+06   0.628080E+06   0.649726E+06   0.628080E+06  -0.121460E-01   0.319739E+06   0.319694E+06   0.640111E-01
   0.241362E+00   0.633827E+06   0.630240E+06   0.774294E-01  -0.531805E+00   0.323912E+06   0.611834E+06   0.633225E+06   0.611834E+06  -0.118316E-01   0.311529E+06   0.311486E+06   0.587256E-01
   0.246516E+00   0.617252E+06   0.613892E+06   0.719340E-01  -0.496681E+00   0.311382E+06   0.595574E+06   0.616688E+06   0.595574E+06  -0.115170E-01   0.303308E+06   0.303268E+06   0.545562E-01
   0.251670E+00   0.600033E+06   0.596814E+06   0.667670E-01  -0.463440E+00   0.298817E+06   0.578699E+06   0.599493E+06   0.578699E+06  -0.111906E-01   0.294770E+06   0.294731E+06   0.515768E-01
   0.256825E+00   0.582037E+06   0.578878E+06   0.618892E-01  -0.431842E+00   0.286158E+06   0.561082E+06   0.581507E+06   0.561082E+06  -0.108497E-01   0.285850E+06   0.285811E+06   0.496057E-01
   0.261979E+00   0.563598E+06   0.560441E+06   0.573145E-01  -0.402013E+00   0.273576E+06   0.543048E+06   0.563068E+06   0.543048E+06  -0.105009E-01   0.276713E+06   0.276675E+06   0.482980E-01
   0.267133E+00   0.545304E+06   0.542123E+06   0.530780E-01  -0.374228E+00   0.261354E+06   0.525170E+06   0.544770E+06   0.525170E+06  -0.101550E-01   0.267652E+06   0.267614E+06   0.472566E-01
   0.272287E+00   0.527760E+06   0.524561E+06   0.492087E-01  -0.348725E+00   0.249773E+06   0.508035E+06   0.527222E+06   0.508035E+06  -0.982355E-02   0.258966E+06   0.258928E+06   0.461340E-01
   0.277441E+00   0.511448E+06   0.508262E+06   0.457173E-01  -0.325619E+00   0.239040E+06   0.492111E+06   0.510913E+06   0.492111E+06  -0.951551E-02   0.250893E+06   0.250856E+06   0.447038E-01
   0.282595E+00   0.496654E+06   0.493525E+06   0.425937E-01  -0.304880E+00   0.229258E+06   0.477673E+06   0.496129E+06   0.477673E+06  -0.923622E-02   0.243575E+06   0.243538E+06   0.428900E-01
   0.287749E+00   0.483418E+06   0.480387E+06   0.398066E-01  -0.286324E+00   0.220412E+06   0.464756E+06   0.482909E+06   0.464756E+06  -0.898633E-02   0.237028E+06   0.236993E+06   0.407543E-01
   0.292903E+00   0.471525E+06   0.468622E+06   0.373072E-01  -0.269639E+00   0.212373E+06   0.453149E+06   0.471037E+06   0.453149E+06  -0.876180E-02   0.231148E+06   0.231114E+06   0.384514E-01
   0.298057E+00   0.460590E+06   0.457827E+06   0.350394E-01  -0.254452E+00   0.204942E+06   0.442479E+06   0.460126E+06   0.442479E+06  -0.855538E-02   0.225742E+06   0.225710E+06   0.361713E-01
   0.303211E+00   0.450184E+06   0.447554E+06   0.329508E-01  -0.240409E+00   0.197907E+06   0.432326E+06   0.449742E+06   0.432326E+06  -0.835897E-02   0.220599E+06   0.220568E+06   0.340853E-01
   0.308365E+00   0.439939E+06   0.437419E+06   0.310004E-01  -0.227233E+00   0.191096E+06   0.422336E+06   0.439516E+06   0.422336E+06  -0.816571E-02   0.215536E+06   0.215506E+06   0.323064E-01
   0.313520E+00   0.429622E+06   0.427184E+06   0.291617E-01  -0.214743E+00   0.184400E+06   0.412282E+06   0.429213E+06   0.412282E+06  -0.797124E-02   0.210438E+06   0.210409E+06   0.308723E-01
   0.318674E+00   0.419162E+06   0.416776E+06   0.274223E-01  -0.202860E+00   0.177789E+06   0.402097E+06   0.418762E+06   0.402097E+06  -0.777421E-02   0.205272E+06   0.205243E+06   0.297493E-01
   0.323828E+00   0.408632E+06   0.406275E+06   0.257804E-01  -0.191580E+00   0.171289E+06   0.391850E+06   0.408236E+06   0.391850E+06  -0.757601E-02   0.200071E+06   0.200043E+06   0.288525E-01
   0.328982E+00   0.398203E+06   0.395863E+06   0.242400E-01  -0.180943E+00   0.164972E+06   0.381708E+06   0.397810E+06   0.381708E+06  -0.737984E-02   0.194923E+06   0.194895E+06   0.280746E-01
   0.334136E+00   0.388086E+06   0.385763E+06   0.228065E-01  -0.171000E+00   0.158918E+06   0.371875E+06   0.387696E+06   0.371875E+06  -0.718964E-02   0.189930E+06   0.189902E+06   0.273150E-01
   0.339290E+00   0.378471E+06   0.376172E+06   0.214831E-01  -0.161785E+00   0.153197E+06   0.362532E+06   0.378085E+06   0.362532E+06  -0.700895E-02   0.185186E+06   0.185159E+06   0.265017E-01
   0.344444E+00   0.369473E+06   0.367211E+06   0.202679E-01  -0.153295E+00   0.147846E+06   0.353792E+06   0.369093E+06   0.353792E+06  -0.683990E-02   0.180748E+06   0.180721E+06   0.256022E-01
   0.349598E+00   0.361112E+06   0.358902E+06   0.191537E-01  -0.145486E+00   0.142860E+06   0.345673E+06   0.360741E+06   0.345673E+06  -0.668286E-02   0.176625E+06   0.176599E+06   0.246226E-01
   0.354752E+00   0.353323E+06   0.351176E+06   0.181293E-01  -0.138285E+00   0.138202E+06   0.338110E+06   0.352962E+06   0.338110E+06  -0.653658E-02   0.172785E+06   0.172760E+06   0.235979E-01
   0.359906E+00   0.345988E+06   0.343909E+06   0.171820E-01  -0.131605E+00   0.133817E+06   0.330990E+06   0.345639E+06   0.330990E+06  -0.639885E-02   0.169170E+06   0.169146E+06   0.225781E-01
   0.365060E+00   0.338972E+06   0.336960E+06   0.162997E-01  -0.125361E+00   0.129643E+06   0.324181E+06   0.338634E+06   0.324181E+06  -0.626716E-02   0.165713E+06   0.165689E+06   0.216127E-01
   0.370215E+00   0.332146E+06   0.330194E+06   0.154716E-01  -0.119476E+00   0.125625E+06   0.317559E+06   0.331819E+06   0.317559E+06  -0.613907E-02   0.162350E+06   0.162327E+06   0.207382E-01
   0.375369E+00   0.325410E+06   0.323508E+06   0.146895E-01  -0.113895E+00   0.121721E+06   0.311026E+06   0.325090E+06   0.311026E+06  -0.601271E-02   0.159031E+06   0.159008E+06   0.199713E-01
   0.380523E+00   0.318707E+06   0.316845E+06   0.139482E-01  -0.108579E+00   0.117908E+06   0.304529E+06   0.318394E+06   0.304529E+06  -0.588706E-02   0.155729E+06   0.155707E+06   0.193076E-01
   0.385677E+00   0.312047E+06   0.310216E+06   0.132454E-01  -0.103517E+00   0.114186E+06   0.298078E+06   0.311740E+06   0.298078E+06  -0.576229E-02   0.152450E+06   0.152428E+06   0.187274E-01
   0.390831E+00   0.305484E+06   0.303677E+06   0.125813E-01  -0.987116E-01   0.110572E+06   0.291722E+06   0.305181E+06   0.291722E+06  -0.563937E-02   0.149219E+06   0.149197E+06   0.182022E-01
   0.395985E+00   0.299088E+06   0.297303E+06   0.119562E-01  -0.941709E-01   0.107090E+06   0.285531E+06   0.298788E+06   0.285531E+06  -0.551964E-02   0.146070E+06   0.146049E+06   0.177025E-01
   0.401139E+00   0.292918E+06   0.291157E+06   0.113701E-01  -0.898973E-01   0.103757E+06   0.279561E+06   0.292622E+06   0.279561E+06  -0.540417E-02   0.143034E+06   0.143013E+06   0.172046E-01
   0.406293E+00   0.287008E+06   0.285275E+06   0.108219E-01  -0.858860E-01   0.100582E+06   0.273845E+06   0.286717E+06   0.273845E+06  -0.529362E-02   0.140126E+06   0.140106E+06   0.166946E-01
   0.411447E+00   0.281376E+06   0.279675E+06   0.103097E-01  -0.821263E-01   0.975651E+05   0.268399E+06   0.281091E+06   0.268399E+06  -0.518830E-02   0.137356E+06   0.137336E+06   0.161700E-01
   0.416601E+00   0.276019E+06   0.274354E+06   0.983122E-02  -0.786025E-01   0.947018E+05   0.263220E+06   0.275740E+06   0.263220E+06  -0.508814E-02   0.134722E+06   0.134702E+06   0.156378E-01
   0.421755E+00   0.270906E+06   0.269278E+06   0.938308E-02  -0.752922E-01   0.919764E+05   0.258277E+06   0.270632E+06   0.258277E+06  -0.499255E-02   0.132208E+06   0.132189E+06   0.151103E-01
   0.426910E+00   0.265980E+06   0.264390E+06   0.896156E-02  -0.721679E-01   0.893665E+05   0.253518E+06   0.265713E+06   0.253518E+06  -0.490051E-02   0.129786E+06   0.129768E+06   0.146012E-01
   0.432064E+00   0.261190E+06   0.259635E+06   0.856326E-02  -0.692053E-01   0.868511E+05   0.248890E+06   0.260929E+06   0.248890E+06  -0.481102E-02   0.127432E+06   0.127414E+06   0.141217E-01
   0.437218E+00   0.256501E+06   0.254980E+06   0.818576E-02  -0.663870E-01   0.844167E+05   0.244363E+06   0.256246E+06   0.244363E+06  -0.472346E-02   0.125128E+06   0.125110E+06   0.136786E-01
   0.442372E+00   0.251898E+06   0.250405E+06   0.782735E-02  -0.637012E-01   0.820554E+05   0.239919E+06   0.251647E+06   0.239919E+06  -0.463753E-02   0.122866E+06   0.122849E+06   0.132730E-01
   0.447526E+00   0.247370E+06   0.245902E+06   0.748667E-02  -0.611385E-01   0.797624E+05   0.235550E+06   0.247124E+06   0.235550E+06  -0.455304E-02   0.120642E+06   0.120624E+06   0.129006E-01
   0.452680E+00   0.242919E+06   0.241473E+06   0.716277E-02  -0.586928E-01   0.775361E+05   0.231255E+06   0.242676E+06   0.231255E+06  -0.446999E-02   0.118455E+06   0.118438E+06   0.125539E-01
   0.457834E+00   0.238560E+06   0.237135E+06   0.685526E-02  -0.563625E-01   0.753802E+05   0.227052E+06   0.238320E+06   0.227052E+06  -0.438871E-02   0.116314E+06   0.116298E+06   0.122241E-01
   0.462988E+00   0.234320E+06   0.232916E+06   0.656399E-02  -0.541478E-01   0.733012E+05   0.222965E+06   0.234085E+06   0.222965E+06  -0.430968E-02   0.114233E+06   0.114216E+06   0.119039E-01
   0.468142E+00   0.230219E+06   0.228836E+06   0.628860E-02  -0.520471E-01   0.713031E+05   0.219013E+06   0.229987E+06   0.219013E+06  -0.423325E-02   0.112220E+06   0.112203E+06   0.115879E-01
   0.473296E+00   0.226259E+06   0.224898E+06   0.602829E-02  -0.500553E-01   0.693846E+05   0.215198E+06   0.226031E+06   0.215198E+06  -0.415948E-02   0.110276E+06   0.110260E+06   0.112737E-01
   0.478450E+00   0.222435E+06   0.221097E+06   0.578208E-02  -0.481657E-01   0.675418E+05   0.211514E+06   0.222211E+06   0.211514E+06  -0.408825E-02   0.108399E+06   0.108384E+06   0.109617E-01
   0.483605E+00   0.218738E+06   0.217424E+06   0.554900E-02  -0.463715E-01   0.657704E+05   0.207954E+06   0.218518E+06   0.207954E+06  -0.401941E-02   0.106586E+06   0.106570E+06   0.106545E-01
   0.488759E+00   0.215159E+06   0.213869E+06   0.532808E-02  -0.446657E-01   0.640653E+05   0.204508E+06   0.214942E+06   0.204508E+06  -0.395277E-02   0.104830E+06   0.104814E+06   0.103559E-01
   0.493913E+00   0.211680E+06   0.210413E+06   0.511828E-02  -0.430407E-01   0.624202E+05   0.201160E+06   0.211468E+06   0.201160E+06  -0.388803E-02   0.103123E+06   0.103108E+06   0.100691E-01
   0.499067E+00   0.208284E+06   0.207039E+06   0.491857E-02  -0.414889E-01   0.608280E+05   0.197892E+06   0.208075E+06   0.197892E+06  -0.382483E-02   0.101458E+06   0.101443E+06   0.979637E-02
   0.504221E+00   0.204956E+06   0.203732E+06   0.472811E-02  -0.400042E-01   0.592835E+05   0.194690E+06   0.204750E+06   0.194690E+06  -0.376293E-02   0.998256E+05   0.998112E+05   0.953854E-02
   0.509375E+00   0.201692E+06   0.200487E+06   0.454636E-02  -0.385827E-01   0.577842E+05   0.191551E+06   0.201490E+06   0.191551E+06  -0.370224E-02   0.982254E+05   0.982112E+05   0.929498E-02
   0.514529E+00   0.198495E+06   0.197308E+06   0.437294E-02  -0.372219E-01   0.563297E+05   0.188478E+06   0.198295E+06   0.188478E+06  -0.364280E-02   0.966581E+05   0.966441E+05   0.906396E-02
   0.519683E+00   0.195367E+06   0.194197E+06   0.420749E-02  -0.359196E-01   0.549198E+05   0.185471E+06   0.195170E+06   0.185471E+06  -0.358467E-02   0.951249E+05   0.951111E+05   0.884304E-02
   0.524837E+00   0.192309E+06   0.191157E+06   0.404966E-02  -0.346735E-01   0.535538E+05   0.182533E+06   0.192116E+06   0.182533E+06  -0.352787E-02   0.936266E+05   0.936131E+05   0.862968E-02
   0.529991E+00   0.189327E+06   0.188191E+06   0.389918E-02  -0.334818E-01   0.522317E+05   0.179668E+06   0.189136E+06   0.179668E+06  -0.347247E-02   0.921652E+05   0.921518E+05   0.842187E-02
   0.535145E+00   0.186424E+06   0.185304E+06   0.375579E-02  -0.323429E-01   0.509539E+05   0.176881E+06   0.186236E+06   0.176881E+06  -0.341857E-02   0.907432E+05   0.907300E+05   0.821847E-02
   0.540300E+00   0.183604E+06   0.182500E+06   0.361918E-02  -0.312548E-01   0.497200E+05   0.174172E+06   0.183418E+06   0.174172E+06  -0.336620E-02   0.893614E+05   0.893485E+05   0.801913E-02
   0.545454E+00   0.180860E+06   0.179774E+06   0.348895E-02  -0.302146E-01   0.485276E+05   0.171539E+06   0.180678E+06   0.171539E+06  -0.331528E-02   0.880179E+05   0.880051E+05   0.782410E-02
   0.550608E+00   0.178187E+06   0.177117E+06   0.336465E-02  -0.292189E-01   0.473738E+05   0.168973E+06   0.178007E+06   0.168973E+06  -0.326568E-02   0.867087E+05   0.866961E+05   0.763404E-02
   0.555762E+00   0.175578E+06   0.174525E+06   0.324590E-02  -0.282650E-01   0.462561E+05   0.166470E+06   0.175401E+06   0.166470E+06  -0.321728E-02   0.854313E+05   0.854189E+05   0.744983E-02
   0.560916E+00   0.173030E+06   0.171993E+06   0.313237E-02  -0.273504E-01   0.451728E+05   0.164026E+06   0.172856E+06   0.164026E+06  -0.317002E-02   0.841839E+05   0.841716E+05   0.727222E-02
   0.566070E+00   0.170539E+06   0.169517E+06   0.302374E-02  -0.264729E-01   0.441219E+05   0.161637E+06   0.170367E+06   0.161637E+06  -0.312383E-02   0.829644E+05   0.829523E+05   0.710158E-02
   0.571224E+00   0.168099E+06   0.167091E+06   0.291970E-02  -0.256300E-01   0.431012E+05   0.159297E+06   0.167930E+06   0.159297E+06  -0.307859E-02   0.817700E+05   0.817581E+05   0.693780E-02
   0.576378E+00   0.165706E+06   0.164712E+06   0.281998E-02  -0.248199E-01   0.421090E+05   0.157003E+06   0.165539E+06   0.157003E+06  -0.303424E-02   0.805990E+05   0.805873E+05   0.678043E-02
   0.581532E+00   0.163361E+06   0.162381E+06   0.272439E-02  -0.240411E-01   0.411449E+05   0.154756E+06   0.163197E+06   0.154756E+06  -0.299080E-02   0.794516E+05   0.794400E+05   0.662881E-02
   0.586686E+00   0.161067E+06   0.160100E+06   0.263281E-02  -0.232930E-01   0.402089E+05   0.152558E+06   0.160905E+06   0.152558E+06  -0.294830E-02   0.783291E+05   0.783176E+05   0.648222E-02
   0.591840E+00   0.158824E+06   0.157870E+06   0.254506E-02  -0.225742E-01   0.393005E+05   0.150409E+06   0.158664E+06   0.150409E+06  -0.290675E-02   0.772317E+05   0.772204E+05   0.633996E-02
   0.596995E+00   0.156630E+06   0.155689E+06   0.246096E-02  -0.218835E-01   0.384188E+05   0.148308E+06   0.156472E+06   0.148308E+06  -0.286614E-02   0.761587E+05   0.761476E+05   0.620142E-02
   0.602149E+00   0.154485E+06   0.153557E+06   0.238034E-02  -0.212195E-01   0.375630E+05   0.146254E+06   0.154329E+06   0.146254E+06  -0.282643E-02   0.751095E+05   0.750986E+05   0.606626E-02
   0.607303E+00   0.152390E+06   0.151473E+06   0.230305E-02  -0.205813E-01   0.367325E+05   0.144248E+06   0.152236E+06   0.144248E+06  -0.278764E-02   0.740846E+05   0.740738E+05   0.593442E-02
   0.612457E+00   0.150342E+06   0.149439E+06   0.222894E-02  -0.199678E-01   0.359269E+05   0.142289E+06   0.150191E+06   0.142289E+06  -0.274976E-02   0.730837E+05   0.730730E+05   0.580599E-02
   0.659749E+00   0.133413E+06   0.132610E+06   0.167101E-02  -0.152921E-01   0.295048E+05   0.126101E+06   0.133278E+06   0.126101E+06  -0.243682E-02   0.648100E+05   0.648005E+05   0.479264E-02
   0.710693E+00   0.118309E+06   0.117597E+06   0.125231E-02  -0.117028E-01   0.241543E+05   0.111686E+06   0.118189E+06   0.111686E+06  -0.215816E-02   0.574361E+05   0.574277E+05   0.395463E-02
   0.765571E+00   0.104867E+06   0.104236E+06   0.938527E-03  -0.895143E-02   0.197172E+05   0.988799E+05   0.104761E+06   0.988799E+05  -0.191061E-02   0.508798E+05   0.508723E+05   0.326338E-02
   0.895965E+00   0.810930E+05   0.806037E+05   0.509870E-03  -0.506745E-02   0.127127E+05   0.762876E+05   0.810108E+05   0.762876E+05  -0.147394E-02   0.392996E+05   0.392938E+05   0.217173E-02
   0.125042E+01   0.466773E+05   0.463949E+05   0.140283E-03  -0.150477E-02   0.481612E+04   0.437382E+05   0.466299E+05   0.437382E+05  -0.844929E-03   0.225774E+05   0.225740E+05   0.916796E-03
   0.174510E+01   0.266188E+05   0.264574E+05   0.388477E-04  -0.442165E-03   0.173537E+04   0.248727E+05   0.265917E+05   0.248727E+05  -0.480433E-03   0.128583E+05   0.128562E+05   0.390827E-03
   0.243548E+01   0.150512E+05   0.149596E+05   0.108318E-04  -0.128686E-03   0.597812E+03   0.140373E+05   0.150358E+05   0.140373E+05  -0.271119E-03   0.726425E+04   0.726300E+04   0.170990E-03
