#          k/h    CDM            baryon         photon         nu             mass_nu        total          no_nu          total_de       Weyl           v_CDM          v_b            v_b-v_c     
   0.102076E-04   0.242671E+08   0.242671E+08   0.323394E+08   0.323389E+08   0.242672E+08   0.242671E+08   0.242671E+08   0.242752E+08  -0.142682E+00   0.118191E+08   0.118191E+08   0.721651E+01
   0.112819E-04   0.242671E+08   0.242671E+08   0.323357E+08   0.323351E+08   0.242672E+08   0.242671E+08   0.242671E+08   0.242752E+08  -0.142682E+00   0.118191E+08   0.118191E+08   0.797578E+01
   0.124693E-04   0.242671E+08   0.242671E+08   0.323311E+08   0.323304E+08   0.242672E+08   0.242671E+08   0.242671E+08   0.242752E+08  -0.142682E+00   0.118191E+08   0.118191E+08   0.881487E+01
   0.137816E-04   0.242671E+08   0.242671E+08   0.323256E+08   0.323247E+08   0.242672E+08   0.242671E+08   0.242671E+08   0.242752E+08  -0.142682E+00   0.118191E+08   0.118191E+08   0.974216E+01
   0.152321E-04   0.242671E+08   0.242671E+08   0.323188E+08   0.323177E+08   0.242672E+08   0.242671E+08   0.242671E+08   0.242752E+08  -0.142682E+00   0.118191E+08   0.118191E+08   0.107669E+02
   0.168352E-04   0.242671E+08   0.242671E+08   0.323105E+08   0.323092E+08   0.242672E+08   0.242671E+08   0.242671E+08   0.242752E+08  -0.142681E+00   0.118191E+08   0.118191E+08   0.118993E+02
   0.186070E-04   0.242671E+08   0.242671E+08   0.323004E+08   0.322988E+08   0.242672E+08   0.242671E+08   0.242671E+08   0.242752E+08  -0.142681E+00   0.118191E+08   0.118191E+08   0.131505E+02
   0.205653E-04   0.242671E+08   0.242671E+08   0.322880E+08   0.322860E+08   0.242671E+08   0.242671E+08   0.242671E+08   0.242751E+08  -0.142681E+00   0.118191E+08   0.118191E+08   0.145331E+02
   0.227297E-04   0.242670E+08   0.242670E+08   0.322729E+08   0.322705E+08   0.242671E+08   0.242670E+08   0.242670E+08   0.242751E+08  -0.142681E+00   0.118191E+08   0.118191E+08   0.160607E+02
   0.251219E-04   0.242670E+08   0.242670E+08   0.322545E+08   0.322516E+08   0.242671E+08   0.242670E+08   0.242670E+08   0.242751E+08  -0.142681E+00   0.118191E+08   0.118191E+08   0.177484E+02
   0.277659E-04   0.242670E+08   0.242670E+08   0.322320E+08   0.322284E+08   0.242671E+08   0.242670E+08   0.242670E+08   0.242750E+08  -0.142680E+00   0.118191E+08   0.118191E+08   0.196128E+02
   0.306881E-04   0.242669E+08   0.242669E+08   0.322045E+08   0.322002E+08   0.242670E+08   0.242669E+08   0.242669E+08   0.242750E+08  -0.142680E+00   0.118190E+08   0.118190E+08   0.216721E+02
   0.339179E-04   0.242669E+08   0.242669E+08   0.321710E+08   0.321657E+08   0.242670E+08   0.242669E+08   0.242669E+08   0.242749E+08  -0.142680E+00   0.118190E+08   0.118190E+08   0.239465E+02
   0.374876E-04   0.242668E+08   0.242668E+08   0.321301E+08   0.321236E+08   0.242669E+08   0.242668E+08   0.242668E+08   0.242749E+08  -0.142679E+00   0.118190E+08   0.118190E+08   0.264581E+02
   0.414330E-04   0.242667E+08   0.242667E+08   0.320802E+08   0.320723E+08   0.242668E+08   0.242668E+08   0.242667E+08   0.242748E+08  -0.142678E+00   0.118189E+08   0.118189E+08   0.292309E+02
   0.457936E-04   0.242667E+08   0.242666E+08   0.320193E+08   0.320096E+08   0.242667E+08   0.242667E+08   0.242667E+08   0.242747E+08  -0.142678E+00   0.118189E+08   0.118189E+08   0.322913E+02
   0.506132E-04   0.242665E+08   0.242665E+08   0.319451E+08   0.319333E+08   0.242666E+08   0.242666E+08   0.242665E+08   0.242745E+08  -0.142677E+00   0.118188E+08   0.118188E+08   0.356684E+02
   0.559400E-04   0.242664E+08   0.242664E+08   0.318547E+08   0.318403E+08   0.242665E+08   0.242664E+08   0.242664E+08   0.242744E+08  -0.142675E+00   0.118188E+08   0.118188E+08   0.393934E+02
   0.618274E-04   0.242662E+08   0.242662E+08   0.317445E+08   0.317270E+08   0.242663E+08   0.242662E+08   0.242662E+08   0.242742E+08  -0.142674E+00   0.118187E+08   0.118187E+08   0.435003E+02
   0.683345E-04   0.242660E+08   0.242660E+08   0.316104E+08   0.315891E+08   0.242661E+08   0.242660E+08   0.242660E+08   0.242739E+08  -0.142672E+00   0.118186E+08   0.118186E+08   0.480258E+02
   0.755264E-04   0.242658E+08   0.242658E+08   0.314473E+08   0.314213E+08   0.242659E+08   0.242658E+08   0.242658E+08   0.242737E+08  -0.142670E+00   0.118185E+08   0.118184E+08   0.530093E+02
   0.834752E-04   0.242655E+08   0.242654E+08   0.312491E+08   0.312175E+08   0.242656E+08   0.242655E+08   0.242655E+08   0.242733E+08  -0.142667E+00   0.118183E+08   0.118183E+08   0.584927E+02
   0.922605E-04   0.242651E+08   0.242651E+08   0.310085E+08   0.309702E+08   0.242652E+08   0.242651E+08   0.242651E+08   0.242729E+08  -0.142664E+00   0.118181E+08   0.118181E+08   0.645201E+02
   0.101971E-03   0.242647E+08   0.242646E+08   0.307170E+08   0.306705E+08   0.242647E+08   0.242647E+08   0.242647E+08   0.242723E+08  -0.142660E+00   0.118179E+08   0.118179E+08   0.711372E+02
   0.112702E-03   0.242641E+08   0.242640E+08   0.303641E+08   0.303079E+08   0.242642E+08   0.242641E+08   0.242641E+08   0.242717E+08  -0.142655E+00   0.118176E+08   0.118176E+08   0.783911E+02
   0.124564E-03   0.242635E+08   0.242634E+08   0.299382E+08   0.298702E+08   0.242635E+08   0.242635E+08   0.242634E+08   0.242709E+08  -0.142649E+00   0.118173E+08   0.118172E+08   0.863283E+02
   0.137674E-03   0.242627E+08   0.242625E+08   0.294252E+08   0.293433E+08   0.242627E+08   0.242626E+08   0.242626E+08   0.242700E+08  -0.142642E+00   0.118168E+08   0.118168E+08   0.949937E+02
   0.152163E-03   0.242617E+08   0.242615E+08   0.288094E+08   0.287111E+08   0.242617E+08   0.242616E+08   0.242616E+08   0.242688E+08  -0.142633E+00   0.118163E+08   0.118163E+08   0.104428E+03
   0.168178E-03   0.242605E+08   0.242602E+08   0.280732E+08   0.279556E+08   0.242605E+08   0.242604E+08   0.242604E+08   0.242674E+08  -0.142622E+00   0.118157E+08   0.118157E+08   0.114665E+03
   0.185878E-03   0.242590E+08   0.242587E+08   0.271972E+08   0.270571E+08   0.242590E+08   0.242589E+08   0.242589E+08   0.242657E+08  -0.142610E+00   0.118150E+08   0.118149E+08   0.125725E+03
   0.205440E-03   0.242572E+08   0.242569E+08   0.261610E+08   0.259951E+08   0.242572E+08   0.242571E+08   0.242571E+08   0.242637E+08  -0.142594E+00   0.118140E+08   0.118140E+08   0.137615E+03
   0.227062E-03   0.242550E+08   0.242546E+08   0.249443E+08   0.247492E+08   0.242549E+08   0.242549E+08   0.242549E+08   0.242612E+08  -0.142575E+00   0.118129E+08   0.118128E+08   0.150315E+03
   0.250959E-03   0.242524E+08   0.242519E+08   0.235285E+08   0.233010E+08   0.242523E+08   0.242523E+08   0.242523E+08   0.242581E+08  -0.142553E+00   0.118116E+08   0.118114E+08   0.163772E+03
   0.277372E-03   0.242491E+08   0.242486E+08   0.218992E+08   0.216369E+08   0.242490E+08   0.242490E+08   0.242490E+08   0.242545E+08  -0.142526E+00   0.118099E+08   0.118098E+08   0.177893E+03
   0.306564E-03   0.242452E+08   0.242446E+08   0.200500E+08   0.197516E+08   0.242450E+08   0.242451E+08   0.242451E+08   0.242501E+08  -0.142493E+00   0.118079E+08   0.118077E+08   0.192528E+03
   0.338828E-03   0.242405E+08   0.242397E+08   0.179874E+08   0.176534E+08   0.242403E+08   0.242404E+08   0.242404E+08   0.242448E+08  -0.142455E+00   0.118055E+08   0.118053E+08   0.207461E+03
   0.374488E-03   0.242348E+08   0.242339E+08   0.157356E+08   0.153694E+08   0.242345E+08   0.242346E+08   0.242346E+08   0.242385E+08  -0.142409E+00   0.118026E+08   0.118023E+08   0.222396E+03
   0.413901E-03   0.242279E+08   0.242268E+08   0.133433E+08   0.129523E+08   0.242275E+08   0.242277E+08   0.242277E+08   0.242310E+08  -0.142356E+00   0.117991E+08   0.117988E+08   0.236951E+03
   0.457462E-03   0.242196E+08   0.242183E+08   0.108879E+08   0.104839E+08   0.242191E+08   0.242194E+08   0.242194E+08   0.242220E+08  -0.142293E+00   0.117948E+08   0.117945E+08   0.250657E+03
   0.505608E-03   0.242096E+08   0.242081E+08   0.847692E+07   0.807672E+07   0.242090E+08   0.242093E+08   0.242094E+08   0.242114E+08  -0.142220E+00   0.117898E+08   0.117894E+08   0.262962E+03
   0.558821E-03   0.241977E+08   0.241959E+08   0.624177E+07   0.586659E+07   0.241969E+08   0.241974E+08   0.241974E+08   0.241989E+08  -0.142135E+00   0.117837E+08   0.117833E+08   0.273263E+03
   0.617635E-03   0.241835E+08   0.241814E+08   0.432132E+07   0.399435E+07   0.241825E+08   0.241831E+08   0.241831E+08   0.241841E+08  -0.142038E+00   0.117766E+08   0.117760E+08   0.280951E+03
   0.682638E-03   0.241666E+08   0.241641E+08   0.283226E+07   0.257433E+07   0.241653E+08   0.241661E+08   0.241662E+08   0.241668E+08  -0.141926E+00   0.117680E+08   0.117675E+08   0.285475E+03
   0.754482E-03   0.241466E+08   0.241437E+08   0.182986E+07   0.165330E+07   0.241450E+08   0.241460E+08   0.241461E+08   0.241465E+08  -0.141798E+00   0.117580E+08   0.117573E+08   0.286419E+03
   0.833888E-03   0.241229E+08   0.241197E+08   0.127253E+07   0.117494E+07   0.241210E+08   0.241223E+08   0.241224E+08   0.241226E+08  -0.141652E+00   0.117462E+08   0.117455E+08   0.283575E+03
   0.921651E-03   0.240952E+08   0.240916E+08   0.101447E+07   0.975694E+06   0.240928E+08   0.240944E+08   0.240946E+08   0.240947E+08  -0.141484E+00   0.117324E+08   0.117316E+08   0.276978E+03
   0.101865E-02   0.240626E+08   0.240586E+08   0.853286E+06   0.839697E+06   0.240597E+08   0.240618E+08   0.240619E+08   0.240620E+08  -0.141290E+00   0.117162E+08   0.117154E+08   0.266878E+03
   0.112586E-02   0.240245E+08   0.240203E+08   0.633640E+06   0.611171E+06   0.240209E+08   0.240236E+08   0.240238E+08   0.240238E+08  -0.141064E+00   0.116974E+08   0.116966E+08   0.253670E+03
   0.124435E-02   0.239801E+08   0.239756E+08   0.348773E+06   0.299100E+06   0.239757E+08   0.239791E+08   0.239794E+08   0.239792E+08  -0.140802E+00   0.116756E+08   0.116747E+08   0.237813E+03
   0.137531E-02   0.239285E+08   0.239238E+08   0.129574E+06   0.568283E+05   0.239231E+08   0.239274E+08   0.239277E+08   0.239274E+08  -0.140498E+00   0.116502E+08   0.116493E+08   0.219831E+03
   0.152006E-02   0.238686E+08   0.238637E+08   0.733849E+05  -0.701184E+04   0.238620E+08   0.238674E+08   0.238678E+08   0.238674E+08  -0.140145E+00   0.116209E+08   0.116199E+08   0.200412E+03
   0.168004E-02   0.237993E+08   0.237943E+08   0.861668E+05  -0.911081E+06   0.237912E+08   0.237980E+08   0.237985E+08   0.237979E+08  -0.139735E+00   0.115869E+08   0.115860E+08   0.180471E+03
   0.185685E-02   0.237192E+08   0.237142E+08   0.171335E+05  -0.743297E+06   0.237093E+08   0.237177E+08   0.237184E+08   0.237177E+08  -0.139265E+00   0.115478E+08   0.115469E+08   0.161029E+03
   0.205228E-02   0.236269E+08   0.236220E+08  -0.657398E+05  -0.606092E+06   0.236148E+08   0.236253E+08   0.236261E+08   0.236252E+08  -0.138722E+00   0.115027E+08   0.115018E+08   0.142962E+03
   0.226827E-02   0.235207E+08   0.235158E+08  -0.387760E+05  -0.493917E+06   0.235060E+08   0.235189E+08   0.235199E+08   0.235189E+08  -0.138098E+00   0.114508E+08   0.114499E+08   0.126904E+03
   0.250700E-02   0.233988E+08   0.233938E+08  -0.318777E+05  -0.402226E+06   0.233810E+08   0.233968E+08   0.233980E+08   0.233968E+08  -0.137381E+00   0.113913E+08   0.113904E+08   0.113234E+03
   0.277085E-02   0.232593E+08   0.232542E+08  -0.638151E+05  -0.327300E+06   0.232376E+08   0.232570E+08   0.232584E+08   0.232569E+08  -0.136560E+00   0.113232E+08   0.113223E+08   0.101860E+03
   0.306246E-02   0.230999E+08   0.230946E+08  -0.374937E+05  -0.266093E+06   0.230737E+08   0.230973E+08   0.230990E+08   0.230972E+08  -0.135622E+00   0.112454E+08   0.112445E+08   0.922448E+02
   0.338478E-02   0.229185E+08   0.229129E+08  -0.497926E+05  -0.216114E+06   0.228867E+08   0.229154E+08   0.229176E+08   0.229154E+08  -0.134554E+00   0.111568E+08   0.111560E+08   0.837153E+02
   0.374101E-02   0.227126E+08   0.227068E+08  -0.443581E+05  -0.175322E+06   0.226742E+08   0.227090E+08   0.227116E+08   0.227090E+08  -0.133342E+00   0.110564E+08   0.110555E+08   0.757249E+02
   0.413473E-02   0.224798E+08   0.224736E+08  -0.407160E+05  -0.142048E+06   0.224335E+08   0.224756E+08   0.224788E+08   0.224756E+08  -0.131971E+00   0.109428E+08   0.109419E+08   0.681441E+02
   0.456989E-02   0.222176E+08   0.222111E+08  -0.277303E+05  -0.114924E+06   0.221620E+08   0.222127E+08   0.222165E+08   0.222127E+08  -0.130426E+00   0.108148E+08   0.108140E+08   0.611500E+02
   0.505085E-02   0.219236E+08   0.219166E+08  -0.256499E+05  -0.928314E+05   0.218569E+08   0.219178E+08   0.219224E+08   0.219178E+08  -0.128694E+00   0.106713E+08   0.106705E+08   0.548888E+02
   0.558243E-02   0.215953E+08   0.215878E+08  -0.233653E+05  -0.748536E+05   0.215157E+08   0.215886E+08   0.215941E+08   0.215886E+08  -0.126760E+00   0.105111E+08   0.105103E+08   0.492653E+02
   0.616996E-02   0.212307E+08   0.212225E+08  -0.144843E+05  -0.602399E+05   0.211360E+08   0.212229E+08   0.212294E+08   0.212229E+08  -0.124611E+00   0.103332E+08   0.103323E+08   0.441526E+02
   0.681932E-02   0.208277E+08   0.208187E+08  -0.146145E+05  -0.483754E+05   0.207155E+08   0.208185E+08   0.208262E+08   0.208185E+08  -0.122235E+00   0.101364E+08   0.101356E+08   0.395981E+02
   0.753702E-02   0.203841E+08   0.203740E+08  -0.107990E+05  -0.387556E+05   0.202519E+08   0.203734E+08   0.203824E+08   0.203734E+08  -0.119619E+00   0.991983E+07   0.991902E+07   0.355698E+02
   0.833025E-02   0.198977E+08   0.198865E+08  -0.899373E+04  -0.309673E+05   0.197428E+08   0.198852E+08   0.198958E+08   0.198852E+08  -0.116751E+00   0.968233E+07   0.968154E+07   0.318808E+02
   0.920698E-02   0.193659E+08   0.193533E+08  -0.113362E+05  -0.246713E+05   0.191858E+08   0.193515E+08   0.193638E+08   0.193515E+08  -0.113614E+00   0.942270E+07   0.942191E+07   0.285534E+02
   0.101760E-01   0.187862E+08   0.187720E+08  -0.750128E+04  -0.195903E+05   0.185781E+08   0.187696E+08   0.187838E+08   0.187696E+08  -0.110195E+00   0.913962E+07   0.913884E+07   0.256262E+02
   0.112469E-01   0.181560E+08   0.181398E+08  -0.649939E+04  -0.154977E+05   0.179175E+08   0.181370E+08   0.181533E+08   0.181370E+08  -0.106477E+00   0.883188E+07   0.883111E+07   0.229862E+02
   0.124306E-01   0.174733E+08   0.174549E+08  -0.435579E+04  -0.122085E+05   0.172021E+08   0.174517E+08   0.174702E+08   0.174517E+08  -0.102449E+00   0.849855E+07   0.849778E+07   0.206282E+02
   0.137389E-01   0.167369E+08   0.167159E+08  -0.410480E+04  -0.957174E+04   0.164311E+08   0.167124E+08   0.167333E+08   0.167124E+08  -0.981047E-01   0.813895E+07   0.813819E+07   0.185272E+02
   0.151849E-01   0.159458E+08   0.159219E+08  -0.310545E+04  -0.746427E+04   0.156041E+08   0.159184E+08   0.159418E+08   0.159184E+08  -0.934381E-01   0.775272E+07   0.775196E+07   0.166461E+02
   0.167830E-01   0.151197E+08   0.150926E+08  -0.227598E+04  -0.579298E+04   0.147409E+08   0.150892E+08   0.151151E+08   0.150892E+08  -0.885648E-01   0.734941E+07   0.734865E+07   0.149758E+02
   0.185493E-01   0.142366E+08   0.142061E+08  -0.184527E+04  -0.446453E+04   0.138209E+08   0.142031E+08   0.142315E+08   0.142031E+08  -0.833568E-01   0.691837E+07   0.691762E+07   0.134646E+02
   0.205016E-01   0.133126E+08   0.132783E+08  -0.126318E+04  -0.341689E+04   0.128609E+08   0.132760E+08   0.133069E+08   0.132760E+08  -0.779082E-01   0.646741E+07   0.646667E+07   0.120943E+02
   0.226592E-01   0.123452E+08   0.123073E+08  -0.886493E+03  -0.259333E+04   0.118601E+08   0.123057E+08   0.123389E+08   0.123057E+08  -0.722062E-01   0.599542E+07   0.599469E+07   0.108302E+02
   0.250440E-01   0.113673E+08   0.113258E+08  -0.694079E+03  -0.195432E+04   0.108518E+08   0.113252E+08   0.113603E+08   0.113252E+08  -0.664437E-01   0.551840E+07   0.551767E+07   0.965576E+01
   0.276798E-01   0.103919E+08   0.103475E+08  -0.494714E+03  -0.146221E+04   0.984991E+07   0.103475E+08   0.103845E+08   0.103475E+08  -0.606986E-01   0.504278E+07   0.504207E+07   0.854122E+01
   0.305930E-01   0.942671E+07   0.938024E+07  -0.471611E+03  -0.108552E+04   0.886257E+07   0.938043E+07   0.941891E+07   0.938043E+07  -0.550160E-01   0.457229E+07   0.457161E+07   0.746047E+01
   0.338127E-01   0.849722E+07   0.845012E+07  -0.296406E+03  -0.800790E+03   0.791517E+07   0.844961E+07   0.848931E+07   0.844961E+07  -0.495467E-01   0.411941E+07   0.411876E+07   0.639985E+01
   0.373714E-01   0.763255E+07   0.758664E+07  -0.184674E+03  -0.588680E+03   0.703591E+07   0.758411E+07   0.762484E+07   0.758411E+07  -0.444614E-01   0.369831E+07   0.369771E+07   0.535660E+01
   0.413045E-01   0.686039E+07   0.681777E+07  -0.218905E+03  -0.433042E+03   0.624862E+07   0.681142E+07   0.685324E+07   0.681142E+07  -0.399212E-01   0.332237E+07   0.332183E+07   0.434432E+01
   0.454350E-01   0.621037E+07   0.617281E+07  -0.158021E+03  -0.323919E+03   0.558660E+07   0.616136E+07   0.620406E+07   0.616136E+07  -0.361012E-01   0.300613E+07   0.300566E+07   0.342963E+01
   0.495654E-01   0.570417E+07   0.567254E+07  -0.121983E+03  -0.249969E+03   0.506726E+07   0.565518E+07   0.569886E+07   0.565518E+07  -0.331259E-01   0.275994E+07   0.275954E+07   0.267267E+01
   0.536959E-01   0.529957E+07   0.527385E+07  -0.965896E+02  -0.197870E+03   0.464859E+07   0.525053E+07   0.529525E+07   0.525053E+07  -0.307467E-01   0.256319E+07   0.256285E+07   0.207197E+01
   0.578264E-01   0.496085E+07   0.494034E+07  -0.779815E+02  -0.159699E+03   0.429629E+07   0.491169E+07   0.495741E+07   0.491169E+07  -0.287541E-01   0.239847E+07   0.239819E+07   0.161955E+01
   0.619568E-01   0.466325E+07   0.464676E+07  -0.638724E+02  -0.130762E+03   0.398704E+07   0.461391E+07   0.466048E+07   0.461391E+07  -0.270029E-01   0.225372E+07   0.225348E+07   0.130046E+01
   0.660873E-01   0.438470E+07   0.437078E+07  -0.527976E+02  -0.108053E+03   0.370075E+07   0.433522E+07   0.438236E+07   0.433522E+07  -0.253643E-01   0.211822E+07   0.211800E+07   0.109193E+01
   0.702177E-01   0.411210E+07   0.409935E+07  -0.438708E+02  -0.897529E+02   0.342572E+07   0.406264E+07   0.410996E+07   0.406264E+07  -0.237622E-01   0.198563E+07   0.198542E+07   0.967598E+00
   0.743482E-01   0.384472E+07   0.383196E+07  -0.365940E+02  -0.748397E+02   0.316143E+07   0.379547E+07   0.384258E+07   0.379547E+07  -0.221929E-01   0.185560E+07   0.185540E+07   0.901042E+00
   0.784786E-01   0.357813E+07   0.356456E+07  -0.305708E+02  -0.624993E+02   0.290402E+07   0.352939E+07   0.357585E+07   0.352939E+07  -0.206308E-01   0.172603E+07   0.172583E+07   0.866027E+00
   0.826091E-01   0.332242E+07   0.330770E+07  -0.256220E+02  -0.523634E+02   0.266157E+07   0.327442E+07   0.331995E+07   0.327442E+07  -0.191346E-01   0.160182E+07   0.160161E+07   0.842635E+00
   0.867395E-01   0.308461E+07   0.306882E+07  -0.215794E+02  -0.440861E+02   0.243920E+07   0.303751E+07   0.308196E+07   0.303751E+07  -0.177449E-01   0.148636E+07   0.148615E+07   0.815935E+00
   0.918936E-01   0.282156E+07   0.280503E+07  -0.175903E+02  -0.359212E+02   0.219561E+07   0.277569E+07   0.281879E+07   0.277569E+07  -0.162094E-01   0.135874E+07   0.135853E+07   0.765303E+00
   0.970477E-01   0.260280E+07   0.258650E+07  -0.145521E+02  -0.297046E+02   0.199348E+07   0.255811E+07   0.260006E+07   0.255811E+07  -0.149333E-01   0.125268E+07   0.125248E+07   0.691913E+00
   0.102202E+00   0.243032E+07   0.241523E+07  -0.122556E+02  -0.250068E+02   0.183245E+07   0.238661E+07   0.242778E+07   0.238661E+07  -0.139272E-01   0.116911E+07   0.116892E+07   0.601788E+00
   0.107356E+00   0.229797E+07   0.228479E+07  -0.105060E+02  -0.214288E+02   0.170606E+07   0.225498E+07   0.229576E+07   0.225498E+07  -0.131545E-01   0.110501E+07   0.110484E+07   0.506320E+00
   0.112510E+00   0.219300E+07   0.218198E+07  -0.913217E+01  -0.186197E+02   0.160338E+07   0.215050E+07   0.219115E+07   0.215050E+07  -0.125407E-01   0.105417E+07   0.105403E+07   0.417565E+00
   0.117664E+00   0.210133E+07   0.209230E+07  -0.800390E+01  -0.163133E+02   0.151318E+07   0.205925E+07   0.209982E+07   0.205925E+07  -0.120044E-01   0.100978E+07   0.100965E+07   0.344854E+00
   0.122818E+00   0.201197E+07   0.200439E+07  -0.703653E+01  -0.143363E+02   0.142708E+07   0.197034E+07   0.201070E+07   0.197034E+07  -0.114822E-01   0.966500E+06   0.966392E+06   0.292918E+00
   0.127972E+00   0.191851E+07   0.191169E+07  -0.618222E+01  -0.125911E+02   0.134042E+07   0.187746E+07   0.191736E+07   0.187746E+07  -0.109373E-01   0.921248E+06   0.921147E+06   0.261510E+00
   0.133126E+00   0.181913E+07   0.181243E+07  -0.541851E+01  -0.110315E+02   0.125202E+07   0.177887E+07   0.181801E+07   0.177887E+07  -0.103594E-01   0.873154E+06   0.873055E+06   0.246379E+00
   0.138280E+00   0.171589E+07   0.170884E+07  -0.473834E+01  -0.964315E+01   0.116339E+07   0.167658E+07   0.171470E+07   0.167658E+07  -0.976051E-02   0.823214E+06   0.823114E+06   0.241066E+00
   0.143435E+00   0.161328E+07   0.160570E+07  -0.414158E+01  -0.842551E+01   0.107762E+07   0.157505E+07   0.161201E+07   0.157505E+07  -0.916643E-02   0.773613E+06   0.773510E+06   0.238882E+00
   0.148589E+00   0.151679E+07   0.150875E+07  -0.362931E+01  -0.738064E+01   0.998229E+06   0.147968E+07   0.151544E+07   0.147968E+07  -0.860857E-02   0.727000E+06   0.726896E+06   0.234522E+00
   0.153743E+00   0.143147E+07   0.142324E+07  -0.320019E+01  -0.650562E+01   0.928275E+06   0.139539E+07   0.143009E+07   0.139539E+07  -0.811559E-02   0.685803E+06   0.685699E+06   0.224987E+00
   0.158897E+00   0.136026E+07   0.135220E+07  -0.284774E+01  -0.578712E+01   0.869265E+06   0.132504E+07   0.135891E+07   0.132504E+07  -0.770404E-02   0.651432E+06   0.651332E+06   0.209720E+00
   0.164051E+00   0.130287E+07   0.129532E+07  -0.255976E+01  -0.520015E+01   0.820576E+06   0.126834E+07   0.130161E+07   0.126834E+07  -0.737207E-02   0.623744E+06   0.623650E+06   0.190110E+00
   0.169205E+00   0.125636E+07   0.124955E+07  -0.232113E+01  -0.471384E+01   0.779945E+06   0.122235E+07   0.125522E+07   0.122235E+07  -0.710258E-02   0.601305E+06   0.601219E+06   0.168682E+00
   0.174359E+00   0.121673E+07   0.121073E+07  -0.211778E+01  -0.429951E+01   0.744597E+06   0.118314E+07   0.121573E+07   0.118314E+07  -0.687272E-02   0.582189E+06   0.582112E+06   0.148217E+00
   0.179513E+00   0.118013E+07   0.117484E+07  -0.193853E+01  -0.393436E+01   0.711977E+06   0.114693E+07   0.117924E+07   0.114693E+07  -0.666037E-02   0.564531E+06   0.564460E+06   0.130965E+00
   0.184667E+00   0.114318E+07   0.113843E+07  -0.177511E+01  -0.360157E+01   0.679943E+06   0.111040E+07   0.114239E+07   0.111040E+07  -0.644639E-02   0.546711E+06   0.546645E+06   0.118144E+00
   0.189821E+00   0.110364E+07   0.109916E+07  -0.162242E+01  -0.329075E+01   0.647225E+06   0.107138E+07   0.110289E+07   0.107138E+07  -0.621802E-02   0.527643E+06   0.527580E+06   0.109826E+00
   0.194975E+00   0.106107E+07   0.105665E+07  -0.147889E+01  -0.299870E+01   0.613584E+06   0.102943E+07   0.106033E+07   0.102943E+07  -0.597290E-02   0.507127E+06   0.507066E+06   0.105158E+00
   0.200130E+00   0.101682E+07   0.101231E+07  -0.134551E+01  -0.272741E+01   0.579839E+06   0.985896E+06   0.101606E+07   0.985896E+06  -0.571868E-02   0.485812E+06   0.485751E+06   0.102744E+00
   0.205284E+00   0.972967E+06   0.968289E+06  -0.122395E+01  -0.248023E+01   0.547182E+06   0.942790E+06   0.972181E+06   0.942790E+06  -0.546713E-02   0.464697E+06   0.464635E+06   0.101069E+00
   0.210438E+00   0.931462E+06   0.926654E+06  -0.111531E+01  -0.225942E+01   0.516671E+06   0.902026E+06   0.930655E+06   0.902026E+06  -0.522931E-02   0.444722E+06   0.444660E+06   0.988670E-01
   0.215592E+00   0.893859E+06   0.889018E+06  -0.101999E+01  -0.206570E+01   0.489081E+06   0.865109E+06   0.893046E+06   0.865109E+06  -0.501395E-02   0.426633E+06   0.426571E+06   0.953824E-01
   0.220746E+00   0.861111E+06   0.856367E+06  -0.937524E+00  -0.189815E+01   0.464825E+06   0.832964E+06   0.860314E+06   0.832964E+06  -0.482637E-02   0.410885E+06   0.410826E+06   0.904437E-01
   0.225900E+00   0.833269E+06   0.828741E+06  -0.866540E+00  -0.175396E+01   0.443800E+06   0.805627E+06   0.832508E+06   0.805627E+06  -0.466677E-02   0.397500E+06   0.397443E+06   0.843712E-01
   0.231054E+00   0.809447E+06   0.805216E+06  -0.804880E+00  -0.162871E+01   0.425413E+06   0.782227E+06   0.808736E+06   0.782227E+06  -0.453007E-02   0.386050E+06   0.385996E+06   0.777834E-01
   0.236208E+00   0.788239E+06   0.784331E+06  -0.750196E+00  -0.151766E+01   0.408831E+06   0.761390E+06   0.787583E+06   0.761390E+06  -0.440830E-02   0.375857E+06   0.375807E+06   0.713813E-01
   0.241362E+00   0.768204E+06   0.764591E+06  -0.700453E+00  -0.141667E+01   0.393242E+06   0.741708E+06   0.767597E+06   0.741708E+06  -0.429328E-02   0.366229E+06   0.366182E+06   0.657571E-01
   0.246516E+00   0.748148E+06   0.744763E+06  -0.654136E+00  -0.132265E+01   0.378004E+06   0.722022E+06   0.747580E+06   0.722022E+06  -0.417831E-02   0.356593E+06   0.356548E+06   0.612635E-01
   0.251670E+00   0.727326E+06   0.724082E+06  -0.610321E+00  -0.123374E+01   0.362730E+06   0.701605E+06   0.726781E+06   0.701605E+06  -0.405918E-02   0.346590E+06   0.346547E+06   0.579669E-01
   0.256825E+00   0.705571E+06   0.702389E+06  -0.568691E+00  -0.114930E+01   0.347348E+06   0.680300E+06   0.705037E+06   0.680300E+06  -0.393498E-02   0.336144E+06   0.336101E+06   0.556837E-01
   0.261979E+00   0.683285E+06   0.680105E+06  -0.529404E+00  -0.106963E+01   0.332061E+06   0.658499E+06   0.682751E+06   0.658499E+06  -0.380798E-02   0.325446E+06   0.325403E+06   0.540719E-01
   0.267133E+00   0.661173E+06   0.657970E+06  -0.492814E+00  -0.995451E+00   0.317214E+06   0.636886E+06   0.660636E+06   0.636886E+06  -0.368214E-02   0.314835E+06   0.314793E+06   0.527394E-01
   0.272287E+00   0.639964E+06   0.636744E+06  -0.459226E+00  -0.927378E+00   0.303142E+06   0.616167E+06   0.639423E+06   0.616167E+06  -0.356154E-02   0.304660E+06   0.304618E+06   0.513438E-01
   0.277441E+00   0.620237E+06   0.617030E+06  -0.428790E+00  -0.865707E+00   0.290094E+06   0.596904E+06   0.619698E+06   0.596904E+06  -0.344942E-02   0.295200E+06   0.295159E+06   0.496620E-01
   0.282595E+00   0.602338E+06   0.599189E+06  -0.401464E+00  -0.810348E+00   0.278196E+06   0.579429E+06   0.601809E+06   0.579429E+06  -0.334770E-02   0.286619E+06   0.286579E+06   0.476198E-01
   0.287749E+00   0.586315E+06   0.583264E+06  -0.377007E+00  -0.760807E+00   0.267431E+06   0.563785E+06   0.585803E+06   0.563785E+06  -0.325660E-02   0.278940E+06   0.278900E+06   0.452777E-01
   0.292903E+00   0.571912E+06   0.568990E+06  -0.355010E+00  -0.716257E+00   0.257643E+06   0.549722E+06   0.571421E+06   0.549722E+06  -0.317469E-02   0.272038E+06   0.272000E+06   0.427876E-01
   0.298057E+00   0.558667E+06   0.555886E+06  -0.334986E+00  -0.675711E+00   0.248592E+06   0.536789E+06   0.558200E+06   0.536789E+06  -0.309935E-02   0.265691E+06   0.265655E+06   0.403352E-01
   0.303211E+00   0.546062E+06   0.543413E+06  -0.316473E+00  -0.638230E+00   0.240024E+06   0.524483E+06   0.545617E+06   0.524483E+06  -0.302767E-02   0.259653E+06   0.259618E+06   0.380874E-01
   0.308365E+00   0.533654E+06   0.531117E+06  -0.299106E+00  -0.603077E+00   0.231732E+06   0.512378E+06   0.533228E+06   0.512378E+06  -0.295718E-02   0.253710E+06   0.253676E+06   0.361536E-01
   0.313520E+00   0.521164E+06   0.518709E+06  -0.282648E+00  -0.569775E+00   0.223588E+06   0.500201E+06   0.520752E+06   0.500201E+06  -0.288632E-02   0.247728E+06   0.247696E+06   0.345692E-01
   0.318674E+00   0.508503E+06   0.506100E+06  -0.266995E+00  -0.538108E+00   0.215549E+06   0.487868E+06   0.508100E+06   0.487868E+06  -0.281460E-02   0.241666E+06   0.241635E+06   0.332997E-01
   0.323828E+00   0.495758E+06   0.493385E+06  -0.252139E+00  -0.508063E+00   0.207653E+06   0.475463E+06   0.495360E+06   0.475463E+06  -0.274250E-02   0.235566E+06   0.235535E+06   0.322605E-01
   0.328982E+00   0.483137E+06   0.480781E+06  -0.238132E+00  -0.479742E+00   0.199980E+06   0.463186E+06   0.482741E+06   0.463186E+06  -0.267117E-02   0.229526E+06   0.229495E+06   0.313455E-01
   0.334136E+00   0.470891E+06   0.468552E+06  -0.225039E+00  -0.453274E+00   0.192628E+06   0.451282E+06   0.470499E+06   0.451282E+06  -0.260202E-02   0.223668E+06   0.223638E+06   0.304553E-01
   0.339290E+00   0.459250E+06   0.456936E+06  -0.212904E+00  -0.428747E+00   0.185680E+06   0.439969E+06   0.458862E+06   0.439969E+06  -0.253632E-02   0.218101E+06   0.218070E+06   0.295193E-01
   0.344444E+00   0.448354E+06   0.446078E+06  -0.201722E+00  -0.406151E+00   0.179179E+06   0.429383E+06   0.447972E+06   0.429383E+06  -0.247484E-02   0.212890E+06   0.212861E+06   0.285054E-01
   0.349598E+00   0.438226E+06   0.436002E+06  -0.191436E+00  -0.385369E+00   0.173119E+06   0.419545E+06   0.437853E+06   0.419545E+06  -0.241769E-02   0.208049E+06   0.208020E+06   0.274195E-01
   0.354752E+00   0.428788E+06   0.426627E+06  -0.181950E+00  -0.366205E+00   0.167455E+06   0.410378E+06   0.428426E+06   0.410378E+06  -0.236444E-02   0.203538E+06   0.203510E+06   0.262958E-01
   0.359906E+00   0.419900E+06   0.417807E+06  -0.173149E+00  -0.348429E+00   0.162121E+06   0.401746E+06   0.419548E+06   0.401746E+06  -0.231430E-02   0.199290E+06   0.199263E+06   0.251831E-01
   0.365060E+00   0.411397E+06   0.409371E+06  -0.164923E+00  -0.331816E+00   0.157043E+06   0.393490E+06   0.411057E+06   0.393490E+06  -0.226635E-02   0.195228E+06   0.195202E+06   0.241298E-01
   0.370215E+00   0.403126E+06   0.401160E+06  -0.157172E+00  -0.316166E+00   0.152155E+06   0.385462E+06   0.402796E+06   0.385462E+06  -0.221973E-02   0.191276E+06   0.191251E+06   0.231713E-01
   0.375369E+00   0.394963E+06   0.393048E+06  -0.149821E+00  -0.301326E+00   0.147405E+06   0.377543E+06   0.394641E+06   0.377543E+06  -0.217376E-02   0.187377E+06   0.187352E+06   0.223232E-01
   0.380523E+00   0.386843E+06   0.384967E+06  -0.142822E+00  -0.287199E+00   0.142766E+06   0.369670E+06   0.386528E+06   0.369670E+06  -0.212807E-02   0.183499E+06   0.183475E+06   0.215809E-01
   0.385677E+00   0.378775E+06   0.376930E+06  -0.136158E+00  -0.273751E+00   0.138238E+06   0.361852E+06   0.378465E+06   0.361852E+06  -0.208272E-02   0.179647E+06   0.179623E+06   0.209245E-01
   0.390831E+00   0.370824E+06   0.369004E+06  -0.129832E+00  -0.260989E+00   0.133842E+06   0.354151E+06   0.370519E+06   0.354151E+06  -0.203806E-02   0.175851E+06   0.175827E+06   0.203257E-01
   0.395985E+00   0.363076E+06   0.361279E+06  -0.123855E+00  -0.248933E+00   0.129607E+06   0.346649E+06   0.362774E+06   0.346649E+06  -0.199457E-02   0.172153E+06   0.172129E+06   0.197555E-01
   0.401139E+00   0.355599E+06   0.353827E+06  -0.118230E+00  -0.237588E+00   0.125553E+06   0.339413E+06   0.355302E+06   0.339413E+06  -0.195263E-02   0.168585E+06   0.168562E+06   0.191903E-01
   0.406293E+00   0.348438E+06   0.346693E+06  -0.112949E+00  -0.226940E+00   0.121690E+06   0.332484E+06   0.348145E+06   0.332484E+06  -0.191247E-02   0.165168E+06   0.165145E+06   0.186164E-01
   0.411447E+00   0.341612E+06   0.339900E+06  -0.107999E+00  -0.216961E+00   0.118021E+06   0.325882E+06   0.341325E+06   0.325882E+06  -0.187420E-02   0.161912E+06   0.161890E+06   0.180313E-01
   0.416601E+00   0.335119E+06   0.333442E+06  -0.103360E+00  -0.207610E+00   0.114539E+06   0.319602E+06   0.334837E+06   0.319602E+06  -0.183781E-02   0.158815E+06   0.158793E+06   0.174418E-01
   0.421755E+00   0.328919E+06   0.327280E+06  -0.990019E-01  -0.198825E+00   0.111226E+06   0.313608E+06   0.328644E+06   0.313608E+06  -0.180307E-02   0.155858E+06   0.155837E+06   0.168599E-01
   0.426910E+00   0.322947E+06   0.321346E+06  -0.948887E-01  -0.190536E+00   0.108053E+06   0.307836E+06   0.322678E+06   0.307836E+06  -0.176963E-02   0.153011E+06   0.152990E+06   0.162989E-01
   0.432064E+00   0.317139E+06   0.315574E+06  -0.909886E-01  -0.182678E+00   0.104997E+06   0.302223E+06   0.316876E+06   0.302223E+06  -0.173712E-02   0.150242E+06   0.150221E+06   0.157696E-01
   0.437218E+00   0.311455E+06   0.309923E+06  -0.872788E-01  -0.175205E+00   0.102039E+06   0.296733E+06   0.311198E+06   0.296733E+06  -0.170532E-02   0.147532E+06   0.147512E+06   0.152785E-01
   0.442372E+00   0.305874E+06   0.304371E+06  -0.837437E-01  -0.168084E+00   0.991705E+05   0.291344E+06   0.305622E+06   0.291344E+06  -0.167411E-02   0.144873E+06   0.144853E+06   0.148265E-01
   0.447526E+00   0.300385E+06   0.298907E+06  -0.803711E-01  -0.161292E+00   0.963857E+05   0.286046E+06   0.300137E+06   0.286046E+06  -0.164344E-02   0.142257E+06   0.142238E+06   0.144093E-01
   0.452680E+00   0.294988E+06   0.293533E+06  -0.771528E-01  -0.154812E+00   0.936824E+05   0.280839E+06   0.294744E+06   0.280839E+06  -0.161331E-02   0.139686E+06   0.139667E+06   0.140192E-01
   0.457834E+00   0.289704E+06   0.288269E+06  -0.740864E-01  -0.148639E+00   0.910650E+05   0.275743E+06   0.289463E+06   0.275743E+06  -0.158381E-02   0.137168E+06   0.137149E+06   0.136476E-01
   0.462988E+00   0.284564E+06   0.283150E+06  -0.711723E-01  -0.142773E+00   0.885412E+05   0.270787E+06   0.284327E+06   0.270787E+06  -0.155514E-02   0.134720E+06   0.134702E+06   0.132871E-01
   0.468142E+00   0.279591E+06   0.278199E+06  -0.684082E-01  -0.137210E+00   0.861153E+05   0.265994E+06   0.279358E+06   0.265994E+06  -0.152741E-02   0.132352E+06   0.132334E+06   0.129325E-01
   0.473296E+00   0.274790E+06   0.273419E+06  -0.657875E-01  -0.131936E+00   0.837860E+05   0.261366E+06   0.274560E+06   0.261366E+06  -0.150065E-02   0.130066E+06   0.130048E+06   0.125814E-01
   0.478450E+00   0.270152E+06   0.268805E+06  -0.633012E-01  -0.126933E+00   0.815483E+05   0.256898E+06   0.269926E+06   0.256898E+06  -0.147481E-02   0.127858E+06   0.127840E+06   0.122339E-01
   0.483605E+00   0.265668E+06   0.264345E+06  -0.609404E-01  -0.122184E+00   0.793970E+05   0.252580E+06   0.265446E+06   0.252580E+06  -0.144983E-02   0.125723E+06   0.125706E+06   0.118928E-01
   0.488759E+00   0.261327E+06   0.260028E+06  -0.586960E-01  -0.117669E+00   0.773262E+05   0.248399E+06   0.261108E+06   0.248399E+06  -0.142566E-02   0.123657E+06   0.123640E+06   0.115615E-01
   0.493913E+00   0.257107E+06   0.255832E+06  -0.565581E-01  -0.113369E+00   0.753281E+05   0.244337E+06   0.256893E+06   0.244337E+06  -0.140217E-02   0.121649E+06   0.121632E+06   0.112433E-01
   0.499067E+00   0.252987E+06   0.251734E+06  -0.545165E-01  -0.109264E+00   0.733944E+05   0.240371E+06   0.252777E+06   0.240371E+06  -0.137925E-02   0.119689E+06   0.119672E+06   0.109403E-01
   0.504221E+00   0.248950E+06   0.247718E+06  -0.525634E-01  -0.105336E+00   0.715188E+05   0.236487E+06   0.248744E+06   0.236487E+06  -0.135680E-02   0.117768E+06   0.117752E+06   0.106532E-01
   0.509375E+00   0.244992E+06   0.243779E+06  -0.506935E-01  -0.101577E+00   0.696985E+05   0.232680E+06   0.244788E+06   0.232680E+06  -0.133479E-02   0.115885E+06   0.115869E+06   0.103812E-01
   0.514529E+00   0.241114E+06   0.239919E+06  -0.489036E-01  -0.979789E-01   0.679328E+05   0.228950E+06   0.240913E+06   0.228950E+06  -0.131325E-02   0.114040E+06   0.114025E+06   0.101227E-01
   0.519683E+00   0.237319E+06   0.236142E+06  -0.471907E-01  -0.945362E-01   0.662213E+05   0.225303E+06   0.237122E+06   0.225303E+06  -0.129218E-02   0.112236E+06   0.112220E+06   0.987523E-02
   0.524837E+00   0.233611E+06   0.232450E+06  -0.455518E-01  -0.912426E-01   0.645633E+05   0.221739E+06   0.233416E+06   0.221739E+06  -0.127159E-02   0.110472E+06   0.110457E+06   0.963617E-02
   0.529991E+00   0.229993E+06   0.228849E+06  -0.439845E-01  -0.880931E-01   0.629588E+05   0.218263E+06   0.229801E+06   0.218263E+06  -0.125152E-02   0.108752E+06   0.108737E+06   0.940353E-02
   0.535145E+00   0.226472E+06   0.225344E+06  -0.424867E-01  -0.850838E-01   0.614082E+05   0.214880E+06   0.226282E+06   0.214880E+06  -0.123199E-02   0.107078E+06   0.107063E+06   0.917618E-02
   0.540300E+00   0.223050E+06   0.221939E+06  -0.410557E-01  -0.822093E-01   0.599110E+05   0.211594E+06   0.222863E+06   0.211594E+06  -0.121301E-02   0.105451E+06   0.105437E+06   0.895374E-02
   0.545454E+00   0.219721E+06   0.218627E+06  -0.396878E-01  -0.794615E-01   0.584645E+05   0.208398E+06   0.219538E+06   0.208398E+06  -0.119457E-02   0.103869E+06   0.103855E+06   0.873643E-02
   0.550608E+00   0.216478E+06   0.215401E+06  -0.383784E-01  -0.768317E-01   0.570649E+05   0.205285E+06   0.216297E+06   0.205285E+06  -0.117659E-02   0.102328E+06   0.102314E+06   0.852485E-02
   0.555762E+00   0.213312E+06   0.212251E+06  -0.371239E-01  -0.743125E-01   0.557094E+05   0.202247E+06   0.213134E+06   0.202247E+06  -0.115906E-02   0.100824E+06   0.100810E+06   0.831982E-02
   0.560916E+00   0.210221E+06   0.209176E+06  -0.359213E-01  -0.718976E-01   0.543955E+05   0.199281E+06   0.210045E+06   0.199281E+06  -0.114194E-02   0.993547E+05   0.993411E+05   0.812206E-02
   0.566070E+00   0.207198E+06   0.206168E+06  -0.347674E-01  -0.695811E-01   0.531209E+05   0.196381E+06   0.207025E+06   0.196381E+06  -0.112521E-02   0.979186E+05   0.979051E+05   0.793190E-02
   0.571224E+00   0.204237E+06   0.203222E+06  -0.336592E-01  -0.673564E-01   0.518829E+05   0.193542E+06   0.204066E+06   0.193542E+06  -0.110883E-02   0.965121E+05   0.964988E+05   0.774921E-02
   0.576378E+00   0.201333E+06   0.200333E+06  -0.325941E-01  -0.652183E-01   0.506793E+05   0.190758E+06   0.201165E+06   0.190758E+06  -0.109277E-02   0.951330E+05   0.951199E+05   0.757347E-02
   0.581532E+00   0.198488E+06   0.197501E+06  -0.315703E-01  -0.631636E-01   0.495096E+05   0.188031E+06   0.198322E+06   0.188031E+06  -0.107704E-02   0.937816E+05   0.937687E+05   0.740404E-02
   0.586686E+00   0.195704E+06   0.194730E+06  -0.305867E-01  -0.611897E-01   0.483741E+05   0.185363E+06   0.195540E+06   0.185363E+06  -0.106166E-02   0.924595E+05   0.924468E+05   0.724018E-02
   0.591840E+00   0.192982E+06   0.192021E+06  -0.296418E-01  -0.592937E-01   0.472721E+05   0.182755E+06   0.192820E+06   0.182755E+06  -0.104662E-02   0.911670E+05   0.911544E+05   0.708116E-02
   0.596995E+00   0.190320E+06   0.189372E+06  -0.287338E-01  -0.574719E-01   0.462025E+05   0.180205E+06   0.190161E+06   0.180205E+06  -0.103192E-02   0.899031E+05   0.898907E+05   0.692639E-02
   0.602149E+00   0.187716E+06   0.186782E+06  -0.278610E-01  -0.557209E-01   0.451645E+05   0.177712E+06   0.187559E+06   0.177712E+06  -0.101755E-02   0.886672E+05   0.886550E+05   0.677549E-02
   0.607303E+00   0.185173E+06   0.184250E+06  -0.270221E-01  -0.540382E-01   0.441576E+05   0.175277E+06   0.185018E+06   0.175277E+06  -0.100351E-02   0.874598E+05   0.874477E+05   0.662840E-02
   0.612457E+00   0.182688E+06   0.181778E+06  -0.262158E-01  -0.524209E-01   0.431809E+05   0.172898E+06   0.182535E+06   0.172898E+06  -0.989803E-03   0.862806E+05   0.862687E+05   0.648518E-02
   0.659749E+00   0.162138E+06   0.161330E+06  -0.200707E-01  -0.401018E-01   0.354070E+05   0.153247E+06   0.162002E+06   0.153247E+06  -0.876617E-03   0.765313E+05   0.765207E+05   0.535441E-02
   0.710693E+00   0.143800E+06   0.143083E+06  -0.153551E-01  -0.306568E-01   0.289336E+05   0.135744E+06   0.143680E+06   0.135744E+06  -0.775905E-03   0.678393E+05   0.678299E+05   0.441919E-02
   0.765571E+00   0.127477E+06   0.126841E+06  -0.117415E-01  -0.234254E-01   0.235710E+05   0.120192E+06   0.127371E+06   0.120192E+06  -0.686509E-03   0.601083E+05   0.600999E+05   0.364757E-02
   0.895965E+00   0.985987E+05   0.981061E+05  -0.664278E-02  -0.132344E-01   0.151307E+05   0.927494E+05   0.985160E+05   0.927494E+05  -0.529007E-03   0.464466E+05   0.464400E+05   0.242885E-02
   0.125042E+01   0.567735E+05   0.564891E+05  -0.197020E-02  -0.391575E-02   0.566830E+04   0.531948E+05   0.567258E+05   0.531948E+05  -0.302646E-03   0.267012E+05   0.266974E+05   0.102734E-02
   0.174510E+01   0.323838E+05   0.322212E+05  -0.578363E-03  -0.114750E-02   0.201735E+04   0.302583E+05   0.323565E+05   0.302583E+05  -0.171841E-03   0.152139E+05   0.152116E+05   0.439466E-03
   0.243548E+01   0.183135E+05   0.182213E+05  -0.168201E-03  -0.333329E-03   0.686321E+03   0.170801E+05   0.182980E+05   0.170801E+05  -0.968818E-04   0.859763E+04   0.859622E+04   0.193405E-03
