#           k/h    P           
    0.10000E-03    0.69285E+03
    0.10202E-03    0.70627E+03
    0.10408E-03    0.71996E+03
    0.10618E-03    0.73390E+03
    0.10833E-03    0.74812E+03
    0.11052E-03    0.76262E+03
    0.11275E-03    0.77739E+03
    0.11503E-03    0.79245E+03
    0.11735E-03    0.80780E+03
    0.11972E-03    0.82345E+03
    0.12214E-03    0.83940E+03
    0.12461E-03    0.85566E+03
    0.12712E-03    0.87223E+03
    0.12969E-03    0.88912E+03
    0.13231E-03    0.90634E+03
    0.13499E-03    0.92389E+03
    0.13771E-03    0.94179E+03
    0.14049E-03    0.96002E+03
    0.14333E-03    0.97862E+03
    0.14623E-03    0.99756E+03
    0.14918E-03    0.10169E+04
    0.15220E-03    0.10366E+04
    0.15527E-03    0.10566E+04
    0.15841E-03    0.10771E+04
    0.16161E-03    0.10979E+04
    0.16487E-03    0.11192E+04
    0.16820E-03    0.11409E+04
    0.17160E-03    0.11629E+04
    0.17507E-03    0.11855E+04
    0.17860E-03    0.12084E+04
    0.18221E-03    0.12318E+04
    0.18589E-03    0.12556E+04
    0.18965E-03    0.12799E+04
    0.19348E-03    0.13047E+04
    0.19739E-03    0.13299E+04
    0.20138E-03    0.13556E+04
    0.20544E-03    0.13819E+04
    0.20959E-03    0.14086E+04
    0.21383E-03    0.14358E+04
    0.21815E-03    0.14636E+04
    0.22255E-03    0.14919E+04
    0.22705E-03    0.15207E+04
    0.23164E-03    0.15501E+04
    0.23632E-03    0.15801E+04
    0.24109E-03    0.16106E+04
    0.24596E-03    0.16418E+04
    0.25093E-03    0.16735E+04
    0.25600E-03    0.17058E+04
    0.26117E-03    0.17388E+04
    0.26645E-03    0.17723E+04
    0.27183E-03    0.18066E+04
    0.27732E-03    0.18415E+04
    0.28292E-03    0.18770E+04
    0.28864E-03    0.19132E+04
    0.29447E-03    0.19502E+04
    0.30042E-03    0.19878E+04
    0.30649E-03    0.20261E+04
    0.31268E-03    0.20652E+04
    0.31899E-03    0.21051E+04
    0.32544E-03    0.21456E+04
    0.33201E-03    0.21870E+04
    0.33872E-03    0.22292E+04
    0.34556E-03    0.22721E+04
    0.35254E-03    0.23159E+04
    0.35966E-03    0.23605E+04
    0.36693E-03    0.24059E+04
    0.37434E-03    0.24523E+04
    0.38190E-03    0.24995E+04
    0.38962E-03    0.25476E+04
    0.39749E-03    0.25966E+04
    0.40552E-03    0.26465E+04
    0.41371E-03    0.26974E+04
    0.42207E-03    0.27492E+04
    0.43060E-03    0.28020E+04
    0.43929E-03    0.28558E+04
    0.44817E-03    0.29107E+04
    0.45722E-03    0.29665E+04
    0.46646E-03    0.30234E+04
    0.47588E-03    0.30814E+04
    0.48550E-03    0.31405E+04
    0.49530E-03    0.32007E+04
    0.50531E-03    0.32620E+04
    0.51552E-03    0.33244E+04
    0.52593E-03    0.33881E+04
    0.53656E-03    0.34529E+04
    0.54739E-03    0.35189E+04
    0.55845E-03    0.35862E+04
    0.56973E-03    0.36547E+04
    0.58124E-03    0.37244E+04
    0.59299E-03    0.37955E+04
    0.60496E-03    0.38679E+04
    0.61719E-03    0.39416E+04
    0.62965E-03    0.40167E+04
    0.64237E-03    0.40932E+04
    0.65535E-03    0.41711E+04
    0.66859E-03    0.42504E+04
    0.68210E-03    0.43312E+04
    0.69588E-03    0.44134E+04
    0.70993E-03    0.44972E+04
    0.72427E-03    0.45825E+04
    0.73891E-03    0.46693E+04
    0.75383E-03    0.47578E+04
    0.76906E-03    0.48478E+04
    0.78460E-03    0.49395E+04
    0.80045E-03    0.50328E+04
    0.81662E-03    0.51278E+04
    0.83311E-03    0.52245E+04
    0.84994E-03    0.53230E+04
    0.86711E-03    0.54232E+04
    0.88463E-03    0.55253E+04
    0.90250E-03    0.56291E+04
    0.92073E-03    0.57348E+04
    0.93933E-03    0.58424E+04
    0.95831E-03    0.59519E+04
    0.97767E-03    0.60633E+04
    0.99742E-03    0.61767E+04
    0.10176E-02    0.62921E+04
    0.10381E-02    0.64095E+04
    0.10591E-02    0.65290E+04
    0.10805E-02    0.66505E+04
    0.11023E-02    0.67741E+04
    0.11246E-02    0.68999E+04
    0.11473E-02    0.70279E+04
    0.11705E-02    0.71581E+04
    0.11941E-02    0.72905E+04
    0.12182E-02    0.74252E+04
    0.12429E-02    0.75621E+04
    0.12680E-02    0.77014E+04
    0.12936E-02    0.78430E+04
    0.13197E-02    0.79870E+04
    0.13464E-02    0.81335E+04
    0.13736E-02    0.82823E+04
    0.14013E-02    0.84337E+04
    0.14296E-02    0.85875E+04
    0.14585E-02    0.87439E+04
    0.14880E-02    0.89028E+04
    0.15180E-02    0.90643E+04
    0.15487E-02    0.92284E+04
    0.15800E-02    0.93952E+04
    0.16119E-02    0.95647E+04
    0.16445E-02    0.97368E+04
    0.16777E-02    0.99117E+04
    0.17116E-02    0.10089E+05
    0.17462E-02    0.10270E+05
    0.17814E-02    0.10453E+05
    0.18174E-02    0.10639E+05
    0.18541E-02    0.10828E+05
    0.18916E-02    0.11020E+05
    0.19298E-02    0.11214E+05
    0.19688E-02    0.11412E+05
    0.20086E-02    0.11613E+05
    0.20491E-02    0.11816E+05
    0.20905E-02    0.12023E+05
    0.21328E-02    0.12232E+05
    0.21758E-02    0.12444E+05
    0.22198E-02    0.12660E+05
    0.22646E-02    0.12879E+05
    0.23104E-02    0.13100E+05
    0.23571E-02    0.13325E+05
    0.24047E-02    0.13553E+05
    0.24533E-02    0.13783E+05
    0.25028E-02    0.14017E+05
    0.25534E-02    0.14254E+05
    0.26050E-02    0.14494E+05
    0.26576E-02    0.14738E+05
    0.27113E-02    0.14984E+05
    0.27660E-02    0.15233E+05
    0.28219E-02    0.15486E+05
    0.28789E-02    0.15741E+05
    0.29371E-02    0.16000E+05
    0.29964E-02    0.16261E+05
    0.30569E-02    0.16526E+05
    0.31187E-02    0.16793E+05
    0.31817E-02    0.17064E+05
    0.32460E-02    0.17338E+05
    0.33115E-02    0.17614E+05
    0.33784E-02    0.17893E+05
    0.34467E-02    0.18175E+05
    0.35163E-02    0.18460E+05
    0.35874E-02    0.18748E+05
    0.36598E-02    0.19039E+05
    0.37338E-02    0.19332E+05
    0.38092E-02    0.19627E+05
    0.38861E-02    0.19926E+05
    0.39646E-02    0.20226E+05
    0.40447E-02    0.20529E+05
    0.41264E-02    0.20835E+05
    0.42098E-02    0.21143E+05
    0.42948E-02    0.21452E+05
    0.43816E-02    0.21764E+05
    0.44701E-02    0.22078E+05
    0.45604E-02    0.22394E+05
    0.46525E-02    0.22711E+05
    0.47465E-02    0.23030E+05
    0.48424E-02    0.23351E+05
    0.49402E-02    0.23672E+05
    0.50400E-02    0.23996E+05
    0.51419E-02    0.24320E+05
    0.52457E-02    0.24645E+05
    0.53517E-02    0.24971E+05
    0.54598E-02    0.25297E+05
    0.55701E-02    0.25624E+05
    0.56826E-02    0.25951E+05
    0.57974E-02    0.26278E+05
    0.59145E-02    0.26605E+05
    0.60340E-02    0.26932E+05
    0.61559E-02    0.27258E+05
    0.62803E-02    0.27583E+05
    0.64072E-02    0.27907E+05
    0.65366E-02    0.28230E+05
    0.66686E-02    0.28551E+05
    0.68033E-02    0.28871E+05
    0.69408E-02    0.29189E+05
    0.70810E-02    0.29504E+05
    0.72240E-02    0.29816E+05
    0.73700E-02    0.30126E+05
    0.75189E-02    0.30432E+05
    0.76708E-02    0.30735E+05
    0.78257E-02    0.31034E+05
    0.79838E-02    0.31329E+05
    0.81451E-02    0.31619E+05
    0.83096E-02    0.31904E+05
    0.84775E-02    0.32184E+05
    0.86488E-02    0.32459E+05
    0.88235E-02    0.32727E+05
    0.90017E-02    0.32990E+05
    0.91836E-02    0.33245E+05
    0.93691E-02    0.33493E+05
    0.95583E-02    0.33734E+05
    0.97514E-02    0.33967E+05
    0.99484E-02    0.34191E+05
    0.10149E-01    0.34407E+05
    0.10354E-01    0.34614E+05
    0.10564E-01    0.34812E+05
    0.10777E-01    0.34999E+05
    0.10995E-01    0.35176E+05
    0.11217E-01    0.35343E+05
    0.11443E-01    0.35498E+05
    0.11675E-01    0.35642E+05
    0.11910E-01    0.35774E+05
    0.12151E-01    0.35894E+05
    0.12397E-01    0.36001E+05
    0.12647E-01    0.36096E+05
    0.12902E-01    0.36176E+05
    0.13163E-01    0.36242E+05
    0.13429E-01    0.36292E+05
    0.13700E-01    0.36326E+05
    0.13977E-01    0.36342E+05
    0.14259E-01    0.36341E+05
    0.14547E-01    0.36324E+05
    0.14841E-01    0.36293E+05
    0.15141E-01    0.36250E+05
    0.15447E-01    0.36195E+05
    0.15759E-01    0.36126E+05
    0.16077E-01    0.36043E+05
    0.16402E-01    0.35941E+05
    0.16734E-01    0.35820E+05
    0.17072E-01    0.35676E+05
    0.17416E-01    0.35512E+05
    0.17768E-01    0.35327E+05
    0.18127E-01    0.35124E+05
    0.18493E-01    0.34903E+05
    0.18867E-01    0.34666E+05
    0.19248E-01    0.34412E+05
    0.19637E-01    0.34140E+05
    0.20034E-01    0.33848E+05
    0.20438E-01    0.33536E+05
    0.20851E-01    0.33201E+05
    0.21272E-01    0.32847E+05
    0.21702E-01    0.32474E+05
    0.22141E-01    0.32086E+05
    0.22588E-01    0.31684E+05
    0.23044E-01    0.31269E+05
    0.23510E-01    0.30843E+05
    0.23985E-01    0.30407E+05
    0.24469E-01    0.29959E+05
    0.24964E-01    0.29502E+05
    0.25468E-01    0.29035E+05
    0.25982E-01    0.28558E+05
    0.26507E-01    0.28072E+05
    0.27043E-01    0.27576E+05
    0.27589E-01    0.27072E+05
    0.28146E-01    0.26560E+05
    0.28715E-01    0.26040E+05
    0.29295E-01    0.25515E+05
    0.29887E-01    0.24985E+05
    0.30490E-01    0.24453E+05
    0.31106E-01    0.23920E+05
    0.31735E-01    0.23386E+05
    0.32376E-01    0.22854E+05
    0.33030E-01    0.22325E+05
    0.33697E-01    0.21800E+05
    0.34378E-01    0.21280E+05
    0.35072E-01    0.20767E+05
    0.35781E-01    0.20264E+05
    0.36504E-01    0.19771E+05
    0.37241E-01    0.19290E+05
    0.37993E-01    0.18823E+05
    0.38761E-01    0.18369E+05
    0.39544E-01    0.17929E+05
    0.40343E-01    0.17500E+05
    0.41158E-01    0.17083E+05
    0.41989E-01    0.16677E+05
    0.42838E-01    0.16285E+05
    0.43703E-01    0.15906E+05
    0.44586E-01    0.15543E+05
    0.45486E-01    0.15198E+05
    0.46405E-01    0.14871E+05
    0.47343E-01    0.14561E+05
    0.48299E-01    0.14267E+05
    0.49275E-01    0.13988E+05
    0.50270E-01    0.13722E+05
    0.51286E-01    0.13468E+05
    0.52322E-01    0.13225E+05
    0.53379E-01    0.12990E+05
    0.54457E-01    0.12764E+05
    0.55557E-01    0.12545E+05
    0.56680E-01    0.12331E+05
    0.57825E-01    0.12121E+05
    0.58993E-01    0.11914E+05
    0.60184E-01    0.11708E+05
    0.61400E-01    0.11501E+05
    0.62641E-01    0.11291E+05
    0.63906E-01    0.11075E+05
    0.65197E-01    0.10851E+05
    0.66514E-01    0.10618E+05
    0.67858E-01    0.10373E+05
    0.69229E-01    0.10120E+05
    0.70627E-01    0.98577E+04
    0.72054E-01    0.95872E+04
    0.73510E-01    0.93060E+04
    0.74994E-01    0.90119E+04
    0.76509E-01    0.87060E+04
    0.78055E-01    0.83926E+04
    0.79632E-01    0.80759E+04
    0.81241E-01    0.77586E+04
    0.82882E-01    0.74431E+04
    0.84556E-01    0.71315E+04
    0.86264E-01    0.68269E+04
    0.88007E-01    0.65318E+04
    0.89785E-01    0.62488E+04
    0.91598E-01    0.59805E+04
    0.93449E-01    0.57286E+04
    0.95337E-01    0.54952E+04
    0.97263E-01    0.52819E+04
    0.99227E-01    0.50897E+04
    0.10123E+00    0.49184E+04
    0.10328E+00    0.47677E+04
    0.10536E+00    0.46360E+04
    0.10749E+00    0.45206E+04
    0.10966E+00    0.44188E+04
    0.11188E+00    0.43269E+04
    0.11414E+00    0.42411E+04
    0.11644E+00    0.41576E+04
    0.11880E+00    0.40727E+04
    0.12120E+00    0.39833E+04
    0.12365E+00    0.38865E+04
    0.12614E+00    0.37804E+04
    0.12869E+00    0.36639E+04
    0.13129E+00    0.35368E+04
    0.13394E+00    0.34001E+04
    0.13665E+00    0.32555E+04
    0.13941E+00    0.31058E+04
    0.14223E+00    0.29543E+04
    0.14510E+00    0.28048E+04
    0.14803E+00    0.26613E+04
    0.15102E+00    0.25273E+04
    0.15407E+00    0.24061E+04
    0.15718E+00    0.22996E+04
    0.16036E+00    0.22085E+04
    0.16360E+00    0.21318E+04
    0.16690E+00    0.20675E+04
    0.17028E+00    0.20127E+04
    0.17371E+00    0.19640E+04
    0.17722E+00    0.19181E+04
    0.18080E+00    0.18714E+04
    0.18446E+00    0.18207E+04
    0.18818E+00    0.17633E+04
    0.19198E+00    0.16982E+04
    0.19586E+00    0.16263E+04
    0.19982E+00    0.15498E+04
    0.20386E+00    0.14721E+04
    0.20797E+00    0.13963E+04
    0.21218E+00    0.13251E+04
    0.21646E+00    0.12611E+04
    0.22083E+00    0.12057E+04
    0.22530E+00    0.11591E+04
    0.22985E+00    0.11199E+04
    0.23449E+00    0.10860E+04
    0.23923E+00    0.10544E+04
    0.24406E+00    0.10225E+04
    0.24899E+00    0.98804E+03
    0.25402E+00    0.94997E+03
    0.25915E+00    0.90860E+03
    0.26439E+00    0.86550E+03
    0.26973E+00    0.82283E+03
    0.27518E+00    0.78264E+03
    0.28074E+00    0.74646E+03
    0.28641E+00    0.71496E+03
    0.29219E+00    0.68775E+03
    0.29810E+00    0.66349E+03
    0.30412E+00    0.64043E+03
    0.31026E+00    0.61701E+03
    0.31653E+00    0.59234E+03
    0.32292E+00    0.56646E+03
    0.32945E+00    0.54019E+03
    0.33610E+00    0.51476E+03
    0.34289E+00    0.49124E+03
    0.34982E+00    0.47012E+03
    0.35689E+00    0.45115E+03
    0.36409E+00    0.43358E+03
    0.37145E+00    0.41656E+03
    0.37895E+00    0.39941E+03
    0.38661E+00    0.38197E+03
    0.39442E+00    0.36468E+03
    0.40239E+00    0.34812E+03
    0.41052E+00    0.33270E+03
    0.41881E+00    0.31852E+03
    0.42727E+00    0.30529E+03
    0.43590E+00    0.29254E+03
    0.44471E+00    0.28001E+03
    0.45369E+00    0.26763E+03
    0.46286E+00    0.25562E+03
    0.47221E+00    0.24424E+03
    0.48174E+00    0.23356E+03
    0.49148E+00    0.22349E+03
    0.50141E+00    0.21383E+03
    0.51153E+00    0.20443E+03
    0.52187E+00    0.19533E+03
    0.53241E+00    0.18660E+03
    0.54317E+00    0.17831E+03
    0.55414E+00    0.17045E+03
    0.56533E+00    0.16293E+03
    0.57675E+00    0.15568E+03
    0.58840E+00    0.14871E+03
    0.60029E+00    0.14204E+03
    0.61242E+00    0.13568E+03
    0.62479E+00    0.12961E+03
    0.63741E+00    0.12380E+03
    0.65029E+00    0.11823E+03
    0.66342E+00    0.11290E+03
    0.67683E+00    0.10781E+03
    0.69050E+00    0.10293E+03
    0.70445E+00    0.98274E+02
    0.71868E+00    0.93823E+02
    0.73320E+00    0.89569E+02
    0.74801E+00    0.85503E+02
    0.76312E+00    0.81615E+02
    0.77854E+00    0.77897E+02
    0.79426E+00    0.74342E+02
    0.81031E+00    0.70944E+02
    0.82668E+00    0.67695E+02
    0.84338E+00    0.64590E+02
    0.86041E+00    0.61623E+02
    0.87780E+00    0.58788E+02
    0.89553E+00    0.56081E+02
    0.91362E+00    0.53494E+02
    0.93208E+00    0.51025E+02
    0.95091E+00    0.48666E+02
    0.97011E+00    0.46413E+02
    0.98971E+00    0.44263E+02
    0.10097E+01    0.42209E+02
    0.10301E+01    0.40249E+02
    0.10509E+01    0.38377E+02
    0.10721E+01    0.36591E+02
    0.10938E+01    0.34886E+02
    0.11159E+01    0.33258E+02
    0.11384E+01    0.31704E+02
    0.11614E+01    0.30222E+02
    0.11849E+01    0.28807E+02
    0.12088E+01    0.27457E+02
    0.12333E+01    0.26168E+02
    0.12582E+01    0.24939E+02
    0.12836E+01    0.23767E+02
    0.13095E+01    0.22648E+02
    0.13360E+01    0.21580E+02
    0.13630E+01    0.20562E+02
    0.13905E+01    0.19591E+02
    0.14186E+01    0.18665E+02
    0.14472E+01    0.17781E+02
    0.14765E+01    0.16938E+02
    0.15063E+01    0.16134E+02
    0.15367E+01    0.15368E+02
    0.15678E+01    0.14636E+02
    0.15994E+01    0.13939E+02
    0.16318E+01    0.13274E+02
    0.16647E+01    0.12640E+02
    0.16984E+01    0.12036E+02
    0.17327E+01    0.11460E+02
    0.17677E+01    0.10910E+02
    0.18034E+01    0.10387E+02
    0.18398E+01    0.98874E+01
    0.18770E+01    0.94117E+01
    0.19149E+01    0.89584E+01
    0.19536E+01    0.85265E+01
    0.19930E+01    0.81151E+01
    0.20333E+01    0.77233E+01
    0.20744E+01    0.73501E+01
    0.21163E+01    0.69947E+01
    0.21590E+01    0.66563E+01
    0.22026E+01    0.63341E+01
    0.22471E+01    0.60274E+01
    0.22925E+01    0.57354E+01
    0.23388E+01    0.54576E+01
    0.23861E+01    0.51931E+01
    0.24343E+01    0.49415E+01
