#          k/h    CDM            baryon         photon         nu             mass_nu        total          no_nu          total_de       Weyl           v_CDM          v_b            v_b-v_c     
   0.102076E-04   0.202065E+08   0.202065E+08   0.269285E+08   0.269281E+08   0.202066E+08   0.202065E+08   0.202065E+08   0.202132E+08  -0.458102E+00   0.950548E+07   0.950548E+07   0.585964E+01
   0.112819E-04   0.202064E+08   0.202064E+08   0.269254E+08   0.269249E+08   0.202065E+08   0.202064E+08   0.202064E+08   0.202132E+08  -0.458100E+00   0.950547E+07   0.950547E+07   0.647614E+01
   0.124693E-04   0.202064E+08   0.202064E+08   0.269217E+08   0.269211E+08   0.202065E+08   0.202064E+08   0.202064E+08   0.202131E+08  -0.458097E+00   0.950547E+07   0.950547E+07   0.715746E+01
   0.137816E-04   0.202063E+08   0.202063E+08   0.269171E+08   0.269164E+08   0.202064E+08   0.202063E+08   0.202063E+08   0.202130E+08  -0.458094E+00   0.950546E+07   0.950546E+07   0.791039E+01
   0.152321E-04   0.202062E+08   0.202062E+08   0.269116E+08   0.269107E+08   0.202063E+08   0.202062E+08   0.202062E+08   0.202129E+08  -0.458091E+00   0.950546E+07   0.950546E+07   0.874244E+01
   0.168352E-04   0.202061E+08   0.202061E+08   0.269048E+08   0.269037E+08   0.202062E+08   0.202061E+08   0.202061E+08   0.202128E+08  -0.458086E+00   0.950545E+07   0.950545E+07   0.966188E+01
   0.186070E-04   0.202060E+08   0.202060E+08   0.268965E+08   0.268952E+08   0.202061E+08   0.202060E+08   0.202060E+08   0.202127E+08  -0.458080E+00   0.950544E+07   0.950544E+07   0.106779E+02
   0.205653E-04   0.202058E+08   0.202058E+08   0.268864E+08   0.268848E+08   0.202059E+08   0.202058E+08   0.202058E+08   0.202125E+08  -0.458074E+00   0.950543E+07   0.950543E+07   0.118005E+02
   0.227297E-04   0.202056E+08   0.202056E+08   0.268740E+08   0.268720E+08   0.202057E+08   0.202056E+08   0.202056E+08   0.202123E+08  -0.458065E+00   0.950542E+07   0.950542E+07   0.130408E+02
   0.251219E-04   0.202054E+08   0.202054E+08   0.268589E+08   0.268565E+08   0.202055E+08   0.202054E+08   0.202054E+08   0.202121E+08  -0.458055E+00   0.950540E+07   0.950540E+07   0.144111E+02
   0.277659E-04   0.202051E+08   0.202051E+08   0.268405E+08   0.268375E+08   0.202052E+08   0.202051E+08   0.202051E+08   0.202118E+08  -0.458043E+00   0.950538E+07   0.950538E+07   0.159249E+02
   0.306881E-04   0.202048E+08   0.202048E+08   0.268180E+08   0.268144E+08   0.202049E+08   0.202048E+08   0.202048E+08   0.202115E+08  -0.458028E+00   0.950536E+07   0.950536E+07   0.175969E+02
   0.339179E-04   0.202043E+08   0.202043E+08   0.267905E+08   0.267861E+08   0.202044E+08   0.202043E+08   0.202043E+08   0.202110E+08  -0.458009E+00   0.950533E+07   0.950533E+07   0.194436E+02
   0.374876E-04   0.202038E+08   0.202038E+08   0.267570E+08   0.267517E+08   0.202039E+08   0.202038E+08   0.202038E+08   0.202105E+08  -0.457987E+00   0.950529E+07   0.950529E+07   0.214827E+02
   0.414330E-04   0.202032E+08   0.202032E+08   0.267161E+08   0.267096E+08   0.202033E+08   0.202032E+08   0.202032E+08   0.202099E+08  -0.457959E+00   0.950525E+07   0.950525E+07   0.237339E+02
   0.457936E-04   0.202024E+08   0.202024E+08   0.266662E+08   0.266583E+08   0.202025E+08   0.202024E+08   0.202024E+08   0.202091E+08  -0.457926E+00   0.950520E+07   0.950519E+07   0.262187E+02
   0.506132E-04   0.202015E+08   0.202015E+08   0.266054E+08   0.265958E+08   0.202016E+08   0.202015E+08   0.202015E+08   0.202081E+08  -0.457885E+00   0.950513E+07   0.950513E+07   0.289604E+02
   0.559400E-04   0.202003E+08   0.202003E+08   0.265313E+08   0.265196E+08   0.202004E+08   0.202003E+08   0.202003E+08   0.202070E+08  -0.457835E+00   0.950505E+07   0.950505E+07   0.319844E+02
   0.618274E-04   0.201989E+08   0.201989E+08   0.264411E+08   0.264267E+08   0.201990E+08   0.201989E+08   0.201989E+08   0.202055E+08  -0.457774E+00   0.950495E+07   0.950495E+07   0.353184E+02
   0.683345E-04   0.201972E+08   0.201972E+08   0.263312E+08   0.263138E+08   0.201973E+08   0.201972E+08   0.201972E+08   0.202038E+08  -0.457700E+00   0.950483E+07   0.950483E+07   0.389920E+02
   0.755264E-04   0.201951E+08   0.201951E+08   0.261976E+08   0.261763E+08   0.201952E+08   0.201951E+08   0.201951E+08   0.202017E+08  -0.457609E+00   0.950469E+07   0.950468E+07   0.430372E+02
   0.834752E-04   0.201926E+08   0.201925E+08   0.260352E+08   0.260094E+08   0.201927E+08   0.201926E+08   0.201926E+08   0.201991E+08  -0.457499E+00   0.950451E+07   0.950450E+07   0.474877E+02
   0.922605E-04   0.201895E+08   0.201894E+08   0.258381E+08   0.258068E+08   0.201896E+08   0.201895E+08   0.201895E+08   0.201959E+08  -0.457365E+00   0.950429E+07   0.950427E+07   0.523793E+02
   0.101971E-03   0.201857E+08   0.201857E+08   0.255993E+08   0.255612E+08   0.201858E+08   0.201857E+08   0.201857E+08   0.201921E+08  -0.457201E+00   0.950402E+07   0.950400E+07   0.577490E+02
   0.112702E-03   0.201811E+08   0.201810E+08   0.253102E+08   0.252642E+08   0.201812E+08   0.201811E+08   0.201811E+08   0.201874E+08  -0.457003E+00   0.950368E+07   0.950366E+07   0.636346E+02
   0.124564E-03   0.201755E+08   0.201754E+08   0.249613E+08   0.249057E+08   0.201756E+08   0.201755E+08   0.201755E+08   0.201818E+08  -0.456762E+00   0.950327E+07   0.950325E+07   0.700735E+02
   0.137674E-03   0.201688E+08   0.201686E+08   0.245412E+08   0.244741E+08   0.201688E+08   0.201687E+08   0.201687E+08   0.201749E+08  -0.456470E+00   0.950277E+07   0.950273E+07   0.771016E+02
   0.152163E-03   0.201605E+08   0.201604E+08   0.240368E+08   0.239563E+08   0.201606E+08   0.201605E+08   0.201605E+08   0.201665E+08  -0.456117E+00   0.950214E+07   0.950210E+07   0.847514E+02
   0.168178E-03   0.201505E+08   0.201504E+08   0.234339E+08   0.233375E+08   0.201506E+08   0.201505E+08   0.201505E+08   0.201564E+08  -0.455690E+00   0.950137E+07   0.950132E+07   0.930491E+02
   0.185878E-03   0.201385E+08   0.201383E+08   0.227166E+08   0.226017E+08   0.201385E+08   0.201385E+08   0.201384E+08   0.201441E+08  -0.455177E+00   0.950041E+07   0.950035E+07   0.102011E+03
   0.205440E-03   0.201239E+08   0.201237E+08   0.218681E+08   0.217320E+08   0.201239E+08   0.201239E+08   0.201239E+08   0.201293E+08  -0.454560E+00   0.949922E+07   0.949915E+07   0.111640E+03
   0.227062E-03   0.201064E+08   0.201061E+08   0.208720E+08   0.207119E+08   0.201064E+08   0.201064E+08   0.201064E+08   0.201116E+08  -0.453823E+00   0.949774E+07   0.949765E+07   0.121919E+03
   0.250959E-03   0.200854E+08   0.200850E+08   0.197131E+08   0.195262E+08   0.200853E+08   0.200853E+08   0.200853E+08   0.200902E+08  -0.452944E+00   0.949588E+07   0.949578E+07   0.132803E+03
   0.277372E-03   0.200603E+08   0.200598E+08   0.183796E+08   0.181638E+08   0.200602E+08   0.200602E+08   0.200602E+08   0.200648E+08  -0.451905E+00   0.949356E+07   0.949344E+07   0.144212E+03
   0.306564E-03   0.200304E+08   0.200299E+08   0.168665E+08   0.166206E+08   0.200302E+08   0.200303E+08   0.200303E+08   0.200345E+08  -0.450682E+00   0.949064E+07   0.949050E+07   0.156021E+03
   0.338828E-03   0.199951E+08   0.199944E+08   0.151789E+08   0.149031E+08   0.199949E+08   0.199950E+08   0.199950E+08   0.199987E+08  -0.449256E+00   0.948697E+07   0.948680E+07   0.168051E+03
   0.374488E-03   0.199536E+08   0.199528E+08   0.133368E+08   0.130337E+08   0.199533E+08   0.199534E+08   0.199534E+08   0.199567E+08  -0.447608E+00   0.948234E+07   0.948214E+07   0.180057E+03
   0.413901E-03   0.199052E+08   0.199043E+08   0.113800E+08   0.110550E+08   0.199049E+08   0.199051E+08   0.199051E+08   0.199079E+08  -0.445728E+00   0.947652E+07   0.947628E+07   0.191724E+03
   0.457462E-03   0.198495E+08   0.198484E+08   0.937118E+07   0.903358E+07   0.198490E+08   0.198493E+08   0.198493E+08   0.198516E+08  -0.443611E+00   0.946921E+07   0.946893E+07   0.202665E+03
   0.505608E-03   0.197859E+08   0.197846E+08   0.739753E+07   0.706052E+07   0.197853E+08   0.197856E+08   0.197857E+08   0.197875E+08  -0.441266E+00   0.946006E+07   0.945974E+07   0.212428E+03
   0.558821E-03   0.197143E+08   0.197128E+08   0.556509E+07   0.524539E+07   0.197136E+08   0.197140E+08   0.197141E+08   0.197154E+08  -0.438720E+00   0.944870E+07   0.944833E+07   0.220520E+03
   0.617635E-03   0.196350E+08   0.196333E+08   0.398524E+07   0.370121E+07   0.196341E+08   0.196347E+08   0.196347E+08   0.196356E+08  -0.436012E+00   0.943474E+07   0.943432E+07   0.226446E+03
   0.682638E-03   0.195486E+08   0.195466E+08   0.275059E+07   0.251882E+07   0.195475E+08   0.195482E+08   0.195483E+08   0.195489E+08  -0.433201E+00   0.941784E+07   0.941737E+07   0.229760E+03
   0.754482E-03   0.194562E+08   0.194539E+08   0.190365E+07   0.173401E+07   0.194548E+08   0.194558E+08   0.194558E+08   0.194562E+08  -0.430352E+00   0.939776E+07   0.939724E+07   0.230133E+03
   0.833888E-03   0.193593E+08   0.193567E+08   0.140913E+07   0.129982E+07   0.193576E+08   0.193588E+08   0.193589E+08   0.193591E+08  -0.427529E+00   0.937444E+07   0.937387E+07   0.227406E+03
   0.921651E-03   0.192594E+08   0.192565E+08   0.114999E+07   0.108504E+07   0.192573E+08   0.192588E+08   0.192590E+08   0.192591E+08  -0.424780E+00   0.934801E+07   0.934740E+07   0.221618E+03
   0.101865E-02   0.191581E+08   0.191549E+08   0.967560E+06   0.920205E+06   0.191555E+08   0.191574E+08   0.191575E+08   0.191576E+08  -0.422125E+00   0.931878E+07   0.931814E+07   0.212990E+03
   0.112586E-02   0.190562E+08   0.190528E+08   0.744617E+06   0.687873E+06   0.190530E+08   0.190554E+08   0.190556E+08   0.190556E+08  -0.419554E+00   0.928713E+07   0.928645E+07   0.201858E+03
   0.124435E-02   0.189541E+08   0.189504E+08   0.482110E+06   0.402283E+06   0.189502E+08   0.189533E+08   0.189535E+08   0.189534E+08  -0.417040E+00   0.925327E+07   0.925256E+07   0.188623E+03
   0.137531E-02   0.188515E+08   0.188477E+08   0.282628E+06   0.185758E+06   0.188467E+08   0.188506E+08   0.188509E+08   0.188506E+08  -0.414558E+00   0.921712E+07   0.921641E+07   0.173749E+03
   0.152006E-02   0.187477E+08   0.187438E+08   0.212366E+06   0.115817E+06   0.187418E+08   0.187467E+08   0.187470E+08   0.187467E+08  -0.412091E+00   0.917841E+07   0.917769E+07   0.157839E+03
   0.168004E-02   0.186418E+08   0.186378E+08   0.190185E+06  -0.204015E+06   0.186346E+08   0.186407E+08   0.186412E+08   0.186407E+08  -0.409620E+00   0.913682E+07   0.913610E+07   0.141679E+03
   0.185685E-02   0.185328E+08   0.185288E+08   0.109797E+06  -0.169613E+06   0.185240E+08   0.185316E+08   0.185321E+08   0.185316E+08  -0.407106E+00   0.909205E+07   0.909135E+07   0.126114E+03
   0.205228E-02   0.184193E+08   0.184153E+08   0.356816E+05  -0.140503E+06   0.184085E+08   0.184179E+08   0.184186E+08   0.184179E+08  -0.404511E+00   0.904370E+07   0.904301E+07   0.111844E+03
   0.226827E-02   0.182997E+08   0.182957E+08   0.435623E+05  -0.115955E+06   0.182866E+08   0.182982E+08   0.182990E+08   0.182982E+08  -0.401804E+00   0.899108E+07   0.899040E+07   0.993513E+02
   0.250700E-02   0.181726E+08   0.181685E+08   0.276221E+05  -0.953338E+05   0.181566E+08   0.181708E+08   0.181719E+08   0.181708E+08  -0.398948E+00   0.893361E+07   0.893294E+07   0.888569E+02
   0.277085E-02   0.180361E+08   0.180319E+08   0.138775E+04  -0.782219E+05   0.180168E+08   0.180341E+08   0.180354E+08   0.180341E+08  -0.395891E+00   0.887069E+07   0.887003E+07   0.801600E+02
   0.306246E-02   0.178884E+08   0.178840E+08   0.857961E+04  -0.640174E+05   0.178650E+08   0.178861E+08   0.178877E+08   0.178861E+08  -0.392601E+00   0.880141E+07   0.880074E+07   0.727191E+02
   0.338478E-02   0.177276E+08   0.177230E+08  -0.893612E+04  -0.522568E+05   0.176993E+08   0.177249E+08   0.177268E+08   0.177249E+08  -0.389030E+00   0.872502E+07   0.872436E+07   0.659391E+02
   0.374101E-02   0.175517E+08   0.175468E+08  -0.677147E+04  -0.425891E+05   0.175175E+08   0.175486E+08   0.175509E+08   0.175486E+08  -0.385131E+00   0.864062E+07   0.863995E+07   0.594414E+02
   0.413473E-02   0.173586E+08   0.173533E+08  -0.812286E+04  -0.346222E+05   0.173173E+08   0.173549E+08   0.173577E+08   0.173549E+08  -0.380859E+00   0.854723E+07   0.854657E+07   0.532831E+02
   0.456989E-02   0.171461E+08   0.171404E+08  -0.735011E+04  -0.280976E+05   0.170965E+08   0.171417E+08   0.171451E+08   0.171417E+08  -0.376163E+00   0.844386E+07   0.844320E+07   0.477542E+02
   0.505085E-02   0.169118E+08   0.169057E+08  -0.375690E+04  -0.227531E+05   0.168524E+08   0.169068E+08   0.169108E+08   0.169068E+08  -0.370991E+00   0.832945E+07   0.832880E+07   0.429812E+02
   0.558243E-02   0.166536E+08   0.166469E+08  -0.395460E+04  -0.183832E+05   0.165827E+08   0.166476E+08   0.166524E+08   0.166476E+08  -0.365293E+00   0.820287E+07   0.820222E+07   0.387540E+02
   0.616996E-02   0.163689E+08   0.163615E+08  -0.379247E+04  -0.148203E+05   0.162847E+08   0.163619E+08   0.163677E+08   0.163619E+08  -0.359015E+00   0.806302E+07   0.806237E+07   0.348333E+02
   0.681932E-02   0.160555E+08   0.160473E+08  -0.431838E+04  -0.119190E+05   0.159558E+08   0.160473E+08   0.160541E+08   0.160473E+08  -0.352104E+00   0.790873E+07   0.790809E+07   0.312727E+02
   0.753702E-02   0.157109E+08   0.157017E+08  -0.409254E+04  -0.956005E+04   0.155937E+08   0.157013E+08   0.157093E+08   0.157013E+08  -0.344506E+00   0.773887E+07   0.773824E+07   0.281519E+02
   0.833025E-02   0.153328E+08   0.153224E+08  -0.232021E+04  -0.764563E+04   0.151959E+08   0.153217E+08   0.153311E+08   0.153217E+08  -0.336172E+00   0.755232E+07   0.755169E+07   0.253400E+02
   0.920698E-02   0.149192E+08   0.149074E+08  -0.421421E+04  -0.609522E+04   0.147602E+08   0.149063E+08   0.149172E+08   0.149063E+08  -0.327054E+00   0.734804E+07   0.734741E+07   0.228063E+02
   0.101760E-01   0.144680E+08   0.144545E+08  -0.260557E+04  -0.484229E+04   0.142849E+08   0.144532E+08   0.144657E+08   0.144532E+08  -0.317109E+00   0.712511E+07   0.712449E+07   0.205643E+02
   0.112469E-01   0.139777E+08   0.139623E+08  -0.254110E+04  -0.383172E+04   0.137686E+08   0.139609E+08   0.139751E+08   0.139609E+08  -0.306305E+00   0.688280E+07   0.688217E+07   0.185522E+02
   0.124306E-01   0.134474E+08   0.134297E+08  -0.219860E+04  -0.301916E+04   0.132106E+08   0.134283E+08   0.134444E+08   0.134283E+08  -0.294617E+00   0.662060E+07   0.661998E+07   0.167671E+02
   0.137389E-01   0.128766E+08   0.128563E+08  -0.182387E+04  -0.236752E+04   0.126109E+08   0.128550E+08   0.128732E+08   0.128550E+08  -0.282039E+00   0.633835E+07   0.633772E+07   0.151739E+02
   0.151849E-01   0.122657E+08   0.122425E+08  -0.117454E+04  -0.184671E+04   0.119701E+08   0.122416E+08   0.122618E+08   0.122416E+08  -0.268579E+00   0.603626E+07   0.603563E+07   0.137547E+02
   0.167830E-01   0.116278E+08   0.116013E+08  -0.112873E+04  -0.143349E+04   0.113018E+08   0.116011E+08   0.116234E+08   0.116011E+08  -0.254526E+00   0.572081E+07   0.572019E+07   0.124926E+02
   0.185493E-01   0.109443E+08   0.109143E+08  -0.839748E+03  -0.110474E+04   0.105885E+08   0.109150E+08   0.109392E+08   0.109150E+08  -0.239472E+00   0.538285E+07   0.538222E+07   0.113462E+02
   0.205016E-01   0.102296E+08   0.101959E+08  -0.519505E+03  -0.845462E+03   0.984526E+07   0.101978E+08   0.102240E+08   0.101978E+08  -0.223736E+00   0.502956E+07   0.502893E+07   0.102991E+02
   0.226592E-01   0.948236E+07   0.944490E+07  -0.453278E+03  -0.641663E+03   0.907208E+07   0.944814E+07   0.947607E+07   0.944814E+07  -0.207289E+00   0.466026E+07   0.465962E+07   0.932164E+01
   0.250440E-01   0.872733E+07   0.868632E+07  -0.342057E+03  -0.483535E+03   0.829412E+07   0.869096E+07   0.872044E+07   0.869096E+07  -0.190676E+00   0.428723E+07   0.428660E+07   0.839691E+01
   0.276798E-01   0.797474E+07   0.793072E+07  -0.221781E+03  -0.361762E+03   0.752207E+07   0.793655E+07   0.796734E+07   0.793655E+07  -0.174125E+00   0.391554E+07   0.391492E+07   0.749824E+01
   0.305930E-01   0.723071E+07   0.718463E+07  -0.240383E+03  -0.268572E+03   0.676242E+07   0.719112E+07   0.722297E+07   0.719112E+07  -0.157770E+00   0.354826E+07   0.354765E+07   0.660306E+01
   0.338127E-01   0.651457E+07   0.646782E+07  -0.162963E+03  -0.198134E+03   0.603415E+07   0.647404E+07   0.650672E+07   0.647404E+07  -0.142037E+00   0.319492E+07   0.319435E+07   0.569901E+01
   0.373714E-01   0.584895E+07   0.580335E+07  -0.107306E+03  -0.145673E+03   0.535911E+07   0.580795E+07   0.584129E+07   0.580795E+07  -0.127423E+00   0.286671E+07   0.286617E+07   0.478606E+01
   0.413045E-01   0.525499E+07   0.521265E+07  -0.767517E+02  -0.107186E+03   0.475541E+07   0.521382E+07   0.524788E+07   0.521382E+07  -0.114389E+00   0.257396E+07   0.257348E+07   0.387961E+01
   0.454350E-01   0.475598E+07   0.471868E+07   0.482702E+02  -0.802177E+02   0.424894E+07   0.471509E+07   0.474972E+07   0.471509E+07  -0.103447E+00   0.232823E+07   0.232782E+07   0.304682E+01
   0.495654E-01   0.436753E+07   0.433613E+07   0.371601E+02  -0.619407E+02   0.385191E+07   0.432697E+07   0.436226E+07   0.432697E+07  -0.949314E-01   0.213704E+07   0.213670E+07   0.235011E+01
   0.536959E-01   0.405719E+07   0.403169E+07   0.293450E+02  -0.490629E+02   0.353207E+07   0.401689E+07   0.405291E+07   0.401689E+07  -0.881284E-01   0.198433E+07   0.198404E+07   0.179518E+01
   0.578264E-01   0.379741E+07   0.377711E+07   0.236275E+02  -0.396249E+02   0.326310E+07   0.375728E+07   0.379400E+07   0.375728E+07  -0.824328E-01   0.185649E+07   0.185626E+07   0.137882E+01
   0.619568E-01   0.356911E+07   0.355281E+07   0.192990E+02  -0.324663E+02   0.302708E+07   0.352908E+07   0.356637E+07   0.352908E+07  -0.774261E-01   0.174412E+07   0.174392E+07   0.108913E+01
   0.660873E-01   0.335532E+07   0.334159E+07   0.159070E+02  -0.268445E+02   0.280863E+07   0.331537E+07   0.335302E+07   0.331537E+07  -0.727374E-01   0.163887E+07   0.163870E+07   0.905499E+00
   0.702177E-01   0.314600E+07   0.313342E+07   0.131779E+02  -0.223105E+02   0.259877E+07   0.310619E+07   0.314389E+07   0.310619E+07  -0.681481E-01   0.153582E+07   0.153565E+07   0.802886E+00
   0.743482E-01   0.294059E+07   0.292798E+07   0.109582E+02  -0.186124E+02   0.239707E+07   0.290103E+07   0.293847E+07   0.290103E+07  -0.636470E-01   0.143471E+07   0.143454E+07   0.755427E+00
   0.784786E-01   0.273578E+07   0.272236E+07   0.912550E+01  -0.155500E+02   0.220067E+07   0.269668E+07   0.273353E+07   0.269668E+07  -0.591636E-01   0.133395E+07   0.133377E+07   0.737475E+00
   0.826091E-01   0.253941E+07   0.252483E+07   0.762386E+01  -0.130336E+02   0.201576E+07   0.250092E+07   0.253696E+07   0.250092E+07  -0.548687E-01   0.123739E+07   0.123721E+07   0.729087E+00
   0.867395E-01   0.235689E+07   0.234123E+07   0.640064E+01  -0.109780E+02   0.184624E+07   0.231913E+07   0.235426E+07   0.231913E+07  -0.508804E-01   0.114771E+07   0.114752E+07   0.715408E+00
   0.918936E-01   0.215517E+07   0.213876E+07   0.519740E+01  -0.894999E+01   0.166067E+07   0.211840E+07   0.215241E+07   0.211840E+07  -0.464766E-01   0.104867E+07   0.104848E+07   0.678389E+00
   0.970477E-01   0.198759E+07   0.197140E+07   0.428402E+01  -0.740617E+01   0.150680E+07   0.195181E+07   0.198487E+07   0.195181E+07  -0.428216E-01   0.966466E+06   0.966287E+06   0.615920E+00
   0.102202E+00   0.185565E+07   0.184067E+07   0.359563E+01  -0.623995E+01   0.138434E+07   0.182072E+07   0.185314E+07   0.182072E+07  -0.399455E-01   0.901799E+06   0.901636E+06   0.534372E+00
   0.107356E+00   0.175457E+07   0.174149E+07   0.307247E+01  -0.535203E+01   0.128829E+07   0.172028E+07   0.175238E+07   0.172028E+07  -0.377420E-01   0.852281E+06   0.852138E+06   0.445624E+00
   0.112510E+00   0.167448E+07   0.166355E+07   0.266247E+01  -0.465493E+01   0.121029E+07   0.164067E+07   0.167264E+07   0.164067E+07  -0.359953E-01   0.813052E+06   0.812930E+06   0.362295E+00
   0.117664E+00   0.160451E+07   0.159556E+07   0.232637E+01  -0.408215E+01   0.114174E+07   0.157111E+07   0.160301E+07   0.157111E+07  -0.344693E-01   0.778785E+06   0.778682E+06   0.294212E+00
   0.122818E+00   0.153622E+07   0.152872E+07   0.203881E+01  -0.359055E+01   0.107628E+07   0.150324E+07   0.153496E+07   0.150324E+07  -0.329803E-01   0.745335E+06   0.745245E+06   0.246452E+00
   0.127972E+00   0.146469E+07   0.145796E+07   0.178551E+01  -0.315584E+01   0.101037E+07   0.143222E+07   0.146356E+07   0.143222E+07  -0.314221E-01   0.710303E+06   0.710219E+06   0.218966E+00
   0.133126E+00   0.138855E+07   0.138193E+07   0.155973E+01  -0.276677E+01   0.943138E+06   0.135671E+07   0.138744E+07   0.135671E+07  -0.297656E-01   0.673028E+06   0.672945E+06   0.207569E+00
   0.138280E+00   0.130941E+07   0.130244E+07   0.135929E+01  -0.241992E+01   0.875765E+06   0.127833E+07   0.130824E+07   0.127833E+07  -0.280458E-01   0.634302E+06   0.634217E+06   0.205787E+00
   0.143435E+00   0.123075E+07   0.122324E+07   0.118403E+01  -0.211544E+01   0.810615E+06   0.120052E+07   0.122949E+07   0.120052E+07  -0.263388E-01   0.595843E+06   0.595754E+06   0.206868E+00
   0.148589E+00   0.115682E+07   0.114885E+07   0.103408E+01  -0.185405E+01   0.750396E+06   0.112747E+07   0.115549E+07   0.112747E+07  -0.247361E-01   0.559723E+06   0.559632E+06   0.205435E+00
   0.153743E+00   0.109150E+07   0.108333E+07   0.908843E+00  -0.163515E+01   0.697413E+06   0.106297E+07   0.109013E+07   0.106297E+07  -0.233210E-01   0.527831E+06   0.527739E+06   0.198432E+00
   0.158897E+00   0.103704E+07   0.102904E+07   0.806248E+00  -0.145546E+01   0.652793E+06   0.100921E+07   0.103569E+07   0.100921E+07  -0.221416E-01   0.501255E+06   0.501167E+06   0.185287E+00
   0.164051E+00   0.993206E+06   0.985711E+06   0.722599E+00  -0.130875E+01   0.616043E+06   0.965951E+06   0.991948E+06   0.965951E+06  -0.211924E-01   0.479879E+06   0.479796E+06   0.167432E+00
   0.169205E+00   0.957721E+06   0.950962E+06   0.653413E+00  -0.118725E+01   0.585425E+06   0.930918E+06   0.956586E+06   0.930918E+06  -0.204238E-01   0.462580E+06   0.462505E+06   0.147475E+00
   0.174359E+00   0.927509E+06   0.921555E+06   0.594557E+00  -0.108373E+01   0.558815E+06   0.901081E+06   0.926509E+06   0.901081E+06  -0.197692E-01   0.447853E+06   0.447786E+06   0.128283E+00
   0.179513E+00   0.899589E+06   0.894356E+06   0.542772E+00  -0.992432E+00   0.534261E+06   0.873507E+06   0.898711E+06   0.873507E+06  -0.191642E-01   0.434244E+06   0.434184E+06   0.112181E+00
   0.184667E+00   0.871381E+06   0.866673E+06   0.495659E+00  -0.909121E+00   0.510135E+06   0.845663E+06   0.870591E+06   0.845663E+06  -0.185534E-01   0.420495E+06   0.420440E+06   0.100449E+00
   0.189821E+00   0.841154E+06   0.836727E+06   0.451774E+00  -0.831187E+00   0.485476E+06   0.815865E+06   0.840411E+06   0.815865E+06  -0.178996E-01   0.405766E+06   0.405713E+06   0.931989E-01
   0.194975E+00   0.808594E+06   0.804222E+06   0.410650E+00  -0.757848E+00   0.460109E+06   0.783811E+06   0.807860E+06   0.783811E+06  -0.171964E-01   0.389907E+06   0.389855E+06   0.895837E-01
   0.200130E+00   0.774736E+06   0.770263E+06   0.372555E+00  -0.689640E+00   0.434659E+06   0.750519E+06   0.773985E+06   0.750519E+06  -0.164660E-01   0.373425E+06   0.373372E+06   0.881923E-01
   0.205284E+00   0.741182E+06   0.736546E+06   0.337938E+00  -0.627444E+00   0.410033E+06   0.717556E+06   0.740404E+06   0.717556E+06  -0.157428E-01   0.357099E+06   0.357045E+06   0.874825E-01
   0.210438E+00   0.709439E+06   0.704671E+06   0.307090E+00  -0.571864E+00   0.387036E+06   0.686398E+06   0.708638E+06   0.686398E+06  -0.150592E-01   0.341663E+06   0.341608E+06   0.861685E-01
   0.215592E+00   0.680699E+06   0.675896E+06   0.280087E+00  -0.523102E+00   0.366256E+06   0.658202E+06   0.679892E+06   0.658202E+06  -0.144406E-01   0.327694E+06   0.327640E+06   0.834796E-01
   0.220746E+00   0.655691E+06   0.650984E+06   0.256779E+00  -0.480939E+00   0.347999E+06   0.633676E+06   0.654900E+06   0.633676E+06  -0.139025E-01   0.315546E+06   0.315494E+06   0.792386E-01
   0.225900E+00   0.634449E+06   0.629957E+06   0.236750E+00  -0.444664E+00   0.332188E+06   0.612844E+06   0.633695E+06   0.612844E+06  -0.134454E-01   0.305232E+06   0.305182E+06   0.737714E-01
   0.231054E+00   0.616290E+06   0.612094E+06   0.219379E+00  -0.413167E+00   0.318370E+06   0.595031E+06   0.615586E+06   0.595031E+06  -0.130547E-01   0.296417E+06   0.296370E+06   0.677132E-01
   0.236208E+00   0.600130E+06   0.596256E+06   0.203998E+00  -0.385234E+00   0.305913E+06   0.579178E+06   0.599480E+06   0.579178E+06  -0.127068E-01   0.288574E+06   0.288530E+06   0.617864E-01
   0.241362E+00   0.584860E+06   0.581280E+06   0.190032E+00  -0.359815E+00   0.294203E+06   0.564200E+06   0.584259E+06   0.564200E+06  -0.123782E-01   0.281164E+06   0.281123E+06   0.566033E-01
   0.246516E+00   0.569565E+06   0.566212E+06   0.177056E+00  -0.336128E+00   0.282758E+06   0.549207E+06   0.569002E+06   0.549207E+06  -0.120493E-01   0.273742E+06   0.273704E+06   0.525321E-01
   0.251670E+00   0.553674E+06   0.550462E+06   0.164812E+00  -0.313701E+00   0.271286E+06   0.533643E+06   0.553134E+06   0.533643E+06  -0.117078E-01   0.266033E+06   0.265996E+06   0.496488E-01
   0.256825E+00   0.537062E+06   0.533910E+06   0.153211E+00  -0.292374E+00   0.259734E+06   0.517391E+06   0.536533E+06   0.517391E+06  -0.113513E-01   0.257977E+06   0.257940E+06   0.477722E-01
   0.261979E+00   0.520040E+06   0.516890E+06   0.142292E+00  -0.272234E+00   0.248256E+06   0.500752E+06   0.519511E+06   0.500752E+06  -0.109862E-01   0.249725E+06   0.249689E+06   0.465566E-01
   0.267133E+00   0.503152E+06   0.499977E+06   0.132149E+00  -0.253468E+00   0.237113E+06   0.484257E+06   0.502619E+06   0.484257E+06  -0.106243E-01   0.241541E+06   0.241505E+06   0.456034E-01
   0.272287E+00   0.486957E+06   0.483764E+06   0.122860E+00  -0.236240E+00   0.226556E+06   0.468449E+06   0.486421E+06   0.468449E+06  -0.102775E-01   0.233697E+06   0.233660E+06   0.445634E-01
   0.277441E+00   0.471900E+06   0.468721E+06   0.114461E+00  -0.220630E+00   0.216774E+06   0.453760E+06   0.471366E+06   0.453760E+06  -0.995524E-02   0.226407E+06   0.226371E+06   0.432093E-01
   0.282595E+00   0.458248E+06   0.455124E+06   0.106935E+00  -0.206619E+00   0.207861E+06   0.440444E+06   0.457723E+06   0.440444E+06  -0.966308E-02   0.219799E+06   0.219764E+06   0.414647E-01
   0.287749E+00   0.446033E+06   0.443008E+06   0.100209E+00  -0.194081E+00   0.199802E+06   0.428532E+06   0.445525E+06   0.428532E+06  -0.940175E-02   0.213889E+06   0.213855E+06   0.393914E-01
   0.292903E+00   0.435060E+06   0.432162E+06   0.941698E-01  -0.182808E+00   0.192479E+06   0.417831E+06   0.434573E+06   0.417831E+06  -0.916697E-02   0.208582E+06   0.208549E+06   0.371450E-01
   0.298057E+00   0.424972E+06   0.422214E+06   0.886810E-01  -0.172545E+00   0.185710E+06   0.407994E+06   0.424508E+06   0.407994E+06  -0.895116E-02   0.203704E+06   0.203672E+06   0.349169E-01
   0.303211E+00   0.415370E+06   0.412745E+06   0.836150E-01  -0.163055E+00   0.179303E+06   0.398634E+06   0.414929E+06   0.398634E+06  -0.874581E-02   0.199062E+06   0.199032E+06   0.328798E-01
   0.308365E+00   0.405917E+06   0.403403E+06   0.788714E-01  -0.154147E+00   0.173100E+06   0.389423E+06   0.405495E+06   0.389423E+06  -0.854373E-02   0.194492E+06   0.194463E+06   0.311476E-01
   0.313520E+00   0.396397E+06   0.393964E+06   0.743862E-01  -0.145701E+00   0.167005E+06   0.380153E+06   0.395989E+06   0.380153E+06  -0.834034E-02   0.189891E+06   0.189863E+06   0.297589E-01
   0.318674E+00   0.386744E+06   0.384363E+06   0.701300E-01  -0.137663E+00   0.160986E+06   0.370759E+06   0.386344E+06   0.370759E+06  -0.813425E-02   0.185226E+06   0.185199E+06   0.286802E-01
   0.323828E+00   0.377025E+06   0.374674E+06   0.660997E-01  -0.130030E+00   0.155071E+06   0.361308E+06   0.376631E+06   0.361308E+06  -0.792690E-02   0.180531E+06   0.180504E+06   0.278265E-01
   0.328982E+00   0.367400E+06   0.365065E+06   0.623077E-01  -0.122831E+00   0.149322E+06   0.351954E+06   0.367008E+06   0.351954E+06  -0.772167E-02   0.175883E+06   0.175856E+06   0.270900E-01
   0.334136E+00   0.358063E+06   0.355744E+06   0.587706E-01  -0.116101E+00   0.143815E+06   0.342884E+06   0.357674E+06   0.342884E+06  -0.752269E-02   0.171375E+06   0.171349E+06   0.263698E-01
   0.339290E+00   0.349189E+06   0.346895E+06   0.554983E-01  -0.109862E+00   0.138612E+06   0.334268E+06   0.348804E+06   0.334268E+06  -0.733365E-02   0.167092E+06   0.167066E+06   0.255936E-01
   0.344444E+00   0.340886E+06   0.338629E+06   0.524880E-01  -0.104113E+00   0.133745E+06   0.326208E+06   0.340507E+06   0.326208E+06  -0.715682E-02   0.163086E+06   0.163060E+06   0.247287E-01
   0.349598E+00   0.333171E+06   0.330966E+06   0.497232E-01  -0.988259E-01   0.129212E+06   0.318722E+06   0.332801E+06   0.318722E+06  -0.699257E-02   0.159365E+06   0.159340E+06   0.237811E-01
   0.354752E+00   0.325984E+06   0.323842E+06   0.471774E-01  -0.939496E-01   0.124977E+06   0.311749E+06   0.325625E+06   0.311749E+06  -0.683959E-02   0.155899E+06   0.155875E+06   0.227863E-01
   0.359906E+00   0.319217E+06   0.317142E+06   0.448192E-01  -0.894254E-01   0.120991E+06   0.305184E+06   0.318868E+06   0.305184E+06  -0.669557E-02   0.152637E+06   0.152613E+06   0.217945E-01
   0.365060E+00   0.312744E+06   0.310735E+06   0.426182E-01  -0.851956E-01   0.117199E+06   0.298907E+06   0.312407E+06   0.298907E+06  -0.655785E-02   0.149517E+06   0.149494E+06   0.208556E-01
   0.370215E+00   0.306446E+06   0.304498E+06   0.405478E-01  -0.812092E-01   0.113549E+06   0.292801E+06   0.306119E+06   0.292801E+06  -0.642390E-02   0.146481E+06   0.146459E+06   0.200065E-01
   0.375369E+00   0.300230E+06   0.298331E+06   0.385878E-01  -0.774267E-01   0.110003E+06   0.286778E+06   0.299911E+06   0.286778E+06  -0.629174E-02   0.143486E+06   0.143464E+06   0.192640E-01
   0.380523E+00   0.294045E+06   0.292186E+06   0.367250E-01  -0.738237E-01   0.106541E+06   0.280787E+06   0.293733E+06   0.280787E+06  -0.616031E-02   0.140506E+06   0.140485E+06   0.186240E-01
   0.385677E+00   0.287899E+06   0.286071E+06   0.349546E-01  -0.703920E-01   0.103163E+06   0.274838E+06   0.287592E+06   0.274838E+06  -0.602979E-02   0.137546E+06   0.137526E+06   0.180668E-01
   0.390831E+00   0.281843E+06   0.280039E+06   0.332772E-01  -0.671337E-01   0.998837E+05   0.268977E+06   0.281540E+06   0.268977E+06  -0.590121E-02   0.134630E+06   0.134609E+06   0.175638E-01
   0.395985E+00   0.275940E+06   0.274159E+06   0.316951E-01  -0.640543E-01   0.967249E+05   0.263268E+06   0.275641E+06   0.263268E+06  -0.577595E-02   0.131788E+06   0.131768E+06   0.170854E-01
   0.401139E+00   0.270246E+06   0.268489E+06   0.302084E-01  -0.611557E-01   0.937016E+05   0.257762E+06   0.269951E+06   0.257762E+06  -0.565516E-02   0.129047E+06   0.129027E+06   0.166078E-01
   0.406293E+00   0.264793E+06   0.263063E+06   0.288150E-01  -0.584347E-01   0.908213E+05   0.252492E+06   0.264503E+06   0.252492E+06  -0.553952E-02   0.126423E+06   0.126403E+06   0.161170E-01
   0.411447E+00   0.259597E+06   0.257899E+06   0.275110E-01  -0.558841E-01   0.880853E+05   0.247470E+06   0.259312E+06   0.247470E+06  -0.542936E-02   0.123923E+06   0.123904E+06   0.156106E-01
   0.416601E+00   0.254654E+06   0.252992E+06   0.262906E-01  -0.534934E-01   0.854885E+05   0.242695E+06   0.254375E+06   0.242695E+06  -0.532460E-02   0.121546E+06   0.121527E+06   0.150956E-01
   0.421755E+00   0.249936E+06   0.248311E+06   0.251455E-01  -0.512472E-01   0.830169E+05   0.238138E+06   0.249663E+06   0.238138E+06  -0.522462E-02   0.119277E+06   0.119258E+06   0.145846E-01
   0.426910E+00   0.245391E+06   0.243804E+06   0.240664E-01  -0.491271E-01   0.806502E+05   0.233750E+06   0.245125E+06   0.233750E+06  -0.512835E-02   0.117092E+06   0.117074E+06   0.140911E-01
   0.432064E+00   0.240971E+06   0.239420E+06   0.230447E-01  -0.471164E-01   0.783695E+05   0.229484E+06   0.240711E+06   0.229484E+06  -0.503475E-02   0.114967E+06   0.114950E+06   0.136266E-01
   0.437218E+00   0.236646E+06   0.235127E+06   0.220744E-01  -0.452032E-01   0.761625E+05   0.225310E+06   0.236391E+06   0.225310E+06  -0.494317E-02   0.112888E+06   0.112871E+06   0.131979E-01
   0.442372E+00   0.232398E+06   0.230908E+06   0.211511E-01  -0.433797E-01   0.740221E+05   0.221213E+06   0.232148E+06   0.221213E+06  -0.485328E-02   0.110847E+06   0.110830E+06   0.128062E-01
   0.447526E+00   0.228221E+06   0.226756E+06   0.202716E-01  -0.416396E-01   0.719440E+05   0.217184E+06   0.227975E+06   0.217184E+06  -0.476490E-02   0.108840E+06   0.108823E+06   0.124474E-01
   0.452680E+00   0.224113E+06   0.222670E+06   0.194336E-01  -0.399786E-01   0.699265E+05   0.213224E+06   0.223871E+06   0.213224E+06  -0.467802E-02   0.106866E+06   0.106850E+06   0.121137E-01
   0.457834E+00   0.220091E+06   0.218669E+06   0.186364E-01  -0.383957E-01   0.679732E+05   0.209349E+06   0.219852E+06   0.209349E+06  -0.459299E-02   0.104935E+06   0.104918E+06   0.117966E-01
   0.462988E+00   0.216179E+06   0.214778E+06   0.178798E-01  -0.368912E-01   0.660900E+05   0.205581E+06   0.215944E+06   0.205581E+06  -0.451032E-02   0.103056E+06   0.103040E+06   0.114885E-01
   0.468142E+00   0.212395E+06   0.211015E+06   0.171632E-01  -0.354640E-01   0.642801E+05   0.201936E+06   0.212163E+06   0.201936E+06  -0.443037E-02   0.101239E+06   0.101223E+06   0.111841E-01
   0.473296E+00   0.208742E+06   0.207383E+06   0.164846E-01  -0.341106E-01   0.625428E+05   0.198419E+06   0.208513E+06   0.198419E+06  -0.435319E-02   0.994853E+05   0.994699E+05   0.108810E-01
   0.478450E+00   0.205213E+06   0.203878E+06   0.158417E-01  -0.328265E-01   0.608743E+05   0.195022E+06   0.204989E+06   0.195022E+06  -0.427868E-02   0.977919E+05   0.977767E+05   0.105797E-01
   0.483605E+00   0.201802E+06   0.200491E+06   0.152320E-01  -0.316072E-01   0.592707E+05   0.191740E+06   0.201582E+06   0.191740E+06  -0.420668E-02   0.961552E+05   0.961403E+05   0.102827E-01
   0.488759E+00   0.198500E+06   0.197212E+06   0.146531E-01  -0.304477E-01   0.577275E+05   0.188563E+06   0.198283E+06   0.188563E+06  -0.413697E-02   0.945707E+05   0.945560E+05   0.999388E-02
   0.493913E+00   0.195290E+06   0.194026E+06   0.141024E-01  -0.293431E-01   0.562388E+05   0.185476E+06   0.195078E+06   0.185476E+06  -0.406924E-02   0.930311E+05   0.930167E+05   0.971652E-02
   0.499067E+00   0.192156E+06   0.190914E+06   0.135772E-01  -0.282881E-01   0.547982E+05   0.182463E+06   0.191948E+06   0.182463E+06  -0.400314E-02   0.915280E+05   0.915139E+05   0.945293E-02
   0.504221E+00   0.189086E+06   0.187864E+06   0.130753E-01  -0.272786E-01   0.534008E+05   0.179511E+06   0.188881E+06   0.179511E+06  -0.393838E-02   0.900554E+05   0.900415E+05   0.920393E-02
   0.509375E+00   0.186074E+06   0.184872E+06   0.125955E-01  -0.263119E-01   0.520447E+05   0.176617E+06   0.185873E+06   0.176617E+06  -0.387489E-02   0.886115E+05   0.885978E+05   0.896891E-02
   0.514529E+00   0.183124E+06   0.181940E+06   0.121368E-01  -0.253864E-01   0.507293E+05   0.173783E+06   0.182926E+06   0.173783E+06  -0.381271E-02   0.871973E+05   0.871838E+05   0.874616E-02
   0.519683E+00   0.180238E+06   0.179071E+06   0.116984E-01  -0.245006E-01   0.494543E+05   0.171011E+06   0.180042E+06   0.171011E+06  -0.375189E-02   0.858138E+05   0.858005E+05   0.853323E-02
   0.524837E+00   0.177418E+06   0.176267E+06   0.112794E-01  -0.236529E-01   0.482192E+05   0.168303E+06   0.177224E+06   0.168303E+06  -0.369247E-02   0.844618E+05   0.844487E+05   0.832760E-02
   0.529991E+00   0.174666E+06   0.173532E+06   0.108793E-01  -0.228421E-01   0.470239E+05   0.165661E+06   0.174475E+06   0.165661E+06  -0.363451E-02   0.831431E+05   0.831302E+05   0.812726E-02
   0.535145E+00   0.171988E+06   0.170870E+06   0.104974E-01  -0.220672E-01   0.458689E+05   0.163091E+06   0.171800E+06   0.163091E+06  -0.357813E-02   0.818600E+05   0.818473E+05   0.793106E-02
   0.540300E+00   0.169385E+06   0.168284E+06   0.101329E-01  -0.213268E-01   0.447536E+05   0.160594E+06   0.169200E+06   0.160594E+06  -0.352334E-02   0.806132E+05   0.806007E+05   0.773866E-02
   0.545454E+00   0.166854E+06   0.165770E+06   0.978481E-02  -0.206189E-01   0.436759E+05   0.158166E+06   0.166672E+06   0.158166E+06  -0.347008E-02   0.794009E+05   0.793886E+05   0.755033E-02
   0.550608E+00   0.164388E+06   0.163320E+06   0.945209E-02  -0.199412E-01   0.426332E+05   0.155801E+06   0.164208E+06   0.155801E+06  -0.341818E-02   0.782197E+05   0.782076E+05   0.736675E-02
   0.555762E+00   0.161981E+06   0.160929E+06   0.913365E-02  -0.192919E-01   0.416233E+05   0.153493E+06   0.161804E+06   0.153493E+06  -0.336755E-02   0.770671E+05   0.770552E+05   0.718879E-02
   0.560916E+00   0.159630E+06   0.158594E+06   0.882870E-02  -0.186693E-01   0.406446E+05   0.151240E+06   0.159456E+06   0.151240E+06  -0.331811E-02   0.759416E+05   0.759298E+05   0.701723E-02
   0.566070E+00   0.157332E+06   0.156311E+06   0.853647E-02  -0.180719E-01   0.396953E+05   0.149037E+06   0.157160E+06   0.149037E+06  -0.326978E-02   0.748413E+05   0.748297E+05   0.685246E-02
   0.571224E+00   0.155080E+06   0.154074E+06   0.825613E-02  -0.174980E-01   0.387734E+05   0.146880E+06   0.154911E+06   0.146880E+06  -0.322246E-02   0.737637E+05   0.737522E+05   0.669437E-02
   0.576378E+00   0.152873E+06   0.151881E+06   0.798694E-02  -0.169463E-01   0.378776E+05   0.144765E+06   0.152706E+06   0.144765E+06  -0.317606E-02   0.727071E+05   0.726958E+05   0.654251E-02
   0.581532E+00   0.150709E+06   0.149731E+06   0.772850E-02  -0.164160E-01   0.370072E+05   0.142693E+06   0.150545E+06   0.142693E+06  -0.313061E-02   0.716718E+05   0.716607E+05   0.639625E-02
   0.586686E+00   0.148592E+06   0.147628E+06   0.748050E-02  -0.159064E-01   0.361623E+05   0.140666E+06   0.148430E+06   0.140666E+06  -0.308614E-02   0.706590E+05   0.706480E+05   0.625486E-02
   0.591840E+00   0.146523E+06   0.145571E+06   0.724250E-02  -0.154168E-01   0.353425E+05   0.138685E+06   0.146363E+06   0.138685E+06  -0.304268E-02   0.696689E+05   0.696580E+05   0.611762E-02
   0.596995E+00   0.144499E+06   0.143560E+06   0.701402E-02  -0.149462E-01   0.345469E+05   0.136748E+06   0.144341E+06   0.136748E+06  -0.300018E-02   0.687008E+05   0.686901E+05   0.598396E-02
   0.602149E+00   0.142520E+06   0.141593E+06   0.679462E-02  -0.144939E-01   0.337746E+05   0.134855E+06   0.142364E+06   0.134855E+06  -0.295864E-02   0.677542E+05   0.677436E+05   0.585353E-02
   0.607303E+00   0.140586E+06   0.139672E+06   0.658400E-02  -0.140591E-01   0.330253E+05   0.133005E+06   0.140433E+06   0.133005E+06  -0.291805E-02   0.668295E+05   0.668191E+05   0.572628E-02
   0.612457E+00   0.138698E+06   0.137796E+06   0.638174E-02  -0.136411E-01   0.322985E+05   0.131199E+06   0.138546E+06   0.131199E+06  -0.287842E-02   0.659264E+05   0.659161E+05   0.560229E-02
   0.659749E+00   0.123078E+06   0.122278E+06   0.484765E-02  -0.104537E-01   0.265053E+05   0.116275E+06   0.122944E+06   0.116275E+06  -0.255100E-02   0.584618E+05   0.584527E+05   0.462420E-02
   0.710693E+00   0.109144E+06   0.108433E+06   0.368067E-02  -0.800515E-02   0.216844E+05   0.102984E+06   0.109025E+06   0.102984E+06  -0.225942E-02   0.518093E+05   0.518011E+05   0.381537E-02
   0.765571E+00   0.967430E+05   0.961126E+05   0.279404E-02  -0.612681E-02   0.176905E+05   0.911775E+05   0.966372E+05   0.911775E+05  -0.200038E-02   0.458946E+05   0.458874E+05   0.314824E-02
   0.895965E+00   0.748099E+05   0.743216E+05   0.155816E-02  -0.347251E-02   0.113919E+05   0.703479E+05   0.747279E+05   0.703479E+05  -0.154339E-02   0.354481E+05   0.354425E+05   0.209470E-02
   0.125042E+01   0.430603E+05   0.427785E+05   0.450472E-03  -0.103329E-02   0.430770E+04   0.403363E+05   0.430130E+05   0.403363E+05  -0.884955E-03   0.203640E+05   0.203607E+05   0.883691E-03
   0.174510E+01   0.245560E+05   0.243949E+05   0.666701E-03   0.232874E-03   0.155044E+04   0.229399E+05   0.245290E+05   0.229399E+05  -0.503269E-03   0.115978E+05   0.115958E+05   0.376248E-03
   0.243548E+01   0.138848E+05   0.137935E+05   0.333311E-03   0.207473E-03   0.533793E+03   0.129472E+05   0.138695E+05   0.129472E+05  -0.284059E-03   0.655190E+04   0.655071E+04   0.164263E-03
