#          k/h    CDM            baryon         photon         nu             mass_nu        total          no_nu          total_de       Weyl           v_CDM          v_b            v_b-v_c     
   0.102076E-04   0.233798E+08   0.233798E+08   0.311569E+08   0.311564E+08   0.233799E+08   0.233798E+08   0.233798E+08   0.233876E+08  -0.199431E+00   0.114346E+08   0.114346E+08   0.699851E+01
   0.112819E-04   0.233798E+08   0.233798E+08   0.311533E+08   0.311527E+08   0.233799E+08   0.233798E+08   0.233798E+08   0.233876E+08  -0.199431E+00   0.114346E+08   0.114346E+08   0.773484E+01
   0.124693E-04   0.233798E+08   0.233798E+08   0.311489E+08   0.311482E+08   0.233799E+08   0.233798E+08   0.233798E+08   0.233876E+08  -0.199431E+00   0.114346E+08   0.114346E+08   0.854858E+01
   0.137816E-04   0.233798E+08   0.233798E+08   0.311435E+08   0.311427E+08   0.233799E+08   0.233798E+08   0.233798E+08   0.233876E+08  -0.199431E+00   0.114346E+08   0.114346E+08   0.944786E+01
   0.152321E-04   0.233798E+08   0.233798E+08   0.311370E+08   0.311359E+08   0.233799E+08   0.233798E+08   0.233798E+08   0.233876E+08  -0.199431E+00   0.114346E+08   0.114346E+08   0.104416E+02
   0.168352E-04   0.233798E+08   0.233798E+08   0.311290E+08   0.311277E+08   0.233799E+08   0.233798E+08   0.233798E+08   0.233876E+08  -0.199430E+00   0.114346E+08   0.114346E+08   0.115398E+02
   0.186070E-04   0.233798E+08   0.233798E+08   0.311192E+08   0.311176E+08   0.233799E+08   0.233798E+08   0.233798E+08   0.233876E+08  -0.199430E+00   0.114346E+08   0.114346E+08   0.127533E+02
   0.205653E-04   0.233798E+08   0.233798E+08   0.311072E+08   0.311053E+08   0.233798E+08   0.233798E+08   0.233798E+08   0.233875E+08  -0.199430E+00   0.114346E+08   0.114346E+08   0.140941E+02
   0.227297E-04   0.233797E+08   0.233797E+08   0.310926E+08   0.310903E+08   0.233798E+08   0.233797E+08   0.233797E+08   0.233875E+08  -0.199430E+00   0.114346E+08   0.114346E+08   0.155755E+02
   0.251219E-04   0.233797E+08   0.233797E+08   0.310748E+08   0.310720E+08   0.233798E+08   0.233797E+08   0.233797E+08   0.233875E+08  -0.199429E+00   0.114346E+08   0.114346E+08   0.172122E+02
   0.277659E-04   0.233797E+08   0.233797E+08   0.310531E+08   0.310496E+08   0.233798E+08   0.233797E+08   0.233797E+08   0.233874E+08  -0.199429E+00   0.114346E+08   0.114346E+08   0.190202E+02
   0.306881E-04   0.233796E+08   0.233796E+08   0.310265E+08   0.310223E+08   0.233797E+08   0.233796E+08   0.233796E+08   0.233874E+08  -0.199429E+00   0.114345E+08   0.114345E+08   0.210174E+02
   0.339179E-04   0.233796E+08   0.233796E+08   0.309941E+08   0.309889E+08   0.233797E+08   0.233796E+08   0.233796E+08   0.233873E+08  -0.199428E+00   0.114345E+08   0.114345E+08   0.232231E+02
   0.374876E-04   0.233795E+08   0.233795E+08   0.309546E+08   0.309483E+08   0.233796E+08   0.233795E+08   0.233795E+08   0.233873E+08  -0.199427E+00   0.114345E+08   0.114345E+08   0.256587E+02
   0.414330E-04   0.233794E+08   0.233794E+08   0.309063E+08   0.308986E+08   0.233795E+08   0.233795E+08   0.233794E+08   0.233872E+08  -0.199426E+00   0.114344E+08   0.114344E+08   0.283477E+02
   0.457936E-04   0.233794E+08   0.233793E+08   0.308475E+08   0.308381E+08   0.233794E+08   0.233794E+08   0.233794E+08   0.233871E+08  -0.199425E+00   0.114344E+08   0.114344E+08   0.313156E+02
   0.506132E-04   0.233792E+08   0.233792E+08   0.307758E+08   0.307643E+08   0.233793E+08   0.233793E+08   0.233792E+08   0.233869E+08  -0.199424E+00   0.114343E+08   0.114343E+08   0.345906E+02
   0.559400E-04   0.233791E+08   0.233791E+08   0.306884E+08   0.306744E+08   0.233792E+08   0.233791E+08   0.233791E+08   0.233868E+08  -0.199422E+00   0.114343E+08   0.114343E+08   0.382029E+02
   0.618274E-04   0.233790E+08   0.233789E+08   0.305819E+08   0.305648E+08   0.233790E+08   0.233790E+08   0.233789E+08   0.233866E+08  -0.199420E+00   0.114342E+08   0.114342E+08   0.421856E+02
   0.683345E-04   0.233788E+08   0.233787E+08   0.304523E+08   0.304315E+08   0.233788E+08   0.233788E+08   0.233787E+08   0.233864E+08  -0.199418E+00   0.114341E+08   0.114341E+08   0.465742E+02
   0.755264E-04   0.233785E+08   0.233785E+08   0.302946E+08   0.302694E+08   0.233786E+08   0.233785E+08   0.233785E+08   0.233861E+08  -0.199415E+00   0.114340E+08   0.114340E+08   0.514069E+02
   0.834752E-04   0.233782E+08   0.233782E+08   0.301031E+08   0.300724E+08   0.233783E+08   0.233782E+08   0.233782E+08   0.233857E+08  -0.199411E+00   0.114338E+08   0.114338E+08   0.567243E+02
   0.922605E-04   0.233778E+08   0.233778E+08   0.298705E+08   0.298333E+08   0.233779E+08   0.233778E+08   0.233778E+08   0.233853E+08  -0.199407E+00   0.114336E+08   0.114336E+08   0.625690E+02
   0.101971E-03   0.233774E+08   0.233773E+08   0.295887E+08   0.295436E+08   0.233775E+08   0.233774E+08   0.233774E+08   0.233848E+08  -0.199402E+00   0.114334E+08   0.114334E+08   0.689856E+02
   0.112702E-03   0.233769E+08   0.233768E+08   0.292478E+08   0.291931E+08   0.233769E+08   0.233769E+08   0.233768E+08   0.233842E+08  -0.199395E+00   0.114331E+08   0.114331E+08   0.760194E+02
   0.124564E-03   0.233762E+08   0.233761E+08   0.288361E+08   0.287700E+08   0.233763E+08   0.233762E+08   0.233762E+08   0.233834E+08  -0.199387E+00   0.114328E+08   0.114328E+08   0.837156E+02
   0.137674E-03   0.233754E+08   0.233753E+08   0.283404E+08   0.282608E+08   0.233754E+08   0.233754E+08   0.233754E+08   0.233825E+08  -0.199377E+00   0.114324E+08   0.114323E+08   0.921176E+02
   0.152163E-03   0.233744E+08   0.233743E+08   0.277454E+08   0.276498E+08   0.233744E+08   0.233744E+08   0.233744E+08   0.233813E+08  -0.199366E+00   0.114319E+08   0.114318E+08   0.101265E+03
   0.168178E-03   0.233732E+08   0.233730E+08   0.270341E+08   0.269197E+08   0.233732E+08   0.233732E+08   0.233732E+08   0.233799E+08  -0.199351E+00   0.114313E+08   0.114312E+08   0.111189E+03
   0.185878E-03   0.233718E+08   0.233715E+08   0.261877E+08   0.260515E+08   0.233718E+08   0.233717E+08   0.233717E+08   0.233783E+08  -0.199334E+00   0.114305E+08   0.114304E+08   0.121912E+03
   0.205440E-03   0.233700E+08   0.233697E+08   0.251868E+08   0.250255E+08   0.233700E+08   0.233699E+08   0.233699E+08   0.233762E+08  -0.199313E+00   0.114296E+08   0.114295E+08   0.133437E+03
   0.227062E-03   0.233678E+08   0.233675E+08   0.240116E+08   0.238219E+08   0.233678E+08   0.233678E+08   0.233678E+08   0.233738E+08  -0.199288E+00   0.114285E+08   0.114284E+08   0.145746E+03
   0.250959E-03   0.233652E+08   0.233648E+08   0.226444E+08   0.224232E+08   0.233651E+08   0.233651E+08   0.233651E+08   0.233708E+08  -0.199257E+00   0.114271E+08   0.114270E+08   0.158788E+03
   0.277372E-03   0.233620E+08   0.233615E+08   0.210714E+08   0.208162E+08   0.233619E+08   0.233619E+08   0.233619E+08   0.233672E+08  -0.199221E+00   0.114255E+08   0.114254E+08   0.172471E+03
   0.306564E-03   0.233582E+08   0.233575E+08   0.192867E+08   0.189963E+08   0.233580E+08   0.233581E+08   0.233581E+08   0.233629E+08  -0.199177E+00   0.114235E+08   0.114234E+08   0.186648E+03
   0.338828E-03   0.233535E+08   0.233527E+08   0.172966E+08   0.169714E+08   0.233533E+08   0.233534E+08   0.233534E+08   0.233577E+08  -0.199125E+00   0.114212E+08   0.114210E+08   0.201110E+03
   0.374488E-03   0.233479E+08   0.233470E+08   0.151250E+08   0.147684E+08   0.233476E+08   0.233477E+08   0.233477E+08   0.233514E+08  -0.199063E+00   0.114183E+08   0.114180E+08   0.215569E+03
   0.413901E-03   0.233411E+08   0.233400E+08   0.128194E+08   0.124382E+08   0.233407E+08   0.233409E+08   0.233409E+08   0.233440E+08  -0.198990E+00   0.114148E+08   0.114145E+08   0.229654E+03
   0.457462E-03   0.233329E+08   0.233316E+08   0.104549E+08   0.100605E+08   0.233324E+08   0.233326E+08   0.233326E+08   0.233352E+08  -0.198903E+00   0.114106E+08   0.114103E+08   0.242907E+03
   0.505608E-03   0.233230E+08   0.233215E+08   0.813551E+07   0.774418E+07   0.233224E+08   0.233228E+08   0.233228E+08   0.233248E+08  -0.198802E+00   0.114056E+08   0.114052E+08   0.254794E+03
   0.558821E-03   0.233113E+08   0.233095E+08   0.598838E+07   0.562061E+07   0.233105E+08   0.233110E+08   0.233110E+08   0.233124E+08  -0.198685E+00   0.113997E+08   0.113992E+08   0.264730E+03
   0.617635E-03   0.232973E+08   0.232952E+08   0.414732E+07   0.382554E+07   0.232963E+08   0.232969E+08   0.232969E+08   0.232979E+08  -0.198549E+00   0.113926E+08   0.113921E+08   0.272122E+03
   0.682638E-03   0.232807E+08   0.232783E+08   0.272410E+07   0.246855E+07   0.232794E+08   0.232802E+08   0.232803E+08   0.232809E+08  -0.198393E+00   0.113842E+08   0.113836E+08   0.276439E+03
   0.754482E-03   0.232610E+08   0.232582E+08   0.177055E+07   0.159337E+07   0.232594E+08   0.232604E+08   0.232605E+08   0.232609E+08  -0.198213E+00   0.113743E+08   0.113737E+08   0.277279E+03
   0.833888E-03   0.232378E+08   0.232347E+08   0.124444E+07   0.114364E+07   0.232359E+08   0.232372E+08   0.232373E+08   0.232375E+08  -0.198006E+00   0.113627E+08   0.113620E+08   0.274442E+03
   0.921651E-03   0.232105E+08   0.232070E+08   0.100311E+07   0.959695E+06   0.232082E+08   0.232098E+08   0.232099E+08   0.232101E+08  -0.197767E+00   0.113491E+08   0.113483E+08   0.267965E+03
   0.101865E-02   0.231786E+08   0.231748E+08   0.850377E+06   0.832400E+06   0.231757E+08   0.231778E+08   0.231780E+08   0.231780E+08  -0.197491E+00   0.113332E+08   0.113324E+08   0.258093E+03
   0.112586E-02   0.231413E+08   0.231372E+08   0.637472E+06   0.612515E+06   0.231378E+08   0.231404E+08   0.231406E+08   0.231406E+08  -0.197170E+00   0.113147E+08   0.113139E+08   0.245211E+03
   0.124435E-02   0.230980E+08   0.230936E+08   0.360589E+06   0.311232E+06   0.230936E+08   0.230970E+08   0.230972E+08   0.230971E+08  -0.196798E+00   0.112933E+08   0.112924E+08   0.229766E+03
   0.137531E-02   0.230476E+08   0.230430E+08   0.148137E+06   0.783560E+05   0.230422E+08   0.230465E+08   0.230468E+08   0.230465E+08  -0.196366E+00   0.112685E+08   0.112676E+08   0.212273E+03
   0.152006E-02   0.229892E+08   0.229844E+08   0.932773E+05   0.177413E+05   0.229826E+08   0.229880E+08   0.229884E+08   0.229880E+08  -0.195866E+00   0.112397E+08   0.112388E+08   0.193405E+03
   0.168004E-02   0.229216E+08   0.229168E+08   0.103004E+06  -0.759596E+06   0.229137E+08   0.229203E+08   0.229208E+08   0.229203E+08  -0.195288E+00   0.112066E+08   0.112057E+08   0.174059E+03
   0.185685E-02   0.228437E+08   0.228389E+08   0.327081E+05  -0.619687E+06   0.228340E+08   0.228423E+08   0.228429E+08   0.228423E+08  -0.194623E+00   0.111683E+08   0.111675E+08   0.155231E+03
   0.205228E-02   0.227540E+08   0.227493E+08  -0.487994E+05  -0.505282E+06   0.227422E+08   0.227525E+08   0.227532E+08   0.227524E+08  -0.193857E+00   0.111243E+08   0.111235E+08   0.137770E+03
   0.226827E-02   0.226510E+08   0.226463E+08  -0.239980E+05  -0.411750E+06   0.226366E+08   0.226493E+08   0.226502E+08   0.226492E+08  -0.192978E+00   0.110738E+08   0.110730E+08   0.122288E+03
   0.250700E-02   0.225329E+08   0.225281E+08  -0.204984E+05  -0.335302E+06   0.225154E+08   0.225309E+08   0.225321E+08   0.225309E+08  -0.191969E+00   0.110159E+08   0.110151E+08   0.109141E+03
   0.277085E-02   0.223979E+08   0.223929E+08  -0.520500E+05  -0.272834E+06   0.223765E+08   0.223956E+08   0.223970E+08   0.223956E+08  -0.190816E+00   0.109497E+08   0.109489E+08   0.982198E+02
   0.306246E-02   0.222438E+08   0.222387E+08  -0.283121E+05  -0.221806E+06   0.222180E+08   0.222412E+08   0.222430E+08   0.222412E+08  -0.189501E+00   0.108742E+08   0.108734E+08   0.889831E+02
   0.338478E-02   0.220686E+08   0.220633E+08  -0.420065E+05  -0.180141E+06   0.220374E+08   0.220656E+08   0.220677E+08   0.220656E+08  -0.188004E+00   0.107883E+08   0.107875E+08   0.807667E+02
   0.374101E-02   0.218701E+08   0.218644E+08  -0.372931E+05  -0.146137E+06   0.218323E+08   0.218666E+08   0.218691E+08   0.218665E+08  -0.186308E+00   0.106910E+08   0.106902E+08   0.730440E+02
   0.413473E-02   0.216457E+08   0.216397E+08  -0.346813E+05  -0.118401E+06   0.216002E+08   0.216416E+08   0.216447E+08   0.216416E+08  -0.184391E+00   0.105811E+08   0.105803E+08   0.657105E+02
   0.456989E-02   0.213932E+08   0.213868E+08  -0.236053E+05  -0.957925E+05   0.213385E+08   0.213884E+08   0.213921E+08   0.213884E+08  -0.182233E+00   0.104573E+08   0.104565E+08   0.589601E+02
   0.505085E-02   0.211102E+08   0.211034E+08  -0.215650E+05  -0.773782E+05   0.210446E+08   0.211046E+08   0.211091E+08   0.211046E+08  -0.179814E+00   0.103186E+08   0.103178E+08   0.529395E+02
   0.558243E-02   0.207944E+08   0.207870E+08  -0.198935E+05  -0.623938E+05   0.207160E+08   0.207878E+08   0.207932E+08   0.207878E+08  -0.177114E+00   0.101638E+08   0.101630E+08   0.475412E+02
   0.616996E-02   0.204436E+08   0.204355E+08  -0.122823E+05  -0.502133E+05   0.203504E+08   0.204359E+08   0.204422E+08   0.204359E+08  -0.174114E+00   0.999186E+07   0.999107E+07   0.426245E+02
   0.681932E-02   0.200557E+08   0.200468E+08  -0.126377E+05  -0.403240E+05   0.199453E+08   0.200467E+08   0.200542E+08   0.200467E+08  -0.170797E+00   0.980169E+07   0.980091E+07   0.382366E+02
   0.753702E-02   0.196287E+08   0.196188E+08  -0.937402E+04  -0.323056E+05   0.194986E+08   0.196181E+08   0.196270E+08   0.196181E+08  -0.167144E+00   0.959229E+07   0.959151E+07   0.343590E+02
   0.833025E-02   0.191602E+08   0.191491E+08  -0.769703E+04  -0.258134E+05   0.190080E+08   0.191479E+08   0.191583E+08   0.191479E+08  -0.163136E+00   0.936257E+07   0.936180E+07   0.308126E+02
   0.920698E-02   0.186479E+08   0.186354E+08  -0.100515E+05  -0.205650E+05   0.184708E+08   0.186337E+08   0.186458E+08   0.186337E+08  -0.158753E+00   0.911134E+07   0.911058E+07   0.276146E+02
   0.101760E-01   0.180892E+08   0.180751E+08  -0.656550E+04  -0.163293E+05   0.178848E+08   0.180728E+08   0.180868E+08   0.180728E+08  -0.153972E+00   0.883735E+07   0.883660E+07   0.248002E+02
   0.112469E-01   0.174818E+08   0.174658E+08  -0.573932E+04  -0.129176E+05   0.172476E+08   0.174631E+08   0.174791E+08   0.174631E+08  -0.148774E+00   0.853948E+07   0.853873E+07   0.222629E+02
   0.124306E-01   0.168239E+08   0.168057E+08  -0.387023E+04  -0.101756E+05   0.165578E+08   0.168027E+08   0.168209E+08   0.168027E+08  -0.143145E+00   0.821687E+07   0.821612E+07   0.199984E+02
   0.137389E-01   0.161144E+08   0.160935E+08  -0.365716E+04  -0.797776E+04   0.158145E+08   0.160904E+08   0.161109E+08   0.160904E+08  -0.137073E+00   0.786890E+07   0.786816E+07   0.179805E+02
   0.151849E-01   0.153523E+08   0.153286E+08  -0.273437E+04  -0.622114E+04   0.150175E+08   0.153255E+08   0.153484E+08   0.153255E+08  -0.130552E+00   0.749525E+07   0.749452E+07   0.161746E+02
   0.167830E-01   0.145565E+08   0.145296E+08  -0.202799E+04  -0.482808E+04   0.141855E+08   0.145267E+08   0.145520E+08   0.145267E+08  -0.123743E+00   0.710505E+07   0.710432E+07   0.145709E+02
   0.185493E-01   0.137057E+08   0.136752E+08  -0.163684E+04  -0.372075E+04   0.132988E+08   0.136728E+08   0.137006E+08   0.136728E+08  -0.116464E+00   0.668795E+07   0.668722E+07   0.131192E+02
   0.205016E-01   0.128155E+08   0.127813E+08  -0.110708E+04  -0.284752E+04   0.123736E+08   0.127796E+08   0.128097E+08   0.127796E+08  -0.108850E+00   0.625160E+07   0.625088E+07   0.118016E+02
   0.226592E-01   0.118836E+08   0.118457E+08  -0.782989E+03  -0.216110E+04   0.114095E+08   0.118449E+08   0.118772E+08   0.118449E+08  -0.100882E+00   0.579498E+07   0.579426E+07   0.105843E+02
   0.250440E-01   0.109415E+08   0.109001E+08  -0.613308E+03  -0.162852E+04   0.104382E+08   0.109002E+08   0.109346E+08   0.109002E+08  -0.928305E-01   0.533350E+07   0.533279E+07   0.945054E+01
   0.276798E-01   0.100020E+08   0.995767E+07  -0.432984E+03  -0.121839E+04   0.947328E+07   0.995854E+07   0.999459E+07   0.995854E+07  -0.848035E-01   0.487343E+07   0.487273E+07   0.837118E+01
   0.305930E-01   0.907243E+07   0.902603E+07  -0.422619E+03  -0.904479E+03   0.852256E+07   0.902716E+07   0.906464E+07   0.902715E+07  -0.768648E-01   0.441837E+07   0.441770E+07   0.732067E+01
   0.338127E-01   0.817729E+07   0.813025E+07  -0.264555E+03  -0.667206E+03   0.761042E+07   0.813074E+07   0.816939E+07   0.813074E+07  -0.692243E-01   0.398038E+07   0.397974E+07   0.628558E+01
   0.373714E-01   0.734466E+07   0.729880E+07  -0.163299E+03  -0.490460E+03   0.676403E+07   0.729734E+07   0.733696E+07   0.729734E+07  -0.621210E-01   0.357317E+07   0.357258E+07   0.526355E+01
   0.413045E-01   0.660116E+07   0.655858E+07  -0.193551E+03  -0.360780E+03   0.600628E+07   0.655337E+07   0.659401E+07   0.655337E+07  -0.557798E-01   0.320967E+07   0.320914E+07   0.426851E+01
   0.454350E-01   0.597541E+07   0.593790E+07  -0.109606E+03  -0.269867E+03   0.536930E+07   0.592763E+07   0.596912E+07   0.592763E+07  -0.504462E-01   0.290397E+07   0.290351E+07   0.336715E+01
   0.495654E-01   0.548814E+07   0.545654E+07  -0.846293E+02  -0.208259E+03   0.486965E+07   0.544043E+07   0.548284E+07   0.544043E+07  -0.462928E-01   0.266600E+07   0.266561E+07   0.262000E+01
   0.536959E-01   0.509868E+07   0.507300E+07  -0.670278E+02  -0.164856E+03   0.446689E+07   0.505098E+07   0.509437E+07   0.505098E+07  -0.429721E-01   0.247583E+07   0.247551E+07   0.202676E+01
   0.578264E-01   0.477264E+07   0.475217E+07  -0.541280E+02  -0.133057E+03   0.412801E+07   0.472486E+07   0.476921E+07   0.472486E+07  -0.401913E-01   0.231662E+07   0.231635E+07   0.158021E+01
   0.619568E-01   0.448618E+07   0.446972E+07  -0.443456E+02  -0.108950E+03   0.383056E+07   0.443827E+07   0.448342E+07   0.443827E+07  -0.377473E-01   0.217671E+07   0.217648E+07   0.126592E+01
   0.660873E-01   0.421804E+07   0.420416E+07  -0.366656E+02  -0.900302E+02   0.355520E+07   0.417003E+07   0.421571E+07   0.417003E+07  -0.354602E-01   0.204574E+07   0.204553E+07   0.106145E+01
   0.702177E-01   0.395563E+07   0.394290E+07  -0.304738E+02  -0.747832E+02   0.329071E+07   0.390766E+07   0.395349E+07   0.390766E+07  -0.332236E-01   0.191757E+07   0.191737E+07   0.940657E+00
   0.743482E-01   0.369824E+07   0.368550E+07  -0.254252E+02  -0.623574E+02   0.303655E+07   0.365049E+07   0.369610E+07   0.365049E+07  -0.310320E-01   0.179188E+07   0.179168E+07   0.877217E+00
   0.784786E-01   0.344161E+07   0.342806E+07  -0.212453E+02  -0.520750E+02   0.278904E+07   0.339436E+07   0.343934E+07   0.339436E+07  -0.288500E-01   0.166663E+07   0.166644E+07   0.844990E+00
   0.826091E-01   0.319548E+07   0.318079E+07  -0.178103E+02  -0.436295E+02   0.255594E+07   0.314896E+07   0.319301E+07   0.314896E+07  -0.267598E-01   0.154658E+07   0.154637E+07   0.824049E+00
   0.867395E-01   0.296660E+07   0.295084E+07  -0.150037E+02  -0.367327E+02   0.234217E+07   0.292096E+07   0.296396E+07   0.292096E+07  -0.248182E-01   0.143500E+07   0.143480E+07   0.799477E+00
   0.918936E-01   0.271346E+07   0.269695E+07  -0.122337E+02  -0.299297E+02   0.210805E+07   0.266901E+07   0.271069E+07   0.266901E+07  -0.226730E-01   0.131169E+07   0.131148E+07   0.751069E+00
   0.970477E-01   0.250296E+07   0.248668E+07  -0.101237E+02  -0.247505E+02   0.191378E+07   0.245967E+07   0.250023E+07   0.245967E+07  -0.208905E-01   0.120922E+07   0.120902E+07   0.679465E+00
   0.102202E+00   0.233703E+07   0.232196E+07  -0.852864E+01  -0.208369E+02   0.175905E+07   0.229470E+07   0.233450E+07   0.229470E+07  -0.194856E-01   0.112850E+07   0.112831E+07   0.590741E+00
   0.107356E+00   0.220973E+07   0.219656E+07  -0.731341E+01  -0.178564E+02   0.163762E+07   0.216811E+07   0.220752E+07   0.216811E+07  -0.184071E-01   0.106659E+07   0.106643E+07   0.496371E+00
   0.112510E+00   0.210876E+07   0.209776E+07  -0.635906E+01  -0.155165E+02   0.153898E+07   0.206764E+07   0.210692E+07   0.206764E+07  -0.175508E-01   0.101750E+07   0.101736E+07   0.408502E+00
   0.117664E+00   0.202060E+07   0.201158E+07  -0.557513E+01  -0.135953E+02   0.145232E+07   0.197989E+07   0.201908E+07   0.197989E+07  -0.168028E-01   0.974626E+06   0.974507E+06   0.336548E+00
   0.122818E+00   0.193464E+07   0.192707E+07  -0.490279E+01  -0.119483E+02   0.136960E+07   0.189438E+07   0.193337E+07   0.189438E+07  -0.160742E-01   0.932831E+06   0.932726E+06   0.285295E+00
   0.127972E+00   0.184472E+07   0.183792E+07  -0.430879E+01  -0.104942E+02   0.128634E+07   0.180504E+07   0.184358E+07   0.180504E+07  -0.153133E-01   0.889121E+06   0.889024E+06   0.254529E+00
   0.133126E+00   0.174911E+07   0.174243E+07  -0.377757E+01  -0.919460E+01   0.120141E+07   0.171019E+07   0.174799E+07   0.171019E+07  -0.145060E-01   0.842663E+06   0.842567E+06   0.240010E+00
   0.138280E+00   0.164977E+07   0.164274E+07  -0.330428E+01  -0.803753E+01   0.111627E+07   0.161178E+07   0.164859E+07   0.161178E+07  -0.136688E-01   0.794422E+06   0.794324E+06   0.235276E+00
   0.143435E+00   0.155105E+07   0.154348E+07  -0.288889E+01  -0.702273E+01   0.103388E+07   0.151411E+07   0.154978E+07   0.151411E+07  -0.128381E-01   0.746510E+06   0.746409E+06   0.233627E+00
   0.148589E+00   0.145823E+07   0.145020E+07  -0.253223E+01  -0.615191E+01   0.957633E+06   0.142236E+07   0.145688E+07   0.142236E+07  -0.120581E-01   0.701489E+06   0.701387E+06   0.229747E+00
   0.153743E+00   0.137616E+07   0.136794E+07  -0.223341E+01  -0.542268E+01   0.890462E+06   0.134128E+07   0.137478E+07   0.134128E+07  -0.113688E-01   0.661703E+06   0.661602E+06   0.220628E+00
   0.158897E+00   0.130766E+07   0.129961E+07  -0.198796E+01  -0.482393E+01   0.833810E+06   0.127363E+07   0.130631E+07   0.127363E+07  -0.107935E-01   0.628514E+06   0.628417E+06   0.205709E+00
   0.164051E+00   0.125248E+07   0.124493E+07  -0.178740E+01  -0.433482E+01   0.787076E+06   0.121911E+07   0.125121E+07   0.121911E+07  -0.103297E-01   0.601783E+06   0.601691E+06   0.186386E+00
   0.169205E+00   0.120775E+07   0.120094E+07  -0.162121E+01  -0.392963E+01   0.748084E+06   0.117490E+07   0.120661E+07   0.117490E+07  -0.995342E-02   0.580122E+06   0.580039E+06   0.165200E+00
   0.174359E+00   0.116965E+07   0.116365E+07  -0.147958E+01  -0.358442E+01   0.714166E+06   0.113721E+07   0.116864E+07   0.113721E+07  -0.963258E-02   0.561672E+06   0.561596E+06   0.144943E+00
   0.179513E+00   0.113445E+07   0.112917E+07  -0.135470E+01  -0.328016E+01   0.682866E+06   0.110239E+07   0.113356E+07   0.110239E+07  -0.933618E-02   0.544626E+06   0.544557E+06   0.127880E+00
   0.184667E+00   0.109892E+07   0.109417E+07  -0.124081E+01  -0.300283E+01   0.652127E+06   0.106728E+07   0.109812E+07   0.106728E+07  -0.903735E-02   0.527423E+06   0.527359E+06   0.115237E+00
   0.189821E+00   0.106089E+07   0.105642E+07  -0.113436E+01  -0.274379E+01   0.620731E+06   0.102975E+07   0.106014E+07   0.102975E+07  -0.871819E-02   0.509013E+06   0.508952E+06   0.107095E+00
   0.194975E+00   0.101995E+07   0.101554E+07  -0.103425E+01  -0.250035E+01   0.588446E+06   0.989416E+06   0.101921E+07   0.989416E+06  -0.837541E-02   0.489205E+06   0.489145E+06   0.102600E+00
   0.200130E+00   0.977386E+06   0.972877E+06  -0.941192E+00  -0.227420E+01   0.556063E+06   0.947545E+06   0.976629E+06   0.947545E+06  -0.801974E-02   0.468625E+06   0.468565E+06   0.100354E+00
   0.205284E+00   0.935207E+06   0.930536E+06  -0.856347E+00  -0.206813E+01   0.524724E+06   0.906089E+06   0.934422E+06   0.906089E+06  -0.766772E-02   0.448238E+06   0.448178E+06   0.988370E-01
   0.210438E+00   0.895290E+06   0.890488E+06  -0.780515E+00  -0.188405E+01   0.495447E+06   0.866888E+06   0.894484E+06   0.866888E+06  -0.733489E-02   0.428955E+06   0.428894E+06   0.967810E-01
   0.215592E+00   0.859127E+06   0.854293E+06  -0.713961E+00  -0.172256E+01   0.468976E+06   0.831390E+06   0.858316E+06   0.831390E+06  -0.703352E-02   0.411493E+06   0.411432E+06   0.934270E-01
   0.220746E+00   0.827638E+06   0.822900E+06  -0.656384E+00  -0.158290E+01   0.445705E+06   0.800484E+06   0.826842E+06   0.800484E+06  -0.677108E-02   0.396293E+06   0.396234E+06   0.886029E-01
   0.225900E+00   0.800868E+06   0.796346E+06  -0.606821E+00  -0.146270E+01   0.425537E+06   0.774205E+06   0.800109E+06   0.774205E+06  -0.654787E-02   0.383375E+06   0.383319E+06   0.826298E-01
   0.231054E+00   0.777966E+06   0.773741E+06  -0.563765E+00  -0.135831E+01   0.407902E+06   0.751713E+06   0.777257E+06   0.751713E+06  -0.635677E-02   0.372325E+06   0.372272E+06   0.761289E-01
   0.236208E+00   0.757578E+06   0.753675E+06  -0.525577E+00  -0.126575E+01   0.391999E+06   0.731686E+06   0.756923E+06   0.731686E+06  -0.618657E-02   0.362490E+06   0.362440E+06   0.698047E-01
   0.241362E+00   0.738316E+06   0.734709E+06  -0.490833E+00  -0.118156E+01   0.377048E+06   0.712769E+06   0.737711E+06   0.712769E+06  -0.602581E-02   0.353199E+06   0.353152E+06   0.642530E-01
   0.246516E+00   0.719035E+06   0.715655E+06  -0.458473E+00  -0.110319E+01   0.362433E+06   0.693845E+06   0.718467E+06   0.693845E+06  -0.586505E-02   0.343900E+06   0.343855E+06   0.598287E-01
   0.251670E+00   0.699014E+06   0.695776E+06  -0.427851E+00  -0.102907E+01   0.347785E+06   0.674218E+06   0.698470E+06   0.674218E+06  -0.569839E-02   0.334246E+06   0.334203E+06   0.566000E-01
   0.256825E+00   0.678096E+06   0.674919E+06  -0.398747E+00  -0.958658E+00   0.333031E+06   0.653736E+06   0.677562E+06   0.653736E+06  -0.552457E-02   0.324164E+06   0.324122E+06   0.543835E-01
   0.261979E+00   0.656667E+06   0.653492E+06  -0.371272E+00  -0.892228E+00   0.318370E+06   0.632775E+06   0.656134E+06   0.632775E+06  -0.534674E-02   0.313839E+06   0.313797E+06   0.528368E-01
   0.267133E+00   0.635405E+06   0.632207E+06  -0.345677E+00  -0.830373E+00   0.304131E+06   0.611996E+06   0.634868E+06   0.611996E+06  -0.517051E-02   0.303598E+06   0.303557E+06   0.515666E-01
   0.272287E+00   0.615012E+06   0.611796E+06  -0.322177E+00  -0.773608E+00   0.290636E+06   0.592077E+06   0.614472E+06   0.592077E+06  -0.500160E-02   0.293779E+06   0.293738E+06   0.502294E-01
   0.277441E+00   0.596045E+06   0.592843E+06  -0.300880E+00  -0.722182E+00   0.278124E+06   0.573559E+06   0.595508E+06   0.573559E+06  -0.484457E-02   0.284650E+06   0.284610E+06   0.486015E-01
   0.282595E+00   0.578838E+06   0.575693E+06  -0.281758E+00  -0.676020E+00   0.266716E+06   0.556761E+06   0.578310E+06   0.556761E+06  -0.470213E-02   0.276370E+06   0.276331E+06   0.466082E-01
   0.287749E+00   0.563434E+06   0.560388E+06  -0.264641E+00  -0.634711E+00   0.256395E+06   0.541724E+06   0.562923E+06   0.541724E+06  -0.457459E-02   0.268961E+06   0.268922E+06   0.443103E-01
   0.292903E+00   0.549589E+06   0.546671E+06  -0.249246E+00  -0.597564E+00   0.247012E+06   0.528208E+06   0.549099E+06   0.528208E+06  -0.445994E-02   0.262302E+06   0.262265E+06   0.418601E-01
   0.298057E+00   0.536858E+06   0.534080E+06  -0.235230E+00  -0.563756E+00   0.238336E+06   0.515779E+06   0.536392E+06   0.515779E+06  -0.435449E-02   0.256180E+06   0.256144E+06   0.394446E-01
   0.303211E+00   0.524741E+06   0.522097E+06  -0.222269E+00  -0.532503E+00   0.230123E+06   0.503953E+06   0.524297E+06   0.503953E+06  -0.425417E-02   0.250354E+06   0.250320E+06   0.372314E-01
   0.308365E+00   0.512814E+06   0.510281E+06  -0.210108E+00  -0.503188E+00   0.222174E+06   0.492319E+06   0.512389E+06   0.492319E+06  -0.415550E-02   0.244620E+06   0.244588E+06   0.353307E-01
   0.313520E+00   0.500807E+06   0.498356E+06  -0.198581E+00  -0.475416E+00   0.214366E+06   0.480615E+06   0.500396E+06   0.480615E+06  -0.405627E-02   0.238849E+06   0.238818E+06   0.337785E-01
   0.318674E+00   0.488636E+06   0.486237E+06  -0.187614E+00  -0.449006E+00   0.206660E+06   0.468761E+06   0.488233E+06   0.468761E+06  -0.395579E-02   0.233001E+06   0.232970E+06   0.325403E-01
   0.323828E+00   0.476385E+06   0.474015E+06  -0.177204E+00  -0.423946E+00   0.199089E+06   0.456837E+06   0.475987E+06   0.456837E+06  -0.385476E-02   0.227115E+06   0.227085E+06   0.315316E-01
   0.328982E+00   0.464251E+06   0.461899E+06  -0.167386E+00  -0.400324E+00   0.191732E+06   0.445037E+06   0.463856E+06   0.445037E+06  -0.375479E-02   0.221288E+06   0.221258E+06   0.306459E-01
   0.334136E+00   0.452479E+06   0.450143E+06  -0.158208E+00  -0.378247E+00   0.184684E+06   0.433594E+06   0.452087E+06   0.433594E+06  -0.365788E-02   0.215636E+06   0.215607E+06   0.297837E-01
   0.339290E+00   0.441289E+06   0.438978E+06  -0.149699E+00  -0.357788E+00   0.178022E+06   0.422721E+06   0.440901E+06   0.422721E+06  -0.356579E-02   0.210265E+06   0.210236E+06   0.288739E-01
   0.344444E+00   0.430815E+06   0.428542E+06  -0.141859E+00  -0.338940E+00   0.171790E+06   0.412547E+06   0.430433E+06   0.412547E+06  -0.347961E-02   0.205239E+06   0.205210E+06   0.278845E-01
   0.349598E+00   0.421080E+06   0.418859E+06  -0.134646E+00  -0.321606E+00   0.165981E+06   0.403092E+06   0.420707E+06   0.403092E+06  -0.339953E-02   0.200569E+06   0.200541E+06   0.268213E-01
   0.354752E+00   0.412009E+06   0.409851E+06  -0.127993E+00  -0.305621E+00   0.160552E+06   0.394282E+06   0.411647E+06   0.394282E+06  -0.332491E-02   0.196218E+06   0.196191E+06   0.257188E-01
   0.359906E+00   0.403466E+06   0.401376E+06  -0.121820E+00  -0.290794E+00   0.155439E+06   0.385986E+06   0.403115E+06   0.385986E+06  -0.325464E-02   0.192121E+06   0.192094E+06   0.246260E-01
   0.365060E+00   0.395294E+06   0.393271E+06  -0.116049E+00  -0.276936E+00   0.150572E+06   0.378054E+06   0.394954E+06   0.378054E+06  -0.318745E-02   0.188203E+06   0.188177E+06   0.235915E-01
   0.370215E+00   0.387344E+06   0.385381E+06  -0.110611E+00  -0.263882E+00   0.145887E+06   0.370339E+06   0.387014E+06   0.370339E+06  -0.312211E-02   0.184391E+06   0.184366E+06   0.226509E-01
   0.375369E+00   0.379498E+06   0.377586E+06  -0.105453E+00  -0.251502E+00   0.141335E+06   0.362729E+06   0.379177E+06   0.362729E+06  -0.305767E-02   0.180630E+06   0.180606E+06   0.218202E-01
   0.380523E+00   0.371693E+06   0.369821E+06  -0.100540E+00  -0.239717E+00   0.136888E+06   0.355162E+06   0.371379E+06   0.355162E+06  -0.299362E-02   0.176890E+06   0.176866E+06   0.210947E-01
   0.385677E+00   0.363939E+06   0.362097E+06  -0.958620E-01  -0.228498E+00   0.132548E+06   0.347649E+06   0.363630E+06   0.347649E+06  -0.293003E-02   0.173174E+06   0.173150E+06   0.204546E-01
   0.390831E+00   0.356297E+06   0.354480E+06  -0.914207E-01  -0.217850E+00   0.128335E+06   0.340248E+06   0.355992E+06   0.340248E+06  -0.286739E-02   0.169513E+06   0.169490E+06   0.198715E-01
   0.395985E+00   0.348849E+06   0.347055E+06  -0.872235E-01  -0.207791E+00   0.124276E+06   0.333038E+06   0.348548E+06   0.333038E+06  -0.280639E-02   0.165945E+06   0.165922E+06   0.193164E-01
   0.401139E+00   0.341663E+06   0.339893E+06  -0.832726E-01  -0.198326E+00   0.120391E+06   0.326084E+06   0.341366E+06   0.326084E+06  -0.274756E-02   0.162504E+06   0.162482E+06   0.187656E-01
   0.406293E+00   0.334781E+06   0.333038E+06  -0.795636E-01  -0.189442E+00   0.116689E+06   0.319426E+06   0.334488E+06   0.319426E+06  -0.269123E-02   0.159209E+06   0.159186E+06   0.182054E-01
   0.411447E+00   0.328220E+06   0.326510E+06  -0.760866E-01  -0.181116E+00   0.113173E+06   0.313081E+06   0.327933E+06   0.313081E+06  -0.263755E-02   0.156068E+06   0.156047E+06   0.176332E-01
   0.416601E+00   0.321980E+06   0.320305E+06  -0.728274E-01  -0.173313E+00   0.109836E+06   0.307047E+06   0.321699E+06   0.307047E+06  -0.258650E-02   0.153081E+06   0.153060E+06   0.170560E-01
   0.421755E+00   0.316021E+06   0.314385E+06  -0.697650E-01  -0.165984E+00   0.106660E+06   0.301287E+06   0.315747E+06   0.301287E+06  -0.253778E-02   0.150230E+06   0.150209E+06   0.164858E-01
   0.426910E+00   0.310282E+06   0.308684E+06  -0.668746E-01  -0.159068E+00   0.103620E+06   0.295740E+06   0.310014E+06   0.295740E+06  -0.249086E-02   0.147484E+06   0.147464E+06   0.159359E-01
   0.432064E+00   0.304700E+06   0.303138E+06  -0.641335E-01  -0.152511E+00   0.100690E+06   0.290348E+06   0.304438E+06   0.290348E+06  -0.244525E-02   0.144814E+06   0.144794E+06   0.154172E-01
   0.437218E+00   0.299238E+06   0.297708E+06  -0.615259E-01  -0.146274E+00   0.978554E+05   0.285072E+06   0.298981E+06   0.285072E+06  -0.240063E-02   0.142201E+06   0.142182E+06   0.149364E-01
   0.442372E+00   0.293875E+06   0.292373E+06  -0.590407E-01  -0.140333E+00   0.951064E+05   0.279894E+06   0.293622E+06   0.279894E+06  -0.235685E-02   0.139636E+06   0.139617E+06   0.144943E-01
   0.447526E+00   0.288599E+06   0.287123E+06  -0.566694E-01  -0.134665E+00   0.924373E+05   0.274803E+06   0.288352E+06   0.274803E+06  -0.231380E-02   0.137114E+06   0.137095E+06   0.140867E-01
   0.452680E+00   0.283413E+06   0.281959E+06  -0.544063E-01  -0.129257E+00   0.898463E+05   0.269799E+06   0.283168E+06   0.269799E+06  -0.227151E-02   0.134634E+06   0.134615E+06   0.137058E-01
   0.457834E+00   0.278334E+06   0.276902E+06  -0.522497E-01  -0.124105E+00   0.873376E+05   0.264902E+06   0.278094E+06   0.264902E+06  -0.223011E-02   0.132206E+06   0.132188E+06   0.133432E-01
   0.462988E+00   0.273395E+06   0.271983E+06  -0.501999E-01  -0.119210E+00   0.849185E+05   0.260140E+06   0.273158E+06   0.260140E+06  -0.218986E-02   0.129846E+06   0.129828E+06   0.129913E-01
   0.468142E+00   0.268616E+06   0.267225E+06  -0.482555E-01  -0.114567E+00   0.825935E+05   0.255534E+06   0.268382E+06   0.255534E+06  -0.215094E-02   0.127562E+06   0.127544E+06   0.126450E-01
   0.473296E+00   0.264001E+06   0.262633E+06  -0.464118E-01  -0.110166E+00   0.803610E+05   0.251087E+06   0.263771E+06   0.251087E+06  -0.211336E-02   0.125357E+06   0.125340E+06   0.123017E-01
   0.478450E+00   0.259544E+06   0.258199E+06  -0.446624E-01  -0.105991E+00   0.782163E+05   0.246794E+06   0.259318E+06   0.246794E+06  -0.207708E-02   0.123228E+06   0.123211E+06   0.119619E-01
   0.483605E+00   0.255236E+06   0.253915E+06  -0.430012E-01  -0.102027E+00   0.761545E+05   0.242645E+06   0.255014E+06   0.242645E+06  -0.204202E-02   0.121170E+06   0.121154E+06   0.116280E-01
   0.488759E+00   0.251063E+06   0.249766E+06  -0.414217E-01  -0.982587E-01   0.741699E+05   0.238627E+06   0.250846E+06   0.238627E+06  -0.200807E-02   0.119178E+06   0.119161E+06   0.113037E-01
   0.493913E+00   0.247009E+06   0.245735E+06  -0.399170E-01  -0.946698E-01   0.722550E+05   0.234724E+06   0.246795E+06   0.234724E+06  -0.197510E-02   0.117242E+06   0.117226E+06   0.109922E-01
   0.499067E+00   0.243050E+06   0.241798E+06  -0.384800E-01  -0.912431E-01   0.704018E+05   0.230915E+06   0.242840E+06   0.230915E+06  -0.194291E-02   0.115352E+06   0.115336E+06   0.106957E-01
   0.504221E+00   0.239171E+06   0.237940E+06  -0.371050E-01  -0.879650E-01   0.686042E+05   0.227182E+06   0.238964E+06   0.227182E+06  -0.191139E-02   0.113500E+06   0.113484E+06   0.104148E-01
   0.509375E+00   0.235366E+06   0.234155E+06  -0.357885E-01  -0.848272E-01   0.668596E+05   0.223524E+06   0.235163E+06   0.223524E+06  -0.188048E-02   0.111684E+06   0.111668E+06   0.101490E-01
   0.514529E+00   0.231640E+06   0.230447E+06  -0.345281E-01  -0.818240E-01   0.651674E+05   0.219941E+06   0.231440E+06   0.219941E+06  -0.185022E-02   0.109905E+06   0.109890E+06   0.989634E-02
   0.519683E+00   0.227994E+06   0.226818E+06  -0.333219E-01  -0.789502E-01   0.635271E+05   0.216436E+06   0.227796E+06   0.216436E+06  -0.182063E-02   0.108165E+06   0.108150E+06   0.965452E-02
   0.524837E+00   0.224430E+06   0.223271E+06  -0.321676E-01  -0.762010E-01   0.619381E+05   0.213012E+06   0.224236E+06   0.213012E+06  -0.179171E-02   0.106465E+06   0.106450E+06   0.942095E-02
   0.529991E+00   0.220953E+06   0.219811E+06  -0.310636E-01  -0.735720E-01   0.604002E+05   0.209672E+06   0.220762E+06   0.209672E+06  -0.176351E-02   0.104806E+06   0.104792E+06   0.919363E-02
   0.535145E+00   0.217570E+06   0.216444E+06  -0.300085E-01  -0.710599E-01   0.589141E+05   0.206422E+06   0.217381E+06   0.206422E+06  -0.173607E-02   0.103192E+06   0.103178E+06   0.897140E-02
   0.540300E+00   0.214281E+06   0.213172E+06  -0.290004E-01  -0.686603E-01   0.574791E+05   0.203264E+06   0.214095E+06   0.203264E+06  -0.170941E-02   0.101624E+06   0.101610E+06   0.875390E-02
   0.545454E+00   0.211083E+06   0.209991E+06  -0.280366E-01  -0.663664E-01   0.560927E+05   0.200194E+06   0.210900E+06   0.200194E+06  -0.168349E-02   0.100099E+06   0.100085E+06   0.854135E-02
   0.550608E+00   0.207966E+06   0.206891E+06  -0.271140E-01  -0.641711E-01   0.547513E+05   0.197203E+06   0.207786E+06   0.197203E+06  -0.165824E-02   0.986128E+05   0.985990E+05   0.833437E-02
   0.555762E+00   0.204925E+06   0.203865E+06  -0.262299E-01  -0.620680E-01   0.534520E+05   0.194284E+06   0.204747E+06   0.194284E+06  -0.163361E-02   0.971625E+05   0.971490E+05   0.813379E-02
   0.560916E+00   0.201954E+06   0.200911E+06  -0.253823E-01  -0.600520E-01   0.521927E+05   0.191434E+06   0.201779E+06   0.191434E+06  -0.160955E-02   0.957464E+05   0.957330E+05   0.794034E-02
   0.566070E+00   0.199049E+06   0.198021E+06  -0.245691E-01  -0.581181E-01   0.509711E+05   0.188648E+06   0.198877E+06   0.188648E+06  -0.158604E-02   0.943618E+05   0.943486E+05   0.775436E-02
   0.571224E+00   0.196204E+06   0.195191E+06  -0.237879E-01  -0.562607E-01   0.497844E+05   0.185920E+06   0.196034E+06   0.185920E+06  -0.156302E-02   0.930058E+05   0.929928E+05   0.757572E-02
   0.576378E+00   0.193414E+06   0.192415E+06  -0.230370E-01  -0.544757E-01   0.486308E+05   0.183245E+06   0.193246E+06   0.183245E+06  -0.154045E-02   0.916762E+05   0.916634E+05   0.740391E-02
   0.581532E+00   0.190680E+06   0.189695E+06  -0.223152E-01  -0.527602E-01   0.475098E+05   0.180625E+06   0.190515E+06   0.180625E+06  -0.151834E-02   0.903735E+05   0.903608E+05   0.723828E-02
   0.586686E+00   0.188005E+06   0.187033E+06  -0.216217E-01  -0.511123E-01   0.464214E+05   0.178062E+06   0.187842E+06   0.178062E+06  -0.149671E-02   0.890989E+05   0.890864E+05   0.707811E-02
   0.591840E+00   0.185389E+06   0.184430E+06  -0.209554E-01  -0.495293E-01   0.453652E+05   0.175556E+06   0.185228E+06   0.175556E+06  -0.147558E-02   0.878528E+05   0.878405E+05   0.692268E-02
   0.596995E+00   0.182832E+06   0.181885E+06  -0.203150E-01  -0.480082E-01   0.443401E+05   0.173106E+06   0.182673E+06   0.173106E+06  -0.145491E-02   0.866343E+05   0.866222E+05   0.677138E-02
   0.602149E+00   0.180330E+06   0.179397E+06  -0.196994E-01  -0.465462E-01   0.433452E+05   0.170711E+06   0.180173E+06   0.170711E+06  -0.143470E-02   0.854429E+05   0.854310E+05   0.662385E-02
   0.607303E+00   0.177886E+06   0.176965E+06  -0.191077E-01  -0.451412E-01   0.423801E+05   0.168371E+06   0.177732E+06   0.168371E+06  -0.141497E-02   0.842790E+05   0.842672E+05   0.648002E-02
   0.612457E+00   0.175499E+06   0.174590E+06  -0.185389E-01  -0.437908E-01   0.414439E+05   0.166086E+06   0.175346E+06   0.166086E+06  -0.139570E-02   0.831422E+05   0.831305E+05   0.633997E-02
   0.659749E+00   0.155754E+06   0.154947E+06  -0.142023E-01  -0.335039E-01   0.339914E+05   0.147207E+06   0.155618E+06   0.147207E+06  -0.123652E-02   0.737441E+05   0.737338E+05   0.523431E-02
   0.710693E+00   0.138135E+06   0.137419E+06  -0.108722E-01  -0.256160E-01   0.277850E+05   0.130392E+06   0.138015E+06   0.130392E+06  -0.109482E-02   0.653658E+05   0.653566E+05   0.431987E-02
   0.765571E+00   0.122453E+06   0.121817E+06  -0.831848E-02  -0.195759E-01   0.226429E+05   0.115451E+06   0.122346E+06   0.115451E+06  -0.968986E-03   0.579143E+05   0.579061E+05   0.356544E-02
   0.895965E+00   0.947086E+05   0.942167E+05  -0.471159E-02  -0.110622E-01   0.145463E+05   0.890880E+05   0.946260E+05   0.890880E+05  -0.747141E-03   0.447478E+05   0.447414E+05   0.237389E-02
   0.125042E+01   0.545303E+05   0.542463E+05  -0.140023E-02  -0.327437E-02   0.546072E+04   0.510924E+05   0.544826E+05   0.510924E+05  -0.427906E-03   0.257214E+05   0.257176E+05   0.100372E-02
   0.174510E+01   0.311030E+05   0.309407E+05  -0.411639E-03  -0.959842E-03   0.194818E+04   0.290614E+05   0.310758E+05   0.290614E+05  -0.243153E-03   0.146543E+05   0.146521E+05   0.429083E-03
   0.243548E+01   0.175888E+05   0.174967E+05  -0.119832E-03  -0.278878E-03   0.664456E+03   0.164040E+05   0.175733E+05   0.164040E+05  -0.137158E-03   0.828096E+04   0.827958E+04   0.188625E-03
