#          k/h    CDM            baryon         photon         nu             mass_nu        total          no_nu          total_de       Weyl           v_CDM          v_b            v_b-v_c     
   0.102076E-04   0.919163E+08   0.919163E+08   0.122497E+09   0.122495E+09   0.919164E+08   0.919163E+08   0.919163E+08   0.919469E+08   0.177985E+01   0.509787E+08   0.509787E+08   0.240893E+02
   0.112819E-04   0.919162E+08   0.919162E+08   0.122483E+09   0.122482E+09   0.919163E+08   0.919162E+08   0.919162E+08   0.919468E+08   0.177985E+01   0.509787E+08   0.509787E+08   0.266239E+02
   0.124693E-04   0.919161E+08   0.919161E+08   0.122468E+09   0.122465E+09   0.919162E+08   0.919161E+08   0.919161E+08   0.919467E+08   0.177985E+01   0.509786E+08   0.509786E+08   0.294249E+02
   0.137816E-04   0.919160E+08   0.919160E+08   0.122448E+09   0.122445E+09   0.919161E+08   0.919160E+08   0.919160E+08   0.919466E+08   0.177985E+01   0.509786E+08   0.509786E+08   0.325203E+02
   0.152321E-04   0.919159E+08   0.919159E+08   0.122424E+09   0.122421E+09   0.919160E+08   0.919159E+08   0.919159E+08   0.919465E+08   0.177984E+01   0.509785E+08   0.509785E+08   0.359410E+02
   0.168352E-04   0.919157E+08   0.919157E+08   0.122395E+09   0.122391E+09   0.919158E+08   0.919158E+08   0.919157E+08   0.919463E+08   0.177984E+01   0.509784E+08   0.509784E+08   0.397211E+02
   0.186070E-04   0.919156E+08   0.919155E+08   0.122360E+09   0.122355E+09   0.919157E+08   0.919156E+08   0.919156E+08   0.919461E+08   0.177984E+01   0.509783E+08   0.509783E+08   0.438981E+02
   0.205653E-04   0.919153E+08   0.919153E+08   0.122317E+09   0.122310E+09   0.919154E+08   0.919153E+08   0.919153E+08   0.919459E+08   0.177983E+01   0.509781E+08   0.509781E+08   0.485135E+02
   0.227297E-04   0.919151E+08   0.919150E+08   0.122264E+09   0.122256E+09   0.919152E+08   0.919151E+08   0.919151E+08   0.919456E+08   0.177982E+01   0.509779E+08   0.509779E+08   0.536131E+02
   0.251219E-04   0.919147E+08   0.919147E+08   0.122199E+09   0.122190E+09   0.919148E+08   0.919147E+08   0.919147E+08   0.919453E+08   0.177982E+01   0.509777E+08   0.509777E+08   0.592471E+02
   0.277659E-04   0.919143E+08   0.919143E+08   0.122120E+09   0.122109E+09   0.919144E+08   0.919143E+08   0.919143E+08   0.919448E+08   0.177981E+01   0.509774E+08   0.509774E+08   0.654711E+02
   0.306881E-04   0.919138E+08   0.919138E+08   0.122024E+09   0.122010E+09   0.919139E+08   0.919138E+08   0.919138E+08   0.919443E+08   0.177979E+01   0.509771E+08   0.509771E+08   0.723462E+02
   0.339179E-04   0.919132E+08   0.919132E+08   0.121907E+09   0.121889E+09   0.919133E+08   0.919132E+08   0.919132E+08   0.919437E+08   0.177978E+01   0.509767E+08   0.509767E+08   0.799395E+02
   0.374876E-04   0.919125E+08   0.919124E+08   0.121763E+09   0.121742E+09   0.919126E+08   0.919125E+08   0.919125E+08   0.919429E+08   0.177976E+01   0.509762E+08   0.509762E+08   0.883246E+02
   0.414330E-04   0.919115E+08   0.919115E+08   0.121588E+09   0.121563E+09   0.919116E+08   0.919115E+08   0.919115E+08   0.919419E+08   0.177974E+01   0.509756E+08   0.509756E+08   0.975824E+02
   0.457936E-04   0.919104E+08   0.919104E+08   0.121375E+09   0.121344E+09   0.919105E+08   0.919104E+08   0.919104E+08   0.919408E+08   0.177971E+01   0.509749E+08   0.509749E+08   0.107801E+03
   0.506132E-04   0.919091E+08   0.919090E+08   0.121115E+09   0.121077E+09   0.919092E+08   0.919091E+08   0.919091E+08   0.919393E+08   0.177968E+01   0.509740E+08   0.509740E+08   0.119078E+03
   0.559400E-04   0.919074E+08   0.919074E+08   0.120798E+09   0.120752E+09   0.919075E+08   0.919074E+08   0.919074E+08   0.919376E+08   0.177964E+01   0.509729E+08   0.509729E+08   0.131517E+03
   0.618274E-04   0.919054E+08   0.919053E+08   0.120412E+09   0.120355E+09   0.919055E+08   0.919054E+08   0.919054E+08   0.919355E+08   0.177959E+01   0.509715E+08   0.509715E+08   0.145233E+03
   0.683345E-04   0.919029E+08   0.919028E+08   0.119942E+09   0.119873E+09   0.919030E+08   0.919029E+08   0.919029E+08   0.919329E+08   0.177953E+01   0.509699E+08   0.509699E+08   0.160348E+03
   0.755264E-04   0.918999E+08   0.918998E+08   0.119370E+09   0.119286E+09   0.919000E+08   0.918999E+08   0.918999E+08   0.919297E+08   0.177946E+01   0.509679E+08   0.509679E+08   0.176996E+03
   0.834752E-04   0.918962E+08   0.918961E+08   0.118674E+09   0.118573E+09   0.918963E+08   0.918962E+08   0.918962E+08   0.919259E+08   0.177937E+01   0.509655E+08   0.509655E+08   0.195316E+03
   0.922605E-04   0.918918E+08   0.918916E+08   0.117830E+09   0.117707E+09   0.918918E+08   0.918917E+08   0.918917E+08   0.919212E+08   0.177926E+01   0.509625E+08   0.509625E+08   0.215457E+03
   0.101971E-03   0.918863E+08   0.918860E+08   0.116807E+09   0.116658E+09   0.918863E+08   0.918862E+08   0.918862E+08   0.919154E+08   0.177913E+01   0.509589E+08   0.509589E+08   0.237575E+03
   0.112702E-03   0.918796E+08   0.918793E+08   0.115568E+09   0.115387E+09   0.918796E+08   0.918796E+08   0.918796E+08   0.919084E+08   0.177897E+01   0.509546E+08   0.509545E+08   0.261828E+03
   0.124564E-03   0.918715E+08   0.918711E+08   0.114071E+09   0.113853E+09   0.918715E+08   0.918714E+08   0.918714E+08   0.918999E+08   0.177878E+01   0.509492E+08   0.509491E+08   0.288375E+03
   0.137674E-03   0.918616E+08   0.918612E+08   0.112268E+09   0.112006E+09   0.918616E+08   0.918615E+08   0.918615E+08   0.918896E+08   0.177854E+01   0.509427E+08   0.509426E+08   0.317371E+03
   0.152163E-03   0.918496E+08   0.918490E+08   0.110101E+09   0.109787E+09   0.918495E+08   0.918495E+08   0.918495E+08   0.918770E+08   0.177826E+01   0.509349E+08   0.509347E+08   0.348958E+03
   0.168178E-03   0.918349E+08   0.918343E+08   0.107509E+09   0.107132E+09   0.918349E+08   0.918348E+08   0.918348E+08   0.918617E+08   0.177791E+01   0.509253E+08   0.509251E+08   0.383253E+03
   0.185878E-03   0.918172E+08   0.918164E+08   0.104419E+09   0.103972E+09   0.918171E+08   0.918170E+08   0.918170E+08   0.918431E+08   0.177749E+01   0.509138E+08   0.509135E+08   0.420340E+03
   0.205440E-03   0.917956E+08   0.917947E+08   0.100760E+09   0.100231E+09   0.917955E+08   0.917955E+08   0.917955E+08   0.918206E+08   0.177698E+01   0.508998E+08   0.508995E+08   0.460249E+03
   0.227062E-03   0.917696E+08   0.917684E+08   0.964551E+08   0.958347E+08   0.917693E+08   0.917694E+08   0.917694E+08   0.917934E+08   0.177637E+01   0.508829E+08   0.508826E+08   0.502930E+03
   0.250959E-03   0.917380E+08   0.917366E+08   0.914341E+08   0.907128E+08   0.917377E+08   0.917378E+08   0.917378E+08   0.917606E+08   0.177564E+01   0.508626E+08   0.508622E+08   0.548231E+03
   0.277372E-03   0.917000E+08   0.916983E+08   0.856394E+08   0.848107E+08   0.916996E+08   0.916997E+08   0.916997E+08   0.917210E+08   0.177476E+01   0.508383E+08   0.508378E+08   0.595860E+03
   0.306564E-03   0.916542E+08   0.916521E+08   0.790394E+08   0.781006E+08   0.916537E+08   0.916538E+08   0.916539E+08   0.916735E+08   0.177371E+01   0.508092E+08   0.508086E+08   0.645347E+03
   0.338828E-03   0.915993E+08   0.915968E+08   0.716437E+08   0.705991E+08   0.915986E+08   0.915989E+08   0.915989E+08   0.916167E+08   0.177247E+01   0.507747E+08   0.507739E+08   0.696005E+03
   0.374488E-03   0.915337E+08   0.915307E+08   0.635236E+08   0.623873E+08   0.915329E+08   0.915332E+08   0.915332E+08   0.915490E+08   0.177100E+01   0.507337E+08   0.507329E+08   0.746884E+03
   0.413901E-03   0.914557E+08   0.914521E+08   0.548333E+08   0.536321E+08   0.914546E+08   0.914551E+08   0.914551E+08   0.914687E+08   0.176928E+01   0.506856E+08   0.506846E+08   0.796747E+03
   0.457462E-03   0.913633E+08   0.913591E+08   0.458284E+08   0.446046E+08   0.913620E+08   0.913626E+08   0.913626E+08   0.913739E+08   0.176727E+01   0.506292E+08   0.506281E+08   0.844055E+03
   0.505608E-03   0.912545E+08   0.912495E+08   0.368734E+08   0.356855E+08   0.912529E+08   0.912536E+08   0.912537E+08   0.912627E+08   0.176495E+01   0.505638E+08   0.505625E+08   0.886997E+03
   0.558821E-03   0.911272E+08   0.911213E+08   0.284269E+08   0.273464E+08   0.911252E+08   0.911261E+08   0.911262E+08   0.911332E+08   0.176229E+01   0.504884E+08   0.504869E+08   0.923564E+03
   0.617635E-03   0.909792E+08   0.909723E+08   0.209894E+08   0.200925E+08   0.909768E+08   0.909780E+08   0.909781E+08   0.909832E+08   0.175925E+01   0.504020E+08   0.504003E+08   0.951698E+03
   0.682638E-03   0.908085E+08   0.908004E+08   0.150061E+08   0.143582E+08   0.908054E+08   0.908070E+08   0.908071E+08   0.908107E+08   0.175581E+01   0.503038E+08   0.503018E+08   0.969503E+03
   0.754482E-03   0.906128E+08   0.906036E+08   0.107292E+08   0.103641E+08   0.906090E+08   0.906111E+08   0.906112E+08   0.906137E+08   0.175193E+01   0.501927E+08   0.501905E+08   0.975507E+03
   0.833888E-03   0.903900E+08   0.903796E+08   0.808222E+07   0.798251E+07   0.903855E+08   0.903881E+08   0.903883E+08   0.903901E+08   0.174756E+01   0.500676E+08   0.500652E+08   0.968899E+03
   0.921651E-03   0.901380E+08   0.901263E+08   0.660814E+07   0.669816E+07   0.901325E+08   0.901358E+08   0.901361E+08   0.901375E+08   0.174266E+01   0.499269E+08   0.499243E+08   0.949665E+03
   0.101865E-02   0.898544E+08   0.898415E+08   0.560333E+07   0.576836E+07   0.898476E+08   0.898520E+08   0.898523E+08   0.898534E+08   0.173716E+01   0.497691E+08   0.497662E+08   0.918516E+03
   0.112586E-02   0.895366E+08   0.895226E+08   0.446925E+07   0.460194E+07   0.895283E+08   0.895338E+08   0.895343E+08   0.895350E+08   0.173098E+01   0.495922E+08   0.495892E+08   0.876624E+03
   0.124435E-02   0.891816E+08   0.891666E+08   0.311136E+07   0.316044E+07   0.891714E+08   0.891786E+08   0.891791E+08   0.891794E+08   0.172408E+01   0.493946E+08   0.493915E+08   0.825311E+03
   0.137531E-02   0.887864E+08   0.887707E+08   0.198725E+07   0.196328E+07   0.887740E+08   0.887831E+08   0.887838E+08   0.887836E+08   0.171641E+01   0.491748E+08   0.491717E+08   0.766003E+03
   0.152006E-02   0.883481E+08   0.883319E+08   0.152842E+07   0.145250E+07   0.883329E+08   0.883445E+08   0.883454E+08   0.883449E+08   0.170792E+01   0.489315E+08   0.489283E+08   0.700580E+03
   0.168004E-02   0.878636E+08   0.878473E+08   0.143792E+07  -0.154153E+07   0.878451E+08   0.878598E+08   0.878609E+08   0.878599E+08   0.169856E+01   0.486631E+08   0.486599E+08   0.631767E+03
   0.185685E-02   0.873297E+08   0.873136E+08   0.103040E+07  -0.125420E+07   0.873071E+08   0.873256E+08   0.873270E+08   0.873257E+08   0.168822E+01   0.483670E+08   0.483638E+08   0.562894E+03
   0.205228E-02   0.867429E+08   0.867272E+08   0.469361E+06  -0.101976E+07   0.867155E+08   0.867386E+08   0.867403E+08   0.867386E+08   0.167686E+01   0.480415E+08   0.480384E+08   0.497082E+03
   0.226827E-02   0.860995E+08   0.860842E+08   0.444727E+06  -0.828570E+06   0.860661E+08   0.860948E+08   0.860969E+08   0.860948E+08   0.166440E+01   0.476847E+08   0.476817E+08   0.436942E+03
   0.250700E-02   0.853954E+08   0.853806E+08   0.451025E+06  -0.672713E+06   0.853549E+08   0.853903E+08   0.853929E+08   0.853903E+08   0.165078E+01   0.472943E+08   0.472914E+08   0.384787E+03
   0.277085E-02   0.846262E+08   0.846117E+08   0.126547E+06  -0.545706E+06   0.845771E+08   0.846205E+08   0.846238E+08   0.846205E+08   0.163588E+01   0.468676E+08   0.468647E+08   0.341762E+03
   0.306246E-02   0.837873E+08   0.837727E+08   0.234784E+06  -0.442278E+06   0.837278E+08   0.837809E+08   0.837848E+08   0.837809E+08   0.161964E+01   0.464022E+08   0.463994E+08   0.307111E+03
   0.338478E-02   0.828735E+08   0.828585E+08   0.107702E+06  -0.358087E+06   0.828016E+08   0.828662E+08   0.828710E+08   0.828662E+08   0.160194E+01   0.458952E+08   0.458924E+08   0.278929E+03
   0.374101E-02   0.818795E+08   0.818640E+08   0.459172E+05  -0.289601E+06   0.817926E+08   0.818711E+08   0.818769E+08   0.818710E+08   0.158268E+01   0.453436E+08   0.453407E+08   0.254272E+03
   0.413473E-02   0.807995E+08   0.807835E+08   0.104487E+05  -0.233927E+06   0.806948E+08   0.807897E+08   0.807968E+08   0.807897E+08   0.156175E+01   0.447442E+08   0.447413E+08   0.230558E+03
   0.456989E-02   0.796271E+08   0.796107E+08   0.883845E+05  -0.188703E+06   0.795012E+08   0.796158E+08   0.796244E+08   0.796158E+08   0.153904E+01   0.440935E+08   0.440907E+08   0.206622E+03
   0.505085E-02   0.783551E+08   0.783386E+08   0.547937E+04  -0.151992E+06   0.782040E+08   0.783421E+08   0.783523E+08   0.783421E+08   0.151438E+01   0.433873E+08   0.433846E+08   0.183086E+03
   0.558243E-02   0.769753E+08   0.769586E+08  -0.315627E+05  -0.122217E+06   0.767944E+08   0.769602E+08   0.769725E+08   0.769602E+08   0.148764E+01   0.426212E+08   0.426185E+08   0.161522E+03
   0.616996E-02   0.754784E+08   0.754613E+08   0.462566E+05  -0.980890E+05   0.752626E+08   0.754608E+08   0.754755E+08   0.754608E+08   0.145861E+01   0.417899E+08   0.417872E+08   0.143245E+03
   0.681932E-02   0.738542E+08   0.738364E+08   0.107066E+05  -0.785549E+05   0.735976E+08   0.738337E+08   0.738512E+08   0.738337E+08   0.142711E+01   0.408876E+08   0.408850E+08   0.128016E+03
   0.753702E-02   0.720914E+08   0.720727E+08   0.337250E+05  -0.627576E+05   0.717874E+08   0.720675E+08   0.720883E+08   0.720675E+08   0.139291E+01   0.399082E+08   0.399056E+08   0.114147E+03
   0.833025E-02   0.701779E+08   0.701583E+08   0.880694E+04  -0.499973E+05   0.698194E+08   0.701500E+08   0.701746E+08   0.701500E+08   0.135578E+01   0.388447E+08   0.388422E+08   0.100755E+03
   0.920698E-02   0.681034E+08   0.680827E+08  -0.226100E+05  -0.397058E+05   0.676827E+08   0.680711E+08   0.680999E+08   0.680711E+08   0.131552E+01   0.376916E+08   0.376892E+08   0.887195E+02
   0.101760E-01   0.658681E+08   0.658460E+08  -0.517778E+04  -0.314247E+05   0.653771E+08   0.658307E+08   0.658644E+08   0.658307E+08   0.127213E+01   0.364489E+08   0.364465E+08   0.784008E+02
   0.112469E-01   0.634894E+08   0.634656E+08  -0.616659E+04  -0.247841E+05   0.629195E+08   0.634462E+08   0.634854E+08   0.634462E+08   0.122594E+01   0.351261E+08   0.351238E+08   0.689916E+02
   0.124306E-01   0.609779E+08   0.609523E+08   0.955458E+04  -0.194751E+05   0.603206E+08   0.609284E+08   0.609736E+08   0.609284E+08   0.117716E+01   0.337292E+08   0.337270E+08   0.605084E+02
   0.137389E-01   0.582708E+08   0.582429E+08  -0.315525E+04  -0.152245E+05   0.575179E+08   0.582144E+08   0.582662E+08   0.582144E+08   0.112457E+01   0.322234E+08   0.322212E+08   0.530279E+02
   0.151849E-01   0.552098E+08   0.551794E+08  -0.380484E+04  -0.117987E+05   0.543560E+08   0.551460E+08   0.552047E+08   0.551460E+08   0.106513E+01   0.305210E+08   0.305189E+08   0.461363E+02
   0.167830E-01   0.519917E+08   0.519585E+08   0.194222E+04  -0.908683E+04   0.510317E+08   0.519201E+08   0.519861E+08   0.519201E+08   0.100263E+01   0.287313E+08   0.287293E+08   0.400426E+02
   0.185493E-01   0.487312E+08   0.486948E+08  -0.824704E+02  -0.696409E+04   0.476597E+08   0.486514E+08   0.487251E+08   0.486514E+08   0.939299E+00   0.269176E+08   0.269157E+08   0.346797E+02
   0.205016E-01   0.453303E+08   0.452906E+08   0.496971E+03  -0.529584E+04   0.441467E+08   0.452422E+08   0.453236E+08   0.452422E+08   0.873248E+00   0.250261E+08   0.250243E+08   0.299157E+02
   0.226592E-01   0.417864E+08   0.417435E+08   0.234564E+04  -0.398994E+04   0.404948E+08   0.416904E+08   0.417792E+08   0.416904E+08   0.804440E+00   0.230556E+08   0.230539E+08   0.256585E+02
   0.250440E-01   0.382143E+08   0.381683E+08   0.132516E+04  -0.298142E+04   0.368207E+08   0.381107E+08   0.382066E+08   0.381107E+08   0.735100E+00   0.210698E+08   0.210682E+08   0.218911E+02
   0.276798E-01   0.346641E+08   0.346155E+08   0.905494E+03  -0.220908E+04   0.331784E+08   0.345537E+08   0.346559E+08   0.345537E+08   0.666207E+00   0.190968E+08   0.190953E+08   0.185499E+02
   0.305930E-01   0.311684E+08   0.311183E+08   0.119602E+03  -0.162194E+04   0.296045E+08   0.310524E+08   0.311600E+08   0.310524E+08   0.598406E+00   0.171550E+08   0.171536E+08   0.155725E+02
   0.338127E-01   0.278171E+08   0.277668E+08   0.703703E+03  -0.118157E+04   0.261898E+08   0.276967E+08   0.278087E+08   0.276967E+08   0.533436E+00   0.152942E+08   0.152929E+08   0.129272E+02
   0.373714E-01   0.247120E+08   0.246632E+08   0.923157E+03  -0.856460E+03   0.230343E+08   0.245883E+08   0.247038E+08   0.245883E+08   0.473262E+00   0.135707E+08   0.135695E+08   0.105778E+02
   0.413045E-01   0.219215E+08   0.218764E+08  -0.698901E+03  -0.619629E+03   0.201955E+08   0.217951E+08   0.219140E+08   0.217951E+08   0.419192E+00   0.120220E+08   0.120210E+08   0.851009E+01
   0.454350E-01   0.195834E+08   0.195436E+08   0.136257E+03  -0.455642E+03   0.178222E+08   0.194554E+08   0.195767E+08   0.194554E+08   0.373893E+00   0.107246E+08   0.107237E+08   0.679356E+01
   0.495654E-01   0.177658E+08   0.177321E+08   0.104650E+03  -0.345908E+03   0.159678E+08   0.176362E+08   0.177601E+08   0.176362E+08   0.338653E+00   0.971541E+07   0.971460E+07   0.545497E+01
   0.536959E-01   0.163064E+08   0.162788E+08   0.824758E+02  -0.269392E+03   0.144713E+08   0.161752E+08   0.163018E+08   0.161752E+08   0.310336E+00   0.890456E+07   0.890385E+07   0.441677E+01
   0.578264E-01   0.150832E+08   0.150610E+08   0.662953E+02  -0.213935E+03   0.132137E+08   0.149504E+08   0.150795E+08   0.149504E+08   0.286589E+00   0.822461E+07   0.822398E+07   0.362299E+01
   0.619568E-01   0.140127E+08   0.139946E+08   0.540764E+02  -0.172375E+03   0.121155E+08   0.138786E+08   0.140096E+08   0.138786E+08   0.265808E+00   0.762959E+07   0.762903E+07   0.302862E+01
   0.660873E-01   0.130234E+08   0.130080E+08   0.445226E+02  -0.140179E+03   0.111110E+08   0.128887E+08   0.130208E+08   0.128887E+08   0.246628E+00   0.708034E+07   0.707983E+07   0.258989E+01
   0.702177E-01   0.120739E+08   0.120598E+08   0.368517E+02  -0.114601E+03   0.101628E+08   0.119395E+08   0.120715E+08   0.119395E+08   0.228259E+00   0.655418E+07   0.655370E+07   0.226785E+01
   0.743482E-01   0.111611E+08   0.111470E+08   0.306197E+02  -0.940690E+02   0.926835E+07   0.110280E+08   0.111587E+08   0.110280E+08   0.210643E+00   0.604946E+07   0.604900E+07   0.203024E+01
   0.784786E-01   0.102715E+08   0.102568E+08   0.254808E+02  -0.773529E+02   0.841557E+07   0.101408E+08   0.102690E+08   0.101408E+08   0.193527E+00   0.555889E+07   0.555846E+07   0.184531E+01
   0.826091E-01   0.943386E+07   0.941809E+07   0.212748E+02  -0.638374E+02   0.762709E+07   0.930644E+07   0.943121E+07   0.930644E+07   0.177451E+00   0.509799E+07   0.509757E+07   0.169256E+01
   0.867395E-01   0.866671E+07   0.864996E+07   0.178527E+02  -0.529655E+02   0.691574E+07   0.854300E+07   0.866390E+07   0.854300E+07   0.162756E+00   0.467662E+07   0.467622E+07   0.155568E+01
   0.918936E-01   0.782907E+07   0.781168E+07   0.144914E+02  -0.424069E+02   0.614846E+07   0.771013E+07   0.782615E+07   0.771013E+07   0.146737E+00   0.421722E+07   0.421683E+07   0.139208E+01
   0.970477E-01   0.713838E+07   0.712131E+07   0.119452E+02  -0.344911E+02   0.551984E+07   0.702378E+07   0.713552E+07   0.702378E+07   0.133539E+00   0.383871E+07   0.383835E+07   0.122981E+01
   0.102202E+00   0.659430E+07   0.657849E+07   0.100313E+02  -0.285859E+02   0.502280E+07   0.648315E+07   0.659165E+07   0.648315E+07   0.123138E+00   0.354041E+07   0.354008E+07   0.107104E+01
   0.107356E+00   0.617430E+07   0.616045E+07   0.858144E+01  -0.241369E+02   0.463400E+07   0.606561E+07   0.617197E+07   0.606561E+07   0.115092E+00   0.330977E+07   0.330947E+07   0.922529E+00
   0.112510E+00   0.583919E+07   0.582754E+07   0.744906E+01  -0.206808E+02   0.431924E+07   0.573225E+07   0.583723E+07   0.573225E+07   0.108658E+00   0.312538E+07   0.312511E+07   0.791492E+00
   0.117664E+00   0.554807E+07   0.553843E+07   0.652344E+01  -0.178771E+02   0.404522E+07   0.544263E+07   0.554645E+07   0.544263E+07   0.103065E+00   0.296510E+07   0.296485E+07   0.683226E+00
   0.122818E+00   0.526990E+07   0.526175E+07   0.573275E+01  -0.155081E+02   0.378774E+07   0.516612E+07   0.526853E+07   0.516612E+07   0.977305E-01   0.281220E+07   0.281198E+07   0.599720E+00
   0.127972E+00   0.498694E+07   0.497959E+07   0.503633E+01  -0.134496E+02   0.353351E+07   0.488528E+07   0.498571E+07   0.488528E+07   0.923248E-01   0.265719E+07   0.265699E+07   0.539213E+00
   0.133126E+00   0.469417E+07   0.468697E+07   0.441493E+01  -0.116400E+02   0.327893E+07   0.459517E+07   0.469296E+07   0.459517E+07   0.867548E-01   0.249740E+07   0.249720E+07   0.496869E+00
   0.138280E+00   0.439679E+07   0.438927E+07   0.386234E+01  -0.100540E+02   0.302764E+07   0.430093E+07   0.439552E+07   0.430093E+07   0.811178E-01   0.233561E+07   0.233541E+07   0.466277E+00
   0.143435E+00   0.410626E+07   0.409825E+07   0.337828E+01  -0.868268E+01   0.278730E+07   0.401380E+07   0.410492E+07   0.401380E+07   0.756259E-01   0.217793E+07   0.217774E+07   0.441099E+00
   0.148589E+00   0.383628E+07   0.382783E+07   0.296347E+01  -0.752016E+01   0.256667E+07   0.374716E+07   0.383486E+07   0.374716E+07   0.705303E-01   0.203160E+07   0.203142E+07   0.416435E+00
   0.153743E+00   0.359900E+07   0.359039E+07   0.261669E+01  -0.655606E+01   0.237301E+07   0.351287E+07   0.359756E+07   0.351287E+07   0.660530E-01   0.190303E+07   0.190285E+07   0.389563E+00
   0.158897E+00   0.340101E+07   0.339259E+07   0.233248E+01  -0.577016E+01   0.220958E+07   0.331730E+07   0.339959E+07   0.331730E+07   0.623118E-01   0.179562E+07   0.179545E+07   0.359910E+00
   0.164051E+00   0.324066E+07   0.323277E+07   0.210069E+01  -0.513167E+01   0.207421E+07   0.315876E+07   0.323934E+07   0.315876E+07   0.592734E-01   0.170842E+07   0.170826E+07   0.328497E+00
   0.169205E+00   0.310970E+07   0.310256E+07   0.190880E+01  -0.460546E+01   0.196068E+07   0.302912E+07   0.310850E+07   0.302912E+07   0.567836E-01   0.163699E+07   0.163684E+07   0.297251E+00
   0.174359E+00   0.299752E+07   0.299120E+07   0.174515E+01  -0.415996E+01   0.186166E+07   0.291798E+07   0.299646E+07   0.291798E+07   0.546463E-01   0.157570E+07   0.157556E+07   0.268331E+00
   0.179513E+00   0.289409E+07   0.288850E+07   0.160052E+01  -0.377065E+01   0.177055E+07   0.281551E+07   0.289315E+07   0.281551E+07   0.526766E-01   0.151920E+07   0.151907E+07   0.243462E+00
   0.184667E+00   0.279088E+07   0.278583E+07   0.146821E+01  -0.341960E+01   0.168197E+07   0.271340E+07   0.279003E+07   0.271340E+07   0.507184E-01   0.146301E+07   0.146289E+07   0.223463E+00
   0.189821E+00   0.268233E+07   0.267757E+07   0.134399E+01  -0.309608E+01   0.159276E+07   0.260623E+07   0.268153E+07   0.260623E+07   0.486710E-01   0.140421E+07   0.140409E+07   0.208159E+00
   0.194975E+00   0.256748E+07   0.256279E+07   0.122679E+01  -0.279611E+01   0.150238E+07   0.249309E+07   0.256669E+07   0.249309E+07   0.465169E-01   0.134231E+07   0.134219E+07   0.196647E+00
   0.200130E+00   0.244970E+07   0.244492E+07   0.111756E+01  -0.252088E+01   0.141286E+07   0.237725E+07   0.244890E+07   0.237725E+07   0.443173E-01   0.127906E+07   0.127895E+07   0.187644E+00
   0.205284E+00   0.233410E+07   0.232917E+07   0.101782E+01  -0.227279E+01   0.132707E+07   0.226368E+07   0.233327E+07   0.226368E+07   0.421645E-01   0.121714E+07   0.121703E+07   0.179790E+00
   0.210438E+00   0.222539E+07   0.222035E+07   0.928618E+00  -0.205320E+01   0.124754E+07   0.215698E+07   0.222455E+07   0.215698E+07   0.401437E-01   0.115900E+07   0.115890E+07   0.171952E+00
   0.215592E+00   0.212723E+07   0.212217E+07   0.850325E+00  -0.186201E+01   0.117603E+07   0.206066E+07   0.212638E+07   0.206066E+07   0.383199E-01   0.110653E+07   0.110643E+07   0.163453E+00
   0.220746E+00   0.204176E+07   0.203680E+07   0.782627E+00  -0.169765E+01   0.111340E+07   0.197678E+07   0.204093E+07   0.197678E+07   0.367309E-01   0.106082E+07   0.106072E+07   0.154147E+00
   0.225900E+00   0.196890E+07   0.196417E+07   0.724398E+00  -0.155687E+01   0.105924E+07   0.190525E+07   0.196811E+07   0.190525E+07   0.353741E-01   0.102180E+07   0.102170E+07   0.144306E+00
   0.231054E+00   0.190635E+07   0.190192E+07   0.673860E+00  -0.143516E+01   0.101198E+07   0.184381E+07   0.190561E+07   0.184381E+07   0.342069E-01   0.988246E+06   0.988153E+06   0.134438E+00
   0.236208E+00   0.185061E+07   0.184651E+07   0.629058E+00  -0.132780E+01   0.969468E+06   0.178903E+07   0.184992E+07   0.178903E+07   0.331654E-01   0.958306E+06   0.958218E+06   0.125107E+00
   0.241362E+00   0.179812E+07   0.179432E+07   0.588292E+00  -0.123078E+01   0.929656E+06   0.173747E+07   0.179748E+07   0.173747E+07   0.321852E-01   0.930129E+06   0.930044E+06   0.116781E+00
   0.246516E+00   0.174601E+07   0.174244E+07   0.550290E+00  -0.114116E+01   0.890932E+06   0.168632E+07   0.174541E+07   0.168632E+07   0.312141E-01   0.902206E+06   0.902125E+06   0.109715E+00
   0.251670E+00   0.169247E+07   0.168905E+07   0.514277E+00  -0.105716E+01   0.852335E+06   0.163384E+07   0.169190E+07   0.163384E+07   0.302199E-01   0.873607E+06   0.873528E+06   0.103919E+00
   0.256825E+00   0.163712E+07   0.163377E+07   0.479982E+00  -0.978102E+00   0.813676E+06   0.157965E+07   0.163656E+07   0.157965E+07   0.291958E-01   0.844133E+06   0.844057E+06   0.991933E-01
   0.261979E+00   0.158091E+07   0.157756E+07   0.447544E+00  -0.904171E+00   0.775448E+06   0.152468E+07   0.158035E+07   0.152468E+07   0.281589E-01   0.814278E+06   0.814203E+06   0.952177E-01
   0.267133E+00   0.152548E+07   0.152212E+07   0.417270E+00  -0.835881E+00   0.738472E+06   0.147053E+07   0.152492E+07   0.147053E+07   0.271388E-01   0.784900E+06   0.784826E+06   0.916379E-01
   0.272287E+00   0.147253E+07   0.146916E+07   0.389435E+00  -0.773647E+00   0.703545E+06   0.141883E+07   0.147197E+07   0.141883E+07   0.261657E-01   0.756869E+06   0.756797E+06   0.881472E-01
   0.277441E+00   0.142339E+07   0.142004E+07   0.364183E+00  -0.717598E+00   0.671244E+06   0.137085E+07   0.142283E+07   0.137085E+07   0.252631E-01   0.730867E+06   0.730796E+06   0.845463E-01
   0.282595E+00   0.137882E+07   0.137553E+07   0.341495E+00  -0.667533E+00   0.641842E+06   0.132734E+07   0.137827E+07   0.132734E+07   0.244442E-01   0.707278E+06   0.707210E+06   0.807692E-01
   0.287749E+00   0.133888E+07   0.133569E+07   0.321181E+00  -0.622920E+00   0.615270E+06   0.128834E+07   0.133835E+07   0.128834E+07   0.237098E-01   0.686127E+06   0.686060E+06   0.768674E-01
   0.292903E+00   0.130294E+07   0.129988E+07   0.302903E+00  -0.582965E+00   0.591138E+06   0.125324E+07   0.130243E+07   0.125324E+07   0.230482E-01   0.667075E+06   0.667011E+06   0.729675E-01
   0.298057E+00   0.126988E+07   0.126697E+07   0.286249E+00  -0.546768E+00   0.568868E+06   0.122094E+07   0.126939E+07   0.122094E+07   0.224395E-01   0.649547E+06   0.649485E+06   0.692217E-01
   0.303211E+00   0.123848E+07   0.123570E+07   0.270827E+00  -0.513495E+00   0.547860E+06   0.119029E+07   0.123801E+07   0.119029E+07   0.218619E-01   0.632910E+06   0.632851E+06   0.657624E-01
   0.308365E+00   0.120771E+07   0.120505E+07   0.256326E+00  -0.482497E+00   0.527634E+06   0.116026E+07   0.120726E+07   0.116026E+07   0.212969E-01   0.616635E+06   0.616577E+06   0.626720E-01
   0.313520E+00   0.117692E+07   0.117434E+07   0.242547E+00  -0.453351E+00   0.507895E+06   0.113025E+07   0.117648E+07   0.113025E+07   0.207331E-01   0.600388E+06   0.600332E+06   0.599689E-01
   0.318674E+00   0.114590E+07   0.114338E+07   0.229407E+00  -0.425852E+00   0.488552E+06   0.110005E+07   0.114548E+07   0.110005E+07   0.201669E-01   0.584066E+06   0.584011E+06   0.576126E-01
   0.323828E+00   0.111487E+07   0.111238E+07   0.216907E+00  -0.399957E+00   0.469677E+06   0.106986E+07   0.111445E+07   0.106986E+07   0.196019E-01   0.567773E+06   0.567719E+06   0.555214E-01
   0.328982E+00   0.108429E+07   0.108182E+07   0.205102E+00  -0.375712E+00   0.451444E+06   0.104014E+07   0.108388E+07   0.104014E+07   0.190462E-01   0.551745E+06   0.551692E+06   0.535977E-01
   0.334136E+00   0.105474E+07   0.105229E+07   0.194059E+00  -0.353187E+00   0.434055E+06   0.101143E+07   0.105433E+07   0.101143E+07   0.185099E-01   0.536274E+06   0.536222E+06   0.517521E-01
   0.339290E+00   0.102672E+07   0.102430E+07   0.183821E+00  -0.332415E+00   0.417672E+06   0.984226E+06   0.102632E+07   0.984226E+06   0.180018E-01   0.521613E+06   0.521563E+06   0.499219E-01
   0.344444E+00   0.100055E+07   0.998165E+06   0.174390E+00  -0.313356E+00   0.402372E+06   0.958806E+06   0.100015E+07   0.958806E+06   0.175269E-01   0.507914E+06   0.507864E+06   0.480784E-01
   0.349598E+00   0.976242E+06   0.973916E+06   0.165720E+00  -0.295890E+00   0.388124E+06   0.935206E+06   0.975851E+06   0.935206E+06   0.170858E-01   0.495190E+06   0.495142E+06   0.462253E-01
   0.354752E+00   0.953616E+06   0.951356E+06   0.157727E+00  -0.279840E+00   0.374812E+06   0.913235E+06   0.953237E+06   0.913235E+06   0.166750E-01   0.483341E+06   0.483293E+06   0.443903E-01
   0.359906E+00   0.932334E+06   0.930144E+06   0.150312E+00  -0.265007E+00   0.362273E+06   0.892569E+06   0.931967E+06   0.892569E+06   0.162885E-01   0.472192E+06   0.472146E+06   0.426135E-01
   0.365060E+00   0.912014E+06   0.909894E+06   0.143377E+00  -0.251200E+00   0.350337E+06   0.872839E+06   0.911658E+06   0.872839E+06   0.159195E-01   0.461551E+06   0.461506E+06   0.409337E-01
   0.370215E+00   0.892296E+06   0.890238E+06   0.136835E+00  -0.238254E+00   0.338849E+06   0.853700E+06   0.891951E+06   0.853700E+06   0.155618E-01   0.451231E+06   0.451188E+06   0.393783E-01
   0.375369E+00   0.872898E+06   0.870892E+06   0.130622E+00  -0.226038E+00   0.327691E+06   0.834880E+06   0.872562E+06   0.834880E+06   0.152103E-01   0.441091E+06   0.441048E+06   0.379563E-01
   0.380523E+00   0.853669E+06   0.851704E+06   0.124695E+00  -0.214470E+00   0.316799E+06   0.816234E+06   0.853339E+06   0.816234E+06   0.148624E-01   0.431053E+06   0.431011E+06   0.366593E-01
   0.385677E+00   0.834627E+06   0.832695E+06   0.119041E+00  -0.203517E+00   0.306180E+06   0.797779E+06   0.834302E+06   0.797779E+06   0.145186E-01   0.421127E+06   0.421086E+06   0.354671E-01
   0.390831E+00   0.815912E+06   0.814008E+06   0.113664E+00  -0.193176E+00   0.295885E+06   0.779652E+06   0.815593E+06   0.779652E+06   0.141811E-01   0.411385E+06   0.411344E+06   0.343529E-01
   0.395985E+00   0.797715E+06   0.795835E+06   0.108571E+00  -0.183458E+00   0.285984E+06   0.762032E+06   0.797399E+06   0.762032E+06   0.138534E-01   0.401922E+06   0.401883E+06   0.332900E-01
   0.401139E+00   0.780188E+06   0.778334E+06   0.103768E+00  -0.174358E+00   0.276533E+06   0.745067E+06   0.779877E+06   0.745067E+06   0.135381E-01   0.392817E+06   0.392778E+06   0.322566E-01
   0.406293E+00   0.763423E+06   0.761599E+06   0.992495E-01  -0.165859E+00   0.267561E+06   0.728846E+06   0.763117E+06   0.728846E+06   0.132369E-01   0.384115E+06   0.384077E+06   0.312394E-01
   0.411447E+00   0.747463E+06   0.745673E+06   0.950053E-01  -0.157932E+00   0.259074E+06   0.713408E+06   0.747162E+06   0.713408E+06   0.129503E-01   0.375838E+06   0.375800E+06   0.302356E-01
   0.416601E+00   0.732296E+06   0.730543E+06   0.910197E-01  -0.150537E+00   0.251057E+06   0.698741E+06   0.732001E+06   0.698741E+06   0.126782E-01   0.367977E+06   0.367940E+06   0.292507E-01
   0.421755E+00   0.717832E+06   0.716119E+06   0.872694E-01  -0.143622E+00   0.243462E+06   0.684759E+06   0.717545E+06   0.684759E+06   0.124189E-01   0.360486E+06   0.360450E+06   0.282945E-01
   0.426910E+00   0.703924E+06   0.702250E+06   0.837252E-01  -0.137125E+00   0.236222E+06   0.671318E+06   0.703643E+06   0.671318E+06   0.121698E-01   0.353287E+06   0.353252E+06   0.273769E-01
   0.432064E+00   0.690425E+06   0.688788E+06   0.803609E-01  -0.130991E+00   0.229274E+06   0.658278E+06   0.690150E+06   0.658278E+06   0.119283E-01   0.346307E+06   0.346273E+06   0.265058E-01
   0.437218E+00   0.677245E+06   0.675642E+06   0.771576E-01  -0.125183E+00   0.222573E+06   0.645551E+06   0.676976E+06   0.645551E+06   0.116927E-01   0.339498E+06   0.339464E+06   0.256856E-01
   0.442372E+00   0.664336E+06   0.662764E+06   0.741026E-01  -0.119671E+00   0.216093E+06   0.633092E+06   0.664072E+06   0.633092E+06   0.114622E-01   0.332835E+06   0.332802E+06   0.249161E-01
   0.447526E+00   0.651671E+06   0.650125E+06   0.711855E-01  -0.114435E+00   0.209819E+06   0.620872E+06   0.651411E+06   0.620872E+06   0.112363E-01   0.326303E+06   0.326271E+06   0.241922E-01
   0.452680E+00   0.639248E+06   0.637726E+06   0.683996E-01  -0.109460E+00   0.203742E+06   0.608892E+06   0.638993E+06   0.608892E+06   0.110150E-01   0.319903E+06   0.319871E+06   0.235057E-01
   0.457834E+00   0.627112E+06   0.625613E+06   0.657432E-01  -0.104738E+00   0.197872E+06   0.597193E+06   0.626861E+06   0.597193E+06   0.107989E-01   0.313655E+06   0.313624E+06   0.228485E-01
   0.462988E+00   0.615331E+06   0.613853E+06   0.632174E-01  -0.100268E+00   0.192219E+06   0.585840E+06   0.615083E+06   0.585840E+06   0.105893E-01   0.307594E+06   0.307563E+06   0.222137E-01
   0.468142E+00   0.603952E+06   0.602496E+06   0.608207E-01  -0.960418E-01   0.186792E+06   0.574875E+06   0.603707E+06   0.574875E+06   0.103869E-01   0.301741E+06   0.301711E+06   0.215966E-01
   0.473296E+00   0.592980E+06   0.591548E+06   0.585477E-01  -0.920476E-01   0.181583E+06   0.564305E+06   0.592739E+06   0.564305E+06   0.101919E-01   0.296099E+06   0.296070E+06   0.209943E-01
   0.478450E+00   0.582397E+06   0.580989E+06   0.563907E-01  -0.882699E-01   0.176578E+06   0.554112E+06   0.582161E+06   0.554112E+06   0.100038E-01   0.290659E+06   0.290630E+06   0.204067E-01
   0.483605E+00   0.572180E+06   0.570798E+06   0.543420E-01  -0.846937E-01   0.171765E+06   0.544273E+06   0.571948E+06   0.544273E+06   0.982224E-02   0.285409E+06   0.285380E+06   0.198356E-01
   0.488759E+00   0.562300E+06   0.560942E+06   0.523933E-01  -0.813044E-01   0.167130E+06   0.534759E+06   0.562072E+06   0.534759E+06   0.964672E-02   0.280332E+06   0.280304E+06   0.192838E-01
   0.493913E+00   0.552710E+06   0.551377E+06   0.505356E-01  -0.780864E-01   0.162659E+06   0.525527E+06   0.552486E+06   0.525527E+06   0.947647E-02   0.275407E+06   0.275380E+06   0.187538E-01
   0.499067E+00   0.543361E+06   0.542051E+06   0.487598E-01  -0.750243E-01   0.158334E+06   0.516529E+06   0.543141E+06   0.516529E+06   0.931060E-02   0.270609E+06   0.270582E+06   0.182466E-01
   0.504221E+00   0.534214E+06   0.532926E+06   0.470587E-01  -0.721056E-01   0.154144E+06   0.507728E+06   0.533998E+06   0.507728E+06   0.914846E-02   0.265918E+06   0.265891E+06   0.177624E-01
   0.509375E+00   0.525258E+06   0.523991E+06   0.454282E-01  -0.693217E-01   0.150082E+06   0.499114E+06   0.525046E+06   0.499114E+06   0.898986E-02   0.261329E+06   0.261302E+06   0.172999E-01
   0.514529E+00   0.516499E+06   0.515250E+06   0.438655E-01  -0.666666E-01   0.146146E+06   0.490691E+06   0.516289E+06   0.490691E+06   0.883486E-02   0.256843E+06   0.256817E+06   0.168575E-01
   0.519683E+00   0.507941E+06   0.506710E+06   0.423683E-01  -0.641348E-01   0.142336E+06   0.482464E+06   0.507734E+06   0.482464E+06   0.868355E-02   0.252464E+06   0.252438E+06   0.164325E-01
   0.524837E+00   0.499588E+06   0.498376E+06   0.409341E-01  -0.617208E-01   0.138650E+06   0.474438E+06   0.499385E+06   0.474438E+06   0.853599E-02   0.248193E+06   0.248168E+06   0.160223E-01
   0.529991E+00   0.491450E+06   0.490255E+06   0.395610E-01  -0.594202E-01   0.135088E+06   0.466619E+06   0.491250E+06   0.466619E+06   0.839233E-02   0.244034E+06   0.244009E+06   0.156247E-01
   0.535145E+00   0.483540E+06   0.482362E+06   0.382473E-01  -0.572292E-01   0.131652E+06   0.459020E+06   0.483342E+06   0.459020E+06   0.825278E-02   0.239994E+06   0.239970E+06   0.152386E-01
   0.540300E+00   0.475860E+06   0.474700E+06   0.369908E-01  -0.551432E-01   0.128341E+06   0.451646E+06   0.475666E+06   0.451646E+06   0.811741E-02   0.236075E+06   0.236050E+06   0.148635E-01
   0.545454E+00   0.468401E+06   0.467258E+06   0.357881E-01  -0.531558E-01   0.125150E+06   0.444484E+06   0.468209E+06   0.444484E+06   0.798600E-02   0.232269E+06   0.232246E+06   0.144993E-01
   0.550608E+00   0.461139E+06   0.460014E+06   0.346356E-01  -0.512599E-01   0.122070E+06   0.437515E+06   0.460950E+06   0.437515E+06   0.785819E-02   0.228568E+06   0.228545E+06   0.141461E-01
   0.555762E+00   0.454062E+06   0.452954E+06   0.335303E-01  -0.494494E-01   0.119091E+06   0.430723E+06   0.453876E+06   0.430723E+06   0.773369E-02   0.224962E+06   0.224939E+06   0.138044E-01
   0.560916E+00   0.447158E+06   0.446066E+06   0.324699E-01  -0.477188E-01   0.116207E+06   0.424100E+06   0.446974E+06   0.424100E+06   0.761231E-02   0.221447E+06   0.221424E+06   0.134747E-01
   0.566070E+00   0.440415E+06   0.439340E+06   0.314520E-01  -0.460629E-01   0.113409E+06   0.417633E+06   0.440235E+06   0.417633E+06   0.749383E-02   0.218015E+06   0.217992E+06   0.131569E-01
   0.571224E+00   0.433819E+06   0.432759E+06   0.304740E-01  -0.444765E-01   0.110689E+06   0.411307E+06   0.433641E+06   0.411307E+06   0.737797E-02   0.214659E+06   0.214637E+06   0.128506E-01
   0.576378E+00   0.427358E+06   0.426313E+06   0.295335E-01  -0.429557E-01   0.108042E+06   0.405112E+06   0.427183E+06   0.405112E+06   0.726453E-02   0.211373E+06   0.211351E+06   0.125552E-01
   0.581532E+00   0.421034E+06   0.420003E+06   0.286289E-01  -0.414977E-01   0.105468E+06   0.399049E+06   0.420861E+06   0.399049E+06   0.715355E-02   0.208157E+06   0.208136E+06   0.122697E-01
   0.586686E+00   0.414852E+06   0.413835E+06   0.277592E-01  -0.401009E-01   0.102967E+06   0.393124E+06   0.414681E+06   0.393124E+06   0.704512E-02   0.205016E+06   0.204995E+06   0.119935E-01
   0.591840E+00   0.408812E+06   0.407809E+06   0.269228E-01  -0.387628E-01   0.100542E+06   0.387337E+06   0.408644E+06   0.387337E+06   0.693926E-02   0.201948E+06   0.201928E+06   0.117257E-01
   0.596995E+00   0.402912E+06   0.401922E+06   0.261181E-01  -0.374809E-01   0.981910E+05   0.381684E+06   0.402746E+06   0.381684E+06   0.683590E-02   0.198953E+06   0.198933E+06   0.114656E-01
   0.602149E+00   0.397147E+06   0.396171E+06   0.253435E-01  -0.362525E-01   0.959134E+05   0.376162E+06   0.396983E+06   0.376162E+06   0.673500E-02   0.196029E+06   0.196009E+06   0.112126E-01
   0.607303E+00   0.391519E+06   0.390556E+06   0.245980E-01  -0.350757E-01   0.937089E+05   0.370773E+06   0.391357E+06   0.370773E+06   0.663658E-02   0.193176E+06   0.193156E+06   0.109668E-01
   0.612457E+00   0.386027E+06   0.385077E+06   0.238805E-01  -0.339480E-01   0.915762E+05   0.365515E+06   0.385867E+06   0.365515E+06   0.654060E-02   0.190394E+06   0.190375E+06   0.107279E-01
   0.659749E+00   0.340828E+06   0.339984E+06   0.183851E-01  -0.254759E-01   0.748374E+05   0.322301E+06   0.340686E+06   0.322301E+06   0.575364E-02   0.167571E+06   0.167553E+06   0.884078E-02
   0.710693E+00   0.300858E+06   0.300110E+06   0.141547E-01  -0.191047E-01   0.608894E+05   0.284146E+06   0.300733E+06   0.284146E+06   0.506009E-02   0.147449E+06   0.147433E+06   0.728375E-02
   0.765571E+00   0.265521E+06   0.264857E+06   0.108846E-01  -0.143351E-01   0.493875E+05   0.250470E+06   0.265409E+06   0.250470E+06   0.445019E-02   0.129740E+06   0.129726E+06   0.600229E-02
   0.895965E+00   0.203704E+06   0.203190E+06   0.622638E-02  -0.781848E-02   0.315825E+05   0.191721E+06   0.203618E+06   0.191721E+06   0.339120E-02   0.989606E+05   0.989498E+05   0.398947E-02
   0.125042E+01   0.115784E+06   0.115487E+06   0.188345E-02  -0.217380E-02   0.118029E+05   0.108547E+06   0.115734E+06   0.108547E+06   0.190485E-02   0.556813E+05   0.556749E+05   0.168874E-02
   0.174510E+01   0.654955E+05   0.653256E+05   0.561007E-03  -0.608722E-03   0.423511E+04   0.612324E+05   0.654670E+05   0.612324E+05   0.106832E-02   0.312677E+05   0.312638E+05   0.728925E-03
   0.243548E+01   0.368474E+05   0.367507E+05   0.164838E-03  -0.171335E-03   0.146164E+04   0.343851E+05   0.368311E+05   0.343851E+05   0.597494E-03   0.175029E+05   0.175005E+05   0.327000E-03
