#          k/h    CDM            baryon         photon         nu             mass_nu        total          no_nu          total_de       Weyl           v_CDM          v_b            v_b-v_c     
   0.102076E-04   0.259934E+08   0.259934E+08   0.346440E+08   0.346436E+08   0.259935E+08   0.259934E+08   0.259934E+08   0.260021E+08   0.669657E+00   0.306210E+08   0.306210E+08   0.590683E+01
   0.112819E-04   0.259934E+08   0.259934E+08   0.346409E+08   0.346404E+08   0.259935E+08   0.259934E+08   0.259934E+08   0.260021E+08   0.669657E+00   0.306210E+08   0.306210E+08   0.652830E+01
   0.124693E-04   0.259934E+08   0.259934E+08   0.346371E+08   0.346365E+08   0.259935E+08   0.259934E+08   0.259934E+08   0.260021E+08   0.669657E+00   0.306209E+08   0.306209E+08   0.721510E+01
   0.137816E-04   0.259934E+08   0.259934E+08   0.346325E+08   0.346318E+08   0.259935E+08   0.259934E+08   0.259934E+08   0.260020E+08   0.669657E+00   0.306209E+08   0.306209E+08   0.797410E+01
   0.152321E-04   0.259934E+08   0.259934E+08   0.346269E+08   0.346260E+08   0.259935E+08   0.259934E+08   0.259934E+08   0.260020E+08   0.669656E+00   0.306209E+08   0.306209E+08   0.881285E+01
   0.168352E-04   0.259934E+08   0.259934E+08   0.346200E+08   0.346189E+08   0.259934E+08   0.259934E+08   0.259934E+08   0.260020E+08   0.669656E+00   0.306209E+08   0.306209E+08   0.973971E+01
   0.186070E-04   0.259933E+08   0.259933E+08   0.346116E+08   0.346103E+08   0.259934E+08   0.259933E+08   0.259933E+08   0.260020E+08   0.669655E+00   0.306209E+08   0.306209E+08   0.107639E+02
   0.205653E-04   0.259933E+08   0.259933E+08   0.346014E+08   0.345997E+08   0.259934E+08   0.259933E+08   0.259933E+08   0.260020E+08   0.669655E+00   0.306208E+08   0.306208E+08   0.118955E+02
   0.227297E-04   0.259933E+08   0.259933E+08   0.345888E+08   0.345869E+08   0.259934E+08   0.259933E+08   0.259933E+08   0.260019E+08   0.669654E+00   0.306208E+08   0.306208E+08   0.131459E+02
   0.251219E-04   0.259932E+08   0.259932E+08   0.345736E+08   0.345712E+08   0.259933E+08   0.259933E+08   0.259932E+08   0.260019E+08   0.669653E+00   0.306208E+08   0.306207E+08   0.145273E+02
   0.277659E-04   0.259932E+08   0.259932E+08   0.345549E+08   0.345520E+08   0.259933E+08   0.259932E+08   0.259932E+08   0.260018E+08   0.669652E+00   0.306207E+08   0.306207E+08   0.160533E+02
   0.306881E-04   0.259932E+08   0.259931E+08   0.345321E+08   0.345285E+08   0.259932E+08   0.259932E+08   0.259931E+08   0.260018E+08   0.669650E+00   0.306206E+08   0.306206E+08   0.177388E+02
   0.339179E-04   0.259931E+08   0.259931E+08   0.345043E+08   0.344999E+08   0.259932E+08   0.259931E+08   0.259931E+08   0.260017E+08   0.669648E+00   0.306205E+08   0.306205E+08   0.196004E+02
   0.374876E-04   0.259930E+08   0.259930E+08   0.344704E+08   0.344650E+08   0.259931E+08   0.259930E+08   0.259930E+08   0.260016E+08   0.669646E+00   0.306204E+08   0.306204E+08   0.216561E+02
   0.414330E-04   0.259929E+08   0.259929E+08   0.344290E+08   0.344225E+08   0.259930E+08   0.259929E+08   0.259929E+08   0.260015E+08   0.669643E+00   0.306203E+08   0.306203E+08   0.239255E+02
   0.457936E-04   0.259928E+08   0.259928E+08   0.343785E+08   0.343706E+08   0.259929E+08   0.259928E+08   0.259928E+08   0.260014E+08   0.669640E+00   0.306202E+08   0.306202E+08   0.264305E+02
   0.506132E-04   0.259926E+08   0.259926E+08   0.343170E+08   0.343073E+08   0.259927E+08   0.259926E+08   0.259926E+08   0.260012E+08   0.669636E+00   0.306200E+08   0.306200E+08   0.291945E+02
   0.559400E-04   0.259925E+08   0.259924E+08   0.342419E+08   0.342301E+08   0.259925E+08   0.259925E+08   0.259925E+08   0.260010E+08   0.669631E+00   0.306197E+08   0.306197E+08   0.322432E+02
   0.618274E-04   0.259922E+08   0.259922E+08   0.341505E+08   0.341361E+08   0.259923E+08   0.259922E+08   0.259922E+08   0.260008E+08   0.669625E+00   0.306195E+08   0.306195E+08   0.356044E+02
   0.683345E-04   0.259920E+08   0.259920E+08   0.340393E+08   0.340218E+08   0.259921E+08   0.259920E+08   0.259920E+08   0.260005E+08   0.669618E+00   0.306191E+08   0.306191E+08   0.393082E+02
   0.755264E-04   0.259917E+08   0.259916E+08   0.339040E+08   0.338826E+08   0.259917E+08   0.259917E+08   0.259916E+08   0.260001E+08   0.669609E+00   0.306187E+08   0.306187E+08   0.433867E+02
   0.834752E-04   0.259913E+08   0.259912E+08   0.337395E+08   0.337136E+08   0.259913E+08   0.259913E+08   0.259913E+08   0.259997E+08   0.669598E+00   0.306182E+08   0.306182E+08   0.478741E+02
   0.922605E-04   0.259908E+08   0.259907E+08   0.335399E+08   0.335084E+08   0.259908E+08   0.259908E+08   0.259908E+08   0.259992E+08   0.669584E+00   0.306176E+08   0.306176E+08   0.528066E+02
   0.101971E-03   0.259902E+08   0.259901E+08   0.332979E+08   0.332597E+08   0.259902E+08   0.259902E+08   0.259902E+08   0.259985E+08   0.669568E+00   0.306168E+08   0.306168E+08   0.582214E+02
   0.112702E-03   0.259895E+08   0.259894E+08   0.330050E+08   0.329588E+08   0.259895E+08   0.259895E+08   0.259895E+08   0.259977E+08   0.669548E+00   0.306159E+08   0.306159E+08   0.641569E+02
   0.124564E-03   0.259886E+08   0.259885E+08   0.326514E+08   0.325956E+08   0.259886E+08   0.259886E+08   0.259886E+08   0.259967E+08   0.669524E+00   0.306148E+08   0.306148E+08   0.706510E+02
   0.137674E-03   0.259875E+08   0.259874E+08   0.322254E+08   0.321582E+08   0.259876E+08   0.259875E+08   0.259875E+08   0.259956E+08   0.669495E+00   0.306134E+08   0.306134E+08   0.777404E+02
   0.152163E-03   0.259862E+08   0.259861E+08   0.317139E+08   0.316332E+08   0.259862E+08   0.259862E+08   0.259862E+08   0.259941E+08   0.669459E+00   0.306118E+08   0.306117E+08   0.854579E+02
   0.168178E-03   0.259846E+08   0.259845E+08   0.311022E+08   0.310056E+08   0.259846E+08   0.259846E+08   0.259846E+08   0.259924E+08   0.669415E+00   0.306097E+08   0.306097E+08   0.938307E+02
   0.185878E-03   0.259827E+08   0.259825E+08   0.303739E+08   0.302589E+08   0.259827E+08   0.259827E+08   0.259827E+08   0.259902E+08   0.669362E+00   0.306073E+08   0.306072E+08   0.102876E+03
   0.205440E-03   0.259804E+08   0.259801E+08   0.295120E+08   0.293758E+08   0.259803E+08   0.259803E+08   0.259803E+08   0.259877E+08   0.669297E+00   0.306043E+08   0.306042E+08   0.112597E+03
   0.227062E-03   0.259775E+08   0.259772E+08   0.284991E+08   0.283390E+08   0.259775E+08   0.259775E+08   0.259774E+08   0.259846E+08   0.669219E+00   0.306007E+08   0.306006E+08   0.122978E+03
   0.250959E-03   0.259740E+08   0.259737E+08   0.273192E+08   0.271326E+08   0.259740E+08   0.259740E+08   0.259740E+08   0.259808E+08   0.669125E+00   0.305963E+08   0.305962E+08   0.133976E+03
   0.277372E-03   0.259698E+08   0.259694E+08   0.259597E+08   0.257445E+08   0.259697E+08   0.259698E+08   0.259698E+08   0.259762E+08   0.669010E+00   0.305910E+08   0.305909E+08   0.145510E+03
   0.306564E-03   0.259648E+08   0.259643E+08   0.244140E+08   0.241692E+08   0.259646E+08   0.259647E+08   0.259647E+08   0.259708E+08   0.668873E+00   0.305846E+08   0.305845E+08   0.157460E+03
   0.338828E-03   0.259587E+08   0.259580E+08   0.226855E+08   0.224118E+08   0.259585E+08   0.259585E+08   0.259586E+08   0.259642E+08   0.668707E+00   0.305770E+08   0.305768E+08   0.169644E+03
   0.374488E-03   0.259513E+08   0.259505E+08   0.207922E+08   0.204924E+08   0.259510E+08   0.259512E+08   0.259512E+08   0.259563E+08   0.668508E+00   0.305677E+08   0.305675E+08   0.181822E+03
   0.413901E-03   0.259424E+08   0.259415E+08   0.187709E+08   0.184512E+08   0.259421E+08   0.259423E+08   0.259423E+08   0.259469E+08   0.668270E+00   0.305567E+08   0.305565E+08   0.193679E+03
   0.457462E-03   0.259318E+08   0.259307E+08   0.166811E+08   0.163519E+08   0.259314E+08   0.259316E+08   0.259316E+08   0.259358E+08   0.667987E+00   0.305436E+08   0.305433E+08   0.204829E+03
   0.505608E-03   0.259192E+08   0.259179E+08   0.146060E+08   0.142817E+08   0.259186E+08   0.259189E+08   0.259190E+08   0.259226E+08   0.667650E+00   0.305280E+08   0.305277E+08   0.214822E+03
   0.558821E-03   0.259041E+08   0.259026E+08   0.126470E+08   0.123463E+08   0.259034E+08   0.259038E+08   0.259039E+08   0.259070E+08   0.667252E+00   0.305096E+08   0.305092E+08   0.223166E+03
   0.617635E-03   0.258863E+08   0.258845E+08   0.109103E+08   0.106543E+08   0.258854E+08   0.258859E+08   0.258860E+08   0.258886E+08   0.666783E+00   0.304879E+08   0.304875E+08   0.229363E+03
   0.682638E-03   0.258652E+08   0.258632E+08   0.948356E+07   0.929223E+07   0.258641E+08   0.258648E+08   0.258649E+08   0.258672E+08   0.666232E+00   0.304625E+08   0.304620E+08   0.232967E+03
   0.754482E-03   0.258405E+08   0.258382E+08   0.840485E+07   0.829241E+07   0.258391E+08   0.258400E+08   0.258401E+08   0.258421E+08   0.665586E+00   0.304327E+08   0.304322E+08   0.233643E+03
   0.833888E-03   0.258115E+08   0.258089E+08   0.763622E+07   0.760597E+07   0.258098E+08   0.258110E+08   0.258111E+08   0.258129E+08   0.664832E+00   0.303981E+08   0.303975E+08   0.231225E+03
   0.921651E-03   0.257777E+08   0.257748E+08   0.706081E+07   0.710225E+07   0.257756E+08   0.257771E+08   0.257772E+08   0.257789E+08   0.663954E+00   0.303578E+08   0.303572E+08   0.225742E+03
   0.101865E-02   0.257384E+08   0.257352E+08   0.652390E+07   0.661537E+07   0.257358E+08   0.257377E+08   0.257379E+08   0.257394E+08   0.662934E+00   0.303111E+08   0.303104E+08   0.217402E+03
   0.112586E-02   0.256928E+08   0.256894E+08   0.591634E+07   0.603435E+07   0.256896E+08   0.256921E+08   0.256923E+08   0.256936E+08   0.661751E+00   0.302570E+08   0.302563E+08   0.206529E+03
   0.124435E-02   0.256401E+08   0.256364E+08   0.525014E+07   0.538157E+07   0.256362E+08   0.256393E+08   0.256395E+08   0.256406E+08   0.660385E+00   0.301945E+08   0.301938E+08   0.193508E+03
   0.137531E-02   0.255793E+08   0.255754E+08   0.463987E+07   0.478738E+07   0.255744E+08   0.255783E+08   0.255786E+08   0.255795E+08   0.658810E+00   0.301225E+08   0.301218E+08   0.178792E+03
   0.152006E-02   0.255092E+08   0.255053E+08   0.416216E+07   0.433585E+07   0.255033E+08   0.255082E+08   0.255085E+08   0.255092E+08   0.657000E+00   0.300397E+08   0.300389E+08   0.162978E+03
   0.168004E-02   0.254288E+08   0.254248E+08   0.374366E+07  -0.294736E+07   0.254216E+08   0.254277E+08   0.254282E+08   0.254281E+08   0.654925E+00   0.299447E+08   0.299439E+08   0.146851E+03
   0.185685E-02   0.253367E+08   0.253327E+08   0.328367E+07  -0.240397E+07   0.253279E+08   0.253355E+08   0.253360E+08   0.253359E+08   0.652542E+00   0.298358E+08   0.298351E+08   0.131255E+03
   0.205228E-02   0.252315E+08   0.252275E+08   0.285130E+07  -0.195973E+07   0.252207E+08   0.252301E+08   0.252308E+08   0.252304E+08   0.649824E+00   0.297115E+08   0.297108E+08   0.116897E+03
   0.226827E-02   0.251115E+08   0.251075E+08   0.252550E+07  -0.159662E+07   0.250984E+08   0.251100E+08   0.251108E+08   0.251103E+08   0.646728E+00   0.295699E+08   0.295692E+08   0.104263E+03
   0.250700E-02   0.249751E+08   0.249710E+08   0.220199E+07  -0.129990E+07   0.249591E+08   0.249733E+08   0.249744E+08   0.249736E+08   0.643207E+00   0.294089E+08   0.294082E+08   0.935829E+02
   0.277085E-02   0.248203E+08   0.248161E+08   0.189490E+07  -0.105752E+07   0.248009E+08   0.248183E+08   0.248196E+08   0.248186E+08   0.639214E+00   0.292264E+08   0.292257E+08   0.846637E+02
   0.306246E-02   0.246453E+08   0.246408E+08   0.164788E+07  -0.859584E+06   0.246217E+08   0.246429E+08   0.246445E+08   0.246432E+08   0.634696E+00   0.290198E+08   0.290191E+08   0.769729E+02
   0.338478E-02   0.244477E+08   0.244430E+08   0.140211E+07  -0.698019E+06   0.244192E+08   0.244450E+08   0.244469E+08   0.244452E+08   0.629598E+00   0.287867E+08   0.287860E+08   0.699239E+02
   0.374101E-02   0.242254E+08   0.242204E+08   0.120094E+07  -0.566203E+06   0.241910E+08   0.242222E+08   0.242245E+08   0.242224E+08   0.623861E+00   0.285243E+08   0.285236E+08   0.631467E+02
   0.413473E-02   0.239758E+08   0.239705E+08   0.101987E+07  -0.458719E+06   0.239344E+08   0.239721E+08   0.239749E+08   0.239722E+08   0.617420E+00   0.282298E+08   0.282291E+08   0.567055E+02
   0.456989E-02   0.236963E+08   0.236907E+08   0.862821E+06  -0.371130E+06   0.236466E+08   0.236920E+08   0.236954E+08   0.236921E+08   0.610208E+00   0.279000E+08   0.278993E+08   0.508966E+02
   0.505085E-02   0.233843E+08   0.233781E+08   0.728800E+06  -0.299804E+06   0.233246E+08   0.233792E+08   0.233832E+08   0.233793E+08   0.602153E+00   0.275317E+08   0.275310E+08   0.458506E+02
   0.558243E-02   0.230367E+08   0.230300E+08   0.609373E+06  -0.241768E+06   0.229655E+08   0.230307E+08   0.230356E+08   0.230308E+08   0.593180E+00   0.271214E+08   0.271207E+08   0.413607E+02
   0.616996E-02   0.226507E+08   0.226432E+08   0.506901E+06  -0.194591E+06   0.225661E+08   0.226437E+08   0.226494E+08   0.226437E+08   0.583214E+00   0.266657E+08   0.266650E+08   0.371895E+02
   0.681932E-02   0.222231E+08   0.222149E+08   0.418624E+06  -0.156281E+06   0.221231E+08   0.222149E+08   0.222218E+08   0.222150E+08   0.572175E+00   0.261609E+08   0.261602E+08   0.333921E+02
   0.753702E-02   0.217510E+08   0.217418E+08   0.344269E+06  -0.125209E+06   0.216333E+08   0.217414E+08   0.217495E+08   0.217415E+08   0.559984E+00   0.256034E+08   0.256028E+08   0.300497E+02
   0.833025E-02   0.212314E+08   0.212209E+08   0.283043E+06  -0.100042E+06   0.210938E+08   0.212202E+08   0.212296E+08   0.212203E+08   0.546565E+00   0.249898E+08   0.249891E+08   0.270320E+02
   0.920698E-02   0.206613E+08   0.206495E+08   0.230962E+06  -0.796912E+05   0.205017E+08   0.206484E+08   0.206593E+08   0.206485E+08   0.531844E+00   0.243167E+08   0.243160E+08   0.243070E+02
   0.101760E-01   0.200385E+08   0.200250E+08   0.188084E+06  -0.632639E+05   0.198546E+08   0.200237E+08   0.200362E+08   0.200237E+08   0.515759E+00   0.235811E+08   0.235805E+08   0.218896E+02
   0.112469E-01   0.193608E+08   0.193454E+08   0.152125E+06  -0.500319E+05   0.191507E+08   0.193439E+08   0.193582E+08   0.193439E+08   0.498258E+00   0.227809E+08   0.227802E+08   0.197168E+02
   0.124306E-01   0.186270E+08   0.186093E+08   0.121768E+06  -0.393995E+05   0.183891E+08   0.186078E+08   0.186241E+08   0.186078E+08   0.479308E+00   0.219143E+08   0.219136E+08   0.177854E+02
   0.137389E-01   0.178366E+08   0.178163E+08   0.972923E+05  -0.308799E+05   0.175695E+08   0.178150E+08   0.178332E+08   0.178150E+08   0.458897E+00   0.209810E+08   0.209803E+08   0.160593E+02
   0.151849E-01   0.169903E+08   0.169670E+08   0.772373E+05  -0.240751E+05   0.166931E+08   0.169661E+08   0.169864E+08   0.169661E+08   0.437043E+00   0.199816E+08   0.199810E+08   0.145201E+02
   0.167830E-01   0.161062E+08   0.160797E+08   0.606891E+05  -0.186791E+05   0.157784E+08   0.160794E+08   0.161018E+08   0.160794E+08   0.414217E+00   0.189378E+08   0.189372E+08   0.131506E+02
   0.185493E-01   0.151587E+08   0.151287E+08   0.474512E+05  -0.143882E+05   0.148007E+08   0.151292E+08   0.151537E+08   0.151293E+08   0.389756E+00   0.178192E+08   0.178186E+08   0.119076E+02
   0.205016E-01   0.141678E+08   0.141341E+08   0.368243E+05  -0.110056E+05   0.137809E+08   0.141358E+08   0.141622E+08   0.141358E+08   0.364180E+00   0.166497E+08   0.166491E+08   0.107745E+02
   0.226592E-01   0.131317E+08   0.130942E+08   0.281488E+05  -0.834804E+04   0.127185E+08   0.130972E+08   0.131254E+08   0.130973E+08   0.337442E+00   0.154271E+08   0.154264E+08   0.972088E+01
   0.250440E-01   0.120847E+08   0.120437E+08   0.213845E+05  -0.628692E+04   0.116483E+08   0.120481E+08   0.120778E+08   0.120481E+08   0.310432E+00   0.141920E+08   0.141913E+08   0.872964E+01
   0.276798E-01   0.110412E+08   0.109971E+08   0.161461E+05  -0.470044E+04   0.105849E+08   0.110027E+08   0.110338E+08   0.110027E+08   0.283518E+00   0.129612E+08   0.129606E+08   0.777348E+01
   0.305930E-01   0.100096E+08   0.996344E+07   0.119833E+05  -0.348695E+04   0.953728E+07   0.996969E+07   0.100018E+08   0.996969E+07   0.256921E+00   0.117450E+08   0.117444E+08   0.682894E+01
   0.338127E-01   0.901671E+07   0.896993E+07   0.889977E+04  -0.257023E+04   0.853190E+07   0.897587E+07   0.900886E+07   0.897587E+07   0.231333E+00   0.105750E+08   0.105744E+08   0.588316E+01
   0.373714E-01   0.809402E+07   0.804840E+07   0.658319E+04  -0.188788E+04   0.759938E+07   0.805268E+07   0.808636E+07   0.805268E+07   0.207564E+00   0.948811E+07   0.948756E+07   0.493566E+01
   0.413045E-01   0.727074E+07   0.722838E+07   0.486288E+04  -0.138763E+04   0.676592E+07   0.722921E+07   0.726363E+07   0.722921E+07   0.186362E+00   0.851864E+07   0.851814E+07   0.400121E+01
   0.454350E-01   0.657924E+07   0.654192E+07  -0.612056E+03  -0.103730E+04   0.606647E+07   0.653794E+07   0.657297E+07   0.653794E+07   0.168566E+00   0.770484E+07   0.770441E+07   0.314699E+01
   0.495654E-01   0.604100E+07   0.600957E+07  -0.472076E+03  -0.800036E+03   0.551914E+07   0.599999E+07   0.603572E+07   0.599999E+07   0.154718E+00   0.707160E+07   0.707124E+07   0.243441E+01
   0.536959E-01   0.561099E+07   0.558547E+07  -0.373506E+03  -0.632963E+03   0.507911E+07   0.557022E+07   0.560670E+07   0.557022E+07   0.143657E+00   0.656574E+07   0.656544E+07   0.186745E+01
   0.578264E-01   0.525103E+07   0.523072E+07  -0.301313E+03  -0.510600E+03   0.470942E+07   0.521040E+07   0.524762E+07   0.521040E+07   0.134397E+00   0.614226E+07   0.614201E+07   0.144161E+01
   0.619568E-01   0.493467E+07   0.491836E+07  -0.246595E+03  -0.417859E+03   0.438481E+07   0.489409E+07   0.493193E+07   0.489409E+07   0.126257E+00   0.576999E+07   0.576978E+07   0.114419E+01
   0.660873E-01   0.463840E+07   0.462465E+07  -0.203660E+03  -0.345089E+03   0.408338E+07   0.459787E+07   0.463609E+07   0.459787E+07   0.118633E+00   0.542134E+07   0.542115E+07   0.954013E+00
   0.702177E-01   0.434832E+07   0.433572E+07  -0.169064E+03  -0.286456E+03   0.379233E+07   0.430790E+07   0.434620E+07   0.430790E+07   0.111168E+00   0.507999E+07   0.507981E+07   0.845680E+00
   0.743482E-01   0.406367E+07   0.405105E+07  -0.140876E+03  -0.238684E+03   0.351105E+07   0.402348E+07   0.406156E+07   0.402348E+07   0.103845E+00   0.474512E+07   0.474494E+07   0.793186E+00
   0.784786E-01   0.377992E+07   0.376648E+07  -0.117561E+03  -0.199171E+03   0.323544E+07   0.374017E+07   0.377766E+07   0.374017E+07   0.965472E-01   0.441147E+07   0.441129E+07   0.770738E+00
   0.826091E-01   0.350790E+07   0.349331E+07  -0.984213E+02  -0.166737E+03   0.297469E+07   0.346875E+07   0.350545E+07   0.346875E+07   0.895548E-01   0.409179E+07   0.409160E+07   0.758404E+00
   0.867395E-01   0.325513E+07   0.323946E+07  -0.828028E+02  -0.140271E+03   0.273477E+07   0.321669E+07   0.325250E+07   0.321669E+07   0.830602E-01   0.379488E+07   0.379469E+07   0.741307E+00
   0.918936E-01   0.297581E+07   0.295939E+07  -0.674103E+02  -0.114188E+03   0.247145E+07   0.293837E+07   0.297306E+07   0.293837E+07   0.758880E-01   0.346700E+07   0.346680E+07   0.700728E+00
   0.970477E-01   0.274384E+07   0.272764E+07  -0.557039E+02  -0.943531E+02   0.225300E+07   0.270736E+07   0.274112E+07   0.270736E+07   0.699352E-01   0.319487E+07   0.319468E+07   0.635418E+00
   0.102202E+00   0.256124E+07   0.254624E+07  -0.468674E+02  -0.793813E+02   0.207963E+07   0.252559E+07   0.255872E+07   0.252559E+07   0.652519E-01   0.298076E+07   0.298059E+07   0.551649E+00
   0.107356E+00   0.242135E+07   0.240826E+07  -0.401437E+02  -0.679895E+02   0.194445E+07   0.238632E+07   0.241915E+07   0.238632E+07   0.616652E-01   0.281676E+07   0.281662E+07   0.461171E+00
   0.112510E+00   0.231050E+07   0.229957E+07  -0.348682E+02  -0.590516E+02   0.183530E+07   0.227593E+07   0.230867E+07   0.227593E+07   0.588233E-01   0.268681E+07   0.268668E+07   0.376449E+00
   0.117664E+00   0.221368E+07   0.220472E+07  -0.305372E+02  -0.517143E+02   0.173949E+07   0.217948E+07   0.221217E+07   0.217948E+07   0.563408E-01   0.257328E+07   0.257317E+07   0.307177E+00
   0.122818E+00   0.211916E+07   0.211166E+07  -0.268245E+02  -0.454246E+02   0.164745E+07   0.208537E+07   0.211790E+07   0.208537E+07   0.539176E-01   0.246248E+07   0.246238E+07   0.258341E+00
   0.127972E+00   0.202018E+07   0.201344E+07  -0.235464E+02  -0.398713E+02   0.155380E+07   0.198688E+07   0.201905E+07   0.198688E+07   0.513802E-01   0.234647E+07   0.234638E+07   0.229841E+00
   0.133126E+00   0.191484E+07   0.190821E+07  -0.206170E+02  -0.349090E+02   0.145720E+07   0.188216E+07   0.191373E+07   0.188216E+07   0.486809E-01   0.222308E+07   0.222300E+07   0.217475E+00
   0.138280E+00   0.180536E+07   0.179839E+07  -0.180095E+02  -0.304924E+02   0.135943E+07   0.177344E+07   0.180419E+07   0.177344E+07   0.458770E-01   0.209493E+07   0.209484E+07   0.214777E+00
   0.143435E+00   0.169659E+07   0.168907E+07  -0.157239E+02  -0.266210E+02   0.126417E+07   0.166551E+07   0.169533E+07   0.166551E+07   0.430927E-01   0.196769E+07   0.196760E+07   0.215010E+00
   0.148589E+00   0.159438E+07   0.158640E+07  -0.137640E+02  -0.233016E+02   0.117570E+07   0.156418E+07   0.159304E+07   0.156418E+07   0.404780E-01   0.184820E+07   0.184811E+07   0.212819E+00
   0.153743E+00   0.150409E+07   0.149591E+07  -0.121242E+02  -0.205245E+02   0.109777E+07   0.147471E+07   0.150272E+07   0.147471E+07   0.381692E-01   0.174270E+07   0.174261E+07   0.205163E+00
   0.158897E+00   0.142882E+07   0.142081E+07  -0.107791E+02  -0.182465E+02   0.103230E+07   0.140014E+07   0.142747E+07   0.140014E+07   0.362453E-01   0.165478E+07   0.165469E+07   0.191472E+00
   0.164051E+00   0.136824E+07   0.136074E+07  -0.968128E+01  -0.163874E+02   0.978698E+06   0.134013E+07   0.136698E+07   0.134013E+07   0.346974E-01   0.158404E+07   0.158395E+07   0.173169E+00
   0.169205E+00   0.131920E+07   0.131244E+07  -0.877247E+01  -0.148483E+02   0.934354E+06   0.129153E+07   0.131806E+07   0.129153E+07   0.334446E-01   0.152677E+07   0.152669E+07   0.152837E+00
   0.174359E+00   0.127745E+07   0.127149E+07  -0.799856E+01  -0.135378E+02   0.895996E+06   0.125014E+07   0.127645E+07   0.125014E+07   0.323779E-01   0.147801E+07   0.147794E+07   0.133321E+00
   0.179513E+00   0.123886E+07   0.123362E+07  -0.731660E+01  -0.123830E+02   0.860568E+06   0.121188E+07   0.123798E+07   0.121188E+07   0.313922E-01   0.143294E+07   0.143288E+07   0.116926E+00
   0.184667E+00   0.119988E+07   0.119517E+07  -0.669502E+01  -0.113305E+02   0.825491E+06   0.117325E+07   0.119909E+07   0.117325E+07   0.303964E-01   0.138742E+07   0.138736E+07   0.104917E+00
   0.189821E+00   0.115812E+07   0.115369E+07  -0.611448E+01  -0.103475E+02   0.789186E+06   0.113191E+07   0.115737E+07   0.113191E+07   0.293299E-01   0.133868E+07   0.133863E+07   0.973935E-01
   0.194975E+00   0.111314E+07   0.110876E+07  -0.556903E+01  -0.942402E+01   0.751367E+06   0.108744E+07   0.111240E+07   0.108744E+07   0.281819E-01   0.128623E+07   0.128617E+07   0.935084E-01
   0.200130E+00   0.106638E+07   0.106190E+07  -0.506247E+01  -0.856641E+01   0.713043E+06   0.104125E+07   0.106563E+07   0.104125E+07   0.269890E-01   0.123173E+07   0.123167E+07   0.918547E-01
   0.205284E+00   0.102005E+07   0.101541E+07  -0.460113E+01  -0.778540E+01   0.675704E+06   0.995511E+06   0.101927E+07   0.995511E+06   0.258075E-01   0.117775E+07   0.117770E+07   0.908974E-01
   0.210438E+00   0.976227E+06   0.971455E+06  -0.418927E+01  -0.708818E+01   0.640700E+06   0.952277E+06   0.975426E+06   0.952277E+06   0.246904E-01   0.112673E+07   0.112667E+07   0.893562E-01
   0.215592E+00   0.936555E+06   0.931750E+06  -0.382821E+01  -0.647697E+01   0.609043E+06   0.913155E+06   0.935748E+06   0.913155E+06   0.236796E-01   0.108055E+07   0.108050E+07   0.864643E-01
   0.220746E+00   0.902040E+06   0.897330E+06  -0.351618E+01  -0.594879E+01   0.581296E+06   0.879122E+06   0.901249E+06   0.879122E+06   0.228004E-01   0.104039E+07   0.104034E+07   0.820459E-01
   0.225900E+00   0.872724E+06   0.868229E+06  -0.324782E+01  -0.549454E+01   0.557380E+06   0.850214E+06   0.871969E+06   0.850214E+06   0.220539E-01   0.100628E+07   0.100623E+07   0.764254E-01
   0.231054E+00   0.847663E+06   0.843464E+06  -0.301489E+01  -0.510027E+01   0.536591E+06   0.825494E+06   0.846958E+06   0.825494E+06   0.214157E-01   0.977125E+06   0.977076E+06   0.702335E-01
   0.236208E+00   0.825361E+06   0.821484E+06  -0.280843E+01  -0.475081E+01   0.517902E+06   0.803492E+06   0.824710E+06   0.803492E+06   0.208479E-01   0.951177E+06   0.951131E+06   0.641868E-01
   0.241362E+00   0.804287E+06   0.800704E+06  -0.262070E+01  -0.443306E+01   0.500300E+06   0.782705E+06   0.803686E+06   0.782705E+06   0.203113E-01   0.926660E+06   0.926618E+06   0.588925E-01
   0.246516E+00   0.783181E+06   0.779826E+06  -0.244595E+01  -0.413730E+01   0.482975E+06   0.761896E+06   0.782618E+06   0.761896E+06   0.197741E-01   0.902113E+06   0.902073E+06   0.547146E-01
   0.251670E+00   0.761255E+06   0.758041E+06  -0.228070E+01  -0.385763E+01   0.465434E+06   0.740295E+06   0.760716E+06   0.740295E+06   0.192161E-01   0.876622E+06   0.876583E+06   0.517267E-01
   0.256825E+00   0.738340E+06   0.735186E+06  -0.212377E+01  -0.359204E+01   0.447584E+06   0.717739E+06   0.737810E+06   0.717739E+06   0.186331E-01   0.849995E+06   0.849957E+06   0.497471E-01
   0.261979E+00   0.714863E+06   0.711710E+06  -0.197574E+01  -0.334154E+01   0.429689E+06   0.694648E+06   0.714333E+06   0.694648E+06   0.180361E-01   0.822728E+06   0.822690E+06   0.484310E-01
   0.267133E+00   0.691573E+06   0.688396E+06  -0.183796E+01  -0.310840E+01   0.412203E+06   0.671756E+06   0.691040E+06   0.671756E+06   0.174440E-01   0.795690E+06   0.795652E+06   0.473817E-01
   0.272287E+00   0.669243E+06   0.666048E+06  -0.171159E+01  -0.289456E+01   0.395574E+06   0.649817E+06   0.668706E+06   0.649817E+06   0.168765E-01   0.769776E+06   0.769738E+06   0.462517E-01
   0.277441E+00   0.648485E+06   0.645303E+06  -0.159716E+01  -0.270094E+01   0.380144E+06   0.629430E+06   0.647951E+06   0.629430E+06   0.163492E-01   0.745694E+06   0.745656E+06   0.448148E-01
   0.282595E+00   0.629664E+06   0.626538E+06  -0.149450E+01  -0.252724E+01   0.366097E+06   0.610948E+06   0.629139E+06   0.610948E+06   0.158711E-01   0.723864E+06   0.723827E+06   0.429952E-01
   0.287749E+00   0.612826E+06   0.609799E+06  -0.140269E+01  -0.237189E+01   0.353426E+06   0.594414E+06   0.612318E+06   0.594414E+06   0.154436E-01   0.704337E+06   0.704302E+06   0.408543E-01
   0.292903E+00   0.597700E+06   0.594801E+06  -0.132016E+01  -0.223226E+01   0.341941E+06   0.579560E+06   0.597214E+06   0.579560E+06   0.150595E-01   0.686797E+06   0.686763E+06   0.385467E-01
   0.298057E+00   0.583795E+06   0.581036E+06  -0.124508E+01  -0.210523E+01   0.331334E+06   0.565905E+06   0.583332E+06   0.565905E+06   0.147065E-01   0.670674E+06   0.670642E+06   0.362625E-01
   0.303211E+00   0.570562E+06   0.567935E+06  -0.117569E+01  -0.198784E+01   0.321272E+06   0.552911E+06   0.570120E+06   0.552911E+06   0.143706E-01   0.655332E+06   0.655301E+06   0.341725E-01
   0.308365E+00   0.557533E+06   0.555017E+06  -0.111062E+01  -0.187775E+01   0.311480E+06   0.540124E+06   0.557111E+06   0.540124E+06   0.140399E-01   0.640231E+06   0.640201E+06   0.323899E-01
   0.313520E+00   0.544414E+06   0.541980E+06  -0.104899E+01  -0.177348E+01   0.301788E+06   0.527255E+06   0.544006E+06   0.527255E+06   0.137071E-01   0.625030E+06   0.625001E+06   0.309521E-01
   0.318674E+00   0.531114E+06   0.528731E+06  -0.990385E+00  -0.167435E+01   0.292143E+06   0.514215E+06   0.530714E+06   0.514215E+06   0.133696E-01   0.609623E+06   0.609595E+06   0.298255E-01
   0.323828E+00   0.517724E+06   0.515371E+06  -0.934796E+00  -0.158032E+01   0.282595E+06   0.501096E+06   0.517329E+06   0.501096E+06   0.130301E-01   0.594119E+06   0.594091E+06   0.289251E-01
   0.328982E+00   0.504465E+06   0.502129E+06  -0.882411E+00  -0.149170E+01   0.273262E+06   0.488111E+06   0.504073E+06   0.488111E+06   0.126939E-01   0.578772E+06   0.578744E+06   0.281439E-01
   0.334136E+00   0.491605E+06   0.489284E+06  -0.833473E+00  -0.140893E+01   0.264284E+06   0.475521E+06   0.491215E+06   0.475521E+06   0.123679E-01   0.563890E+06   0.563862E+06   0.273810E-01
   0.339290E+00   0.479383E+06   0.477087E+06  -0.788139E+00  -0.133225E+01   0.255783E+06   0.463561E+06   0.478998E+06   0.463561E+06   0.120582E-01   0.549751E+06   0.549724E+06   0.265647E-01
   0.344444E+00   0.467948E+06   0.465690E+06  -0.746391E+00  -0.126164E+01   0.247827E+06   0.452372E+06   0.467569E+06   0.452372E+06   0.117685E-01   0.536525E+06   0.536498E+06   0.256625E-01
   0.349598E+00   0.457325E+06   0.455118E+06  -0.708010E+00  -0.119672E+01   0.240416E+06   0.441979E+06   0.456954E+06   0.441979E+06   0.114993E-01   0.524239E+06   0.524213E+06   0.246804E-01
   0.354752E+00   0.447428E+06   0.445284E+06  -0.672631E+00  -0.113689E+01   0.233494E+06   0.432298E+06   0.447068E+06   0.432298E+06   0.112487E-01   0.512797E+06   0.512772E+06   0.236534E-01
   0.359906E+00   0.438110E+06   0.436034E+06  -0.639825E+00  -0.108140E+01   0.226974E+06   0.423184E+06   0.437762E+06   0.423184E+06   0.110127E-01   0.502024E+06   0.502000E+06   0.226315E-01
   0.365060E+00   0.429198E+06   0.427188E+06  -0.609170E+00  -0.102956E+01   0.220757E+06   0.414469E+06   0.428861E+06   0.414469E+06   0.107871E-01   0.491722E+06   0.491699E+06   0.216641E-01
   0.370215E+00   0.420528E+06   0.418578E+06  -0.580300E+00  -0.980737E+00   0.214751E+06   0.405992E+06   0.420200E+06   0.405992E+06   0.105676E-01   0.481702E+06   0.481679E+06   0.207877E-01
   0.375369E+00   0.411970E+06   0.410070E+06  -0.552928E+00  -0.934449E+00   0.208888E+06   0.397629E+06   0.411651E+06   0.397629E+06   0.103510E-01   0.471814E+06   0.471792E+06   0.200189E-01
   0.380523E+00   0.403457E+06   0.401597E+06  -0.526875E+00  -0.890392E+00   0.203130E+06   0.389312E+06   0.403144E+06   0.389312E+06   0.101355E-01   0.461980E+06   0.461958E+06   0.193534E-01
   0.385677E+00   0.394998E+06   0.393169E+06  -0.502079E+00  -0.848463E+00   0.197478E+06   0.381053E+06   0.394691E+06   0.381053E+06   0.992150E-02   0.452211E+06   0.452190E+06   0.187715E-01
   0.390831E+00   0.386663E+06   0.384858E+06  -0.478554E+00  -0.808683E+00   0.191966E+06   0.372916E+06   0.386360E+06   0.372916E+06   0.971063E-02   0.442588E+06   0.442566E+06   0.182446E-01
   0.395985E+00   0.378540E+06   0.376758E+06  -0.456335E+00  -0.771114E+00   0.186636E+06   0.364990E+06   0.378241E+06   0.364990E+06   0.950520E-02   0.433212E+06   0.433191E+06   0.177433E-01
   0.401139E+00   0.370705E+06   0.368947E+06  -0.435433E+00  -0.735773E+00   0.181520E+06   0.357347E+06   0.370410E+06   0.357347E+06   0.930707E-02   0.424170E+06   0.424149E+06   0.172439E-01
   0.406293E+00   0.363202E+06   0.361472E+06  -0.415822E+00  -0.702615E+00   0.176635E+06   0.350030E+06   0.362912E+06   0.350030E+06   0.911738E-02   0.415513E+06   0.415493E+06   0.167324E-01
   0.411447E+00   0.356053E+06   0.354354E+06  -0.397449E+00  -0.671551E+00   0.171988E+06   0.343058E+06   0.355768E+06   0.343058E+06   0.893666E-02   0.407266E+06   0.407246E+06   0.162065E-01
   0.416601E+00   0.349253E+06   0.347590E+06  -0.380236E+00  -0.642449E+00   0.167572E+06   0.336429E+06   0.348974E+06   0.336429E+06   0.876481E-02   0.399423E+06   0.399403E+06   0.156730E-01
   0.421755E+00   0.342763E+06   0.341137E+06  -0.364071E+00  -0.615120E+00   0.163362E+06   0.330102E+06   0.342490E+06   0.330102E+06   0.860078E-02   0.391937E+06   0.391918E+06   0.151443E-01
   0.426910E+00   0.336511E+06   0.334923E+06  -0.348822E+00  -0.589339E+00   0.159321E+06   0.324009E+06   0.336245E+06   0.324009E+06   0.844284E-02   0.384729E+06   0.384711E+06   0.146341E-01
   0.432064E+00   0.330432E+06   0.328880E+06  -0.334368E+00  -0.564904E+00   0.155415E+06   0.318086E+06   0.330171E+06   0.318086E+06   0.828925E-02   0.377721E+06   0.377702E+06   0.141535E-01
   0.437218E+00   0.324482E+06   0.322962E+06  -0.320624E+00  -0.541669E+00   0.151620E+06   0.312290E+06   0.324227E+06   0.312290E+06   0.813897E-02   0.370863E+06   0.370845E+06   0.137093E-01
   0.442372E+00   0.318641E+06   0.317150E+06  -0.307531E+00  -0.519536E+00   0.147925E+06   0.306602E+06   0.318391E+06   0.306602E+06   0.799145E-02   0.364131E+06   0.364114E+06   0.133027E-01
   0.447526E+00   0.312896E+06   0.311430E+06  -0.295045E+00  -0.498428E+00   0.144321E+06   0.301008E+06   0.312649E+06   0.301008E+06   0.784637E-02   0.357511E+06   0.357494E+06   0.129294E-01
   0.452680E+00   0.307247E+06   0.305803E+06  -0.283134E+00  -0.478295E+00   0.140808E+06   0.295511E+06   0.307004E+06   0.295511E+06   0.770375E-02   0.351004E+06   0.350987E+06   0.125817E-01
   0.457834E+00   0.301717E+06   0.300294E+06  -0.271789E+00  -0.459119E+00   0.137393E+06   0.290130E+06   0.301478E+06   0.290130E+06   0.756415E-02   0.344635E+06   0.344618E+06   0.122511E-01
   0.462988E+00   0.296338E+06   0.294936E+06  -0.261012E+00  -0.440902E+00   0.134090E+06   0.284899E+06   0.296103E+06   0.284899E+06   0.742841E-02   0.338442E+06   0.338425E+06   0.119300E-01
   0.468142E+00   0.291136E+06   0.289755E+06  -0.250794E+00  -0.423630E+00   0.130908E+06   0.279839E+06   0.290904E+06   0.279839E+06   0.729712E-02   0.332452E+06   0.332436E+06   0.116132E-01
   0.473296E+00   0.286113E+06   0.284754E+06  -0.241109E+00  -0.407261E+00   0.127847E+06   0.274956E+06   0.285885E+06   0.274956E+06   0.717038E-02   0.326670E+06   0.326654E+06   0.112982E-01
   0.478450E+00   0.281263E+06   0.279927E+06  -0.231924E+00  -0.391737E+00   0.124900E+06   0.270240E+06   0.281038E+06   0.270240E+06   0.704802E-02   0.321087E+06   0.321072E+06   0.109854E-01
   0.483605E+00   0.276574E+06   0.275262E+06  -0.223206E+00  -0.377002E+00   0.122061E+06   0.265684E+06   0.276354E+06   0.265684E+06   0.692976E-02   0.315692E+06   0.315677E+06   0.106776E-01
   0.488759E+00   0.272035E+06   0.270746E+06  -0.214920E+00  -0.362999E+00   0.119322E+06   0.261272E+06   0.271818E+06   0.261272E+06   0.681527E-02   0.310469E+06   0.310454E+06   0.103782E-01
   0.493913E+00   0.267624E+06   0.266358E+06  -0.207030E+00  -0.349664E+00   0.116672E+06   0.256987E+06   0.267411E+06   0.256987E+06   0.670402E-02   0.305394E+06   0.305379E+06   0.100908E-01
   0.499067E+00   0.263317E+06   0.262074E+06  -0.199498E+00  -0.336935E+00   0.114100E+06   0.252803E+06   0.263108E+06   0.252803E+06   0.659543E-02   0.300440E+06   0.300425E+06   0.981745E-02
   0.504221E+00   0.259097E+06   0.257874E+06  -0.192295E+00  -0.324761E+00   0.111596E+06   0.248705E+06   0.258891E+06   0.248705E+06   0.648904E-02   0.295587E+06   0.295572E+06   0.955902E-02
   0.509375E+00   0.254959E+06   0.253756E+06  -0.185400E+00  -0.313110E+00   0.109157E+06   0.244687E+06   0.254757E+06   0.244687E+06   0.638472E-02   0.290828E+06   0.290814E+06   0.931489E-02
   0.514529E+00   0.250905E+06   0.249720E+06  -0.178803E+00  -0.301962E+00   0.106783E+06   0.240753E+06   0.250706E+06   0.240753E+06   0.628256E-02   0.286168E+06   0.286154E+06   0.908331E-02
   0.519683E+00   0.246939E+06   0.245771E+06  -0.172492E+00  -0.291296E+00   0.104474E+06   0.236904E+06   0.246743E+06   0.236904E+06   0.618261E-02   0.281610E+06   0.281596E+06   0.886184E-02
   0.524837E+00   0.243064E+06   0.241912E+06  -0.166455E+00  -0.281095E+00   0.102230E+06   0.233144E+06   0.242870E+06   0.233144E+06   0.608496E-02   0.277155E+06   0.277142E+06   0.864796E-02
   0.529991E+00   0.239283E+06   0.238148E+06  -0.160683E+00  -0.271342E+00   0.100052E+06   0.229477E+06   0.239093E+06   0.229477E+06   0.598971E-02   0.272811E+06   0.272797E+06   0.843965E-02
   0.535145E+00   0.235604E+06   0.234486E+06  -0.155169E+00  -0.262025E+00   0.979416E+05   0.225909E+06   0.235416E+06   0.225909E+06   0.589702E-02   0.268583E+06   0.268570E+06   0.823577E-02
   0.540300E+00   0.232029E+06   0.230927E+06  -0.149903E+00  -0.253127E+00   0.958985E+05   0.222442E+06   0.231844E+06   0.222442E+06   0.580697E-02   0.264476E+06   0.264463E+06   0.803596E-02
   0.545454E+00   0.228552E+06   0.227467E+06  -0.144870E+00  -0.244623E+00   0.939193E+05   0.219072E+06   0.228370E+06   0.219072E+06   0.571941E-02   0.260483E+06   0.260470E+06   0.784049E-02
   0.550608E+00   0.225164E+06   0.224096E+06  -0.140055E+00  -0.236487E+00   0.919990E+05   0.215788E+06   0.224985E+06   0.215788E+06   0.563410E-02   0.256592E+06   0.256579E+06   0.765001E-02
   0.555762E+00   0.221858E+06   0.220806E+06  -0.135442E+00  -0.228693E+00   0.901336E+05   0.212584E+06   0.221682E+06   0.212584E+06   0.555086E-02   0.252795E+06   0.252783E+06   0.746538E-02
   0.560916E+00   0.218630E+06   0.217593E+06  -0.131022E+00  -0.221225E+00   0.883206E+05   0.209456E+06   0.218456E+06   0.209456E+06   0.546957E-02   0.249088E+06   0.249076E+06   0.728737E-02
   0.566070E+00   0.215473E+06   0.214452E+06  -0.126781E+00  -0.214061E+00   0.865568E+05   0.206398E+06   0.215301E+06   0.206398E+06   0.539011E-02   0.245464E+06   0.245452E+06   0.711635E-02
   0.571224E+00   0.212381E+06   0.211375E+06  -0.122710E+00  -0.207182E+00   0.848385E+05   0.203403E+06   0.212212E+06   0.203403E+06   0.531229E-02   0.241916E+06   0.241904E+06   0.695220E-02
   0.576378E+00   0.209349E+06   0.208357E+06  -0.118798E+00  -0.200573E+00   0.831631E+05   0.200468E+06   0.209183E+06   0.200468E+06   0.523599E-02   0.238436E+06   0.238424E+06   0.679447E-02
   0.581532E+00   0.206379E+06   0.205400E+06  -0.115039E+00  -0.194222E+00   0.815303E+05   0.197592E+06   0.206214E+06   0.197592E+06   0.516123E-02   0.235027E+06   0.235016E+06   0.664250E-02
   0.586686E+00   0.203472E+06   0.202507E+06  -0.111428E+00  -0.188122E+00   0.799405E+05   0.194778E+06   0.203310E+06   0.194778E+06   0.508810E-02   0.231692E+06   0.231681E+06   0.649558E-02
   0.591840E+00   0.200631E+06   0.199678E+06  -0.107960E+00  -0.182264E+00   0.783934E+05   0.192028E+06   0.200471E+06   0.192028E+06   0.501661E-02   0.228432E+06   0.228421E+06   0.635299E-02
   0.596995E+00   0.197852E+06   0.196912E+06  -0.104629E+00  -0.176636E+00   0.768876E+05   0.189340E+06   0.197694E+06   0.189340E+06   0.494671E-02   0.225245E+06   0.225234E+06   0.621414E-02
   0.602149E+00   0.195135E+06   0.194208E+06  -0.101428E+00  -0.171228E+00   0.754217E+05   0.186711E+06   0.194979E+06   0.186711E+06   0.487837E-02   0.222129E+06   0.222118E+06   0.607868E-02
   0.607303E+00   0.192480E+06   0.191566E+06  -0.983516E-01  -0.166032E+00   0.739957E+05   0.184143E+06   0.192327E+06   0.184143E+06   0.481161E-02   0.219085E+06   0.219074E+06   0.594655E-02
   0.612457E+00   0.189888E+06   0.188985E+06  -0.953956E-01  -0.161039E+00   0.726085E+05   0.181636E+06   0.189736E+06   0.181636E+06   0.474641E-02   0.216112E+06   0.216101E+06   0.581783E-02
   0.659749E+00   0.168450E+06   0.167649E+06  -0.728950E-01  -0.123034E+00   0.613948E+05   0.160922E+06   0.168316E+06   0.160922E+06   0.420758E-02   0.191546E+06   0.191536E+06   0.480226E-02
   0.710693E+00   0.149333E+06   0.148622E+06  -0.556655E-01  -0.939379E-01   0.518077E+05   0.142478E+06   0.149214E+06   0.142478E+06   0.372752E-02   0.169663E+06   0.169654E+06   0.396247E-02
   0.765571E+00   0.132327E+06   0.131696E+06  -0.424904E-01  -0.716922E-01   0.436380E+05   0.126095E+06   0.132221E+06   0.126095E+06   0.330083E-02   0.150217E+06   0.150209E+06   0.326978E-02
   0.895965E+00   0.102266E+06   0.101777E+06  -0.239559E-01  -0.404054E-01   0.301561E+05   0.972023E+05   0.102183E+06   0.972023E+05   0.254760E-02   0.115898E+06   0.115892E+06   0.217585E-02
   0.125042E+01   0.587986E+05   0.585166E+05  -0.706181E-02  -0.119024E-01   0.133845E+05   0.556139E+05   0.587513E+05   0.556139E+05   0.146120E-02   0.664272E+05   0.664238E+05   0.918596E-03
   0.174510E+01   0.335013E+05   0.333401E+05  -0.206367E-02  -0.347597E-02   0.569948E+04   0.315535E+05   0.334742E+05   0.315535E+05   0.830901E-03   0.377492E+05   0.377471E+05   0.391704E-03
   0.243548E+01   0.189298E+05   0.188384E+05  -0.598257E-03  -0.100711E-02   0.232201E+04   0.177670E+05   0.189145E+05   0.177670E+05   0.468778E-03   0.212855E+05   0.212842E+05   0.171475E-03
