#          k/h    CDM            baryon         photon         nu             mass_nu        total          no_nu          total_de       Weyl           v_CDM          v_b            v_b-v_c     
   0.102076E-04   0.231381E+08   0.231381E+08   0.308347E+08   0.308342E+08   0.231381E+08   0.231381E+08   0.231381E+08   0.231458E+08  -0.358892E+00   0.117569E+08   0.117569E+08   0.698214E+01
   0.112819E-04   0.231380E+08   0.231380E+08   0.308311E+08   0.308305E+08   0.231381E+08   0.231381E+08   0.231380E+08   0.231458E+08  -0.358892E+00   0.117569E+08   0.117569E+08   0.771674E+01
   0.124693E-04   0.231380E+08   0.231380E+08   0.308268E+08   0.308261E+08   0.231381E+08   0.231380E+08   0.231380E+08   0.231457E+08  -0.358892E+00   0.117569E+08   0.117569E+08   0.852858E+01
   0.137816E-04   0.231380E+08   0.231380E+08   0.308214E+08   0.308206E+08   0.231381E+08   0.231380E+08   0.231380E+08   0.231457E+08  -0.358892E+00   0.117569E+08   0.117569E+08   0.942575E+01
   0.152321E-04   0.231380E+08   0.231380E+08   0.308149E+08   0.308139E+08   0.231381E+08   0.231380E+08   0.231380E+08   0.231457E+08  -0.358891E+00   0.117569E+08   0.117569E+08   0.104172E+02
   0.168352E-04   0.231380E+08   0.231380E+08   0.308070E+08   0.308057E+08   0.231381E+08   0.231380E+08   0.231380E+08   0.231457E+08  -0.358891E+00   0.117569E+08   0.117569E+08   0.115128E+02
   0.186070E-04   0.231380E+08   0.231380E+08   0.307973E+08   0.307957E+08   0.231381E+08   0.231380E+08   0.231380E+08   0.231457E+08  -0.358891E+00   0.117569E+08   0.117569E+08   0.127234E+02
   0.205653E-04   0.231380E+08   0.231380E+08   0.307855E+08   0.307836E+08   0.231380E+08   0.231380E+08   0.231380E+08   0.231457E+08  -0.358890E+00   0.117569E+08   0.117569E+08   0.140611E+02
   0.227297E-04   0.231379E+08   0.231379E+08   0.307710E+08   0.307687E+08   0.231380E+08   0.231379E+08   0.231379E+08   0.231456E+08  -0.358890E+00   0.117569E+08   0.117569E+08   0.155390E+02
   0.251219E-04   0.231379E+08   0.231379E+08   0.307534E+08   0.307505E+08   0.231380E+08   0.231379E+08   0.231379E+08   0.231456E+08  -0.358889E+00   0.117568E+08   0.117568E+08   0.171719E+02
   0.277659E-04   0.231379E+08   0.231378E+08   0.307318E+08   0.307284E+08   0.231379E+08   0.231379E+08   0.231379E+08   0.231455E+08  -0.358888E+00   0.117568E+08   0.117568E+08   0.189757E+02
   0.306881E-04   0.231378E+08   0.231378E+08   0.307055E+08   0.307013E+08   0.231379E+08   0.231378E+08   0.231378E+08   0.231455E+08  -0.358887E+00   0.117568E+08   0.117568E+08   0.209681E+02
   0.339179E-04   0.231377E+08   0.231377E+08   0.306734E+08   0.306683E+08   0.231378E+08   0.231377E+08   0.231377E+08   0.231454E+08  -0.358886E+00   0.117568E+08   0.117568E+08   0.231685E+02
   0.374876E-04   0.231377E+08   0.231377E+08   0.306343E+08   0.306280E+08   0.231378E+08   0.231377E+08   0.231377E+08   0.231453E+08  -0.358884E+00   0.117567E+08   0.117567E+08   0.255984E+02
   0.414330E-04   0.231376E+08   0.231376E+08   0.305865E+08   0.305788E+08   0.231377E+08   0.231376E+08   0.231376E+08   0.231452E+08  -0.358882E+00   0.117567E+08   0.117567E+08   0.282810E+02
   0.457936E-04   0.231375E+08   0.231374E+08   0.305282E+08   0.305188E+08   0.231375E+08   0.231375E+08   0.231375E+08   0.231451E+08  -0.358880E+00   0.117566E+08   0.117566E+08   0.312419E+02
   0.506132E-04   0.231373E+08   0.231373E+08   0.304572E+08   0.304457E+08   0.231374E+08   0.231373E+08   0.231373E+08   0.231449E+08  -0.358877E+00   0.117565E+08   0.117565E+08   0.345090E+02
   0.559400E-04   0.231371E+08   0.231371E+08   0.303706E+08   0.303566E+08   0.231372E+08   0.231371E+08   0.231371E+08   0.231447E+08  -0.358874E+00   0.117564E+08   0.117564E+08   0.381127E+02
   0.618274E-04   0.231369E+08   0.231369E+08   0.302651E+08   0.302481E+08   0.231370E+08   0.231369E+08   0.231369E+08   0.231445E+08  -0.358870E+00   0.117563E+08   0.117563E+08   0.420857E+02
   0.683345E-04   0.231367E+08   0.231366E+08   0.301367E+08   0.301160E+08   0.231368E+08   0.231367E+08   0.231367E+08   0.231442E+08  -0.358865E+00   0.117562E+08   0.117562E+08   0.464637E+02
   0.755264E-04   0.231364E+08   0.231363E+08   0.299806E+08   0.299554E+08   0.231364E+08   0.231364E+08   0.231364E+08   0.231439E+08  -0.358859E+00   0.117560E+08   0.117560E+08   0.512845E+02
   0.834752E-04   0.231360E+08   0.231359E+08   0.297908E+08   0.297602E+08   0.231361E+08   0.231360E+08   0.231360E+08   0.231434E+08  -0.358851E+00   0.117558E+08   0.117558E+08   0.565886E+02
   0.922605E-04   0.231355E+08   0.231355E+08   0.295606E+08   0.295233E+08   0.231356E+08   0.231355E+08   0.231355E+08   0.231429E+08  -0.358842E+00   0.117556E+08   0.117556E+08   0.624187E+02
   0.101971E-03   0.231350E+08   0.231349E+08   0.292815E+08   0.292363E+08   0.231350E+08   0.231350E+08   0.231350E+08   0.231423E+08  -0.358831E+00   0.117553E+08   0.117553E+08   0.688189E+02
   0.112702E-03   0.231343E+08   0.231342E+08   0.289438E+08   0.288892E+08   0.231343E+08   0.231343E+08   0.231343E+08   0.231415E+08  -0.358817E+00   0.117549E+08   0.117549E+08   0.758344E+02
   0.124564E-03   0.231334E+08   0.231333E+08   0.285362E+08   0.284702E+08   0.231335E+08   0.231334E+08   0.231334E+08   0.231406E+08  -0.358801E+00   0.117545E+08   0.117544E+08   0.835101E+02
   0.137674E-03   0.231324E+08   0.231323E+08   0.280454E+08   0.279659E+08   0.231325E+08   0.231324E+08   0.231324E+08   0.231394E+08  -0.358781E+00   0.117539E+08   0.117539E+08   0.918890E+02
   0.152163E-03   0.231312E+08   0.231310E+08   0.274565E+08   0.273609E+08   0.231312E+08   0.231312E+08   0.231311E+08   0.231380E+08  -0.358756E+00   0.117533E+08   0.117532E+08   0.101010E+03
   0.168178E-03   0.231297E+08   0.231295E+08   0.267524E+08   0.266381E+08   0.231297E+08   0.231296E+08   0.231296E+08   0.231363E+08  -0.358727E+00   0.117525E+08   0.117524E+08   0.110905E+03
   0.185878E-03   0.231278E+08   0.231276E+08   0.259150E+08   0.257788E+08   0.231278E+08   0.231278E+08   0.231278E+08   0.231342E+08  -0.358690E+00   0.117515E+08   0.117514E+08   0.121595E+03
   0.205440E-03   0.231256E+08   0.231253E+08   0.249248E+08   0.247634E+08   0.231255E+08   0.231255E+08   0.231255E+08   0.231317E+08  -0.358647E+00   0.117503E+08   0.117502E+08   0.133083E+03
   0.227062E-03   0.231228E+08   0.231225E+08   0.237627E+08   0.235728E+08   0.231228E+08   0.231228E+08   0.231228E+08   0.231287E+08  -0.358594E+00   0.117489E+08   0.117488E+08   0.145349E+03
   0.250959E-03   0.231195E+08   0.231191E+08   0.224111E+08   0.221896E+08   0.231194E+08   0.231195E+08   0.231195E+08   0.231250E+08  -0.358530E+00   0.117471E+08   0.117470E+08   0.158343E+03
   0.277372E-03   0.231155E+08   0.231150E+08   0.208570E+08   0.206014E+08   0.231154E+08   0.231154E+08   0.231154E+08   0.231206E+08  -0.358454E+00   0.117450E+08   0.117449E+08   0.171969E+03
   0.306564E-03   0.231107E+08   0.231100E+08   0.190949E+08   0.188036E+08   0.231105E+08   0.231105E+08   0.231106E+08   0.231153E+08  -0.358362E+00   0.117424E+08   0.117423E+08   0.186083E+03
   0.338828E-03   0.231048E+08   0.231040E+08   0.171316E+08   0.168050E+08   0.231046E+08   0.231047E+08   0.231047E+08   0.231089E+08  -0.358252E+00   0.117393E+08   0.117391E+08   0.200471E+03
   0.374488E-03   0.230977E+08   0.230968E+08   0.149915E+08   0.146328E+08   0.230974E+08   0.230976E+08   0.230976E+08   0.231013E+08  -0.358121E+00   0.117356E+08   0.117354E+08   0.214845E+03
   0.413901E-03   0.230892E+08   0.230882E+08   0.127224E+08   0.123381E+08   0.230888E+08   0.230890E+08   0.230891E+08   0.230922E+08  -0.357966E+00   0.117312E+08   0.117309E+08   0.228833E+03
   0.457462E-03   0.230791E+08   0.230778E+08   0.103994E+08   0.100006E+08   0.230786E+08   0.230788E+08   0.230789E+08   0.230814E+08  -0.357783E+00   0.117259E+08   0.117255E+08   0.241976E+03
   0.505608E-03   0.230669E+08   0.230654E+08   0.812615E+07   0.772871E+07   0.230663E+08   0.230666E+08   0.230667E+08   0.230686E+08  -0.357568E+00   0.117195E+08   0.117191E+08   0.253739E+03
   0.558821E-03   0.230525E+08   0.230507E+08   0.602846E+07   0.565239E+07   0.230517E+08   0.230522E+08   0.230522E+08   0.230536E+08  -0.357317E+00   0.117120E+08   0.117115E+08   0.263537E+03
   0.617635E-03   0.230354E+08   0.230333E+08   0.423776E+07   0.390516E+07   0.230344E+08   0.230350E+08   0.230350E+08   0.230360E+08  -0.357026E+00   0.117031E+08   0.117026E+08   0.270780E+03
   0.682638E-03   0.230152E+08   0.230128E+08   0.286219E+07   0.259318E+07   0.230140E+08   0.230147E+08   0.230148E+08   0.230154E+08  -0.356690E+00   0.116926E+08   0.116921E+08   0.274938E+03
   0.754482E-03   0.229915E+08   0.229888E+08   0.194876E+07   0.175587E+07   0.229900E+08   0.229910E+08   0.229911E+08   0.229915E+08  -0.356303E+00   0.116804E+08   0.116798E+08   0.275613E+03
   0.833888E-03   0.229638E+08   0.229607E+08   0.145001E+07   0.133247E+07   0.229619E+08   0.229632E+08   0.229633E+08   0.229636E+08  -0.355858E+00   0.116661E+08   0.116654E+08   0.272612E+03
   0.921651E-03   0.229316E+08   0.229281E+08   0.121930E+07   0.116031E+07   0.229292E+08   0.229309E+08   0.229310E+08   0.229312E+08  -0.355347E+00   0.116495E+08   0.116488E+08   0.265973E+03
   0.101865E-02   0.228942E+08   0.228904E+08   0.105998E+07   0.103076E+07   0.228913E+08   0.228934E+08   0.228936E+08   0.228937E+08  -0.354759E+00   0.116304E+08   0.116296E+08   0.255944E+03
   0.112586E-02   0.228510E+08   0.228469E+08   0.828137E+06   0.799631E+06   0.228475E+08   0.228501E+08   0.228503E+08   0.228503E+08  -0.354083E+00   0.116082E+08   0.116074E+08   0.242910E+03
   0.124435E-02   0.228012E+08   0.227968E+08   0.529216E+06   0.486135E+06   0.227968E+08   0.228002E+08   0.228005E+08   0.228003E+08  -0.353305E+00   0.115828E+08   0.115819E+08   0.227316E+03
   0.137531E-02   0.227439E+08   0.227393E+08   0.299851E+06   0.245525E+06   0.227386E+08   0.227428E+08   0.227431E+08   0.227429E+08  -0.352412E+00   0.115536E+08   0.115527E+08   0.209676E+03
   0.152006E-02   0.226782E+08   0.226735E+08   0.233258E+06   0.178827E+06   0.226717E+08   0.226771E+08   0.226774E+08   0.226771E+08  -0.351389E+00   0.115201E+08   0.115192E+08   0.190673E+03
   0.168004E-02   0.226031E+08   0.225984E+08   0.228320E+06  -0.233074E+06   0.225951E+08   0.226018E+08   0.226023E+08   0.226019E+08  -0.350221E+00   0.114818E+08   0.114810E+08   0.171223E+03
   0.185685E-02   0.225174E+08   0.225127E+08   0.136793E+06  -0.190063E+06   0.225077E+08   0.225160E+08   0.225166E+08   0.225160E+08  -0.348889E+00   0.114382E+08   0.114373E+08   0.152339E+03
   0.205228E-02   0.224199E+08   0.224152E+08   0.372776E+05  -0.154907E+06   0.224080E+08   0.224184E+08   0.224191E+08   0.224183E+08  -0.347375E+00   0.113885E+08   0.113877E+08   0.134882E+03
   0.226827E-02   0.223092E+08   0.223045E+08   0.528266E+05  -0.126178E+06   0.222947E+08   0.223074E+08   0.223084E+08   0.223074E+08  -0.345655E+00   0.113322E+08   0.113313E+08   0.119477E+03
   0.250700E-02   0.221837E+08   0.221790E+08   0.440088E+05  -0.102707E+06   0.221661E+08   0.221817E+08   0.221829E+08   0.221817E+08  -0.343706E+00   0.112683E+08   0.112675E+08   0.106486E+03
   0.277085E-02   0.220419E+08   0.220370E+08  -0.349091E+03  -0.835374E+05   0.220205E+08   0.220396E+08   0.220410E+08   0.220396E+08  -0.341504E+00   0.111961E+08   0.111953E+08   0.957950E+02
   0.306246E-02   0.218819E+08   0.218769E+08   0.187252E+05  -0.678875E+05   0.218560E+08   0.218794E+08   0.218811E+08   0.218794E+08  -0.339020E+00   0.111147E+08   0.111139E+08   0.868349E+02
   0.338478E-02   0.217021E+08   0.216968E+08  -0.602373E+04  -0.551159E+05   0.216707E+08   0.216991E+08   0.217012E+08   0.216991E+08  -0.336226E+00   0.110231E+08   0.110223E+08   0.789068E+02
   0.374101E-02   0.215003E+08   0.214947E+08  -0.713938E+04  -0.446985E+05   0.214623E+08   0.214968E+08   0.214993E+08   0.214968E+08  -0.333090E+00   0.109203E+08   0.109195E+08   0.714385E+02
   0.413473E-02   0.212744E+08   0.212684E+08  -0.103709E+05  -0.362059E+05   0.212287E+08   0.212703E+08   0.212734E+08   0.212703E+08  -0.329580E+00   0.108053E+08   0.108045E+08   0.642961E+02
   0.456989E-02   0.210221E+08   0.210158E+08  -0.290368E+04  -0.292869E+05   0.209672E+08   0.210174E+08   0.210211E+08   0.210174E+08  -0.325661E+00   0.106768E+08   0.106760E+08   0.576714E+02
   0.505085E-02   0.207412E+08   0.207344E+08  -0.519579E+04  -0.236540E+05   0.206753E+08   0.207355E+08   0.207400E+08   0.207355E+08  -0.321293E+00   0.105337E+08   0.105329E+08   0.517406E+02
   0.558243E-02   0.204289E+08   0.204216E+08  -0.775457E+04  -0.190718E+05   0.203502E+08   0.204223E+08   0.204277E+08   0.204223E+08  -0.316439E+00   0.103746E+08   0.103739E+08   0.464361E+02
   0.616996E-02   0.200828E+08   0.200748E+08  -0.126082E+04  -0.153477E+05   0.199892E+08   0.200750E+08   0.200814E+08   0.200750E+08  -0.311058E+00   0.101983E+08   0.101975E+08   0.416387E+02
   0.681932E-02   0.197001E+08   0.196912E+08  -0.422945E+04  -0.123243E+05   0.195893E+08   0.196910E+08   0.196986E+08   0.196910E+08  -0.305107E+00   0.100033E+08   0.100025E+08   0.373789E+02
   0.753702E-02   0.192781E+08   0.192682E+08  -0.196307E+04  -0.987259E+04   0.191476E+08   0.192675E+08   0.192764E+08   0.192675E+08  -0.298544E+00   0.978820E+07   0.978744E+07   0.336040E+02
   0.833025E-02   0.188141E+08   0.188031E+08  -0.211683E+04  -0.788721E+04   0.186613E+08   0.188018E+08   0.188122E+08   0.188018E+08  -0.291327E+00   0.955173E+07   0.955098E+07   0.301315E+02
   0.920698E-02   0.183056E+08   0.182933E+08  -0.596638E+04  -0.628199E+04   0.181280E+08   0.182914E+08   0.183036E+08   0.182914E+08  -0.283417E+00   0.929256E+07   0.929182E+07   0.270039E+02
   0.101760E-01   0.177507E+08   0.177367E+08  -0.304209E+04  -0.498654E+04   0.175456E+08   0.177343E+08   0.177484E+08   0.177343E+08  -0.274784E+00   0.900968E+07   0.900894E+07   0.242610E+02
   0.112469E-01   0.171480E+08   0.171321E+08  -0.296441E+04  -0.394337E+04   0.169131E+08   0.171293E+08   0.171453E+08   0.171293E+08  -0.265408E+00   0.870245E+07   0.870172E+07   0.217842E+02
   0.124306E-01   0.164967E+08   0.164785E+08  -0.140164E+04  -0.310543E+04   0.162298E+08   0.164754E+08   0.164936E+08   0.164754E+08  -0.255275E+00   0.837044E+07   0.836971E+07   0.195742E+02
   0.137389E-01   0.157952E+08   0.157744E+08  -0.198006E+04  -0.243400E+04   0.154945E+08   0.157711E+08   0.157917E+08   0.157711E+08  -0.244360E+00   0.801284E+07   0.801211E+07   0.176090E+02
   0.151849E-01   0.150405E+08   0.150169E+08  -0.142438E+04  -0.189728E+04   0.147048E+08   0.150136E+08   0.150365E+08   0.150136E+08  -0.232621E+00   0.762821E+07   0.762749E+07   0.158476E+02
   0.167830E-01   0.142517E+08   0.142248E+08  -0.909344E+03  -0.147166E+04   0.138800E+08   0.142218E+08   0.142472E+08   0.142218E+08  -0.220351E+00   0.722618E+07   0.722546E+07   0.142840E+02
   0.185493E-01   0.134103E+08   0.133799E+08  -0.785040E+03  -0.113359E+04   0.130027E+08   0.133774E+08   0.134052E+08   0.133774E+08  -0.207264E+00   0.679740E+07   0.679668E+07   0.128692E+02
   0.205016E-01   0.125305E+08   0.124964E+08  -0.451519E+03  -0.867087E+03   0.120883E+08   0.124946E+08   0.125248E+08   0.124946E+08  -0.193584E+00   0.634918E+07   0.634846E+07   0.115850E+02
   0.226592E-01   0.116107E+08   0.115729E+08  -0.239655E+03  -0.657710E+03   0.111365E+08   0.115720E+08   0.116044E+08   0.115720E+08  -0.179287E+00   0.588071E+07   0.588000E+07   0.103979E+02
   0.250440E-01   0.106814E+08   0.106401E+08  -0.214563E+03  -0.495330E+03   0.101785E+08   0.106402E+08   0.106745E+08   0.106402E+08  -0.164846E+00   0.540756E+07   0.540686E+07   0.929095E+01
   0.276798E-01   0.975530E+07   0.971098E+07  -0.135612E+03  -0.370344E+03   0.922747E+07   0.971187E+07   0.974786E+07   0.971187E+07  -0.150460E+00   0.493617E+07   0.493549E+07   0.823523E+01
   0.305930E-01   0.883996E+07   0.879360E+07  -0.213333E+03  -0.274745E+03   0.829176E+07   0.879480E+07   0.883217E+07   0.879480E+07  -0.136249E+00   0.447048E+07   0.446982E+07   0.720568E+01
   0.338127E-01   0.795916E+07   0.791216E+07  -0.974509E+02  -0.202526E+03   0.739486E+07   0.791279E+07   0.795127E+07   0.791279E+07  -0.122581E+00   0.402259E+07   0.402196E+07   0.618883E+01
   0.373714E-01   0.714068E+07   0.709486E+07  -0.284765E+02  -0.148771E+03   0.656366E+07   0.709361E+07   0.713299E+07   0.709361E+07  -0.109887E+00   0.360659E+07   0.360601E+07   0.518228E+01
   0.413045E-01   0.640993E+07   0.636739E+07  -0.126550E+03  -0.109353E+03   0.581989E+07   0.636247E+07   0.640279E+07   0.636247E+07  -0.985564E-01   0.323532E+07   0.323480E+07   0.420011E+01
   0.454350E-01   0.579610E+07   0.575862E+07   0.795961E+02  -0.817527E+02   0.519603E+07   0.574874E+07   0.578980E+07   0.574874E+07  -0.890454E-01   0.292368E+07   0.292323E+07   0.330925E+01
   0.495654E-01   0.531837E+07   0.528680E+07   0.612718E+02  -0.630635E+02   0.470710E+07   0.527116E+07   0.531307E+07   0.527116E+07  -0.816441E-01   0.268121E+07   0.268083E+07   0.257004E+01
   0.536959E-01   0.493654E+07   0.491089E+07   0.483831E+02  -0.499039E+02   0.431313E+07   0.488941E+07   0.493223E+07   0.488941E+07  -0.757278E-01   0.248742E+07   0.248711E+07   0.198295E+01
   0.578264E-01   0.461686E+07   0.459642E+07   0.389546E+02  -0.402658E+02   0.398176E+07   0.456974E+07   0.461342E+07   0.456974E+07  -0.707732E-01   0.232517E+07   0.232490E+07   0.154132E+01
   0.619568E-01   0.433597E+07   0.431954E+07   0.318175E+02  -0.329608E+02   0.369099E+07   0.428879E+07   0.433321E+07   0.428879E+07  -0.664189E-01   0.218257E+07   0.218234E+07   0.123109E+01
   0.660873E-01   0.407315E+07   0.405929E+07   0.262255E+02  -0.272284E+02   0.342202E+07   0.402595E+07   0.407082E+07   0.402595E+07  -0.623453E-01   0.204915E+07   0.204895E+07   0.103010E+01
   0.702177E-01   0.381615E+07   0.380346E+07   0.217271E+02  -0.226091E+02   0.316394E+07   0.376906E+07   0.381402E+07   0.376906E+07  -0.583642E-01   0.191872E+07   0.191853E+07   0.912386E+00
   0.743482E-01   0.356431E+07   0.355159E+07   0.180684E+02  -0.188448E+02   0.291624E+07   0.351750E+07   0.356217E+07   0.351750E+07  -0.544661E-01   0.179095E+07   0.179076E+07   0.851694E+00
   0.784786E-01   0.331359E+07   0.330007E+07   0.150481E+02  -0.157304E+02   0.267545E+07   0.326735E+07   0.331132E+07   0.326735E+07  -0.505901E-01   0.166386E+07   0.166367E+07   0.821978E+00
   0.826091E-01   0.307351E+07   0.305884E+07   0.125735E+02  -0.131735E+02   0.244909E+07   0.302803E+07   0.307104E+07   0.302803E+07  -0.468823E-01   0.154225E+07   0.154205E+07   0.803304E+00
   0.867395E-01   0.285058E+07   0.283484E+07   0.105578E+02  -0.110866E+02   0.224187E+07   0.280602E+07   0.284794E+07   0.280602E+07  -0.434429E-01   0.142941E+07   0.142921E+07   0.780753E+00
   0.918936E-01   0.260440E+07   0.258791E+07   0.857495E+01  -0.902951E+01   0.201534E+07   0.256108E+07   0.260163E+07   0.256108E+07  -0.396483E-01   0.130490E+07   0.130470E+07   0.734525E+00
   0.970477E-01   0.239999E+07   0.238374E+07   0.706979E+01  -0.746487E+01   0.182776E+07   0.235788E+07   0.239726E+07   0.235788E+07  -0.365003E-01   0.120160E+07   0.120141E+07   0.664728E+00
   0.102202E+00   0.223905E+07   0.222400E+07   0.593535E+01  -0.628377E+01   0.167861E+07   0.219794E+07   0.223653E+07   0.219794E+07  -0.340225E-01   0.112032E+07   0.112014E+07   0.577467E+00
   0.107356E+00   0.211567E+07   0.210252E+07   0.507321E+01  -0.538509E+01   0.156173E+07   0.207531E+07   0.211347E+07   0.207531E+07  -0.321224E-01   0.105802E+07   0.105786E+07   0.484273E+00
   0.112510E+00   0.201785E+07   0.200686E+07   0.439758E+01  -0.467998E+01   0.146687E+07   0.197803E+07   0.201600E+07   0.197803E+07  -0.306148E-01   0.100861E+07   0.100848E+07   0.397371E+00
   0.117664E+00   0.193242E+07   0.192342E+07   0.384375E+01  -0.410106E+01   0.138358E+07   0.189306E+07   0.193091E+07   0.189306E+07  -0.292980E-01   0.965471E+06   0.965356E+06   0.326249E+00
   0.122818E+00   0.184915E+07   0.184160E+07   0.336988E+01  -0.360464E+01   0.130409E+07   0.181028E+07   0.184789E+07   0.181028E+07  -0.280153E-01   0.923429E+06   0.923327E+06   0.275752E+00
   0.127972E+00   0.176212E+07   0.175533E+07   0.295239E+01  -0.316611E+01   0.122411E+07   0.172385E+07   0.176098E+07   0.172385E+07  -0.266763E-01   0.879507E+06   0.879413E+06   0.245700E+00
   0.133126E+00   0.166966E+07   0.166299E+07   0.258018E+01  -0.277399E+01   0.114257E+07   0.163217E+07   0.166854E+07   0.163217E+07  -0.252561E-01   0.832885E+06   0.832793E+06   0.231866E+00
   0.138280E+00   0.157371E+07   0.156670E+07   0.224965E+01  -0.242476E+01   0.106088E+07   0.153715E+07   0.157253E+07   0.153715E+07  -0.237845E-01   0.784543E+06   0.784449E+06   0.227787E+00
   0.143435E+00   0.147847E+07   0.147092E+07   0.196052E+01  -0.211845E+01   0.981894E+06   0.144295E+07   0.147721E+07   0.144295E+07  -0.223257E-01   0.736601E+06   0.736504E+06   0.226754E+00
   0.148589E+00   0.138904E+07   0.138102E+07   0.171307E+01  -0.185567E+01   0.908880E+06   0.135458E+07   0.138769E+07   0.135458E+07  -0.209573E-01   0.691615E+06   0.691515E+06   0.223435E+00
   0.153743E+00   0.131005E+07   0.130184E+07   0.150633E+01  -0.163573E+01   0.844622E+06   0.127658E+07   0.130867E+07   0.127658E+07  -0.197495E-01   0.651908E+06   0.651808E+06   0.214811E+00
   0.158897E+00   0.124420E+07   0.123616E+07   0.133693E+01  -0.145527E+01   0.790479E+06   0.121156E+07   0.124285E+07   0.121156E+07  -0.187426E-01   0.618814E+06   0.618718E+06   0.200316E+00
   0.164051E+00   0.119118E+07   0.118365E+07   0.119879E+01  -0.130797E+01   0.745858E+06   0.115921E+07   0.118992E+07   0.115921E+07  -0.179317E-01   0.592176E+06   0.592087E+06   0.181350E+00
   0.169205E+00   0.114824E+07   0.114145E+07   0.108451E+01  -0.118601E+01   0.708659E+06   0.111678E+07   0.114710E+07   0.111678E+07  -0.172745E-01   0.570599E+06   0.570517E+06   0.160467E+00
   0.174359E+00   0.111167E+07   0.110568E+07   0.987291E+00  -0.108213E+01   0.676317E+06   0.108063E+07   0.111066E+07   0.108063E+07  -0.167144E-01   0.552220E+06   0.552146E+06   0.140475E+00
   0.179513E+00   0.107788E+07   0.107261E+07   0.901728E+00  -0.990548E+00   0.646478E+06   0.104722E+07   0.107700E+07   0.104722E+07  -0.161970E-01   0.535238E+06   0.535172E+06   0.123651E+00
   0.184667E+00   0.104377E+07   0.103903E+07   0.823861E+00  -0.907021E+00   0.617177E+06   0.101353E+07   0.104297E+07   0.101353E+07  -0.156750E-01   0.518102E+06   0.518040E+06   0.111236E+00
   0.189821E+00   0.100726E+07   0.100281E+07   0.751293E+00  -0.828930E+00   0.587253E+06   0.977521E+06   0.100652E+07   0.977521E+06  -0.151175E-01   0.499776E+06   0.499717E+06   0.103316E+00
   0.194975E+00   0.967988E+06   0.963589E+06   0.683254E+00  -0.755489E+00   0.556495E+06   0.938843E+06   0.967250E+06   0.938843E+06  -0.145186E-01   0.480078E+06   0.480020E+06   0.990396E-01
   0.200130E+00   0.927186E+06   0.922686E+06   0.620192E+00  -0.687227E+00   0.525658E+06   0.898714E+06   0.926430E+06   0.898714E+06  -0.138974E-01   0.459630E+06   0.459571E+06   0.970074E-01
   0.205284E+00   0.886776E+06   0.882114E+06   0.562858E+00  -0.625013E+00   0.495835E+06   0.859011E+06   0.885993E+06   0.859011E+06  -0.132828E-01   0.439392E+06   0.439333E+06   0.956936E-01
   0.210438E+00   0.848563E+06   0.843770E+06   0.511746E+00  -0.569440E+00   0.467996E+06   0.821496E+06   0.847758E+06   0.821496E+06  -0.127021E-01   0.420266E+06   0.420207E+06   0.938261E-01
   0.215592E+00   0.813973E+06   0.809148E+06   0.466991E+00  -0.520700E+00   0.442852E+06   0.787554E+06   0.813163E+06   0.787554E+06  -0.121768E-01   0.402963E+06   0.402904E+06   0.906430E-01
   0.220746E+00   0.783876E+06   0.779147E+06   0.428349E+00  -0.478569E+00   0.420771E+06   0.758026E+06   0.783082E+06   0.758026E+06  -0.117197E-01   0.387912E+06   0.387855E+06   0.859705E-01
   0.225900E+00   0.758308E+06   0.753794E+06   0.395137E+00  -0.442328E+00   0.401654E+06   0.732937E+06   0.757550E+06   0.732937E+06  -0.113313E-01   0.375127E+06   0.375073E+06   0.801305E-01
   0.231054E+00   0.736445E+06   0.732227E+06   0.366329E+00  -0.410867E+00   0.384954E+06   0.711478E+06   0.735736E+06   0.711478E+06  -0.109991E-01   0.364195E+06   0.364144E+06   0.737471E-01
   0.236208E+00   0.716987E+06   0.713092E+06   0.340814E+00  -0.382974E+00   0.369903E+06   0.692375E+06   0.716333E+06   0.692375E+06  -0.107033E-01   0.354467E+06   0.354419E+06   0.675291E-01
   0.241362E+00   0.698604E+06   0.695004E+06   0.317638E+00  -0.357599E+00   0.355756E+06   0.674331E+06   0.698000E+06   0.674331E+06  -0.104239E-01   0.345277E+06   0.345232E+06   0.620761E-01
   0.246516E+00   0.680202E+06   0.676830E+06   0.296095E+00  -0.333964E+00   0.341923E+06   0.656281E+06   0.679636E+06   0.656281E+06  -0.101445E-01   0.336081E+06   0.336038E+06   0.577462E-01
   0.251670E+00   0.661096E+06   0.657865E+06   0.275756E+00  -0.311595E+00   0.328055E+06   0.637559E+06   0.660553E+06   0.637559E+06  -0.985470E-02   0.326538E+06   0.326496E+06   0.546098E-01
   0.256825E+00   0.641139E+06   0.637968E+06   0.256472E+00  -0.290334E+00   0.314084E+06   0.618025E+06   0.640606E+06   0.618025E+06  -0.955238E-02   0.316575E+06   0.316535E+06   0.524842E-01
   0.261979E+00   0.620700E+06   0.617532E+06   0.238312E+00  -0.270263E+00   0.300199E+06   0.598040E+06   0.620168E+06   0.598040E+06  -0.924312E-02   0.306379E+06   0.306339E+06   0.510262E-01
   0.267133E+00   0.600430E+06   0.597239E+06   0.221432E+00  -0.251569E+00   0.286717E+06   0.578236E+06   0.599894E+06   0.578236E+06  -0.893668E-02   0.296272E+06   0.296232E+06   0.498412E-01
   0.272287E+00   0.580998E+06   0.577789E+06   0.205969E+00  -0.234411E+00   0.273945E+06   0.559262E+06   0.580460E+06   0.559262E+06  -0.864310E-02   0.286587E+06   0.286548E+06   0.485844E-01
   0.277441E+00   0.562936E+06   0.559740E+06   0.191981E+00  -0.218869E+00   0.262110E+06   0.541632E+06   0.562399E+06   0.541632E+06  -0.837032E-02   0.277588E+06   0.277549E+06   0.470311E-01
   0.282595E+00   0.546558E+06   0.543418E+06   0.179442E+00  -0.204920E+00   0.251328E+06   0.525650E+06   0.546031E+06   0.525650E+06  -0.812302E-02   0.269431E+06   0.269393E+06   0.451060E-01
   0.287749E+00   0.531904E+06   0.528864E+06   0.168235E+00  -0.192442E+00   0.241579E+06   0.511351E+06   0.531394E+06   0.511351E+06  -0.790177E-02   0.262134E+06   0.262097E+06   0.428702E-01
   0.292903E+00   0.518739E+06   0.515827E+06   0.158169E+00  -0.181222E+00   0.232722E+06   0.498504E+06   0.518250E+06   0.498504E+06  -0.770296E-02   0.255579E+06   0.255543E+06   0.404768E-01
   0.298057E+00   0.506636E+06   0.503864E+06   0.149017E+00  -0.171011E+00   0.224536E+06   0.486693E+06   0.506170E+06   0.486693E+06  -0.752019E-02   0.249553E+06   0.249519E+06   0.381137E-01
   0.303211E+00   0.495118E+06   0.492479E+06   0.140568E+00  -0.161570E+00   0.216789E+06   0.475457E+06   0.494675E+06   0.475457E+06  -0.734632E-02   0.243821E+06   0.243788E+06   0.359498E-01
   0.308365E+00   0.483781E+06   0.481253E+06   0.132653E+00  -0.152711E+00   0.209292E+06   0.464403E+06   0.483357E+06   0.464403E+06  -0.717527E-02   0.238179E+06   0.238148E+06   0.340963E-01
   0.313520E+00   0.472369E+06   0.469922E+06   0.125166E+00  -0.144314E+00   0.201927E+06   0.453284E+06   0.471958E+06   0.453284E+06  -0.700323E-02   0.232503E+06   0.232472E+06   0.325898E-01
   0.318674E+00   0.460801E+06   0.458407E+06   0.118057E+00  -0.136324E+00   0.194659E+06   0.442022E+06   0.460399E+06   0.442022E+06  -0.682900E-02   0.226752E+06   0.226722E+06   0.313963E-01
   0.323828E+00   0.449160E+06   0.446795E+06   0.111322E+00  -0.128740E+00   0.187520E+06   0.430696E+06   0.448763E+06   0.430696E+06  -0.665380E-02   0.220966E+06   0.220937E+06   0.304310E-01
   0.328982E+00   0.437633E+06   0.435286E+06   0.104983E+00  -0.121588E+00   0.180584E+06   0.419490E+06   0.437239E+06   0.419490E+06  -0.648047E-02   0.215240E+06   0.215211E+06   0.295872E-01
   0.334136E+00   0.426455E+06   0.424124E+06   0.990670E-01  -0.114904E+00   0.173940E+06   0.408628E+06   0.426064E+06   0.408628E+06  -0.631246E-02   0.209690E+06   0.209661E+06   0.287650E-01
   0.339290E+00   0.415833E+06   0.413527E+06   0.935916E-01  -0.108709E+00   0.167664E+06   0.398310E+06   0.415446E+06   0.398310E+06  -0.615288E-02   0.204417E+06   0.204388E+06   0.278930E-01
   0.344444E+00   0.405895E+06   0.403627E+06   0.885531E-01  -0.103003E+00   0.161794E+06   0.388660E+06   0.405515E+06   0.388660E+06  -0.600361E-02   0.199485E+06   0.199457E+06   0.269390E-01
   0.349598E+00   0.396663E+06   0.394446E+06   0.839242E-01  -0.977549E-01   0.156324E+06   0.379695E+06   0.396290E+06   0.379695E+06  -0.586496E-02   0.194904E+06   0.194876E+06   0.259088E-01
   0.354752E+00   0.388062E+06   0.385908E+06   0.796602E-01  -0.929161E-01   0.151215E+06   0.371346E+06   0.387700E+06   0.371346E+06  -0.573582E-02   0.190637E+06   0.190611E+06   0.248372E-01
   0.359906E+00   0.379964E+06   0.377879E+06   0.757092E-01  -0.884275E-01   0.146403E+06   0.363486E+06   0.379614E+06   0.363486E+06  -0.561424E-02   0.186621E+06   0.186595E+06   0.237735E-01
   0.365060E+00   0.372220E+06   0.370201E+06   0.720202E-01  -0.842317E-01   0.141823E+06   0.355971E+06   0.371881E+06   0.355971E+06  -0.549800E-02   0.182781E+06   0.182756E+06   0.227666E-01
   0.370215E+00   0.364686E+06   0.362728E+06   0.685490E-01  -0.802781E-01   0.137414E+06   0.348663E+06   0.364358E+06   0.348663E+06  -0.538497E-02   0.179046E+06   0.179021E+06   0.218525E-01
   0.375369E+00   0.357252E+06   0.355344E+06   0.652612E-01  -0.765277E-01   0.133129E+06   0.341454E+06   0.356932E+06   0.341454E+06  -0.527348E-02   0.175361E+06   0.175337E+06   0.210472E-01
   0.380523E+00   0.349858E+06   0.347989E+06   0.621349E-01  -0.729559E-01   0.128942E+06   0.334288E+06   0.349544E+06   0.334288E+06  -0.516265E-02   0.171697E+06   0.171673E+06   0.203465E-01
   0.385677E+00   0.342512E+06   0.340674E+06   0.591625E-01  -0.695546E-01   0.124855E+06   0.327172E+06   0.342203E+06   0.327172E+06  -0.505261E-02   0.168058E+06   0.168035E+06   0.197304E-01
   0.390831E+00   0.335273E+06   0.333460E+06   0.563451E-01  -0.663257E-01   0.120888E+06   0.320164E+06   0.334969E+06   0.320164E+06  -0.494424E-02   0.164473E+06   0.164450E+06   0.191706E-01
   0.395985E+00   0.328220E+06   0.326430E+06   0.536866E-01  -0.632746E-01   0.117065E+06   0.313338E+06   0.327920E+06   0.313338E+06  -0.483870E-02   0.160981E+06   0.160959E+06   0.186378E-01
   0.401139E+00   0.321417E+06   0.319651E+06   0.511877E-01  -0.604031E-01   0.113407E+06   0.306756E+06   0.321121E+06   0.306756E+06  -0.473693E-02   0.157614E+06   0.157592E+06   0.181083E-01
   0.406293E+00   0.314903E+06   0.313165E+06   0.488450E-01  -0.577077E-01   0.109923E+06   0.300456E+06   0.314611E+06   0.300456E+06  -0.463952E-02   0.154390E+06   0.154369E+06   0.175684E-01
   0.411447E+00   0.308696E+06   0.306989E+06   0.466518E-01  -0.551815E-01   0.106615E+06   0.294454E+06   0.308409E+06   0.294454E+06  -0.454672E-02   0.151319E+06   0.151298E+06   0.170156E-01
   0.416601E+00   0.302792E+06   0.301122E+06   0.445986E-01  -0.528139E-01   0.103477E+06   0.288747E+06   0.302512E+06   0.288747E+06  -0.445849E-02   0.148399E+06   0.148379E+06   0.164566E-01
   0.421755E+00   0.297157E+06   0.295524E+06   0.426717E-01  -0.505897E-01   0.100492E+06   0.283301E+06   0.296883E+06   0.283301E+06  -0.437429E-02   0.145613E+06   0.145593E+06   0.159039E-01
   0.426910E+00   0.291730E+06   0.290135E+06   0.408553E-01  -0.484906E-01   0.976348E+05   0.278058E+06   0.291462E+06   0.278058E+06  -0.429322E-02   0.142930E+06   0.142910E+06   0.153706E-01
   0.432064E+00   0.286453E+06   0.284893E+06   0.391349E-01  -0.465001E-01   0.948819E+05   0.272961E+06   0.286191E+06   0.272961E+06  -0.421441E-02   0.140321E+06   0.140302E+06   0.148680E-01
   0.437218E+00   0.281288E+06   0.279762E+06   0.375003E-01  -0.446066E-01   0.922181E+05   0.267974E+06   0.281032E+06   0.267974E+06  -0.413733E-02   0.137769E+06   0.137750E+06   0.144026E-01
   0.442372E+00   0.276218E+06   0.274720E+06   0.359444E-01  -0.428020E-01   0.896350E+05   0.263081E+06   0.275967E+06   0.263081E+06  -0.406168E-02   0.135264E+06   0.135245E+06   0.139755E-01
   0.447526E+00   0.271232E+06   0.269759E+06   0.344617E-01  -0.410802E-01   0.871269E+05   0.258270E+06   0.270985E+06   0.258270E+06  -0.398731E-02   0.132801E+06   0.132782E+06   0.135823E-01
   0.452680E+00   0.266330E+06   0.264880E+06   0.330484E-01  -0.394371E-01   0.846920E+05   0.253542E+06   0.266087E+06   0.253542E+06  -0.391422E-02   0.130380E+06   0.130362E+06   0.132155E-01
   0.457834E+00   0.261531E+06   0.260102E+06   0.317034E-01  -0.378715E-01   0.823346E+05   0.248915E+06   0.261291E+06   0.248915E+06  -0.384270E-02   0.128010E+06   0.127993E+06   0.128664E-01
   0.462988E+00   0.256865E+06   0.255456E+06   0.304266E-01  -0.363835E-01   0.800616E+05   0.244417E+06   0.256628E+06   0.244417E+06  -0.377318E-02   0.125707E+06   0.125689E+06   0.125275E-01
   0.468142E+00   0.252350E+06   0.250963E+06   0.292167E-01  -0.349722E-01   0.778770E+05   0.240068E+06   0.252118E+06   0.240068E+06  -0.370595E-02   0.123479E+06   0.123462E+06   0.121937E-01
   0.473296E+00   0.247993E+06   0.246627E+06   0.280707E-01  -0.336342E-01   0.757794E+05   0.235870E+06   0.247763E+06   0.235870E+06  -0.364106E-02   0.121328E+06   0.121311E+06   0.118625E-01
   0.478450E+00   0.243784E+06   0.242442E+06   0.269846E-01  -0.323648E-01   0.737645E+05   0.231817E+06   0.243559E+06   0.231817E+06  -0.357842E-02   0.119252E+06   0.119236E+06   0.115341E-01
   0.483605E+00   0.239717E+06   0.238399E+06   0.259543E-01  -0.311595E-01   0.718274E+05   0.227900E+06   0.239495E+06   0.227900E+06  -0.351788E-02   0.117246E+06   0.117230E+06   0.112114E-01
   0.488759E+00   0.235779E+06   0.234484E+06   0.249758E-01  -0.300136E-01   0.699627E+05   0.224109E+06   0.235561E+06   0.224109E+06  -0.345929E-02   0.115304E+06   0.115288E+06   0.108977E-01
   0.493913E+00   0.231952E+06   0.230681E+06   0.240445E-01  -0.289220E-01   0.681634E+05   0.220426E+06   0.231738E+06   0.220426E+06  -0.340237E-02   0.113417E+06   0.113401E+06   0.105965E-01
   0.499067E+00   0.228216E+06   0.226967E+06   0.231561E-01  -0.278796E-01   0.664221E+05   0.216831E+06   0.228006E+06   0.216831E+06  -0.334681E-02   0.111575E+06   0.111560E+06   0.103098E-01
   0.504221E+00   0.224555E+06   0.223327E+06   0.223070E-01  -0.268822E-01   0.647329E+05   0.213311E+06   0.224349E+06   0.213311E+06  -0.329240E-02   0.109771E+06   0.109756E+06   0.100386E-01
   0.509375E+00   0.220966E+06   0.219757E+06   0.214948E-01  -0.259272E-01   0.630935E+05   0.209859E+06   0.220763E+06   0.209859E+06  -0.323906E-02   0.108002E+06   0.107987E+06   0.978199E-02
   0.514529E+00   0.217450E+06   0.216260E+06   0.207182E-01  -0.250131E-01   0.615032E+05   0.206479E+06   0.217250E+06   0.206479E+06  -0.318683E-02   0.106270E+06   0.106255E+06   0.953838E-02
   0.519683E+00   0.214011E+06   0.212838E+06   0.199757E-01  -0.241382E-01   0.599616E+05   0.203174E+06   0.213814E+06   0.203174E+06  -0.313575E-02   0.104575E+06   0.104561E+06   0.930528E-02
   0.524837E+00   0.210650E+06   0.209493E+06   0.192660E-01  -0.233011E-01   0.584682E+05   0.199945E+06   0.210456E+06   0.199945E+06  -0.308585E-02   0.102920E+06   0.102906E+06   0.908015E-02
   0.529991E+00   0.207371E+06   0.206231E+06   0.185878E-01  -0.225005E-01   0.570229E+05   0.196795E+06   0.207180E+06   0.196795E+06  -0.303719E-02   0.101305E+06   0.101291E+06   0.886100E-02
   0.535145E+00   0.204180E+06   0.203057E+06   0.179403E-01  -0.217354E-01   0.556264E+05   0.193731E+06   0.203992E+06   0.193731E+06  -0.298984E-02   0.997344E+05   0.997205E+05   0.864666E-02
   0.540300E+00   0.201080E+06   0.199973E+06   0.173223E-01  -0.210044E-01   0.542779E+05   0.190755E+06   0.200894E+06   0.190755E+06  -0.294385E-02   0.982082E+05   0.981946E+05   0.843678E-02
   0.545454E+00   0.198065E+06   0.196975E+06   0.167320E-01  -0.203056E-01   0.529752E+05   0.187861E+06   0.197882E+06   0.187861E+06  -0.289914E-02   0.967243E+05   0.967109E+05   0.823159E-02
   0.550608E+00   0.195128E+06   0.194054E+06   0.161675E-01  -0.196367E-01   0.517149E+05   0.185042E+06   0.194947E+06   0.185042E+06  -0.285558E-02   0.952787E+05   0.952654E+05   0.803173E-02
   0.555762E+00   0.192261E+06   0.191204E+06   0.156271E-01  -0.189959E-01   0.504942E+05   0.182292E+06   0.192084E+06   0.182292E+06  -0.281309E-02   0.938682E+05   0.938551E+05   0.783804E-02
   0.560916E+00   0.189462E+06   0.188420E+06   0.151095E-01  -0.183814E-01   0.493109E+05   0.179607E+06   0.189287E+06   0.179607E+06  -0.277160E-02   0.924910E+05   0.924781E+05   0.765127E-02
   0.566070E+00   0.186725E+06   0.185699E+06   0.146133E-01  -0.177919E-01   0.481629E+05   0.176982E+06   0.186552E+06   0.176982E+06  -0.273105E-02   0.911447E+05   0.911320E+05   0.747176E-02
   0.571224E+00   0.184044E+06   0.183033E+06   0.141371E-01  -0.172257E-01   0.470475E+05   0.174412E+06   0.183874E+06   0.174412E+06  -0.269134E-02   0.898264E+05   0.898139E+05   0.729939E-02
   0.576378E+00   0.181416E+06   0.180419E+06   0.136797E-01  -0.166814E-01   0.459630E+05   0.171892E+06   0.181248E+06   0.171892E+06  -0.265242E-02   0.885339E+05   0.885216E+05   0.713368E-02
   0.581532E+00   0.178840E+06   0.177857E+06   0.132405E-01  -0.161583E-01   0.449089E+05   0.169424E+06   0.178675E+06   0.169424E+06  -0.261429E-02   0.872677E+05   0.872555E+05   0.697398E-02
   0.586686E+00   0.176320E+06   0.175350E+06   0.128188E-01  -0.156557E-01   0.438854E+05   0.167010E+06   0.176158E+06   0.167010E+06  -0.257699E-02   0.860290E+05   0.860170E+05   0.681956E-02
   0.591840E+00   0.173857E+06   0.172900E+06   0.124141E-01  -0.151728E-01   0.428921E+05   0.164650E+06   0.173696E+06   0.164650E+06  -0.254054E-02   0.848181E+05   0.848063E+05   0.666971E-02
   0.596995E+00   0.171448E+06   0.170504E+06   0.120255E-01  -0.147087E-01   0.419280E+05   0.162343E+06   0.171290E+06   0.162343E+06  -0.250490E-02   0.836343E+05   0.836227E+05   0.652382E-02
   0.602149E+00   0.169093E+06   0.168161E+06   0.116522E-01  -0.142626E-01   0.409924E+05   0.160088E+06   0.168936E+06   0.160088E+06  -0.247006E-02   0.824770E+05   0.824655E+05   0.638154E-02
   0.607303E+00   0.166792E+06   0.165873E+06   0.112938E-01  -0.138338E-01   0.400848E+05   0.157885E+06   0.166637E+06   0.157885E+06  -0.243604E-02   0.813464E+05   0.813351E+05   0.624280E-02
   0.612457E+00   0.164544E+06   0.163638E+06   0.109495E-01  -0.134217E-01   0.392045E+05   0.155735E+06   0.164392E+06   0.155735E+06  -0.240281E-02   0.802424E+05   0.802312E+05   0.610769E-02
   0.659749E+00   0.145963E+06   0.145158E+06   0.833512E-02  -0.102800E-01   0.321990E+05   0.137970E+06   0.145828E+06   0.137970E+06  -0.212843E-02   0.711212E+05   0.711113E+05   0.504142E-02
   0.710693E+00   0.129396E+06   0.128682E+06   0.634161E-02  -0.786825E-02   0.263584E+05   0.122159E+06   0.129276E+06   0.122159E+06  -0.188426E-02   0.629986E+05   0.629898E+05   0.415978E-02
   0.765571E+00   0.114660E+06   0.114026E+06   0.482363E-02  -0.601924E-02   0.215147E+05   0.108119E+06   0.114553E+06   0.108119E+06  -0.166749E-02   0.557818E+05   0.557740E+05   0.343261E-02
   0.895965E+00   0.886152E+05   0.881244E+05   0.270083E-02  -0.340862E-02   0.138784E+05   0.833699E+05   0.885328E+05   0.833699E+05  -0.128547E-02   0.430489E+05   0.430428E+05   0.228446E-02
   0.125042E+01   0.509613E+05   0.506780E+05   0.786568E-03  -0.101289E-02   0.526544E+04   0.477569E+05   0.509138E+05   0.477569E+05  -0.736023E-03   0.246963E+05   0.246927E+05   0.965024E-03
   0.174510E+01   0.290450E+05   0.288831E+05   0.227841E-03  -0.297813E-03   0.190199E+04   0.271426E+05   0.290178E+05   0.271426E+05  -0.418178E-03   0.140515E+05   0.140494E+05   0.412066E-03
   0.243548E+01   0.164171E+05   0.163253E+05   0.656535E-04  -0.867176E-04   0.657130E+03   0.153129E+05   0.164017E+05   0.153129E+05  -0.235866E-03   0.793344E+04   0.793212E+04   0.180822E-03
