   0.102076E-04   0.184580E+08   0.184580E+08   0.245978E+08   0.245974E+08   0.184581E+08   0.184580E+08   0.184580E+08   0.184642E+08  -0.448495E+00   0.919528E+07   0.919528E+07   0.565120E+01
   0.112819E-04   0.184580E+08   0.184580E+08   0.245949E+08   0.245944E+08   0.184581E+08   0.184580E+08   0.184580E+08   0.184642E+08  -0.448495E+00   0.919528E+07   0.919528E+07   0.624577E+01
   0.124693E-04   0.184580E+08   0.184580E+08   0.245914E+08   0.245908E+08   0.184581E+08   0.184580E+08   0.184580E+08   0.184642E+08  -0.448495E+00   0.919528E+07   0.919528E+07   0.690285E+01
   0.137816E-04   0.184580E+08   0.184580E+08   0.245871E+08   0.245864E+08   0.184581E+08   0.184580E+08   0.184580E+08   0.184642E+08  -0.448495E+00   0.919527E+07   0.919527E+07   0.762900E+01
   0.152321E-04   0.184580E+08   0.184580E+08   0.245819E+08   0.245810E+08   0.184581E+08   0.184580E+08   0.184580E+08   0.184642E+08  -0.448495E+00   0.919527E+07   0.919527E+07   0.843145E+01
   0.168352E-04   0.184580E+08   0.184580E+08   0.245755E+08   0.245744E+08   0.184581E+08   0.184580E+08   0.184580E+08   0.184641E+08  -0.448494E+00   0.919526E+07   0.919526E+07   0.931819E+01
   0.186070E-04   0.184580E+08   0.184580E+08   0.245677E+08   0.245664E+08   0.184581E+08   0.184580E+08   0.184580E+08   0.184641E+08  -0.448494E+00   0.919526E+07   0.919526E+07   0.102980E+02
   0.205653E-04   0.184580E+08   0.184580E+08   0.245582E+08   0.245566E+08   0.184581E+08   0.184580E+08   0.184580E+08   0.184641E+08  -0.448493E+00   0.919525E+07   0.919525E+07   0.113807E+02
   0.227297E-04   0.184579E+08   0.184579E+08   0.245465E+08   0.245446E+08   0.184580E+08   0.184580E+08   0.184579E+08   0.184641E+08  -0.448493E+00   0.919524E+07   0.919524E+07   0.125769E+02
   0.251219E-04   0.184579E+08   0.184579E+08   0.245323E+08   0.245300E+08   0.184580E+08   0.184579E+08   0.184579E+08   0.184641E+08  -0.448492E+00   0.919523E+07   0.919523E+07   0.138985E+02
   0.277659E-04   0.184579E+08   0.184579E+08   0.245150E+08   0.245121E+08   0.184580E+08   0.184579E+08   0.184579E+08   0.184640E+08  -0.448491E+00   0.919522E+07   0.919521E+07   0.153584E+02
   0.306881E-04   0.184579E+08   0.184579E+08   0.244938E+08   0.244903E+08   0.184580E+08   0.184579E+08   0.184579E+08   0.184640E+08  -0.448490E+00   0.919520E+07   0.919520E+07   0.169710E+02
   0.339179E-04   0.184578E+08   0.184578E+08   0.244680E+08   0.244637E+08   0.184579E+08   0.184578E+08   0.184578E+08   0.184639E+08  -0.448489E+00   0.919518E+07   0.919518E+07   0.187519E+02
   0.374876E-04   0.184578E+08   0.184578E+08   0.244365E+08   0.244313E+08   0.184579E+08   0.184578E+08   0.184578E+08   0.184639E+08  -0.448487E+00   0.919515E+07   0.919515E+07   0.207185E+02
   0.414330E-04   0.184577E+08   0.184577E+08   0.243980E+08   0.243917E+08   0.184578E+08   0.184577E+08   0.184577E+08   0.184638E+08  -0.448485E+00   0.919512E+07   0.919512E+07   0.228896E+02
   0.457936E-04   0.184576E+08   0.184576E+08   0.243511E+08   0.243434E+08   0.184577E+08   0.184576E+08   0.184576E+08   0.184637E+08  -0.448483E+00   0.919508E+07   0.919508E+07   0.252860E+02
   0.506132E-04   0.184575E+08   0.184575E+08   0.242939E+08   0.242845E+08   0.184576E+08   0.184575E+08   0.184575E+08   0.184636E+08  -0.448480E+00   0.919504E+07   0.919503E+07   0.279301E+02
   0.559400E-04   0.184574E+08   0.184574E+08   0.242242E+08   0.242128E+08   0.184575E+08   0.184574E+08   0.184574E+08   0.184635E+08  -0.448477E+00   0.919498E+07   0.919497E+07   0.308465E+02
   0.618274E-04   0.184573E+08   0.184573E+08   0.241393E+08   0.241254E+08   0.184574E+08   0.184573E+08   0.184573E+08   0.184633E+08  -0.448472E+00   0.919491E+07   0.919490E+07   0.340619E+02
   0.683345E-04   0.184571E+08   0.184571E+08   0.240360E+08   0.240190E+08   0.184572E+08   0.184571E+08   0.184571E+08   0.184631E+08  -0.448467E+00   0.919482E+07   0.919482E+07   0.376048E+02
   0.755264E-04   0.184569E+08   0.184569E+08   0.239103E+08   0.238897E+08   0.184570E+08   0.184569E+08   0.184569E+08   0.184629E+08  -0.448461E+00   0.919472E+07   0.919471E+07   0.415059E+02
   0.834752E-04   0.184567E+08   0.184566E+08   0.237576E+08   0.237326E+08   0.184567E+08   0.184567E+08   0.184567E+08   0.184626E+08  -0.448453E+00   0.919459E+07   0.919458E+07   0.457980E+02
   0.922605E-04   0.184564E+08   0.184563E+08   0.235723E+08   0.235419E+08   0.184564E+08   0.184564E+08   0.184564E+08   0.184622E+08  -0.448443E+00   0.919444E+07   0.919442E+07   0.505155E+02
   0.101971E-03   0.184560E+08   0.184559E+08   0.233477E+08   0.233108E+08   0.184560E+08   0.184560E+08   0.184560E+08   0.184618E+08  -0.448432E+00   0.919425E+07   0.919423E+07   0.556940E+02
   0.112702E-03   0.184555E+08   0.184555E+08   0.230760E+08   0.230313E+08   0.184556E+08   0.184555E+08   0.184555E+08   0.184613E+08  -0.448418E+00   0.919402E+07   0.919400E+07   0.613699E+02
   0.124564E-03   0.184550E+08   0.184549E+08   0.227480E+08   0.226941E+08   0.184550E+08   0.184550E+08   0.184550E+08   0.184606E+08  -0.448400E+00   0.919374E+07   0.919371E+07   0.675793E+02
   0.137674E-03   0.184543E+08   0.184542E+08   0.223532E+08   0.222882E+08   0.184543E+08   0.184543E+08   0.184543E+08   0.184599E+08  -0.448380E+00   0.919340E+07   0.919336E+07   0.743570E+02
   0.152163E-03   0.184535E+08   0.184533E+08   0.218794E+08   0.218013E+08   0.184535E+08   0.184534E+08   0.184534E+08   0.184589E+08  -0.448354E+00   0.919298E+07   0.919294E+07   0.817340E+02
   0.168178E-03   0.184525E+08   0.184523E+08   0.213131E+08   0.212196E+08   0.184525E+08   0.184524E+08   0.184524E+08   0.184578E+08  -0.448323E+00   0.919247E+07   0.919242E+07   0.897356E+02
   0.185878E-03   0.184512E+08   0.184510E+08   0.206397E+08   0.205282E+08   0.184512E+08   0.184512E+08   0.184512E+08   0.184564E+08  -0.448286E+00   0.919185E+07   0.919179E+07   0.983778E+02
   0.205440E-03   0.184497E+08   0.184495E+08   0.198435E+08   0.197115E+08   0.184497E+08   0.184497E+08   0.184497E+08   0.184546E+08  -0.448240E+00   0.919109E+07   0.919102E+07   0.107663E+03
   0.227062E-03   0.184479E+08   0.184476E+08   0.189094E+08   0.187540E+08   0.184479E+08   0.184479E+08   0.184479E+08   0.184526E+08  -0.448185E+00   0.919017E+07   0.919009E+07   0.117574E+03
   0.250959E-03   0.184457E+08   0.184454E+08   0.178233E+08   0.176421E+08   0.184456E+08   0.184457E+08   0.184457E+08   0.184501E+08  -0.448119E+00   0.918905E+07   0.918896E+07   0.128068E+03
   0.277372E-03   0.184430E+08   0.184426E+08   0.165750E+08   0.163657E+08   0.184429E+08   0.184430E+08   0.184430E+08   0.184471E+08  -0.448039E+00   0.918770E+07   0.918758E+07   0.139068E+03
   0.306564E-03   0.184398E+08   0.184393E+08   0.151602E+08   0.149217E+08   0.184396E+08   0.184397E+08   0.184397E+08   0.184435E+08  -0.447943E+00   0.918605E+07   0.918591E+07   0.150454E+03
   0.338828E-03   0.184359E+08   0.184352E+08   0.135848E+08   0.133173E+08   0.184357E+08   0.184357E+08   0.184358E+08   0.184391E+08  -0.447827E+00   0.918405E+07   0.918389E+07   0.162051E+03
   0.374488E-03   0.184311E+08   0.184304E+08   0.118687E+08   0.115748E+08   0.184308E+08   0.184310E+08   0.184310E+08   0.184339E+08  -0.447690E+00   0.918164E+07   0.918145E+07   0.173625E+03
   0.413901E-03   0.184254E+08   0.184245E+08   0.100507E+08   0.973571E+07   0.184250E+08   0.184252E+08   0.184252E+08   0.184277E+08  -0.447527E+00   0.917874E+07   0.917851E+07   0.184871E+03
   0.457462E-03   0.184185E+08   0.184175E+08   0.819152E+07   0.786450E+07   0.184181E+08   0.184183E+08   0.184183E+08   0.184203E+08  -0.447334E+00   0.917524E+07   0.917497E+07   0.195416E+03
   0.505608E-03   0.184103E+08   0.184090E+08   0.637440E+07   0.604844E+07   0.184097E+08   0.184100E+08   0.184101E+08   0.184116E+08  -0.447106E+00   0.917104E+07   0.917073E+07   0.204826E+03
   0.558821E-03   0.184004E+08   0.183990E+08   0.470018E+07   0.439183E+07   0.183997E+08   0.184001E+08   0.184002E+08   0.184013E+08  -0.446840E+00   0.916603E+07   0.916567E+07   0.212626E+03
   0.617635E-03   0.183887E+08   0.183870E+08   0.327365E+07   0.300128E+07   0.183878E+08   0.183884E+08   0.183884E+08   0.183892E+08  -0.446529E+00   0.916006E+07   0.915965E+07   0.218340E+03
   0.682638E-03   0.183748E+08   0.183728E+08   0.218033E+07   0.196083E+07   0.183737E+08   0.183744E+08   0.183745E+08   0.183749E+08  -0.446167E+00   0.915298E+07   0.915252E+07   0.221541E+03
   0.754482E-03   0.183584E+08   0.183561E+08   0.145644E+07   0.130048E+07   0.183570E+08   0.183579E+08   0.183580E+08   0.183583E+08  -0.445747E+00   0.914463E+07   0.914412E+07   0.221912E+03
   0.833888E-03   0.183390E+08   0.183365E+08   0.106295E+07   0.970087E+06   0.183373E+08   0.183385E+08   0.183386E+08   0.183388E+08  -0.445261E+00   0.913482E+07   0.913427E+07   0.219302E+03
   0.921651E-03   0.183163E+08   0.183135E+08   0.882931E+06   0.838968E+06   0.183143E+08   0.183158E+08   0.183159E+08   0.183160E+08  -0.444698E+00   0.912335E+07   0.912276E+07   0.213750E+03
   0.101865E-02   0.182899E+08   0.182868E+08   0.761640E+06   0.741503E+06   0.182873E+08   0.182892E+08   0.182893E+08   0.182894E+08  -0.444046E+00   0.910999E+07   0.910936E+07   0.205468E+03
   0.112586E-02   0.182590E+08   0.182557E+08   0.587482E+06   0.564849E+06   0.182559E+08   0.182583E+08   0.182585E+08   0.182584E+08  -0.443290E+00   0.909448E+07   0.909383E+07   0.194777E+03
   0.124435E-02   0.182232E+08   0.182197E+08   0.365105E+06   0.325041E+06   0.182194E+08   0.182224E+08   0.182226E+08   0.182225E+08  -0.442413E+00   0.907652E+07   0.907584E+07   0.182062E+03
   0.137531E-02   0.181818E+08   0.181781E+08   0.196880E+06   0.142136E+06   0.181770E+08   0.181808E+08   0.181811E+08   0.181809E+08  -0.441400E+00   0.905575E+07   0.905506E+07   0.167769E+03
   0.152006E-02   0.181339E+08   0.181301E+08   0.147669E+06   0.913597E+05   0.181280E+08   0.181329E+08   0.181332E+08   0.181329E+08  -0.440231E+00   0.903178E+07   0.903109E+07   0.152484E+03
   0.168004E-02   0.180787E+08   0.180748E+08   0.139297E+06  -0.292418E+06   0.180716E+08   0.180776E+08   0.180780E+08   0.180776E+08  -0.438886E+00   0.900421E+07   0.900352E+07   0.136969E+03
   0.185685E-02   0.180153E+08   0.180114E+08   0.716477E+05  -0.238528E+06   0.180066E+08   0.180141E+08   0.180146E+08   0.180141E+08  -0.437342E+00   0.897252E+07   0.897184E+07   0.122039E+03
   0.205228E-02   0.179426E+08   0.179387E+08   0.931721E+04  -0.194467E+06   0.179320E+08   0.179412E+08   0.179419E+08   0.179412E+08  -0.435572E+00   0.893620E+07   0.893554E+07   0.108369E+03
   0.226827E-02   0.178594E+08   0.178555E+08   0.229917E+05  -0.158452E+06   0.178465E+08   0.178579E+08   0.178587E+08   0.178579E+08  -0.433547E+00   0.889467E+07   0.889402E+07   0.964188E+02
   0.250700E-02   0.177645E+08   0.177605E+08   0.108977E+05  -0.129019E+06   0.177488E+08   0.177628E+08   0.177638E+08   0.177628E+08  -0.431238E+00   0.884729E+07   0.884664E+07   0.863883E+02
   0.277085E-02   0.176565E+08   0.176524E+08  -0.957333E+04  -0.104973E+06   0.176375E+08   0.176546E+08   0.176558E+08   0.176545E+08  -0.428609E+00   0.879337E+07   0.879272E+07   0.780640E+02
   0.306246E-02   0.175339E+08   0.175296E+08  -0.132589E+04  -0.853343E+05   0.175109E+08   0.175317E+08   0.175332E+08   0.175317E+08  -0.425626E+00   0.873217E+07   0.873152E+07   0.709083E+02
   0.338478E-02   0.173952E+08   0.173906E+08  -0.164578E+05  -0.693023E+05   0.173673E+08   0.173926E+08   0.173944E+08   0.173926E+08  -0.422248E+00   0.866289E+07   0.866224E+07   0.643410E+02
   0.374101E-02   0.172386E+08   0.172338E+08  -0.126341E+05  -0.562205E+05   0.172049E+08   0.172355E+08   0.172378E+08   0.172355E+08  -0.418435E+00   0.858470E+07   0.858405E+07   0.580116E+02
   0.413473E-02   0.170624E+08   0.170573E+08  -0.127174E+05  -0.455520E+05   0.170218E+08   0.170588E+08   0.170616E+08   0.170588E+08  -0.414145E+00   0.849670E+07   0.849606E+07   0.520057E+02
   0.456989E-02   0.168647E+08   0.168592E+08  -0.119256E+05  -0.368570E+05   0.168158E+08   0.168605E+08   0.168638E+08   0.168605E+08  -0.409329E+00   0.839796E+07   0.839732E+07   0.466307E+02
   0.505085E-02   0.166436E+08   0.166375E+08  -0.678387E+04  -0.297756E+05   0.165850E+08   0.166386E+08   0.166425E+08   0.166386E+08  -0.403942E+00   0.828748E+07   0.828684E+07   0.420108E+02
   0.558243E-02   0.163970E+08   0.163904E+08  -0.605946E+04  -0.240133E+05   0.163271E+08   0.163911E+08   0.163959E+08   0.163911E+08  -0.397934E+00   0.816428E+07   0.816365E+07   0.379207E+02
   0.616996E-02   0.161229E+08   0.161156E+08  -0.620390E+04  -0.193288E+05   0.160399E+08   0.161160E+08   0.161217E+08   0.161160E+08  -0.391256E+00   0.802736E+07   0.802672E+07   0.341076E+02
   0.681932E-02   0.158194E+08   0.158113E+08  -0.601259E+04  -0.155247E+05   0.157212E+08   0.158113E+08   0.158180E+08   0.158113E+08  -0.383859E+00   0.787568E+07   0.787505E+07   0.306292E+02
   0.753702E-02   0.154844E+08   0.154752E+08  -0.570320E+04  -0.124393E+05   0.153689E+08   0.154749E+08   0.154828E+08   0.154749E+08  -0.375693E+00   0.770823E+07   0.770761E+07   0.275830E+02
   0.833025E-02   0.151158E+08   0.151055E+08  -0.340766E+04  -0.994039E+04   0.149808E+08   0.151048E+08   0.151140E+08   0.151048E+08  -0.366708E+00   0.752401E+07   0.752339E+07   0.248461E+02
   0.920698E-02   0.147117E+08   0.147000E+08  -0.468482E+04  -0.791960E+04   0.145551E+08   0.146990E+08   0.147097E+08   0.146990E+08  -0.356856E+00   0.732202E+07   0.732140E+07   0.223784E+02
   0.101760E-01   0.142702E+08   0.142568E+08  -0.309831E+04  -0.628837E+04   0.140900E+08   0.142557E+08   0.142680E+08   0.142557E+08  -0.346093E+00   0.710135E+07   0.710074E+07   0.201909E+02
   0.112469E-01   0.137898E+08   0.137744E+08  -0.286369E+04  -0.497428E+04   0.135840E+08   0.137732E+08   0.137872E+08   0.137732E+08  -0.334379E+00   0.686120E+07   0.686058E+07   0.182288E+02
   0.124306E-01   0.132692E+08   0.132516E+08  -0.259722E+04  -0.391817E+04   0.130363E+08   0.132504E+08   0.132663E+08   0.132504E+08  -0.321687E+00   0.660100E+07   0.660039E+07   0.164888E+02
   0.137389E-01   0.127083E+08   0.126881E+08  -0.201447E+04  -0.307177E+04   0.124470E+08   0.126871E+08   0.127049E+08   0.126871E+08  -0.308013E+00   0.632065E+07   0.632004E+07   0.149343E+02
   0.151849E-01   0.121079E+08   0.120848E+08  -0.130499E+04  -0.239572E+04   0.118175E+08   0.120842E+08   0.121040E+08   0.120842E+08  -0.293378E+00   0.602062E+07   0.602000E+07   0.135504E+02
   0.167830E-01   0.114809E+08   0.114545E+08  -0.127307E+04  -0.185954E+04   0.111607E+08   0.114546E+08   0.114765E+08   0.114546E+08  -0.278094E+00   0.570728E+07   0.570666E+07   0.123192E+02
   0.185493E-01   0.108084E+08   0.107784E+08  -0.929715E+03  -0.143303E+04   0.104591E+08   0.107796E+08   0.108034E+08   0.107796E+08  -0.261705E+00   0.537129E+07   0.537067E+07   0.112001E+02
   0.205016E-01   0.101049E+08   0.100712E+08  -0.591509E+03  -0.109672E+04   0.972781E+07   0.100736E+08   0.100993E+08   0.100736E+08  -0.244567E+00   0.501993E+07   0.501930E+07   0.101768E+02
   0.226592E-01   0.936900E+07   0.933157E+07  -0.528964E+03  -0.832386E+03   0.896668E+07   0.933532E+07   0.936271E+07   0.933532E+07  -0.226644E+00   0.465247E+07   0.465185E+07   0.922030E+01
   0.250440E-01   0.862520E+07   0.858423E+07  -0.394824E+03  -0.627304E+03   0.820064E+07   0.858944E+07   0.861832E+07   0.858944E+07  -0.208537E+00   0.428122E+07   0.428060E+07   0.831359E+01
   0.276798E-01   0.788361E+07   0.783963E+07  -0.259957E+03  -0.469377E+03   0.744020E+07   0.784607E+07   0.787622E+07   0.784607E+07  -0.190490E+00   0.391121E+07   0.391059E+07   0.743032E+01
   0.305930E-01   0.715018E+07   0.710413E+07  -0.264187E+03  -0.348511E+03   0.669166E+07   0.711128E+07   0.714245E+07   0.711128E+07  -0.172652E+00   0.354545E+07   0.354485E+07   0.654818E+01
   0.338127E-01   0.644407E+07   0.639735E+07  -0.186332E+03  -0.257148E+03   0.597382E+07   0.640425E+07   0.643623E+07   0.640425E+07  -0.155488E+00   0.319349E+07   0.319292E+07   0.565495E+01
   0.373714E-01   0.578757E+07   0.574200E+07  -0.128417E+03  -0.189093E+03   0.530821E+07   0.574730E+07   0.577992E+07   0.574730E+07  -0.139539E+00   0.286646E+07   0.286593E+07   0.475089E+01
   0.413045E-01   0.520172E+07   0.515940E+07  -0.784376E+02  -0.139163E+03   0.471291E+07   0.516130E+07   0.519461E+07   0.516130E+07  -0.125313E+00   0.257477E+07   0.257429E+07   0.385157E+01
   0.454350E-01   0.470927E+07   0.467199E+07   0.244074E+02  -0.104164E+03   0.421321E+07   0.466914E+07   0.470301E+07   0.466914E+07  -0.113365E+00   0.232980E+07   0.232939E+07   0.302413E+01
   0.495654E-01   0.432587E+07   0.429448E+07   0.187570E+02  -0.804412E+02   0.382143E+07   0.428608E+07   0.432060E+07   0.428608E+07  -0.104066E+00   0.213918E+07   0.213884E+07   0.233130E+01
   0.536959E-01   0.401956E+07   0.399408E+07   0.147855E+02  -0.637240E+02   0.350582E+07   0.398005E+07   0.401528E+07   0.398005E+07  -0.966370E-01   0.198693E+07   0.198665E+07   0.177928E+01
   0.578264E-01   0.376317E+07   0.374288E+07   0.118826E+02  -0.514710E+02   0.324042E+07   0.372385E+07   0.375976E+07   0.372385E+07  -0.904174E-01   0.185949E+07   0.185926E+07   0.136518E+01
   0.619568E-01   0.353785E+07   0.352156E+07   0.968723E+01  -0.421769E+02   0.300752E+07   0.349863E+07   0.353512E+07   0.349863E+07  -0.849502E-01   0.174747E+07   0.174727E+07   0.107734E+01
   0.660873E-01   0.332683E+07   0.331311E+07   0.796894E+01  -0.348776E+02   0.279187E+07   0.328769E+07   0.332452E+07   0.328769E+07  -0.798294E-01   0.164253E+07   0.164235E+07   0.895261E+00
   0.702177E-01   0.312015E+07   0.310758E+07   0.658843E+01  -0.289904E+02   0.258460E+07   0.308115E+07   0.311804E+07   0.308115E+07  -0.748154E-01   0.153974E+07   0.153958E+07   0.793994E+00
   0.743482E-01   0.291728E+07   0.290468E+07   0.546740E+01  -0.241884E+02   0.238525E+07   0.287852E+07   0.291516E+07   0.287852E+07  -0.698961E-01   0.143885E+07   0.143869E+07   0.747709E+00
   0.784786E-01   0.271491E+07   0.270149E+07   0.454354E+01  -0.202116E+02   0.219098E+07   0.267658E+07   0.271265E+07   0.267658E+07  -0.649935E-01   0.133826E+07   0.133809E+07   0.730793E+00
   0.826091E-01   0.252078E+07   0.250621E+07   0.378786E+01  -0.169433E+02   0.200793E+07   0.248304E+07   0.251834E+07   0.248304E+07  -0.602948E-01   0.124182E+07   0.124164E+07   0.723301E+00
   0.867395E-01   0.234028E+07   0.232463E+07   0.317332E+01  -0.142730E+02   0.183999E+07   0.230324E+07   0.233765E+07   0.230324E+07  -0.559295E-01   0.115219E+07   0.115201E+07   0.710384E+00
   0.918936E-01   0.214070E+07   0.212429E+07   0.256988E+01  -0.116382E+02   0.165601E+07   0.210461E+07   0.213794E+07   0.210461E+07  -0.511072E-01   0.105317E+07   0.105298E+07   0.674142E+00
   0.970477E-01   0.197483E+07   0.195865E+07   0.211259E+01  -0.963179E+01   0.150337E+07   0.193970E+07   0.197212E+07   0.193970E+07  -0.471033E-01   0.970950E+06   0.970771E+06   0.612281E+00
   0.102202E+00   0.184421E+07   0.182923E+07   0.176840E+01  -0.811573E+01   0.138185E+07   0.180989E+07   0.184169E+07   0.180989E+07  -0.439518E-01   0.906254E+06   0.906091E+06   0.531196E+00
   0.107356E+00   0.174412E+07   0.173104E+07   0.150710E+01  -0.696117E+01   0.128652E+07   0.171043E+07   0.174192E+07   0.171043E+07  -0.415371E-01   0.856712E+06   0.856569E+06   0.442803E+00
   0.112510E+00   0.166481E+07   0.165389E+07   0.130254E+01  -0.605458E+01   0.120909E+07   0.163158E+07   0.166297E+07   0.163158E+07  -0.396231E-01   0.817467E+06   0.817346E+06   0.359755E+00
   0.117664E+00   0.159553E+07   0.158659E+07   0.113512E+01  -0.530962E+01   0.114105E+07   0.156270E+07   0.159403E+07   0.156270E+07  -0.379509E-01   0.783188E+06   0.783085E+06   0.291910E+00
   0.122818E+00   0.152790E+07   0.152041E+07   0.992179E+00  -0.467028E+01   0.107604E+07   0.149548E+07   0.152664E+07   0.149548E+07  -0.363189E-01   0.749718E+06   0.749629E+06   0.244365E+00
   0.127972E+00   0.145704E+07   0.145031E+07   0.866604E+00  -0.410498E+01   0.101054E+07   0.142511E+07   0.145591E+07   0.142511E+07  -0.346105E-01   0.714650E+06   0.714567E+06   0.217080E+00
   0.133126E+00   0.138159E+07   0.137497E+07   0.755007E+00  -0.359906E+01   0.943680E+06   0.135027E+07   0.138048E+07   0.135027E+07  -0.327934E-01   0.677317E+06   0.677234E+06   0.205875E+00
   0.138280E+00   0.130313E+07   0.129616E+07   0.656228E+00  -0.314806E+01   0.876632E+06   0.127254E+07   0.130196E+07   0.127254E+07  -0.309062E-01   0.638510E+06   0.638426E+06   0.204272E+00
   0.143435E+00   0.122512E+07   0.121761E+07   0.570093E+00  -0.275214E+01   0.811756E+06   0.119536E+07   0.122386E+07   0.119536E+07  -0.290320E-01   0.599953E+06   0.599865E+06   0.205517E+00
   0.148589E+00   0.115177E+07   0.114380E+07   0.496574E+00  -0.241220E+01   0.751760E+06   0.112286E+07   0.115044E+07   0.112286E+07  -0.272717E-01   0.563725E+06   0.563634E+06   0.204227E+00
   0.153743E+00   0.108695E+07   0.107878E+07   0.435289E+00  -0.212748E+01   0.698956E+06   0.105884E+07   0.108557E+07   0.105884E+07  -0.257170E-01   0.531727E+06   0.531636E+06   0.197345E+00
   0.158897E+00   0.103288E+07   0.102488E+07   0.385149E+00  -0.189372E+01   0.654480E+06   0.100546E+07   0.103153E+07   0.100546E+07  -0.244209E-01   0.505058E+06   0.504970E+06   0.184300E+00
   0.164051E+00   0.989357E+06   0.981865E+06   0.344305E+00  -0.170281E+01   0.617851E+06   0.962494E+06   0.988099E+06   0.962494E+06  -0.233777E-01   0.483603E+06   0.483522E+06   0.166525E+00
   0.169205E+00   0.954120E+06   0.947363E+06   0.310550E+00  -0.154469E+01   0.587338E+06   0.927699E+06   0.952986E+06   0.927699E+06  -0.225329E-01   0.466241E+06   0.466167E+06   0.146633E+00
   0.174359E+00   0.924118E+06   0.918166E+06   0.281868E+00  -0.140995E+01   0.560821E+06   0.898063E+06   0.923119E+06   0.898063E+06  -0.218134E-01   0.451463E+06   0.451396E+06   0.127497E+00
   0.179513E+00   0.896393E+06   0.891162E+06   0.256673E+00  -0.129112E+01   0.536349E+06   0.870676E+06   0.895515E+06   0.870676E+06  -0.211485E-01   0.437805E+06   0.437745E+06   0.111445E+00
   0.184667E+00   0.868381E+06   0.863675E+06   0.233803E+00  -0.118270E+01   0.512293E+06   0.843020E+06   0.867591E+06   0.843020E+06  -0.204770E-01   0.424005E+06   0.423950E+06   0.997614E-01
   0.189821E+00   0.838358E+06   0.833933E+06   0.212570E+00  -0.108130E+01   0.487689E+06   0.813415E+06   0.837615E+06   0.813415E+06  -0.197582E-01   0.409216E+06   0.409163E+06   0.925585E-01
   0.194975E+00   0.806010E+06   0.801641E+06   0.192738E+00  -0.985889E+00   0.462358E+06   0.781562E+06   0.805277E+06   0.781562E+06  -0.189847E-01   0.393287E+06   0.393235E+06   0.889898E-01
   0.200130E+00   0.772366E+06   0.767895E+06   0.174422E+00  -0.897163E+00   0.436929E+06   0.748470E+06   0.771616E+06   0.748470E+06  -0.181811E-01   0.376726E+06   0.376673E+06   0.876435E-01
   0.205284E+00   0.739016E+06   0.734381E+06   0.157822E+00  -0.816260E+00   0.412310E+06   0.715698E+06   0.738238E+06   0.715698E+06  -0.173852E-01   0.360317E+06   0.360263E+06   0.869759E-01
   0.210438E+00   0.707458E+06   0.702692E+06   0.143062E+00  -0.743958E+00   0.389309E+06   0.684711E+06   0.706658E+06   0.684711E+06  -0.166327E-01   0.344798E+06   0.344744E+06   0.857002E-01
   0.215592E+00   0.678879E+06   0.674079E+06   0.130164E+00  -0.680518E+00   0.368517E+06   0.656665E+06   0.678073E+06   0.656665E+06  -0.159517E-01   0.330751E+06   0.330698E+06   0.830448E-01
   0.220746E+00   0.654007E+06   0.649301E+06   0.119044E+00  -0.625658E+00   0.350247E+06   0.632264E+06   0.653217E+06   0.632264E+06  -0.153591E-01   0.318533E+06   0.318481E+06   0.788327E-01
   0.225900E+00   0.632877E+06   0.628386E+06   0.109497E+00  -0.578451E+00   0.334421E+06   0.611535E+06   0.632123E+06   0.611535E+06  -0.148557E-01   0.308159E+06   0.308109E+06   0.733901E-01
   0.231054E+00   0.614812E+06   0.610617E+06   0.101224E+00  -0.537457E+00   0.320589E+06   0.593809E+06   0.614107E+06   0.593809E+06  -0.144253E-01   0.299292E+06   0.299245E+06   0.673530E-01
   0.236208E+00   0.598734E+06   0.594861E+06   0.939069E-01  -0.501100E+00   0.308119E+06   0.578031E+06   0.598084E+06   0.578031E+06  -0.140421E-01   0.291402E+06   0.291359E+06   0.614450E-01
   0.241362E+00   0.583542E+06   0.579963E+06   0.872753E-01  -0.468016E+00   0.296395E+06   0.563124E+06   0.582941E+06   0.563124E+06  -0.136802E-01   0.283948E+06   0.283907E+06   0.562792E-01
   0.246516E+00   0.568324E+06   0.564972E+06   0.811285E-01  -0.437191E+00   0.284932E+06   0.548202E+06   0.567761E+06   0.548202E+06  -0.133178E-01   0.276481E+06   0.276442E+06   0.522247E-01
   0.251670E+00   0.552511E+06   0.549300E+06   0.753451E-01  -0.408009E+00   0.273439E+06   0.532710E+06   0.551972E+06   0.532710E+06  -0.129416E-01   0.268723E+06   0.268686E+06   0.493577E-01
   0.256825E+00   0.535980E+06   0.532829E+06   0.698816E-01  -0.380261E+00   0.261860E+06   0.516530E+06   0.535451E+06   0.516530E+06  -0.125487E-01   0.260615E+06   0.260579E+06   0.474973E-01
   0.261979E+00   0.519038E+06   0.515889E+06   0.647540E-01  -0.354060E+00   0.250352E+06   0.499965E+06   0.518510E+06   0.499965E+06  -0.121464E-01   0.252308E+06   0.252272E+06   0.462975E-01
   0.267133E+00   0.502227E+06   0.499054E+06   0.600025E-01  -0.329648E+00   0.239174E+06   0.483539E+06   0.501694E+06   0.483539E+06  -0.117474E-01   0.244068E+06   0.244031E+06   0.453592E-01
   0.272287E+00   0.486103E+06   0.482912E+06   0.556603E-01  -0.307237E+00   0.228583E+06   0.467795E+06   0.485567E+06   0.467795E+06  -0.113651E-01   0.236167E+06   0.236131E+06   0.443331E-01
   0.277441E+00   0.471111E+06   0.467932E+06   0.517406E-01  -0.286930E+00   0.218765E+06   0.453163E+06   0.470577E+06   0.453163E+06  -0.110097E-01   0.228824E+06   0.228788E+06   0.429916E-01
   0.282595E+00   0.457514E+06   0.454391E+06   0.482326E-01  -0.268700E+00   0.209819E+06   0.439896E+06   0.456990E+06   0.439896E+06  -0.106875E-01   0.222168E+06   0.222133E+06   0.412583E-01
   0.287749E+00   0.445348E+06   0.442324E+06   0.451015E-01  -0.252388E+00   0.201728E+06   0.428027E+06   0.444840E+06   0.428027E+06  -0.103992E-01   0.216214E+06   0.216180E+06   0.391950E-01
   0.292903E+00   0.434417E+06   0.431521E+06   0.422928E-01  -0.237718E+00   0.194376E+06   0.417364E+06   0.433931E+06   0.417364E+06  -0.101402E-01   0.210866E+06   0.210833E+06   0.369576E-01
   0.298057E+00   0.424367E+06   0.421610E+06   0.397434E-01  -0.224365E+00   0.187579E+06   0.407561E+06   0.423904E+06   0.407561E+06  -0.990217E-02   0.205950E+06   0.205919E+06   0.347377E-01
   0.303211E+00   0.414802E+06   0.412178E+06   0.373944E-01  -0.212015E+00   0.181143E+06   0.398233E+06   0.414361E+06   0.398233E+06  -0.967562E-02   0.201273E+06   0.201243E+06   0.327082E-01
   0.308365E+00   0.405384E+06   0.402871E+06   0.351997E-01  -0.200425E+00   0.174912E+06   0.389052E+06   0.404962E+06   0.389052E+06  -0.945267E-02   0.196667E+06   0.196639E+06   0.309835E-01
   0.313520E+00   0.395899E+06   0.393467E+06   0.331294E-01  -0.189438E+00   0.168785E+06   0.379813E+06   0.395491E+06   0.379813E+06  -0.922825E-02   0.192030E+06   0.192002E+06   0.296019E-01
   0.318674E+00   0.386281E+06   0.383901E+06   0.311696E-01  -0.178981E+00   0.162734E+06   0.370449E+06   0.385881E+06   0.370449E+06  -0.900084E-02   0.187328E+06   0.187301E+06   0.285302E-01
   0.323828E+00   0.376597E+06   0.374246E+06   0.293184E-01  -0.169054E+00   0.156785E+06   0.361028E+06   0.376202E+06   0.361028E+06  -0.877201E-02   0.182595E+06   0.182568E+06   0.276832E-01
   0.328982E+00   0.367005E+06   0.364671E+06   0.275807E-01  -0.159690E+00   0.151001E+06   0.351702E+06   0.366613E+06   0.351702E+06  -0.854549E-02   0.177908E+06   0.177881E+06   0.269533E-01
   0.334136E+00   0.357699E+06   0.355381E+06   0.259628E-01  -0.150936E+00   0.145458E+06   0.342659E+06   0.357310E+06   0.342659E+06  -0.832584E-02   0.173362E+06   0.173336E+06   0.262392E-01
   0.339290E+00   0.348854E+06   0.346560E+06   0.244686E-01  -0.142822E+00   0.140220E+06   0.334067E+06   0.348469E+06   0.334067E+06  -0.811715E-02   0.169042E+06   0.169016E+06   0.254687E-01
   0.344444E+00   0.340577E+06   0.338320E+06   0.230961E-01  -0.135345E+00   0.135320E+06   0.326029E+06   0.340198E+06   0.326029E+06  -0.792191E-02   0.165001E+06   0.164976E+06   0.246090E-01
   0.349598E+00   0.332885E+06   0.330681E+06   0.218372E-01  -0.128467E+00   0.130755E+06   0.318562E+06   0.332515E+06   0.318562E+06  -0.774054E-02   0.161247E+06   0.161223E+06   0.236663E-01
   0.354752E+00   0.325719E+06   0.323577E+06   0.206795E-01  -0.122124E+00   0.126490E+06   0.311606E+06   0.325359E+06   0.311606E+06  -0.757159E-02   0.157751E+06   0.157727E+06   0.226760E-01
   0.359906E+00   0.318971E+06   0.316897E+06   0.196087E-01  -0.116239E+00   0.122476E+06   0.305058E+06   0.318623E+06   0.305058E+06  -0.741253E-02   0.154459E+06   0.154436E+06   0.216883E-01
   0.365060E+00   0.312516E+06   0.310508E+06   0.186108E-01  -0.110737E+00   0.118655E+06   0.298795E+06   0.312179E+06   0.298795E+06  -0.726042E-02   0.151311E+06   0.151288E+06   0.207534E-01
   0.370215E+00   0.306235E+06   0.304288E+06   0.176739E-01  -0.105552E+00   0.114978E+06   0.292704E+06   0.305908E+06   0.292704E+06  -0.711247E-02   0.148248E+06   0.148226E+06   0.199080E-01
   0.375369E+00   0.300036E+06   0.298138E+06   0.167886E-01  -0.100633E+00   0.111406E+06   0.286694E+06   0.299717E+06   0.286694E+06  -0.696649E-02   0.145226E+06   0.145204E+06   0.191691E-01
   0.380523E+00   0.293868E+06   0.292010E+06   0.159490E-01  -0.959469E-01   0.107917E+06   0.280718E+06   0.293556E+06   0.280718E+06  -0.682131E-02   0.142219E+06   0.142197E+06   0.185327E-01
   0.385677E+00   0.287738E+06   0.285911E+06   0.151528E-01  -0.914841E-01   0.104512E+06   0.274781E+06   0.287432E+06   0.274781E+06  -0.667712E-02   0.139231E+06   0.139210E+06   0.179789E-01
   0.390831E+00   0.281697E+06   0.279894E+06   0.143998E-01  -0.872470E-01   0.101206E+06   0.268933E+06   0.281394E+06   0.268933E+06  -0.653505E-02   0.136287E+06   0.136266E+06   0.174791E-01
   0.395985E+00   0.275810E+06   0.274029E+06   0.136909E-01  -0.832428E-01   0.980211E+05   0.263236E+06   0.275511E+06   0.263236E+06  -0.639666E-02   0.133418E+06   0.133398E+06   0.170038E-01
   0.401139E+00   0.270129E+06   0.268373E+06   0.130258E-01  -0.794738E-01   0.949721E+05   0.257742E+06   0.269834E+06   0.257742E+06  -0.626319E-02   0.130651E+06   0.130631E+06   0.165292E-01
   0.406293E+00   0.264689E+06   0.262960E+06   0.124034E-01  -0.759356E-01   0.920666E+05   0.252481E+06   0.264399E+06   0.252481E+06  -0.613540E-02   0.128001E+06   0.127982E+06   0.160412E-01
   0.411447E+00   0.259504E+06   0.257807E+06   0.118217E-01  -0.726190E-01   0.893061E+05   0.247469E+06   0.259219E+06   0.247469E+06  -0.601364E-02   0.125477E+06   0.125457E+06   0.155374E-01
   0.416601E+00   0.254572E+06   0.252911E+06   0.112780E-01  -0.695104E-01   0.866854E+05   0.242702E+06   0.254293E+06   0.242702E+06  -0.589786E-02   0.123076E+06   0.123057E+06   0.150249E-01
   0.421755E+00   0.249864E+06   0.248240E+06   0.107686E-01  -0.665897E-01   0.841905E+05   0.238153E+06   0.249591E+06   0.238153E+06  -0.578734E-02   0.120784E+06   0.120766E+06   0.145162E-01
   0.426910E+00   0.245329E+06   0.243743E+06   0.102893E-01  -0.638330E-01   0.818012E+05   0.233772E+06   0.245063E+06   0.233772E+06  -0.568093E-02   0.118578E+06   0.118560E+06   0.140249E-01
   0.432064E+00   0.240918E+06   0.239368E+06   0.983622E-02  -0.612186E-01   0.794981E+05   0.229513E+06   0.240658E+06   0.229513E+06  -0.557746E-02   0.116431E+06   0.116414E+06   0.135625E-01
   0.437218E+00   0.236601E+06   0.235083E+06   0.940661E-02  -0.587312E-01   0.772689E+05   0.225345E+06   0.236346E+06   0.225345E+06  -0.547621E-02   0.114331E+06   0.114314E+06   0.131359E-01
   0.442372E+00   0.232362E+06   0.230873E+06   0.899854E-02  -0.563604E-01   0.751067E+05   0.221254E+06   0.232112E+06   0.221254E+06  -0.537684E-02   0.112269E+06   0.112252E+06   0.127462E-01
   0.447526E+00   0.228193E+06   0.226728E+06   0.861050E-02  -0.540981E-01   0.730069E+05   0.217232E+06   0.227947E+06   0.217232E+06  -0.527911E-02   0.110241E+06   0.110225E+06   0.123892E-01
   0.452680E+00   0.224093E+06   0.222650E+06   0.824141E-02  -0.519388E-01   0.709682E+05   0.213278E+06   0.223850E+06   0.213278E+06  -0.518306E-02   0.108248E+06   0.108231E+06   0.120574E-01
   0.457834E+00   0.220078E+06   0.218656E+06   0.789085E-02  -0.498811E-01   0.689939E+05   0.209407E+06   0.219839E+06   0.209407E+06  -0.508903E-02   0.106296E+06   0.106279E+06   0.117420E-01
   0.462988E+00   0.216173E+06   0.214772E+06   0.755869E-02  -0.479253E-01   0.670900E+05   0.205644E+06   0.215938E+06   0.205644E+06  -0.499761E-02   0.104397E+06   0.104382E+06   0.114356E-01
   0.468142E+00   0.212396E+06   0.211016E+06   0.724451E-02  -0.460700E-01   0.652602E+05   0.202005E+06   0.212164E+06   0.202005E+06  -0.490919E-02   0.102561E+06   0.102546E+06   0.111328E-01
   0.473296E+00   0.208748E+06   0.207390E+06   0.694745E-02  -0.443108E-01   0.635034E+05   0.198491E+06   0.208520E+06   0.198491E+06  -0.482384E-02   0.100789E+06   0.100773E+06   0.108312E-01
   0.478450E+00   0.205225E+06   0.203890E+06   0.666639E-02  -0.426416E-01   0.618161E+05   0.195099E+06   0.205001E+06   0.195099E+06  -0.474142E-02   0.990771E+05   0.990620E+05   0.105314E-01
   0.483605E+00   0.201820E+06   0.200509E+06   0.640022E-02  -0.410565E-01   0.601944E+05   0.191820E+06   0.201600E+06   0.191820E+06  -0.466178E-02   0.974229E+05   0.974080E+05   0.102358E-01
   0.488759E+00   0.198522E+06   0.197235E+06   0.614786E-02  -0.395494E-01   0.586335E+05   0.188647E+06   0.198306E+06   0.188647E+06  -0.458467E-02   0.958212E+05   0.958066E+05   0.994832E-02
   0.493913E+00   0.195317E+06   0.194053E+06   0.590811E-02  -0.381136E-01   0.571275E+05   0.185563E+06   0.195105E+06   0.185563E+06  -0.450975E-02   0.942648E+05   0.942505E+05   0.967225E-02
   0.499067E+00   0.192188E+06   0.190946E+06   0.567980E-02  -0.367423E-01   0.556700E+05   0.182553E+06   0.191979E+06   0.182553E+06  -0.443662E-02   0.927453E+05   0.927312E+05   0.940990E-02
   0.504221E+00   0.189121E+06   0.187900E+06   0.546199E-02  -0.354302E-01   0.542561E+05   0.179604E+06   0.188916E+06   0.179604E+06  -0.436498E-02   0.912565E+05   0.912427E+05   0.916208E-02
   0.509375E+00   0.186114E+06   0.184912E+06   0.525404E-02  -0.341738E-01   0.528836E+05   0.176713E+06   0.185912E+06   0.176713E+06  -0.429474E-02   0.897967E+05   0.897830E+05   0.892822E-02
   0.514529E+00   0.183168E+06   0.181984E+06   0.505555E-02  -0.329710E-01   0.515522E+05   0.173881E+06   0.182969E+06   0.173881E+06  -0.422594E-02   0.883667E+05   0.883533E+05   0.870659E-02
   0.519683E+00   0.180286E+06   0.179119E+06   0.486611E-02  -0.318198E-01   0.502616E+05   0.171111E+06   0.180090E+06   0.171111E+06  -0.415865E-02   0.869678E+05   0.869545E+05   0.849473E-02
   0.524837E+00   0.177469E+06   0.176318E+06   0.468534E-02  -0.307181E-01   0.490111E+05   0.168405E+06   0.177275E+06   0.168405E+06  -0.409290E-02   0.856007E+05   0.855876E+05   0.829014E-02
   0.529991E+00   0.174720E+06   0.173586E+06   0.451291E-02  -0.296644E-01   0.478009E+05   0.165766E+06   0.174530E+06   0.165766E+06  -0.402877E-02   0.842671E+05   0.842542E+05   0.809080E-02
   0.535145E+00   0.172045E+06   0.170928E+06   0.434855E-02  -0.286574E-01   0.466312E+05   0.163197E+06   0.171857E+06   0.163197E+06  -0.396637E-02   0.829694E+05   0.829568E+05   0.789556E-02
   0.540300E+00   0.169446E+06   0.168345E+06   0.419191E-02  -0.276952E-01   0.455016E+05   0.160702E+06   0.169261E+06   0.160702E+06  -0.390574E-02   0.817085E+05   0.816960E+05   0.770409E-02
   0.545454E+00   0.166917E+06   0.165833E+06   0.404253E-02  -0.267753E-01   0.444099E+05   0.158276E+06   0.166735E+06   0.158276E+06  -0.384679E-02   0.804823E+05   0.804700E+05   0.751664E-02
   0.550608E+00   0.164453E+06   0.163386E+06   0.389990E-02  -0.258947E-01   0.433535E+05   0.155912E+06   0.164274E+06   0.155912E+06  -0.378936E-02   0.792875E+05   0.792754E+05   0.733391E-02
   0.555762E+00   0.162049E+06   0.160998E+06   0.376359E-02  -0.250509E-01   0.423302E+05   0.153605E+06   0.161872E+06   0.153605E+06  -0.373332E-02   0.781216E+05   0.781097E+05   0.715678E-02
   0.560916E+00   0.159700E+06   0.158665E+06   0.363322E-02  -0.242419E-01   0.413384E+05   0.151353E+06   0.159526E+06   0.151353E+06  -0.367860E-02   0.769831E+05   0.769713E+05   0.698602E-02
   0.566070E+00   0.157404E+06   0.156384E+06   0.350846E-02  -0.234657E-01   0.403763E+05   0.149151E+06   0.157233E+06   0.149151E+06  -0.362510E-02   0.758700E+05   0.758584E+05   0.682201E-02
   0.571224E+00   0.155155E+06   0.154149E+06   0.338892E-02  -0.227200E-01   0.394421E+05   0.146995E+06   0.154986E+06   0.146995E+06  -0.357272E-02   0.747797E+05   0.747683E+05   0.666467E-02
   0.576378E+00   0.152949E+06   0.151958E+06   0.327430E-02  -0.220032E-01   0.385341E+05   0.144882E+06   0.152783E+06   0.144882E+06  -0.352136E-02   0.737108E+05   0.736995E+05   0.651354E-02
   0.581532E+00   0.150787E+06   0.149810E+06   0.316441E-02  -0.213141E-01   0.376519E+05   0.142811E+06   0.150623E+06   0.142811E+06  -0.347104E-02   0.726633E+05   0.726522E+05   0.636797E-02
   0.586686E+00   0.148672E+06   0.147708E+06   0.305908E-02  -0.206521E-01   0.367954E+05   0.140785E+06   0.148510E+06   0.140785E+06  -0.342182E-02   0.716385E+05   0.716276E+05   0.622725E-02
   0.591840E+00   0.146604E+06   0.145653E+06   0.295813E-02  -0.200160E-01   0.359644E+05   0.138804E+06   0.146445E+06   0.138804E+06  -0.337370E-02   0.706367E+05   0.706259E+05   0.609067E-02
   0.596995E+00   0.144582E+06   0.143643E+06   0.286134E-02  -0.194046E-01   0.351577E+05   0.136868E+06   0.144425E+06   0.136868E+06  -0.332665E-02   0.696570E+05   0.696464E+05   0.595764E-02
   0.602149E+00   0.142605E+06   0.141678E+06   0.276852E-02  -0.188170E-01   0.343746E+05   0.134975E+06   0.142449E+06   0.134975E+06  -0.328066E-02   0.686992E+05   0.686886E+05   0.582782E-02
   0.607303E+00   0.140672E+06   0.139758E+06   0.267950E-02  -0.182521E-01   0.336147E+05   0.133126E+06   0.140519E+06   0.133126E+06  -0.323572E-02   0.677634E+05   0.677530E+05   0.570116E-02
   0.612457E+00   0.138785E+06   0.137883E+06   0.259413E-02  -0.177091E-01   0.328774E+05   0.131320E+06   0.138634E+06   0.131320E+06  -0.319184E-02   0.668494E+05   0.668392E+05   0.557775E-02
   0.659749E+00   0.123174E+06   0.122373E+06   0.195028E-02  -0.135688E-01   0.269969E+05   0.116397E+06   0.123039E+06   0.116397E+06  -0.282924E-02   0.592935E+05   0.592844E+05   0.460415E-02
   0.710693E+00   0.109243E+06   0.108533E+06   0.146580E-02  -0.103888E-01   0.220999E+05   0.103106E+06   0.109124E+06   0.103106E+06  -0.250626E-02   0.525572E+05   0.525492E+05   0.379898E-02
   0.765571E+00   0.968432E+05   0.962130E+05   0.110164E-02  -0.794978E-02   0.180396E+05   0.912950E+05   0.967374E+05   0.912950E+05  -0.221924E-02   0.465662E+05   0.465590E+05   0.313483E-02
   0.895965E+00   0.749048E+05   0.744167E+05   0.601990E-03  -0.450418E-02   0.116279E+05   0.704525E+05   0.748229E+05   0.704525E+05  -0.171271E-02   0.359800E+05   0.359744E+05   0.208591E-02
   0.125042E+01   0.431308E+05   0.428491E+05   0.167527E-03  -0.133940E-02   0.440282E+04   0.404085E+05   0.430835E+05   0.404085E+05  -0.982452E-03   0.206819E+05   0.206786E+05   0.880023E-03
   0.174510E+01   0.246020E+05   0.244410E+05   0.468297E-04  -0.393964E-03   0.158527E+04   0.229851E+05   0.245750E+05   0.229851E+05  -0.558887E-03   0.117832E+05   0.117813E+05   0.374666E-03
   0.243548E+01   0.139129E+05   0.138215E+05   0.131506E-04  -0.114733E-03   0.545638E+03   0.129742E+05   0.138975E+05   0.129742E+05  -0.315488E-03   0.665856E+04   0.665737E+04   0.163537E-03
