#           k/h    P           
    0.10000E-03    0.52975E+03
    0.10202E-03    0.54002E+03
    0.10408E-03    0.55048E+03
    0.10618E-03    0.56115E+03
    0.10833E-03    0.57202E+03
    0.11052E-03    0.58310E+03
    0.11275E-03    0.59440E+03
    0.11503E-03    0.60592E+03
    0.11735E-03    0.61765E+03
    0.11972E-03    0.62962E+03
    0.12214E-03    0.64182E+03
    0.12461E-03    0.65425E+03
    0.12712E-03    0.66692E+03
    0.12969E-03    0.67984E+03
    0.13231E-03    0.69301E+03
    0.13499E-03    0.70643E+03
    0.13771E-03    0.72012E+03
    0.14049E-03    0.73406E+03
    0.14333E-03    0.74828E+03
    0.14623E-03    0.76277E+03
    0.14918E-03    0.77754E+03
    0.15220E-03    0.79260E+03
    0.15527E-03    0.80795E+03
    0.15841E-03    0.82359E+03
    0.16161E-03    0.83954E+03
    0.16487E-03    0.85579E+03
    0.16820E-03    0.87236E+03
    0.17160E-03    0.88925E+03
    0.17507E-03    0.90646E+03
    0.17860E-03    0.92401E+03
    0.18221E-03    0.94189E+03
    0.18589E-03    0.96012E+03
    0.18965E-03    0.97871E+03
    0.19348E-03    0.99765E+03
    0.19739E-03    0.10170E+04
    0.20138E-03    0.10366E+04
    0.20544E-03    0.10567E+04
    0.20959E-03    0.10771E+04
    0.21383E-03    0.10980E+04
    0.21815E-03    0.11192E+04
    0.22255E-03    0.11409E+04
    0.22705E-03    0.11629E+04
    0.23164E-03    0.11854E+04
    0.23632E-03    0.12083E+04
    0.24109E-03    0.12317E+04
    0.24596E-03    0.12555E+04
    0.25093E-03    0.12798E+04
    0.25600E-03    0.13045E+04
    0.26117E-03    0.13297E+04
    0.26645E-03    0.13554E+04
    0.27183E-03    0.13816E+04
    0.27732E-03    0.14083E+04
    0.28292E-03    0.14355E+04
    0.28864E-03    0.14632E+04
    0.29447E-03    0.14915E+04
    0.30042E-03    0.15203E+04
    0.30649E-03    0.15496E+04
    0.31268E-03    0.15795E+04
    0.31899E-03    0.16100E+04
    0.32544E-03    0.16411E+04
    0.33201E-03    0.16727E+04
    0.33872E-03    0.17050E+04
    0.34556E-03    0.17379E+04
    0.35254E-03    0.17714E+04
    0.35966E-03    0.18055E+04
    0.36693E-03    0.18403E+04
    0.37434E-03    0.18758E+04
    0.38190E-03    0.19119E+04
    0.38962E-03    0.19487E+04
    0.39749E-03    0.19863E+04
    0.40552E-03    0.20245E+04
    0.41371E-03    0.20634E+04
    0.42207E-03    0.21031E+04
    0.43060E-03    0.21436E+04
    0.43929E-03    0.21848E+04
    0.44817E-03    0.22268E+04
    0.45722E-03    0.22696E+04
    0.46646E-03    0.23132E+04
    0.47588E-03    0.23576E+04
    0.48550E-03    0.24029E+04
    0.49530E-03    0.24490E+04
    0.50531E-03    0.24959E+04
    0.51552E-03    0.25438E+04
    0.52593E-03    0.25926E+04
    0.53656E-03    0.26422E+04
    0.54739E-03    0.26928E+04
    0.55845E-03    0.27444E+04
    0.56973E-03    0.27969E+04
    0.58124E-03    0.28504E+04
    0.59299E-03    0.29049E+04
    0.60496E-03    0.29604E+04
    0.61719E-03    0.30169E+04
    0.62965E-03    0.30745E+04
    0.64237E-03    0.31331E+04
    0.65535E-03    0.31929E+04
    0.66859E-03    0.32537E+04
    0.68210E-03    0.33157E+04
    0.69588E-03    0.33788E+04
    0.70993E-03    0.34431E+04
    0.72427E-03    0.35085E+04
    0.73891E-03    0.35752E+04
    0.75383E-03    0.36430E+04
    0.76906E-03    0.37121E+04
    0.78460E-03    0.37825E+04
    0.80045E-03    0.38541E+04
    0.81662E-03    0.39271E+04
    0.83311E-03    0.40014E+04
    0.84994E-03    0.40770E+04
    0.86711E-03    0.41540E+04
    0.88463E-03    0.42324E+04
    0.90250E-03    0.43121E+04
    0.92073E-03    0.43933E+04
    0.93933E-03    0.44760E+04
    0.95831E-03    0.45602E+04
    0.97767E-03    0.46458E+04
    0.99742E-03    0.47330E+04
    0.10176E-02    0.48217E+04
    0.10381E-02    0.49119E+04
    0.10591E-02    0.50038E+04
    0.10805E-02    0.50973E+04
    0.11023E-02    0.51924E+04
    0.11246E-02    0.52891E+04
    0.11473E-02    0.53876E+04
    0.11705E-02    0.54878E+04
    0.11941E-02    0.55897E+04
    0.12182E-02    0.56933E+04
    0.12429E-02    0.57987E+04
    0.12680E-02    0.59060E+04
    0.12936E-02    0.60150E+04
    0.13197E-02    0.61259E+04
    0.13464E-02    0.62387E+04
    0.13736E-02    0.63534E+04
    0.14013E-02    0.64700E+04
    0.14296E-02    0.65885E+04
    0.14585E-02    0.67090E+04
    0.14880E-02    0.68315E+04
    0.15180E-02    0.69560E+04
    0.15487E-02    0.70826E+04
    0.15800E-02    0.72112E+04
    0.16119E-02    0.73419E+04
    0.16445E-02    0.74747E+04
    0.16777E-02    0.76096E+04
    0.17116E-02    0.77466E+04
    0.17462E-02    0.78859E+04
    0.17814E-02    0.80273E+04
    0.18174E-02    0.81709E+04
    0.18541E-02    0.83167E+04
    0.18916E-02    0.84648E+04
    0.19298E-02    0.86152E+04
    0.19688E-02    0.87678E+04
    0.20086E-02    0.89227E+04
    0.20491E-02    0.90799E+04
    0.20905E-02    0.92395E+04
    0.21328E-02    0.94014E+04
    0.21758E-02    0.95656E+04
    0.22198E-02    0.97322E+04
    0.22646E-02    0.99012E+04
    0.23104E-02    0.10073E+05
    0.23571E-02    0.10246E+05
    0.24047E-02    0.10422E+05
    0.24533E-02    0.10601E+05
    0.25028E-02    0.10782E+05
    0.25534E-02    0.10965E+05
    0.26050E-02    0.11151E+05
    0.26576E-02    0.11339E+05
    0.27113E-02    0.11530E+05
    0.27660E-02    0.11723E+05
    0.28219E-02    0.11918E+05
    0.28789E-02    0.12116E+05
    0.29371E-02    0.12317E+05
    0.29964E-02    0.12519E+05
    0.30569E-02    0.12724E+05
    0.31187E-02    0.12931E+05
    0.31817E-02    0.13141E+05
    0.32460E-02    0.13353E+05
    0.33115E-02    0.13567E+05
    0.33784E-02    0.13784E+05
    0.34467E-02    0.14002E+05
    0.35163E-02    0.14223E+05
    0.35874E-02    0.14446E+05
    0.36598E-02    0.14671E+05
    0.37338E-02    0.14898E+05
    0.38092E-02    0.15128E+05
    0.38861E-02    0.15359E+05
    0.39646E-02    0.15592E+05
    0.40447E-02    0.15827E+05
    0.41264E-02    0.16064E+05
    0.42098E-02    0.16302E+05
    0.42948E-02    0.16543E+05
    0.43816E-02    0.16784E+05
    0.44701E-02    0.17028E+05
    0.45604E-02    0.17273E+05
    0.46525E-02    0.17519E+05
    0.47465E-02    0.17766E+05
    0.48424E-02    0.18015E+05
    0.49402E-02    0.18264E+05
    0.50400E-02    0.18515E+05
    0.51419E-02    0.18766E+05
    0.52457E-02    0.19019E+05
    0.53517E-02    0.19271E+05
    0.54598E-02    0.19525E+05
    0.55701E-02    0.19778E+05
    0.56826E-02    0.20032E+05
    0.57974E-02    0.20286E+05
    0.59145E-02    0.20540E+05
    0.60340E-02    0.20793E+05
    0.61559E-02    0.21046E+05
    0.62803E-02    0.21299E+05
    0.64072E-02    0.21551E+05
    0.65366E-02    0.21801E+05
    0.66686E-02    0.22051E+05
    0.68033E-02    0.22299E+05
    0.69408E-02    0.22546E+05
    0.70810E-02    0.22791E+05
    0.72240E-02    0.23034E+05
    0.73700E-02    0.23275E+05
    0.75189E-02    0.23514E+05
    0.76708E-02    0.23749E+05
    0.78257E-02    0.23982E+05
    0.79838E-02    0.24212E+05
    0.81451E-02    0.24438E+05
    0.83096E-02    0.24661E+05
    0.84775E-02    0.24879E+05
    0.86488E-02    0.25094E+05
    0.88235E-02    0.25303E+05
    0.90017E-02    0.25508E+05
    0.91836E-02    0.25708E+05
    0.93691E-02    0.25903E+05
    0.95583E-02    0.26091E+05
    0.97514E-02    0.26274E+05
    0.99484E-02    0.26450E+05
    0.10149E-01    0.26620E+05
    0.10354E-01    0.26782E+05
    0.10564E-01    0.26938E+05
    0.10777E-01    0.27085E+05
    0.10995E-01    0.27225E+05
    0.11217E-01    0.27356E+05
    0.11443E-01    0.27478E+05
    0.11675E-01    0.27592E+05
    0.11910E-01    0.27696E+05
    0.12151E-01    0.27791E+05
    0.12397E-01    0.27876E+05
    0.12647E-01    0.27950E+05
    0.12902E-01    0.28015E+05
    0.13163E-01    0.28068E+05
    0.13429E-01    0.28109E+05
    0.13700E-01    0.28138E+05
    0.13977E-01    0.28154E+05
    0.14259E-01    0.28157E+05
    0.14547E-01    0.28149E+05
    0.14841E-01    0.28130E+05
    0.15141E-01    0.28102E+05
    0.15447E-01    0.28065E+05
    0.15759E-01    0.28018E+05
    0.16077E-01    0.27960E+05
    0.16402E-01    0.27887E+05
    0.16734E-01    0.27798E+05
    0.17072E-01    0.27691E+05
    0.17416E-01    0.27568E+05
    0.17768E-01    0.27428E+05
    0.18127E-01    0.27274E+05
    0.18493E-01    0.27107E+05
    0.18867E-01    0.26927E+05
    0.19248E-01    0.26734E+05
    0.19637E-01    0.26527E+05
    0.20034E-01    0.26305E+05
    0.20438E-01    0.26067E+05
    0.20851E-01    0.25812E+05
    0.21272E-01    0.25541E+05
    0.21702E-01    0.25256E+05
    0.22141E-01    0.24959E+05
    0.22588E-01    0.24650E+05
    0.23044E-01    0.24333E+05
    0.23510E-01    0.24006E+05
    0.23985E-01    0.23672E+05
    0.24469E-01    0.23328E+05
    0.24964E-01    0.22977E+05
    0.25468E-01    0.22619E+05
    0.25982E-01    0.22252E+05
    0.26507E-01    0.21879E+05
    0.27043E-01    0.21498E+05
    0.27589E-01    0.21110E+05
    0.28146E-01    0.20716E+05
    0.28715E-01    0.20316E+05
    0.29295E-01    0.19912E+05
    0.29887E-01    0.19504E+05
    0.30490E-01    0.19094E+05
    0.31106E-01    0.18682E+05
    0.31735E-01    0.18271E+05
    0.32376E-01    0.17861E+05
    0.33030E-01    0.17453E+05
    0.33697E-01    0.17047E+05
    0.34378E-01    0.16646E+05
    0.35072E-01    0.16250E+05
    0.35781E-01    0.15861E+05
    0.36504E-01    0.15480E+05
    0.37241E-01    0.15109E+05
    0.37993E-01    0.14749E+05
    0.38761E-01    0.14398E+05
    0.39544E-01    0.14058E+05
    0.40343E-01    0.13728E+05
    0.41158E-01    0.13406E+05
    0.41989E-01    0.13093E+05
    0.42838E-01    0.12789E+05
    0.43703E-01    0.12497E+05
    0.44586E-01    0.12217E+05
    0.45486E-01    0.11950E+05
    0.46405E-01    0.11697E+05
    0.47343E-01    0.11458E+05
    0.48299E-01    0.11231E+05
    0.49275E-01    0.11016E+05
    0.50270E-01    0.10811E+05
    0.51286E-01    0.10615E+05
    0.52322E-01    0.10427E+05
    0.53379E-01    0.10247E+05
    0.54457E-01    0.10073E+05
    0.55557E-01    0.99038E+04
    0.56680E-01    0.97391E+04
    0.57825E-01    0.95777E+04
    0.58993E-01    0.94187E+04
    0.60184E-01    0.92603E+04
    0.61400E-01    0.91009E+04
    0.62641E-01    0.89387E+04
    0.63906E-01    0.87721E+04
    0.65197E-01    0.85991E+04
    0.66514E-01    0.84182E+04
    0.67858E-01    0.82288E+04
    0.69229E-01    0.80318E+04
    0.70627E-01    0.78280E+04
    0.72054E-01    0.76174E+04
    0.73510E-01    0.73981E+04
    0.74994E-01    0.71684E+04
    0.76509E-01    0.69291E+04
    0.78055E-01    0.66836E+04
    0.79632E-01    0.64352E+04
    0.81241E-01    0.61861E+04
    0.82882E-01    0.59381E+04
    0.84556E-01    0.56931E+04
    0.86264E-01    0.54532E+04
    0.88007E-01    0.52207E+04
    0.89785E-01    0.49975E+04
    0.91598E-01    0.47858E+04
    0.93449E-01    0.45870E+04
    0.95337E-01    0.44027E+04
    0.97263E-01    0.42343E+04
    0.99227E-01    0.40825E+04
    0.10123E+00    0.39473E+04
    0.10328E+00    0.38285E+04
    0.10536E+00    0.37247E+04
    0.10749E+00    0.36339E+04
    0.10966E+00    0.35539E+04
    0.11188E+00    0.34817E+04
    0.11414E+00    0.34144E+04
    0.11644E+00    0.33488E+04
    0.11880E+00    0.32821E+04
    0.12120E+00    0.32117E+04
    0.12365E+00    0.31352E+04
    0.12614E+00    0.30512E+04
    0.12869E+00    0.29588E+04
    0.13129E+00    0.28577E+04
    0.13394E+00    0.27486E+04
    0.13665E+00    0.26332E+04
    0.13941E+00    0.25135E+04
    0.14223E+00    0.23922E+04
    0.14510E+00    0.22724E+04
    0.14803E+00    0.21573E+04
    0.15102E+00    0.20498E+04
    0.15407E+00    0.19524E+04
    0.15718E+00    0.18670E+04
    0.16036E+00    0.17938E+04
    0.16360E+00    0.17324E+04
    0.16690E+00    0.16808E+04
    0.17028E+00    0.16369E+04
    0.17371E+00    0.15980E+04
    0.17722E+00    0.15613E+04
    0.18080E+00    0.15240E+04
    0.18446E+00    0.14833E+04
    0.18818E+00    0.14372E+04
    0.19198E+00    0.13848E+04
    0.19586E+00    0.13267E+04
    0.19982E+00    0.12650E+04
    0.20386E+00    0.12021E+04
    0.20797E+00    0.11407E+04
    0.21218E+00    0.10831E+04
    0.21646E+00    0.10313E+04
    0.22083E+00    0.98637E+03
    0.22530E+00    0.94861E+03
    0.22985E+00    0.91695E+03
    0.23449E+00    0.88948E+03
    0.23923E+00    0.86393E+03
    0.24406E+00    0.83808E+03
    0.24899E+00    0.81016E+03
    0.25402E+00    0.77925E+03
    0.25915E+00    0.74561E+03
    0.26439E+00    0.71053E+03
    0.26973E+00    0.67577E+03
    0.27518E+00    0.64303E+03
    0.28074E+00    0.61353E+03
    0.28641E+00    0.58786E+03
    0.29219E+00    0.56568E+03
    0.29810E+00    0.54592E+03
    0.30412E+00    0.52712E+03
    0.31026E+00    0.50802E+03
    0.31653E+00    0.48787E+03
    0.32292E+00    0.46672E+03
    0.32945E+00    0.44524E+03
    0.33610E+00    0.42442E+03
    0.34289E+00    0.40517E+03
    0.34982E+00    0.38787E+03
    0.35689E+00    0.37233E+03
    0.36409E+00    0.35794E+03
    0.37145E+00    0.34400E+03
    0.37895E+00    0.32993E+03
    0.38661E+00    0.31562E+03
    0.39442E+00    0.30142E+03
    0.40239E+00    0.28783E+03
    0.41052E+00    0.27516E+03
    0.41881E+00    0.26350E+03
    0.42727E+00    0.25263E+03
    0.43590E+00    0.24214E+03
    0.44471E+00    0.23183E+03
    0.45369E+00    0.22164E+03
    0.46286E+00    0.21175E+03
    0.47221E+00    0.20237E+03
    0.48174E+00    0.19357E+03
    0.49148E+00    0.18526E+03
    0.50141E+00    0.17730E+03
    0.51153E+00    0.16955E+03
    0.52187E+00    0.16204E+03
    0.53241E+00    0.15483E+03
    0.54317E+00    0.14799E+03
    0.55414E+00    0.14149E+03
    0.56533E+00    0.13527E+03
    0.57675E+00    0.12929E+03
    0.58840E+00    0.12352E+03
    0.60029E+00    0.11801E+03
    0.61242E+00    0.11275E+03
    0.62479E+00    0.10772E+03
    0.63741E+00    0.10291E+03
    0.65029E+00    0.98299E+02
    0.66342E+00    0.93887E+02
    0.67683E+00    0.89665E+02
    0.69050E+00    0.85627E+02
    0.70445E+00    0.81765E+02
    0.71868E+00    0.78075E+02
    0.73320E+00    0.74547E+02
    0.74801E+00    0.71174E+02
    0.76312E+00    0.67948E+02
    0.77854E+00    0.64863E+02
    0.79426E+00    0.61912E+02
    0.81031E+00    0.59090E+02
    0.82668E+00    0.56392E+02
    0.84338E+00    0.53813E+02
    0.86041E+00    0.51348E+02
    0.87780E+00    0.48993E+02
    0.89553E+00    0.46742E+02
    0.91362E+00    0.44592E+02
    0.93208E+00    0.42538E+02
    0.95091E+00    0.40577E+02
    0.97011E+00    0.38703E+02
    0.98971E+00    0.36914E+02
    0.10097E+01    0.35206E+02
    0.10301E+01    0.33574E+02
    0.10509E+01    0.32017E+02
    0.10721E+01    0.30529E+02
    0.10938E+01    0.29109E+02
    0.11159E+01    0.27754E+02
    0.11384E+01    0.26460E+02
    0.11614E+01    0.25225E+02
    0.11849E+01    0.24046E+02
    0.12088E+01    0.22921E+02
    0.12333E+01    0.21848E+02
    0.12582E+01    0.20823E+02
    0.12836E+01    0.19846E+02
    0.13095E+01    0.18913E+02
    0.13360E+01    0.18023E+02
    0.13630E+01    0.17174E+02
    0.13905E+01    0.16364E+02
    0.14186E+01    0.15592E+02
    0.14472E+01    0.14854E+02
    0.14765E+01    0.14151E+02
    0.15063E+01    0.13481E+02
    0.15367E+01    0.12841E+02
    0.15678E+01    0.12231E+02
    0.15994E+01    0.11649E+02
    0.16318E+01    0.11094E+02
    0.16647E+01    0.10565E+02
    0.16984E+01    0.10060E+02
    0.17327E+01    0.95789E+01
    0.17677E+01    0.91201E+01
    0.18034E+01    0.86828E+01
    0.18398E+01    0.82659E+01
    0.18770E+01    0.78686E+01
    0.19149E+01    0.74900E+01
    0.19536E+01    0.71292E+01
    0.19930E+01    0.67855E+01
    0.20333E+01    0.64581E+01
    0.20744E+01    0.61463E+01
    0.21163E+01    0.58494E+01
    0.21590E+01    0.55666E+01
    0.22026E+01    0.52974E+01
    0.22471E+01    0.50411E+01
    0.22925E+01    0.47971E+01
    0.23388E+01    0.45649E+01
    0.23861E+01    0.43438E+01
    0.24343E+01    0.41335E+01
