#          k/h    CDM            baryon         photon         nu             mass_nu        total          no_nu          total_de       Weyl           v_CDM          v_b            v_b-v_c     
   0.102076E-04   0.204518E+08   0.204518E+08   0.272553E+08   0.272549E+08   0.204519E+08   0.204519E+08   0.204518E+08   0.204587E+08  -0.465726E+00   0.979750E+07   0.979750E+07   0.604475E+01
   0.112819E-04   0.204518E+08   0.204518E+08   0.272521E+08   0.272516E+08   0.204519E+08   0.204518E+08   0.204518E+08   0.204586E+08  -0.465723E+00   0.979746E+07   0.979746E+07   0.668072E+01
   0.124693E-04   0.204517E+08   0.204517E+08   0.272482E+08   0.272476E+08   0.204518E+08   0.204517E+08   0.204517E+08   0.204585E+08  -0.465720E+00   0.979742E+07   0.979742E+07   0.738356E+01
   0.137816E-04   0.204516E+08   0.204516E+08   0.272435E+08   0.272428E+08   0.204517E+08   0.204516E+08   0.204516E+08   0.204584E+08  -0.465716E+00   0.979736E+07   0.979736E+07   0.816027E+01
   0.152321E-04   0.204515E+08   0.204515E+08   0.272378E+08   0.272369E+08   0.204516E+08   0.204515E+08   0.204515E+08   0.204583E+08  -0.465711E+00   0.979730E+07   0.979730E+07   0.901859E+01
   0.168352E-04   0.204513E+08   0.204513E+08   0.272307E+08   0.272296E+08   0.204514E+08   0.204513E+08   0.204513E+08   0.204581E+08  -0.465705E+00   0.979722E+07   0.979722E+07   0.996708E+01
   0.186070E-04   0.204512E+08   0.204511E+08   0.272221E+08   0.272208E+08   0.204512E+08   0.204512E+08   0.204511E+08   0.204580E+08  -0.465697E+00   0.979713E+07   0.979713E+07   0.110151E+02
   0.205653E-04   0.204509E+08   0.204509E+08   0.272116E+08   0.272100E+08   0.204510E+08   0.204509E+08   0.204509E+08   0.204577E+08  -0.465688E+00   0.979701E+07   0.979701E+07   0.121732E+02
   0.227297E-04   0.204507E+08   0.204507E+08   0.271988E+08   0.271968E+08   0.204507E+08   0.204507E+08   0.204507E+08   0.204575E+08  -0.465677E+00   0.979687E+07   0.979687E+07   0.134527E+02
   0.251219E-04   0.204503E+08   0.204503E+08   0.271832E+08   0.271808E+08   0.204504E+08   0.204503E+08   0.204503E+08   0.204571E+08  -0.465663E+00   0.979669E+07   0.979669E+07   0.148662E+02
   0.277659E-04   0.204499E+08   0.204499E+08   0.271641E+08   0.271611E+08   0.204500E+08   0.204499E+08   0.204499E+08   0.204567E+08  -0.465646E+00   0.979648E+07   0.979648E+07   0.164278E+02
   0.306881E-04   0.204494E+08   0.204494E+08   0.271408E+08   0.271371E+08   0.204495E+08   0.204494E+08   0.204494E+08   0.204562E+08  -0.465626E+00   0.979622E+07   0.979622E+07   0.181526E+02
   0.339179E-04   0.204488E+08   0.204488E+08   0.271124E+08   0.271079E+08   0.204489E+08   0.204488E+08   0.204488E+08   0.204556E+08  -0.465601E+00   0.979590E+07   0.979590E+07   0.200575E+02
   0.374876E-04   0.204481E+08   0.204481E+08   0.270776E+08   0.270722E+08   0.204482E+08   0.204481E+08   0.204481E+08   0.204549E+08  -0.465571E+00   0.979551E+07   0.979551E+07   0.221609E+02
   0.414330E-04   0.204472E+08   0.204472E+08   0.270353E+08   0.270287E+08   0.204473E+08   0.204472E+08   0.204472E+08   0.204540E+08  -0.465534E+00   0.979504E+07   0.979503E+07   0.244831E+02
   0.457936E-04   0.204461E+08   0.204461E+08   0.269836E+08   0.269755E+08   0.204462E+08   0.204461E+08   0.204461E+08   0.204529E+08  -0.465489E+00   0.979446E+07   0.979445E+07   0.270461E+02
   0.506132E-04   0.204448E+08   0.204448E+08   0.269207E+08   0.269108E+08   0.204449E+08   0.204448E+08   0.204448E+08   0.204515E+08  -0.465433E+00   0.979375E+07   0.979375E+07   0.298741E+02
   0.559400E-04   0.204432E+08   0.204431E+08   0.268439E+08   0.268319E+08   0.204432E+08   0.204432E+08   0.204432E+08   0.204499E+08  -0.465366E+00   0.979289E+07   0.979288E+07   0.329933E+02
   0.618274E-04   0.204412E+08   0.204411E+08   0.267504E+08   0.267358E+08   0.204412E+08   0.204412E+08   0.204412E+08   0.204478E+08  -0.465284E+00   0.979184E+07   0.979183E+07   0.364320E+02
   0.683345E-04   0.204387E+08   0.204387E+08   0.266367E+08   0.266188E+08   0.204388E+08   0.204387E+08   0.204387E+08   0.204454E+08  -0.465184E+00   0.979055E+07   0.979054E+07   0.402210E+02
   0.755264E-04   0.204358E+08   0.204357E+08   0.264983E+08   0.264766E+08   0.204359E+08   0.204358E+08   0.204358E+08   0.204424E+08  -0.465062E+00   0.978899E+07   0.978898E+07   0.443929E+02
   0.834752E-04   0.204322E+08   0.204321E+08   0.263301E+08   0.263037E+08   0.204322E+08   0.204322E+08   0.204322E+08   0.204388E+08  -0.464913E+00   0.978708E+07   0.978706E+07   0.489827E+02
   0.922605E-04   0.204278E+08   0.204277E+08   0.261260E+08   0.260940E+08   0.204278E+08   0.204278E+08   0.204278E+08   0.204343E+08  -0.464732E+00   0.978475E+07   0.978474E+07   0.540270E+02
   0.101971E-03   0.204224E+08   0.204224E+08   0.258786E+08   0.258398E+08   0.204225E+08   0.204224E+08   0.204224E+08   0.204289E+08  -0.464512E+00   0.978192E+07   0.978190E+07   0.595639E+02
   0.112702E-03   0.204159E+08   0.204158E+08   0.255794E+08   0.255324E+08   0.204160E+08   0.204159E+08   0.204159E+08   0.204223E+08  -0.464245E+00   0.977847E+07   0.977844E+07   0.656320E+02
   0.124564E-03   0.204080E+08   0.204079E+08   0.252181E+08   0.251613E+08   0.204080E+08   0.204079E+08   0.204079E+08   0.204142E+08  -0.463920E+00   0.977427E+07   0.977425E+07   0.722699E+02
   0.137674E-03   0.203983E+08   0.203982E+08   0.247831E+08   0.247147E+08   0.203983E+08   0.203983E+08   0.203983E+08   0.204045E+08  -0.463527E+00   0.976918E+07   0.976914E+07   0.795141E+02
   0.152163E-03   0.203866E+08   0.203864E+08   0.242611E+08   0.241789E+08   0.203866E+08   0.203866E+08   0.203865E+08   0.203926E+08  -0.463051E+00   0.976299E+07   0.976295E+07   0.873975E+02
   0.168178E-03   0.203723E+08   0.203722E+08   0.236370E+08   0.235387E+08   0.203724E+08   0.203723E+08   0.203723E+08   0.203782E+08  -0.462476E+00   0.975550E+07   0.975545E+07   0.959466E+02
   0.185878E-03   0.203551E+08   0.203549E+08   0.228947E+08   0.227776E+08   0.203551E+08   0.203551E+08   0.203551E+08   0.203608E+08  -0.461783E+00   0.974643E+07   0.974637E+07   0.105178E+03
   0.205440E-03   0.203342E+08   0.203340E+08   0.220170E+08   0.218782E+08   0.203342E+08   0.203342E+08   0.203342E+08   0.203397E+08  -0.460952E+00   0.973549E+07   0.973542E+07   0.115092E+03
   0.227062E-03   0.203091E+08   0.203088E+08   0.209869E+08   0.208235E+08   0.203090E+08   0.203090E+08   0.203090E+08   0.203143E+08  -0.459957E+00   0.972231E+07   0.972223E+07   0.125670E+03
   0.250959E-03   0.202788E+08   0.202784E+08   0.197887E+08   0.195981E+08   0.202787E+08   0.202787E+08   0.202787E+08   0.202837E+08  -0.458772E+00   0.970650E+07   0.970640E+07   0.136863E+03
   0.277372E-03   0.202424E+08   0.202420E+08   0.184109E+08   0.181908E+08   0.202423E+08   0.202424E+08   0.202424E+08   0.202470E+08  -0.457367E+00   0.968759E+07   0.968746E+07   0.148588E+03
   0.306564E-03   0.201990E+08   0.201985E+08   0.168485E+08   0.165975E+08   0.201989E+08   0.201989E+08   0.201989E+08   0.202031E+08  -0.455714E+00   0.966508E+07   0.966493E+07   0.160712E+03
   0.338828E-03   0.201474E+08   0.201467E+08   0.151074E+08   0.148258E+08   0.201472E+08   0.201472E+08   0.201473E+08   0.201510E+08  -0.453784E+00   0.963842E+07   0.963825E+07   0.173045E+03
   0.374488E-03   0.200862E+08   0.200855E+08   0.132091E+08   0.128994E+08   0.200860E+08   0.200861E+08   0.200861E+08   0.200894E+08  -0.451549E+00   0.960706E+07   0.960686E+07   0.185331E+03
   0.413901E-03   0.200144E+08   0.200135E+08   0.111957E+08   0.108631E+08   0.200140E+08   0.200142E+08   0.200142E+08   0.200170E+08  -0.448990E+00   0.957045E+07   0.957020E+07   0.197239E+03
   0.457462E-03   0.199306E+08   0.199295E+08   0.913353E+07   0.878697E+07   0.199302E+08   0.199304E+08   0.199304E+08   0.199327E+08  -0.446095E+00   0.952807E+07   0.952778E+07   0.208362E+03
   0.505608E-03   0.198338E+08   0.198325E+08   0.711390E+07   0.676612E+07   0.198332E+08   0.198335E+08   0.198335E+08   0.198353E+08  -0.442869E+00   0.947952E+07   0.947919E+07   0.218229E+03
   0.558821E-03   0.197230E+08   0.197214E+08   0.524794E+07   0.491478E+07   0.197223E+08   0.197227E+08   0.197227E+08   0.197240E+08  -0.439328E+00   0.942454E+07   0.942416E+07   0.226324E+03
   0.617635E-03   0.195978E+08   0.195960E+08   0.365190E+07   0.335034E+07   0.195968E+08   0.195974E+08   0.195975E+08   0.195983E+08  -0.435507E+00   0.936306E+07   0.936263E+07   0.232128E+03
   0.682638E-03   0.194580E+08   0.194560E+08   0.242178E+07   0.216641E+07   0.194569E+08   0.194576E+08   0.194577E+08   0.194582E+08  -0.431453E+00   0.929527E+07   0.929479E+07   0.235180E+03
   0.754482E-03   0.193043E+08   0.193020E+08   0.160034E+07   0.139857E+07   0.193029E+08   0.193039E+08   0.193039E+08   0.193043E+08  -0.427219E+00   0.922154E+07   0.922101E+07   0.235136E+03
   0.833888E-03   0.191377E+08   0.191350E+08   0.114807E+07   0.995652E+06   0.191359E+08   0.191371E+08   0.191372E+08   0.191374E+08  -0.422848E+00   0.914245E+07   0.914187E+07   0.231837E+03
   0.921651E-03   0.189595E+08   0.189565E+08   0.939068E+06   0.818856E+06   0.189574E+08   0.189589E+08   0.189590E+08   0.189591E+08  -0.418370E+00   0.905860E+07   0.905798E+07   0.225330E+03
   0.101865E-02   0.187714E+08   0.187682E+08   0.803648E+06   0.690724E+06   0.187688E+08   0.187707E+08   0.187709E+08   0.187709E+08  -0.413789E+00   0.897056E+07   0.896990E+07   0.215854E+03
   0.112586E-02   0.185750E+08   0.185715E+08   0.616437E+06   0.490300E+06   0.185717E+08   0.185742E+08   0.185744E+08   0.185743E+08  -0.409101E+00   0.887876E+07   0.887807E+07   0.203772E+03
   0.124435E-02   0.183714E+08   0.183676E+08   0.378045E+06   0.236017E+06   0.183674E+08   0.183705E+08   0.183707E+08   0.183706E+08  -0.404311E+00   0.878351E+07   0.878280E+07   0.189511E+03
   0.137531E-02   0.181616E+08   0.181577E+08   0.198184E+06   0.583381E+05   0.181567E+08   0.181606E+08   0.181609E+08   0.181607E+08  -0.399442E+00   0.868514E+07   0.868443E+07   0.173566E+03
   0.152006E-02   0.179464E+08   0.179425E+08   0.149128E+06   0.356553E+05   0.179404E+08   0.179454E+08   0.179458E+08   0.179454E+08  -0.394522E+00   0.858408E+07   0.858337E+07   0.156578E+03
   0.168004E-02   0.177268E+08   0.177228E+08   0.146102E+06  -0.217405E+06   0.177195E+08   0.177256E+08   0.177261E+08   0.177257E+08  -0.389551E+00   0.848077E+07   0.848007E+07   0.139383E+03
   0.185685E-02   0.175034E+08   0.174995E+08   0.756868E+05  -0.175349E+06   0.174945E+08   0.175022E+08   0.175027E+08   0.175022E+08  -0.384518E+00   0.837546E+07   0.837478E+07   0.122882E+03
   0.205228E-02   0.172769E+08   0.172730E+08   0.740547E+04  -0.141466E+06   0.172660E+08   0.172755E+08   0.172762E+08   0.172755E+08  -0.379431E+00   0.826837E+07   0.826770E+07   0.107825E+03
   0.226827E-02   0.170475E+08   0.170437E+08   0.257972E+05  -0.114032E+06   0.170344E+08   0.170460E+08   0.170469E+08   0.170460E+08  -0.374318E+00   0.815972E+07   0.815907E+07   0.947352E+02
   0.250700E-02   0.168157E+08   0.168118E+08   0.164711E+05  -0.919268E+05   0.167997E+08   0.168140E+08   0.168150E+08   0.168140E+08  -0.369166E+00   0.804970E+07   0.804907E+07   0.838645E+02
   0.277085E-02   0.165814E+08   0.165773E+08  -0.735841E+04  -0.741384E+05   0.165620E+08   0.165794E+08   0.165807E+08   0.165794E+08  -0.363960E+00   0.793827E+07   0.793764E+07   0.750172E+02
   0.306246E-02   0.163442E+08   0.163400E+08   0.904230E+04  -0.597529E+05   0.163208E+08   0.163419E+08   0.163435E+08   0.163419E+08  -0.358709E+00   0.782530E+07   0.782468E+07   0.676229E+02
   0.338478E-02   0.161035E+08   0.160991E+08  -0.806289E+04  -0.481557E+05   0.160752E+08   0.161009E+08   0.161028E+08   0.161009E+08  -0.353386E+00   0.771052E+07   0.770990E+07   0.610349E+02
   0.374101E-02   0.158583E+08   0.158536E+08  -0.559676E+04  -0.387951E+05   0.158242E+08   0.158552E+08   0.158575E+08   0.158552E+08  -0.347968E+00   0.759341E+07   0.759279E+07   0.548022E+02
   0.413473E-02   0.156070E+08   0.156020E+08  -0.803238E+04  -0.312362E+05   0.155660E+08   0.156034E+08   0.156062E+08   0.156034E+08  -0.342422E+00   0.747328E+07   0.747267E+07   0.489182E+02
   0.456989E-02   0.153479E+08   0.153425E+08  -0.595908E+04  -0.251360E+05   0.152986E+08   0.153436E+08   0.153470E+08   0.153436E+08  -0.336704E+00   0.734923E+07   0.734864E+07   0.436415E+02
   0.505085E-02   0.150786E+08   0.150727E+08  -0.349736E+04  -0.202059E+05   0.150196E+08   0.150736E+08   0.150776E+08   0.150736E+08  -0.330766E+00   0.722022E+07   0.721963E+07   0.391086E+02
   0.558243E-02   0.147967E+08   0.147903E+08  -0.414229E+04  -0.162267E+05   0.147264E+08   0.147908E+08   0.147956E+08   0.147908E+08  -0.324551E+00   0.708508E+07   0.708449E+07   0.351408E+02
   0.616996E-02   0.144996E+08   0.144925E+08  -0.202412E+04  -0.130144E+05   0.144162E+08   0.144928E+08   0.144985E+08   0.144928E+08  -0.318000E+00   0.694254E+07   0.694196E+07   0.315180E+02
   0.681932E-02   0.141847E+08   0.141768E+08  -0.348861E+04  -0.104203E+05   0.140861E+08   0.141766E+08   0.141833E+08   0.141766E+08  -0.311056E+00   0.679133E+07   0.679075E+07   0.282747E+02
   0.753702E-02   0.138491E+08   0.138402E+08  -0.271815E+04  -0.832687E+04   0.137332E+08   0.138397E+08   0.138476E+08   0.138397E+08  -0.303658E+00   0.663013E+07   0.662956E+07   0.254510E+02
   0.833025E-02   0.134902E+08   0.134801E+08  -0.160473E+04  -0.663861E+04   0.133549E+08   0.134792E+08   0.134885E+08   0.134792E+08  -0.295746E+00   0.645767E+07   0.645710E+07   0.229054E+02
   0.920698E-02   0.131054E+08   0.130939E+08  -0.404293E+04  -0.527825E+04   0.129485E+08   0.130927E+08   0.131034E+08   0.130927E+08  -0.287263E+00   0.627270E+07   0.627213E+07   0.206300E+02
   0.101760E-01   0.126923E+08   0.126791E+08  -0.219840E+04  -0.418433E+04   0.125118E+08   0.126777E+08   0.126901E+08   0.126777E+08  -0.278155E+00   0.607410E+07   0.607353E+07   0.186369E+02
   0.112469E-01   0.122489E+08   0.122337E+08  -0.221080E+04  -0.330542E+04   0.120429E+08   0.122323E+08   0.122463E+08   0.122323E+08  -0.268379E+00   0.586088E+07   0.586031E+07   0.168521E+02
   0.124306E-01   0.117736E+08   0.117562E+08  -0.164626E+04  -0.260073E+04   0.115406E+08   0.117548E+08   0.117707E+08   0.117548E+08  -0.257900E+00   0.563232E+07   0.563175E+07   0.152744E+02
   0.137389E-01   0.112654E+08   0.112454E+08  -0.163332E+04  -0.203684E+04   0.110042E+08   0.112442E+08   0.112621E+08   0.112442E+08  -0.246698E+00   0.538794E+07   0.538737E+07   0.138737E+02
   0.151849E-01   0.107238E+08   0.107008E+08  -0.103432E+04  -0.158713E+04   0.104336E+08   0.107001E+08   0.107199E+08   0.107001E+08  -0.234759E+00   0.512747E+07   0.512690E+07   0.126272E+02
   0.167830E-01   0.101602E+08   0.101340E+08  -0.910005E+03  -0.123096E+04   0.984068E+07   0.101340E+08   0.101558E+08   0.101340E+08  -0.222337E+00   0.485648E+07   0.485591E+07   0.115211E+02
   0.185493E-01   0.955900E+07   0.952921E+07  -0.686055E+03  -0.947931E+03   0.921076E+07   0.953026E+07   0.955399E+07   0.953026E+07  -0.209092E+00   0.456747E+07   0.456689E+07   0.105159E+02
   0.205016E-01   0.893180E+07   0.889828E+07  -0.401017E+03  -0.725088E+03   0.855626E+07   0.890059E+07   0.892617E+07   0.890059E+07  -0.195276E+00   0.426604E+07   0.426544E+07   0.959490E+01
   0.226592E-01   0.827706E+07   0.823978E+07  -0.307573E+03  -0.550045E+03   0.787697E+07   0.824356E+07   0.827080E+07   0.824356E+07  -0.180861E+00   0.395148E+07   0.395089E+07   0.872964E+01
   0.250440E-01   0.761632E+07   0.757548E+07  -0.245739E+03  -0.414326E+03   0.719479E+07   0.758078E+07   0.760946E+07   0.758078E+07  -0.166320E+00   0.363416E+07   0.363357E+07   0.790294E+01
   0.276798E-01   0.695833E+07   0.691448E+07  -0.152385E+03  -0.309889E+03   0.651894E+07   0.692109E+07   0.695097E+07   0.692109E+07  -0.151846E+00   0.331831E+07   0.331773E+07   0.708916E+01
   0.305930E-01   0.630825E+07   0.626232E+07  -0.195807E+03  -0.229999E+03   0.585490E+07   0.626972E+07   0.630054E+07   0.626972E+07  -0.137555E+00   0.300643E+07   0.300586E+07   0.626701E+01
   0.338127E-01   0.568290E+07   0.563628E+07  -0.120207E+03  -0.169650E+03   0.521914E+07   0.564354E+07   0.567507E+07   0.564354E+07  -0.123816E+00   0.270660E+07   0.270605E+07   0.542487E+01
   0.373714E-01   0.510184E+07   0.505636E+07  -0.642672E+02  -0.124708E+03   0.463047E+07   0.506214E+07   0.509421E+07   0.506214E+07  -0.111061E+00   0.242820E+07   0.242768E+07   0.456311E+01
   0.413045E-01   0.458345E+07   0.454122E+07  -0.756737E+02  -0.917434E+02   0.410436E+07   0.454372E+07   0.457636E+07   0.454372E+07  -0.996870E-01   0.217996E+07   0.217950E+07   0.369820E+01
   0.454350E-01   0.414794E+07   0.411074E+07   0.401518E+02  -0.686524E+02   0.366337E+07   0.410862E+07   0.414170E+07   0.410862E+07  -0.901410E-01   0.197164E+07   0.197124E+07   0.289741E+01
   0.495654E-01   0.380897E+07   0.377766E+07   0.309062E+02  -0.530068E+02   0.331779E+07   0.377011E+07   0.380371E+07   0.377011E+07  -0.827142E-01   0.180959E+07   0.180926E+07   0.222424E+01
   0.536959E-01   0.353818E+07   0.351276E+07   0.244040E+02  -0.419840E+02   0.303947E+07   0.349972E+07   0.353392E+07   0.349972E+07  -0.767820E-01   0.168018E+07   0.167991E+07   0.168717E+01
   0.578264E-01   0.331154E+07   0.329132E+07   0.196480E+02  -0.339057E+02   0.280552E+07   0.327339E+07   0.330815E+07   0.327339E+07  -0.718164E-01   0.157187E+07   0.157165E+07   0.128488E+01
   0.619568E-01   0.311242E+07   0.309619E+07   0.160478E+02  -0.277791E+02   0.260042E+07   0.307447E+07   0.310969E+07   0.307447E+07  -0.674523E-01   0.147669E+07   0.147650E+07   0.100669E+01
   0.660873E-01   0.292599E+07   0.291232E+07   0.132265E+02  -0.229683E+02   0.241083E+07   0.288822E+07   0.292369E+07   0.288822E+07  -0.633661E-01   0.138755E+07   0.138738E+07   0.832808E+00
   0.702177E-01   0.274349E+07   0.273097E+07   0.109565E+02  -0.190889E+02   0.222901E+07   0.270595E+07   0.274139E+07   0.270595E+07  -0.593671E-01   0.130028E+07   0.130013E+07   0.738718E+00
   0.743482E-01   0.256444E+07   0.255189E+07   0.911025E+01  -0.159248E+02   0.205456E+07   0.252722E+07   0.256234E+07   0.252722E+07  -0.554458E-01   0.121468E+07   0.121452E+07   0.698769E+00
   0.784786E-01   0.238594E+07   0.237258E+07   0.758631E+01  -0.133047E+02   0.188499E+07   0.234921E+07   0.238370E+07   0.234921E+07  -0.515404E-01   0.112938E+07   0.112922E+07   0.687533E+00
   0.826091E-01   0.221480E+07   0.220028E+07   0.633784E+01  -0.111515E+02   0.172557E+07   0.217870E+07   0.221237E+07   0.217870E+07  -0.477995E-01   0.104765E+07   0.104748E+07   0.685046E+00
   0.867395E-01   0.205574E+07   0.204012E+07   0.532090E+01  -0.939268E+01   0.157958E+07   0.202037E+07   0.205312E+07   0.202037E+07  -0.443258E-01   0.971732E+06   0.971556E+06   0.676477E+00
   0.918936E-01   0.187992E+07   0.186356E+07   0.432047E+01  -0.765775E+01   0.141994E+07   0.184556E+07   0.187718E+07   0.184556E+07  -0.404905E-01   0.887902E+06   0.887724E+06   0.644786E+00
   0.970477E-01   0.173387E+07   0.171772E+07   0.356121E+01  -0.633694E+01   0.128767E+07   0.170049E+07   0.173116E+07   0.170049E+07  -0.373077E-01   0.818334E+06   0.818163E+06   0.586574E+00
   0.102202E+00   0.161887E+07   0.160392E+07   0.298910E+01  -0.533913E+01   0.118245E+07   0.158635E+07   0.161636E+07   0.158635E+07  -0.348036E-01   0.763614E+06   0.763458E+06   0.508352E+00
   0.107356E+00   0.153075E+07   0.151770E+07   0.255428E+01  -0.457951E+01   0.109993E+07   0.149892E+07   0.152856E+07   0.149892E+07  -0.328855E-01   0.721721E+06   0.721585E+06   0.422198E+00
   0.112510E+00   0.146093E+07   0.145004E+07   0.221349E+01  -0.398319E+01   0.103292E+07   0.142963E+07   0.145911E+07   0.142963E+07  -0.313653E-01   0.688539E+06   0.688424E+06   0.340957E+00
   0.117664E+00   0.139996E+07   0.139104E+07   0.193418E+01  -0.349318E+01   0.974064E+06   0.136911E+07   0.139846E+07   0.136911E+07  -0.300375E-01   0.659562E+06   0.659465E+06   0.274658E+00
   0.122818E+00   0.134045E+07   0.133298E+07   0.169522E+01  -0.307261E+01   0.917899E+06   0.131006E+07   0.133920E+07   0.131006E+07  -0.287420E-01   0.631276E+06   0.631192E+06   0.228515E+00
   0.127972E+00   0.127812E+07   0.127142E+07   0.148467E+01  -0.270075E+01   0.861409E+06   0.124826E+07   0.127700E+07   0.124826E+07  -0.273861E-01   0.601649E+06   0.601571E+06   0.202552E+00
   0.133126E+00   0.121178E+07   0.120519E+07   0.129698E+01  -0.236793E+01   0.803843E+06   0.118254E+07   0.121068E+07   0.118254E+07  -0.259443E-01   0.570119E+06   0.570042E+06   0.192613E+00
   0.138280E+00   0.114282E+07   0.113588E+07   0.113037E+01  -0.207118E+01   0.746201E+06   0.111431E+07   0.114166E+07   0.111431E+07  -0.244473E-01   0.537357E+06   0.537277E+06   0.192212E+00
   0.143435E+00   0.107428E+07   0.106679E+07   0.984681E+00  -0.181068E+01   0.690492E+06   0.104657E+07   0.107302E+07   0.104657E+07  -0.229612E-01   0.504816E+06   0.504733E+06   0.194571E+00
   0.148589E+00   0.100986E+07   0.100190E+07   0.860004E+00  -0.158705E+01   0.639014E+06   0.982967E+06   0.100852E+07   0.982967E+06  -0.215657E-01   0.474253E+06   0.474166E+06   0.194280E+00
   0.153743E+00   0.952923E+06   0.944772E+06   0.755879E+00  -0.139976E+01   0.593724E+06   0.926808E+06   0.951555E+06   0.926808E+06  -0.203337E-01   0.447265E+06   0.447179E+06   0.188262E+00
   0.158897E+00   0.905450E+06   0.897467E+06   0.670595E+00  -0.124600E+01   0.555574E+06   0.880006E+06   0.904110E+06   0.880006E+06  -0.193068E-01   0.424779E+06   0.424695E+06   0.175940E+00
   0.164051E+00   0.867241E+06   0.859767E+06   0.601056E+00  -0.112046E+01   0.524140E+06   0.842346E+06   0.865986E+06   0.842346E+06  -0.184806E-01   0.406694E+06   0.406616E+06   0.158763E+00
   0.169205E+00   0.836308E+06   0.829568E+06   0.543532E+00  -0.101650E+01   0.497940E+06   0.811855E+06   0.835177E+06   0.811855E+06  -0.178116E-01   0.392061E+06   0.391991E+06   0.139370E+00
   0.174359E+00   0.809972E+06   0.804036E+06   0.494605E+00  -0.927910E+00   0.475166E+06   0.785890E+06   0.808975E+06   0.785890E+06  -0.172420E-01   0.379607E+06   0.379544E+06   0.120665E+00
   0.179513E+00   0.785634E+06   0.780418E+06   0.451561E+00  -0.849768E+00   0.454158E+06   0.761895E+06   0.784758E+06   0.761895E+06  -0.167156E-01   0.368097E+06   0.368040E+06   0.105005E+00
   0.184667E+00   0.761044E+06   0.756353E+06   0.412391E+00  -0.778465E+00   0.433532E+06   0.737661E+06   0.760256E+06   0.737661E+06  -0.161839E-01   0.356466E+06   0.356414E+06   0.936928E-01
   0.189821E+00   0.734692E+06   0.730281E+06   0.375898E+00  -0.711764E+00   0.412471E+06   0.711719E+06   0.733951E+06   0.711719E+06  -0.156147E-01   0.344003E+06   0.343953E+06   0.868547E-01
   0.194975E+00   0.706302E+06   0.701946E+06   0.341703E+00  -0.648985E+00   0.390826E+06   0.683804E+06   0.705570E+06   0.683804E+06  -0.150023E-01   0.330580E+06   0.330531E+06   0.836471E-01
   0.200130E+00   0.676777E+06   0.672319E+06   0.310026E+00  -0.590593E+00   0.369127E+06   0.654805E+06   0.676029E+06   0.654805E+06  -0.143661E-01   0.316627E+06   0.316577E+06   0.826517E-01
   0.205284E+00   0.647514E+06   0.642893E+06   0.281233E+00  -0.537351E+00   0.348143E+06   0.626088E+06   0.646738E+06   0.626088E+06  -0.137360E-01   0.302803E+06   0.302753E+06   0.823159E-01
   0.210438E+00   0.619828E+06   0.615073E+06   0.255574E+00  -0.489770E+00   0.328554E+06   0.598941E+06   0.619029E+06   0.598941E+06  -0.131404E-01   0.289732E+06   0.289681E+06   0.813451E-01
   0.215592E+00   0.594758E+06   0.589969E+06   0.233117E+00  -0.448020E+00   0.310858E+06   0.574376E+06   0.593954E+06   0.574376E+06  -0.126015E-01   0.277904E+06   0.277853E+06   0.789627E-01
   0.220746E+00   0.572942E+06   0.568248E+06   0.213733E+00  -0.411920E+00   0.295314E+06   0.553009E+06   0.572154E+06   0.553009E+06  -0.121327E-01   0.267618E+06   0.267568E+06   0.749895E-01
   0.225900E+00   0.554411E+06   0.549931E+06   0.197073E+00  -0.380863E+00   0.281852E+06   0.534861E+06   0.553659E+06   0.534861E+06  -0.117346E-01   0.258885E+06   0.258838E+06   0.697539E-01
   0.231054E+00   0.538568E+06   0.534384E+06   0.182625E+00  -0.353894E+00   0.270088E+06   0.519347E+06   0.537866E+06   0.519347E+06  -0.113942E-01   0.251423E+06   0.251379E+06   0.638977E-01
   0.236208E+00   0.524469E+06   0.520607E+06   0.169834E+00  -0.329975E+00   0.259484E+06   0.505540E+06   0.523821E+06   0.505540E+06  -0.110913E-01   0.244784E+06   0.244743E+06   0.581519E-01
   0.241362E+00   0.511146E+06   0.507578E+06   0.158219E+00  -0.308209E+00   0.249518E+06   0.492495E+06   0.510547E+06   0.492495E+06  -0.108051E-01   0.238511E+06   0.238473E+06   0.531367E-01
   0.246516E+00   0.497802E+06   0.494460E+06   0.147423E+00  -0.287928E+00   0.239779E+06   0.479435E+06   0.497241E+06   0.479435E+06  -0.105185E-01   0.232228E+06   0.232192E+06   0.492266E-01
   0.251670E+00   0.483935E+06   0.480734E+06   0.137237E+00  -0.268724E+00   0.230020E+06   0.465875E+06   0.483398E+06   0.465875E+06  -0.102210E-01   0.225700E+06   0.225665E+06   0.465013E-01
   0.256825E+00   0.469440E+06   0.466299E+06   0.127585E+00  -0.250459E+00   0.220195E+06   0.451712E+06   0.468913E+06   0.451712E+06  -0.991031E-02   0.218877E+06   0.218842E+06   0.447804E-01
   0.261979E+00   0.454585E+06   0.451445E+06   0.118499E+00  -0.233212E+00   0.210436E+06   0.437210E+06   0.454058E+06   0.437210E+06  -0.959214E-02   0.211887E+06   0.211852E+06   0.437168E-01
   0.267133E+00   0.439846E+06   0.436681E+06   0.110056E+00  -0.217142E+00   0.200962E+06   0.422831E+06   0.439314E+06   0.422831E+06  -0.927667E-02   0.204953E+06   0.204919E+06   0.429088E-01
   0.272287E+00   0.425710E+06   0.422527E+06   0.102326E+00  -0.202387E+00   0.191990E+06   0.409049E+06   0.425175E+06   0.409049E+06  -0.897431E-02   0.198306E+06   0.198272E+06   0.420050E-01
   0.277441E+00   0.412567E+06   0.409397E+06   0.953371E-01  -0.189017E+00   0.183677E+06   0.396242E+06   0.412035E+06   0.396242E+06  -0.869334E-02   0.192129E+06   0.192095E+06   0.407761E-01
   0.282595E+00   0.400649E+06   0.397534E+06   0.890726E-01  -0.177017E+00   0.176102E+06   0.384633E+06   0.400126E+06   0.384633E+06  -0.843863E-02   0.186530E+06   0.186497E+06   0.391449E-01
   0.287749E+00   0.389985E+06   0.386968E+06   0.834747E-01  -0.166279E+00   0.169254E+06   0.374249E+06   0.389479E+06   0.374249E+06  -0.821080E-02   0.181523E+06   0.181491E+06   0.371738E-01
   0.292903E+00   0.380404E+06   0.377516E+06   0.784487E-01  -0.156622E+00   0.163033E+06   0.364920E+06   0.379919E+06   0.364920E+06  -0.800615E-02   0.177027E+06   0.176996E+06   0.350198E-01
   0.298057E+00   0.371596E+06   0.368847E+06   0.738807E-01  -0.147831E+00   0.157282E+06   0.356345E+06   0.371135E+06   0.356345E+06  -0.781802E-02   0.172893E+06   0.172864E+06   0.328767E-01
   0.303211E+00   0.363213E+06   0.360596E+06   0.696636E-01  -0.139702E+00   0.151840E+06   0.348186E+06   0.362773E+06   0.348186E+06  -0.763901E-02   0.168960E+06   0.168932E+06   0.309194E-01
   0.308365E+00   0.354959E+06   0.352452E+06   0.657150E-01  -0.132072E+00   0.146573E+06   0.340156E+06   0.354538E+06   0.340156E+06  -0.746282E-02   0.165088E+06   0.165061E+06   0.292637E-01
   0.313520E+00   0.346646E+06   0.344221E+06   0.619820E-01  -0.124836E+00   0.141399E+06   0.332073E+06   0.346238E+06   0.332073E+06  -0.728549E-02   0.161189E+06   0.161163E+06   0.279493E-01
   0.318674E+00   0.338216E+06   0.335843E+06   0.584387E-01  -0.117950E+00   0.136293E+06   0.323881E+06   0.337818E+06   0.323881E+06  -0.710577E-02   0.157236E+06   0.157210E+06   0.269430E-01
   0.323828E+00   0.329729E+06   0.327384E+06   0.550828E-01  -0.111412E+00   0.131277E+06   0.315638E+06   0.329335E+06   0.315638E+06  -0.692493E-02   0.153256E+06   0.153231E+06   0.261598E-01
   0.328982E+00   0.321323E+06   0.318995E+06   0.519257E-01  -0.105245E+00   0.126403E+06   0.307479E+06   0.320932E+06   0.307479E+06  -0.674592E-02   0.149316E+06   0.149290E+06   0.254912E-01
   0.334136E+00   0.313168E+06   0.310856E+06   0.489809E-01  -0.994789E-01   0.121735E+06   0.299568E+06   0.312780E+06   0.299568E+06  -0.657235E-02   0.145494E+06   0.145469E+06   0.248355E-01
   0.339290E+00   0.305417E+06   0.303129E+06   0.462559E-01  -0.941342E-01   0.117325E+06   0.292052E+06   0.305033E+06   0.292052E+06  -0.640745E-02   0.141863E+06   0.141839E+06   0.241199E-01
   0.344444E+00   0.298164E+06   0.295914E+06   0.437488E-01  -0.892098E-01   0.113200E+06   0.285021E+06   0.297787E+06   0.285021E+06  -0.625321E-02   0.138467E+06   0.138443E+06   0.233114E-01
   0.349598E+00   0.291425E+06   0.289227E+06   0.414467E-01  -0.846800E-01   0.109358E+06   0.278491E+06   0.291056E+06   0.278491E+06  -0.610993E-02   0.135312E+06   0.135289E+06   0.224162E-01
   0.354752E+00   0.285147E+06   0.283011E+06   0.393267E-01  -0.805022E-01   0.105769E+06   0.272408E+06   0.284788E+06   0.272408E+06  -0.597648E-02   0.132374E+06   0.132351E+06   0.214700E-01
   0.359906E+00   0.279235E+06   0.277166E+06   0.373626E-01  -0.766265E-01   0.102390E+06   0.266682E+06   0.278888E+06   0.266682E+06  -0.585085E-02   0.129608E+06   0.129586E+06   0.205238E-01
   0.365060E+00   0.273580E+06   0.271578E+06   0.355292E-01  -0.730029E-01   0.991754E+05   0.261206E+06   0.273244E+06   0.261206E+06  -0.573071E-02   0.126963E+06   0.126941E+06   0.196281E-01
   0.370215E+00   0.268078E+06   0.266136E+06   0.338050E-01  -0.695874E-01   0.960814E+05   0.255880E+06   0.267752E+06   0.255880E+06  -0.561386E-02   0.124390E+06   0.124369E+06   0.188203E-01
   0.375369E+00   0.262647E+06   0.260755E+06   0.321725E-01  -0.663467E-01   0.930757E+05   0.250624E+06   0.262329E+06   0.250624E+06  -0.549856E-02   0.121850E+06   0.121830E+06   0.181176E-01
   0.380523E+00   0.257243E+06   0.255390E+06   0.306204E-01  -0.632601E-01   0.901404E+05   0.245398E+06   0.256932E+06   0.245398E+06  -0.538388E-02   0.119323E+06   0.119303E+06   0.175163E-01
   0.385677E+00   0.251874E+06   0.250051E+06   0.291454E-01  -0.603200E-01   0.872764E+05   0.240206E+06   0.251568E+06   0.240206E+06  -0.526999E-02   0.116813E+06   0.116793E+06   0.169966E-01
   0.390831E+00   0.246582E+06   0.244784E+06   0.277481E-01  -0.575282E-01   0.844967E+05   0.235092E+06   0.246280E+06   0.235092E+06  -0.515778E-02   0.114339E+06   0.114320E+06   0.165298E-01
   0.395985E+00   0.241424E+06   0.239649E+06   0.264300E-01  -0.548898E-01   0.818191E+05   0.230109E+06   0.241126E+06   0.230109E+06  -0.504847E-02   0.111929E+06   0.111910E+06   0.160861E-01
   0.401139E+00   0.236449E+06   0.234697E+06   0.251912E-01  -0.524064E-01   0.792568E+05   0.225304E+06   0.236154E+06   0.225304E+06  -0.494304E-02   0.109605E+06   0.109586E+06   0.156415E-01
   0.406293E+00   0.231683E+06   0.229959E+06   0.240302E-01  -0.500750E-01   0.768162E+05   0.220704E+06   0.231394E+06   0.220704E+06  -0.484212E-02   0.107379E+06   0.107360E+06   0.151821E-01
   0.411447E+00   0.227142E+06   0.225449E+06   0.229439E-01  -0.478894E-01   0.744984E+05   0.216321E+06   0.226858E+06   0.216321E+06  -0.474597E-02   0.105258E+06   0.105240E+06   0.147054E-01
   0.416601E+00   0.222822E+06   0.221165E+06   0.219270E-01  -0.458409E-01   0.722992E+05   0.212154E+06   0.222544E+06   0.212154E+06  -0.465454E-02   0.103242E+06   0.103224E+06   0.142185E-01
   0.421755E+00   0.218699E+06   0.217079E+06   0.209728E-01  -0.439163E-01   0.702065E+05   0.208176E+06   0.218427E+06   0.208176E+06  -0.456727E-02   0.101317E+06   0.101300E+06   0.137340E-01
   0.426910E+00   0.214727E+06   0.213145E+06   0.200737E-01  -0.420995E-01   0.682030E+05   0.204346E+06   0.214461E+06   0.204346E+06  -0.448325E-02   0.994638E+05   0.994468E+05   0.132659E-01
   0.432064E+00   0.210864E+06   0.209317E+06   0.192225E-01  -0.403764E-01   0.662727E+05   0.200623E+06   0.210604E+06   0.200623E+06  -0.440155E-02   0.976615E+05   0.976449E+05   0.128258E-01
   0.437218E+00   0.207083E+06   0.205569E+06   0.184138E-01  -0.387372E-01   0.644049E+05   0.196979E+06   0.206828E+06   0.196979E+06  -0.432161E-02   0.958977E+05   0.958815E+05   0.124207E-01
   0.442372E+00   0.203370E+06   0.201885E+06   0.176442E-01  -0.371747E-01   0.625938E+05   0.193403E+06   0.203121E+06   0.193403E+06  -0.424314E-02   0.941662E+05   0.941502E+05   0.120517E-01
   0.447526E+00   0.199718E+06   0.198258E+06   0.169113E-01  -0.356834E-01   0.608354E+05   0.189886E+06   0.199473E+06   0.189886E+06  -0.416598E-02   0.924631E+05   0.924474E+05   0.117148E-01
   0.452680E+00   0.196128E+06   0.194689E+06   0.162130E-01  -0.342601E-01   0.591285E+05   0.186429E+06   0.195886E+06   0.186429E+06  -0.409014E-02   0.907888E+05   0.907733E+05   0.114024E-01
   0.457834E+00   0.192612E+06   0.191194E+06   0.155484E-01  -0.329038E-01   0.574761E+05   0.183045E+06   0.192374E+06   0.183045E+06  -0.401590E-02   0.891497E+05   0.891344E+05   0.111058E-01
   0.462988E+00   0.189192E+06   0.187795E+06   0.149177E-01  -0.316146E-01   0.558829E+05   0.179755E+06   0.188958E+06   0.179755E+06  -0.394372E-02   0.875558E+05   0.875408E+05   0.108173E-01
   0.468142E+00   0.185884E+06   0.184508E+06   0.143204E-01  -0.303915E-01   0.543519E+05   0.176573E+06   0.185653E+06   0.176573E+06  -0.387391E-02   0.860141E+05   0.859993E+05   0.105318E-01
   0.473296E+00   0.182690E+06   0.181336E+06   0.137548E-01  -0.292318E-01   0.528822E+05   0.173501E+06   0.182463E+06   0.173501E+06  -0.380652E-02   0.845259E+05   0.845114E+05   0.102468E-01
   0.478450E+00   0.179605E+06   0.178274E+06   0.132187E-01  -0.281316E-01   0.514707E+05   0.170536E+06   0.179382E+06   0.170536E+06  -0.374146E-02   0.830889E+05   0.830746E+05   0.996280E-02
   0.483605E+00   0.176623E+06   0.175316E+06   0.127104E-01  -0.270866E-01   0.501140E+05   0.167670E+06   0.176404E+06   0.167670E+06  -0.367859E-02   0.817000E+05   0.816860E+05   0.968245E-02
   0.488759E+00   0.173736E+06   0.172452E+06   0.122279E-01  -0.260930E-01   0.488083E+05   0.164896E+06   0.173520E+06   0.164896E+06  -0.361772E-02   0.803554E+05   0.803416E+05   0.940952E-02
   0.493913E+00   0.170929E+06   0.169669E+06   0.117687E-01  -0.251465E-01   0.475488E+05   0.162200E+06   0.170718E+06   0.162200E+06  -0.355858E-02   0.790489E+05   0.790353E+05   0.914749E-02
   0.499067E+00   0.168189E+06   0.166951E+06   0.113307E-01  -0.242425E-01   0.463299E+05   0.159569E+06   0.167982E+06   0.159569E+06  -0.350084E-02   0.777733E+05   0.777600E+05   0.889869E-02
   0.504221E+00   0.165504E+06   0.164287E+06   0.109123E-01  -0.233774E-01   0.451477E+05   0.156991E+06   0.165300E+06   0.156991E+06  -0.344429E-02   0.765235E+05   0.765104E+05   0.866399E-02
   0.509375E+00   0.162871E+06   0.161673E+06   0.105122E-01  -0.225489E-01   0.440004E+05   0.154463E+06   0.162670E+06   0.154463E+06  -0.338884E-02   0.752981E+05   0.752852E+05   0.844283E-02
   0.514529E+00   0.160292E+06   0.159111E+06   0.101297E-01  -0.217559E-01   0.428876E+05   0.151988E+06   0.160094E+06   0.151988E+06  -0.333454E-02   0.740977E+05   0.740850E+05   0.823348E-02
   0.519683E+00   0.157768E+06   0.156605E+06   0.976407E-02  -0.209968E-01   0.418091E+05   0.149567E+06   0.157573E+06   0.149567E+06  -0.328142E-02   0.729234E+05   0.729109E+05   0.803352E-02
   0.524837E+00   0.155302E+06   0.154155E+06   0.941474E-02  -0.202704E-01   0.407643E+05   0.147201E+06   0.155109E+06   0.147201E+06  -0.322951E-02   0.717759E+05   0.717636E+05   0.784042E-02
   0.529991E+00   0.152895E+06   0.151764E+06   0.908104E-02  -0.195755E-01   0.397533E+05   0.144894E+06   0.152705E+06   0.144894E+06  -0.317889E-02   0.706566E+05   0.706444E+05   0.765219E-02
   0.535145E+00   0.150553E+06   0.149439E+06   0.876245E-02  -0.189115E-01   0.387764E+05   0.142649E+06   0.150366E+06   0.142649E+06  -0.312964E-02   0.695674E+05   0.695554E+05   0.746767E-02
   0.540300E+00   0.148277E+06   0.147180E+06   0.845846E-02  -0.182770E-01   0.378332E+05   0.140468E+06   0.148093E+06   0.140468E+06  -0.308178E-02   0.685091E+05   0.684973E+05   0.728652E-02
   0.545454E+00   0.146064E+06   0.144983E+06   0.816823E-02  -0.176703E-01   0.369219E+05   0.138347E+06   0.145882E+06   0.138347E+06  -0.303525E-02   0.674800E+05   0.674684E+05   0.710904E-02
   0.550608E+00   0.143907E+06   0.142842E+06   0.789071E-02  -0.170896E-01   0.360402E+05   0.136281E+06   0.143728E+06   0.136281E+06  -0.298992E-02   0.664773E+05   0.664658E+05   0.693594E-02
   0.555762E+00   0.141802E+06   0.140753E+06   0.762507E-02  -0.165332E-01   0.351863E+05   0.134265E+06   0.141626E+06   0.134265E+06  -0.294569E-02   0.654988E+05   0.654875E+05   0.676812E-02
   0.560916E+00   0.139746E+06   0.138713E+06   0.737073E-02  -0.159996E-01   0.343587E+05   0.132296E+06   0.139572E+06   0.132296E+06  -0.290250E-02   0.645433E+05   0.645322E+05   0.660636E-02
   0.566070E+00   0.137735E+06   0.136718E+06   0.712700E-02  -0.154876E-01   0.335560E+05   0.130372E+06   0.137564E+06   0.130372E+06  -0.286028E-02   0.636092E+05   0.635983E+05   0.645108E-02
   0.571224E+00   0.135766E+06   0.134764E+06   0.689311E-02  -0.149958E-01   0.327764E+05   0.128487E+06   0.135598E+06   0.128487E+06  -0.281893E-02   0.626943E+05   0.626835E+05   0.630220E-02
   0.576378E+00   0.133835E+06   0.132847E+06   0.666853E-02  -0.145231E-01   0.320186E+05   0.126639E+06   0.133669E+06   0.126639E+06  -0.277840E-02   0.617973E+05   0.617866E+05   0.615928E-02
   0.581532E+00   0.131943E+06   0.130968E+06   0.645295E-02  -0.140686E-01   0.312824E+05   0.124829E+06   0.131779E+06   0.124829E+06  -0.273868E-02   0.609183E+05   0.609078E+05   0.602169E-02
   0.586686E+00   0.130091E+06   0.129130E+06   0.624606E-02  -0.136319E-01   0.305676E+05   0.123058E+06   0.129930E+06   0.123058E+06  -0.269983E-02   0.600584E+05   0.600480E+05   0.588870E-02
   0.591840E+00   0.128281E+06   0.127332E+06   0.604747E-02  -0.132123E-01   0.298741E+05   0.121327E+06   0.128122E+06   0.121327E+06  -0.266185E-02   0.592177E+05   0.592074E+05   0.575961E-02
   0.596995E+00   0.126511E+06   0.125574E+06   0.585683E-02  -0.128091E-01   0.292010E+05   0.119635E+06   0.126354E+06   0.119635E+06  -0.262472E-02   0.583956E+05   0.583856E+05   0.563384E-02
   0.602149E+00   0.124780E+06   0.123856E+06   0.567380E-02  -0.124214E-01   0.285478E+05   0.117980E+06   0.124625E+06   0.117980E+06  -0.258842E-02   0.575919E+05   0.575820E+05   0.551107E-02
   0.607303E+00   0.123088E+06   0.122177E+06   0.549807E-02  -0.120487E-01   0.279141E+05   0.116364E+06   0.122935E+06   0.116364E+06  -0.255296E-02   0.568067E+05   0.567969E+05   0.539123E-02
   0.612457E+00   0.121436E+06   0.120537E+06   0.532929E-02  -0.116905E-01   0.272994E+05   0.114785E+06   0.121285E+06   0.114785E+06  -0.251833E-02   0.560398E+05   0.560302E+05   0.527443E-02
   0.659749E+00   0.107771E+06   0.106973E+06   0.404918E-02  -0.895890E-02   0.224041E+05   0.101743E+06   0.107637E+06   0.101743E+06  -0.223218E-02   0.497006E+05   0.496920E+05   0.435336E-02
   0.710693E+00   0.955785E+05   0.948701E+05   0.307506E-02  -0.686046E-02   0.183289E+05   0.901255E+05   0.954595E+05   0.901255E+05  -0.197730E-02   0.440500E+05   0.440424E+05   0.359168E-02
   0.765571E+00   0.847261E+05   0.840976E+05   0.233480E-02  -0.525068E-02   0.149527E+05   0.798026E+05   0.846205E+05   0.798026E+05  -0.175082E-02   0.390252E+05   0.390184E+05   0.296347E-02
   0.895965E+00   0.655277E+05   0.650409E+05   0.130259E-02  -0.297588E-02   0.963121E+04   0.615860E+05   0.654460E+05   0.615860E+05  -0.135116E-02   0.301483E+05   0.301430E+05   0.197135E-02
   0.125042E+01   0.377269E+05   0.374460E+05   0.376890E-03  -0.885424E-03   0.364399E+04   0.353260E+05   0.376798E+05   0.353260E+05  -0.775033E-03   0.173250E+05   0.173219E+05   0.830964E-03
   0.174510E+01   0.215180E+05   0.213574E+05   0.109001E-03  -0.260169E-03   0.131259E+04   0.200956E+05   0.214910E+05   0.200956E+05  -0.440921E-03   0.986883E+04   0.986699E+04   0.353219E-03
   0.243548E+01   0.121682E+05   0.120772E+05   0.310126E-04  -0.760785E-04   0.452261E+03   0.113437E+05   0.121529E+05   0.113437E+05  -0.248844E-03   0.557607E+04   0.557494E+04   0.153759E-03
