#          k/h    CDM            baryon         photon         nu             mass_nu        total          no_nu          total_de       Weyl           v_CDM          v_b            v_b-v_c     
   0.102076E-04   0.192822E+08   0.192822E+08   0.256962E+08   0.256958E+08   0.192823E+08   0.192822E+08   0.192822E+08   0.192886E+08  -0.465759E+00   0.979624E+07   0.979624E+07   0.583455E+01
   0.112819E-04   0.192822E+08   0.192822E+08   0.256933E+08   0.256928E+08   0.192823E+08   0.192822E+08   0.192822E+08   0.192886E+08  -0.465759E+00   0.979623E+07   0.979623E+07   0.644841E+01
   0.124693E-04   0.192822E+08   0.192822E+08   0.256896E+08   0.256890E+08   0.192823E+08   0.192822E+08   0.192822E+08   0.192886E+08  -0.465759E+00   0.979623E+07   0.979623E+07   0.712682E+01
   0.137816E-04   0.192822E+08   0.192822E+08   0.256852E+08   0.256845E+08   0.192823E+08   0.192822E+08   0.192822E+08   0.192886E+08  -0.465758E+00   0.979622E+07   0.979622E+07   0.787652E+01
   0.152321E-04   0.192822E+08   0.192822E+08   0.256798E+08   0.256789E+08   0.192823E+08   0.192822E+08   0.192822E+08   0.192886E+08  -0.465758E+00   0.979622E+07   0.979622E+07   0.870501E+01
   0.168352E-04   0.192822E+08   0.192822E+08   0.256732E+08   0.256721E+08   0.192823E+08   0.192822E+08   0.192822E+08   0.192886E+08  -0.465758E+00   0.979621E+07   0.979621E+07   0.962052E+01
   0.186070E-04   0.192822E+08   0.192822E+08   0.256651E+08   0.256638E+08   0.192823E+08   0.192822E+08   0.192822E+08   0.192886E+08  -0.465757E+00   0.979621E+07   0.979620E+07   0.106322E+02
   0.205653E-04   0.192821E+08   0.192821E+08   0.256552E+08   0.256536E+08   0.192822E+08   0.192822E+08   0.192821E+08   0.192886E+08  -0.465757E+00   0.979620E+07   0.979620E+07   0.117500E+02
   0.227297E-04   0.192821E+08   0.192821E+08   0.256432E+08   0.256412E+08   0.192822E+08   0.192821E+08   0.192821E+08   0.192885E+08  -0.465756E+00   0.979618E+07   0.979618E+07   0.129850E+02
   0.251219E-04   0.192821E+08   0.192821E+08   0.256284E+08   0.256260E+08   0.192822E+08   0.192821E+08   0.192821E+08   0.192885E+08  -0.465755E+00   0.979617E+07   0.979617E+07   0.143494E+02
   0.277659E-04   0.192821E+08   0.192821E+08   0.256105E+08   0.256076E+08   0.192822E+08   0.192821E+08   0.192821E+08   0.192885E+08  -0.465754E+00   0.979615E+07   0.979615E+07   0.158567E+02
   0.306881E-04   0.192820E+08   0.192820E+08   0.255886E+08   0.255850E+08   0.192821E+08   0.192820E+08   0.192820E+08   0.192884E+08  -0.465753E+00   0.979613E+07   0.979613E+07   0.175216E+02
   0.339179E-04   0.192820E+08   0.192820E+08   0.255618E+08   0.255574E+08   0.192821E+08   0.192820E+08   0.192820E+08   0.192884E+08  -0.465752E+00   0.979611E+07   0.979611E+07   0.193604E+02
   0.374876E-04   0.192819E+08   0.192819E+08   0.255291E+08   0.255238E+08   0.192820E+08   0.192819E+08   0.192819E+08   0.192883E+08  -0.465750E+00   0.979608E+07   0.979607E+07   0.213908E+02
   0.414330E-04   0.192818E+08   0.192818E+08   0.254893E+08   0.254828E+08   0.192819E+08   0.192819E+08   0.192818E+08   0.192882E+08  -0.465748E+00   0.979604E+07   0.979604E+07   0.236324E+02
   0.457936E-04   0.192818E+08   0.192818E+08   0.254407E+08   0.254328E+08   0.192818E+08   0.192818E+08   0.192818E+08   0.192881E+08  -0.465745E+00   0.979599E+07   0.979599E+07   0.261065E+02
   0.506132E-04   0.192817E+08   0.192816E+08   0.253815E+08   0.253718E+08   0.192817E+08   0.192817E+08   0.192817E+08   0.192880E+08  -0.465742E+00   0.979594E+07   0.979593E+07   0.288365E+02
   0.559400E-04   0.192815E+08   0.192815E+08   0.253093E+08   0.252975E+08   0.192816E+08   0.192815E+08   0.192815E+08   0.192878E+08  -0.465738E+00   0.979587E+07   0.979586E+07   0.318476E+02
   0.618274E-04   0.192814E+08   0.192813E+08   0.252213E+08   0.252070E+08   0.192814E+08   0.192814E+08   0.192814E+08   0.192877E+08  -0.465733E+00   0.979578E+07   0.979578E+07   0.351674E+02
   0.683345E-04   0.192812E+08   0.192811E+08   0.251143E+08   0.250968E+08   0.192812E+08   0.192812E+08   0.192812E+08   0.192874E+08  -0.465727E+00   0.979568E+07   0.979567E+07   0.388254E+02
   0.755264E-04   0.192809E+08   0.192809E+08   0.249841E+08   0.249629E+08   0.192810E+08   0.192809E+08   0.192809E+08   0.192872E+08  -0.465720E+00   0.979555E+07   0.979554E+07   0.428533E+02
   0.834752E-04   0.192806E+08   0.192806E+08   0.248259E+08   0.248001E+08   0.192807E+08   0.192806E+08   0.192806E+08   0.192868E+08  -0.465711E+00   0.979540E+07   0.979539E+07   0.472850E+02
   0.922605E-04   0.192803E+08   0.192802E+08   0.246339E+08   0.246026E+08   0.192804E+08   0.192803E+08   0.192803E+08   0.192864E+08  -0.465700E+00   0.979521E+07   0.979520E+07   0.521558E+02
   0.101971E-03   0.192799E+08   0.192798E+08   0.244012E+08   0.243632E+08   0.192799E+08   0.192798E+08   0.192798E+08   0.192859E+08  -0.465687E+00   0.979498E+07   0.979496E+07   0.575028E+02
   0.112702E-03   0.192793E+08   0.192792E+08   0.241197E+08   0.240737E+08   0.192794E+08   0.192793E+08   0.192793E+08   0.192853E+08  -0.465671E+00   0.979470E+07   0.979468E+07   0.633635E+02
   0.124564E-03   0.192787E+08   0.192786E+08   0.237799E+08   0.237244E+08   0.192787E+08   0.192787E+08   0.192787E+08   0.192846E+08  -0.465651E+00   0.979436E+07   0.979434E+07   0.697753E+02
   0.137674E-03   0.192779E+08   0.192778E+08   0.233708E+08   0.233039E+08   0.192779E+08   0.192779E+08   0.192779E+08   0.192837E+08  -0.465628E+00   0.979394E+07   0.979391E+07   0.767739E+02
   0.152163E-03   0.192769E+08   0.192768E+08   0.228799E+08   0.227994E+08   0.192770E+08   0.192769E+08   0.192769E+08   0.192826E+08  -0.465599E+00   0.979344E+07   0.979340E+07   0.843919E+02
   0.168178E-03   0.192758E+08   0.192756E+08   0.222931E+08   0.221968E+08   0.192758E+08   0.192757E+08   0.192757E+08   0.192813E+08  -0.465564E+00   0.979282E+07   0.979277E+07   0.926551E+02
   0.185878E-03   0.192744E+08   0.192742E+08   0.215951E+08   0.214804E+08   0.192744E+08   0.192743E+08   0.192743E+08   0.192797E+08  -0.465521E+00   0.979207E+07   0.979201E+07   0.101580E+03
   0.205440E-03   0.192726E+08   0.192724E+08   0.207699E+08   0.206340E+08   0.192726E+08   0.192726E+08   0.192726E+08   0.192778E+08  -0.465470E+00   0.979115E+07   0.979108E+07   0.111170E+03
   0.227062E-03   0.192705E+08   0.192702E+08   0.198015E+08   0.196416E+08   0.192705E+08   0.192705E+08   0.192705E+08   0.192754E+08  -0.465407E+00   0.979004E+07   0.978996E+07   0.121408E+03
   0.250959E-03   0.192680E+08   0.192676E+08   0.186754E+08   0.184889E+08   0.192679E+08   0.192679E+08   0.192679E+08   0.192726E+08  -0.465332E+00   0.978869E+07   0.978859E+07   0.132249E+03
   0.277372E-03   0.192649E+08   0.192644E+08   0.173807E+08   0.171654E+08   0.192648E+08   0.192648E+08   0.192648E+08   0.192691E+08  -0.465241E+00   0.978704E+07   0.978693E+07   0.143614E+03
   0.306564E-03   0.192611E+08   0.192606E+08   0.159130E+08   0.156677E+08   0.192610E+08   0.192610E+08   0.192610E+08   0.192650E+08  -0.465132E+00   0.978506E+07   0.978491E+07   0.155379E+03
   0.338828E-03   0.192566E+08   0.192560E+08   0.142781E+08   0.140031E+08   0.192564E+08   0.192565E+08   0.192565E+08   0.192600E+08  -0.465002E+00   0.978265E+07   0.978248E+07   0.167367E+03
   0.374488E-03   0.192511E+08   0.192504E+08   0.124963E+08   0.121942E+08   0.192508E+08   0.192510E+08   0.192510E+08   0.192541E+08  -0.464846E+00   0.977974E+07   0.977954E+07   0.179333E+03
   0.413901E-03   0.192445E+08   0.192436E+08   0.106075E+08   0.102840E+08   0.192442E+08   0.192444E+08   0.192444E+08   0.192470E+08  -0.464661E+00   0.977624E+07   0.977600E+07   0.190965E+03
   0.457462E-03   0.192366E+08   0.192355E+08   0.867426E+07   0.833867E+07   0.192362E+08   0.192364E+08   0.192364E+08   0.192385E+08  -0.464442E+00   0.977204E+07   0.977176E+07   0.201878E+03
   0.505608E-03   0.192271E+08   0.192258E+08   0.678258E+07   0.644848E+07   0.192266E+08   0.192269E+08   0.192269E+08   0.192286E+08  -0.464184E+00   0.976700E+07   0.976668E+07   0.211625E+03
   0.558821E-03   0.192158E+08   0.192143E+08   0.503678E+07   0.472128E+07   0.192151E+08   0.192155E+08   0.192156E+08   0.192168E+08  -0.463881E+00   0.976098E+07   0.976061E+07   0.219715E+03
   0.617635E-03   0.192024E+08   0.192006E+08   0.354555E+07   0.326762E+07   0.192015E+08   0.192020E+08   0.192021E+08   0.192029E+08  -0.463528E+00   0.975383E+07   0.975341E+07   0.225657E+03
   0.682638E-03   0.191864E+08   0.191844E+08   0.239799E+07   0.217501E+07   0.191853E+08   0.191860E+08   0.191861E+08   0.191866E+08  -0.463118E+00   0.974536E+07   0.974489E+07   0.229008E+03
   0.754482E-03   0.191676E+08   0.191653E+08   0.163256E+07   0.147544E+07   0.191662E+08   0.191672E+08   0.191672E+08   0.191676E+08  -0.462642E+00   0.973537E+07   0.973485E+07   0.229440E+03
   0.833888E-03   0.191455E+08   0.191429E+08   0.121000E+07   0.111815E+07   0.191438E+08   0.191450E+08   0.191451E+08   0.191453E+08  -0.462091E+00   0.972364E+07   0.972308E+07   0.226796E+03
   0.921651E-03   0.191197E+08   0.191168E+08   0.101022E+07   0.968836E+06   0.191176E+08   0.191191E+08   0.191192E+08   0.191193E+08  -0.461454E+00   0.970993E+07   0.970932E+07   0.221113E+03
   0.101865E-02   0.190895E+08   0.190863E+08   0.873234E+06   0.856383E+06   0.190869E+08   0.190888E+08   0.190890E+08   0.190891E+08  -0.460716E+00   0.969395E+07   0.969330E+07   0.212607E+03
   0.112586E-02   0.190544E+08   0.190510E+08   0.682765E+06   0.663362E+06   0.190513E+08   0.190537E+08   0.190539E+08   0.190539E+08  -0.459862E+00   0.967537E+07   0.967469E+07   0.201609E+03
   0.124435E-02   0.190138E+08   0.190101E+08   0.442496E+06   0.405332E+06   0.190098E+08   0.190129E+08   0.190132E+08   0.190130E+08  -0.458873E+00   0.965383E+07   0.965312E+07   0.188512E+03
   0.137531E-02   0.189667E+08   0.189629E+08   0.258296E+06   0.206320E+06   0.189619E+08   0.189658E+08   0.189660E+08   0.189658E+08  -0.457729E+00   0.962889E+07   0.962817E+07   0.173772E+03
   0.152006E-02   0.189123E+08   0.189084E+08   0.198759E+06   0.145257E+06   0.189064E+08   0.189113E+08   0.189117E+08   0.189114E+08  -0.456412E+00   0.960007E+07   0.959935E+07   0.157987E+03
   0.168004E-02   0.188498E+08   0.188458E+08   0.183844E+06  -0.193215E+06   0.188426E+08   0.188487E+08   0.188491E+08   0.188487E+08  -0.454896E+00   0.956686E+07   0.956614E+07   0.141938E+03
   0.185685E-02   0.187779E+08   0.187739E+08   0.107901E+06  -0.157340E+06   0.187691E+08   0.187767E+08   0.187772E+08   0.187767E+08  -0.453156E+00   0.952860E+07   0.952790E+07   0.126466E+03
   0.205228E-02   0.186955E+08   0.186915E+08   0.363670E+05  -0.128015E+06   0.186847E+08   0.186941E+08   0.186948E+08   0.186941E+08  -0.451162E+00   0.948465E+07   0.948396E+07   0.112270E+03
   0.226827E-02   0.186012E+08   0.185972E+08   0.457802E+05  -0.104049E+06   0.185881E+08   0.185997E+08   0.186005E+08   0.185997E+08  -0.448882E+00   0.943425E+07   0.943357E+07   0.998301E+02
   0.250700E-02   0.184936E+08   0.184895E+08   0.305676E+05  -0.844681E+05   0.184777E+08   0.184919E+08   0.184929E+08   0.184919E+08  -0.446279E+00   0.937655E+07   0.937588E+07   0.893676E+02
   0.277085E-02   0.183711E+08   0.183668E+08   0.444514E+04  -0.684761E+05   0.183517E+08   0.183691E+08   0.183704E+08   0.183691E+08  -0.443314E+00   0.931064E+07   0.930997E+07   0.806824E+02
   0.306246E-02   0.182318E+08   0.182274E+08   0.113198E+05  -0.554205E+05   0.182084E+08   0.182295E+08   0.182311E+08   0.182295E+08  -0.439945E+00   0.923550E+07   0.923482E+07   0.732352E+02
   0.338478E-02   0.180739E+08   0.180692E+08  -0.677282E+04  -0.447674E+05   0.180456E+08   0.180712E+08   0.180732E+08   0.180712E+08  -0.436126E+00   0.915000E+07   0.914933E+07   0.664334E+02
   0.374101E-02   0.178954E+08   0.178904E+08  -0.519826E+04  -0.360798E+05   0.178611E+08   0.178922E+08   0.178945E+08   0.178922E+08  -0.431805E+00   0.905293E+07   0.905226E+07   0.599020E+02
   0.413473E-02   0.176939E+08   0.176886E+08  -0.697679E+04  -0.290002E+05   0.176526E+08   0.176902E+08   0.176930E+08   0.176902E+08  -0.426928E+00   0.894295E+07   0.894229E+07   0.537011E+02
   0.456989E-02   0.174670E+08   0.174613E+08  -0.652354E+04  -0.232358E+05   0.174173E+08   0.174626E+08   0.174660E+08   0.174626E+08  -0.421437E+00   0.881860E+07   0.881794E+07   0.481239E+02
   0.505085E-02   0.172121E+08   0.172059E+08  -0.313428E+04  -0.185471E+05   0.171526E+08   0.172070E+08   0.172110E+08   0.172070E+08  -0.415267E+00   0.867828E+07   0.867762E+07   0.432988E+02
   0.558243E-02   0.169264E+08   0.169196E+08  -0.349614E+04  -0.147381E+05   0.168554E+08   0.169204E+08   0.169252E+08   0.169204E+08  -0.408350E+00   0.852029E+07   0.851964E+07   0.390170E+02
   0.616996E-02   0.166069E+08   0.165995E+08  -0.349661E+04  -0.116483E+05   0.165226E+08   0.166000E+08   0.166057E+08   0.165999E+08  -0.400616E+00   0.834285E+07   0.834220E+07   0.350403E+02
   0.681932E-02   0.162507E+08   0.162425E+08  -0.413464E+04  -0.914673E+04   0.161511E+08   0.162426E+08   0.162494E+08   0.162426E+08  -0.391991E+00   0.814406E+07   0.814342E+07   0.314231E+02
   0.753702E-02   0.158546E+08   0.158454E+08  -0.399720E+04  -0.712597E+04   0.157374E+08   0.158451E+08   0.158531E+08   0.158451E+08  -0.382399E+00   0.792199E+07   0.792136E+07   0.282464E+02
   0.833025E-02   0.154155E+08   0.154051E+08  -0.227791E+04  -0.549833E+04   0.152786E+08   0.154044E+08   0.154138E+08   0.154044E+08  -0.371764E+00   0.767472E+07   0.767409E+07   0.253801E+02
   0.920698E-02   0.149304E+08   0.149186E+08  -0.411748E+04  -0.419211E+04   0.147715E+08   0.149176E+08   0.149284E+08   0.149176E+08  -0.360014E+00   0.740042E+07   0.739979E+07   0.227934E+02
   0.101760E-01   0.143966E+08   0.143831E+08  -0.257250E+04  -0.314868E+04   0.142137E+08   0.143818E+08   0.143943E+08   0.143818E+08  -0.347085E+00   0.709748E+07   0.709685E+07   0.205004E+02
   0.112469E-01   0.138119E+08   0.137965E+08  -0.252861E+04  -0.232013E+04   0.136031E+08   0.137950E+08   0.138093E+08   0.137950E+08  -0.332923E+00   0.676462E+07   0.676400E+07   0.184399E+02
   0.124306E-01   0.131748E+08   0.131571E+08  -0.222902E+04  -0.166726E+04   0.129385E+08   0.131557E+08   0.131718E+08   0.131557E+08  -0.317492E+00   0.640110E+07   0.640048E+07   0.166091E+02
   0.137389E-01   0.124847E+08   0.124645E+08  -0.187582E+04  -0.115794E+04   0.122199E+08   0.124633E+08   0.124813E+08   0.124633E+08  -0.300782E+00   0.600693E+07   0.600632E+07   0.149734E+02
   0.151849E-01   0.117427E+08   0.117195E+08  -0.124361E+04  -0.765844E+03   0.114485E+08   0.117187E+08   0.117388E+08   0.117187E+08  -0.282814E+00   0.558311E+07   0.558250E+07   0.135153E+02
   0.167830E-01   0.109622E+08   0.109358E+08  -0.121117E+04  -0.469746E+03   0.106383E+08   0.109356E+08   0.109577E+08   0.109356E+08  -0.263915E+00   0.513708E+07   0.513646E+07   0.122182E+02
   0.185493E-01   0.101275E+08   0.100976E+08  -0.926722E+03  -0.250602E+03   0.977476E+07   0.100984E+08   0.101225E+08   0.100984E+08  -0.243710E+00   0.466302E+07   0.466241E+07   0.110417E+02
   0.205016E-01   0.925582E+07   0.922218E+07  -0.602754E+03  -0.940947E+02   0.887587E+07   0.922429E+07   0.925018E+07   0.922429E+07  -0.222614E+00   0.417129E+07   0.417068E+07   0.996951E+01
   0.226592E-01   0.835070E+07   0.831332E+07  -0.527518E+03   0.123333E+02   0.794668E+07   0.831692E+07   0.834442E+07   0.831692E+07  -0.200715E+00   0.366664E+07   0.366603E+07   0.897316E+01
   0.250440E-01   0.744036E+07   0.739945E+07  -0.403487E+03   0.793246E+02   0.701587E+07   0.740461E+07   0.743349E+07   0.740461E+07  -0.178698E+00   0.316534E+07   0.316473E+07   0.803533E+01
   0.276798E-01   0.654021E+07   0.649631E+07  -0.269067E+03   0.116224E+03   0.609949E+07   0.650287E+07   0.653284E+07   0.650287E+07  -0.156936E+00   0.267798E+07   0.267739E+07   0.712954E+01
   0.305930E-01   0.566296E+07   0.561701E+07  -0.273027E+03   0.130876E+03   0.521078E+07   0.562450E+07   0.565524E+07   0.562450E+07  -0.135738E+00   0.221411E+07   0.221354E+07   0.623342E+01
   0.338127E-01   0.483171E+07   0.478510E+07  -0.182534E+03   0.130105E+03   0.437271E+07   0.479268E+07   0.482388E+07   0.479268E+07  -0.115663E+00   0.178698E+07   0.178644E+07   0.533391E+01
   0.373714E-01   0.406958E+07   0.402414E+07  -0.114716E+03   0.119720E+03   0.360788E+07   0.403055E+07   0.406195E+07   0.403055E+07  -0.972698E-01   0.140822E+07   0.140773E+07   0.442969E+01
   0.413045E-01   0.339447E+07   0.335229E+07  -0.748743E+02   0.104371E+03   0.293167E+07   0.335587E+07   0.338738E+07   0.335587E+07  -0.809874E-01   0.108523E+07   0.108479E+07   0.353441E+01
   0.454350E-01   0.283237E+07   0.279525E+07   0.133727E+03   0.879917E+02   0.237237E+07   0.279476E+07   0.282614E+07   0.279476E+07  -0.674458E-01   0.828848E+06   0.828479E+06   0.271378E+01
   0.495654E-01   0.239251E+07   0.236129E+07   0.102915E+03   0.733343E+02   0.193564E+07   0.235603E+07   0.238727E+07   0.235603E+07  -0.568579E-01   0.638008E+06   0.637707E+06   0.202823E+01
   0.536959E-01   0.204154E+07   0.201625E+07   0.802798E+02   0.607454E+02   0.158831E+07   0.200625E+07   0.203730E+07   0.200625E+07  -0.484164E-01   0.494475E+06   0.494236E+06   0.148369E+01
   0.578264E-01   0.175436E+07   0.173428E+07   0.632044E+02   0.500866E+02   0.130628E+07   0.172024E+07   0.175099E+07   0.172024E+07  -0.415141E-01   0.385102E+06   0.384916E+06   0.107767E+01
   0.619568E-01   0.151426E+07   0.149819E+07   0.500579E+02   0.411286E+02   0.107369E+07   0.148128E+07   0.151156E+07   0.148128E+07  -0.357474E-01   0.300925E+06   0.300777E+06   0.798828E+00
   0.660873E-01   0.130850E+07   0.129499E+07   0.397367E+02   0.335981E+02   0.878777E+06   0.127667E+07   0.130623E+07   0.127667E+07  -0.308095E-01   0.235388E+06   0.235264E+06   0.627267E+00
   0.702177E-01   0.112930E+07   0.111695E+07   0.315365E+02   0.272856E+02   0.714236E+06   0.109867E+07   0.112723E+07   0.109867E+07  -0.265137E-01   0.184032E+06   0.183919E+06   0.538288E+00
   0.743482E-01   0.973396E+06   0.961025E+06   0.250218E+02   0.220574E+02   0.576359E+06   0.944004E+06   0.971318E+06   0.944004E+06  -0.227813E-01   0.143902E+06   0.143789E+06   0.505673E+00
   0.784786E-01   0.836876E+06   0.823691E+06   0.198240E+02   0.177454E+02   0.461096E+06   0.808828E+06   0.834662E+06   0.808828E+06  -0.195191E-01   0.112455E+06   0.112337E+06   0.503716E+00
   0.826091E-01   0.719515E+06   0.705170E+06   0.157258E+02   0.142569E+02   0.366599E+06   0.692867E+06   0.717107E+06   0.692867E+06  -0.167206E-01   0.880896E+05   0.879630E+05   0.511511E+00
   0.867395E-01   0.620037E+06   0.604607E+06   0.125213E+02   0.114730E+02   0.290261E+06   0.594819E+06   0.617446E+06   0.594819E+06  -0.143545E-01   0.693449E+05   0.692114E+05   0.513484E+00
   0.918936E-01   0.518571E+06   0.502386E+06   0.951032E+01   0.881021E+01   0.216404E+06   0.495145E+06   0.515854E+06   0.495145E+06  -0.119491E-01   0.520143E+05   0.518781E+05   0.494385E+00
   0.970477E-01   0.439021E+06   0.423054E+06   0.733333E+01   0.685480E+01   0.161625E+06   0.417342E+06   0.436340E+06   0.417342E+06  -0.100715E-01   0.396783E+05   0.395481E+05   0.447345E+00
   0.102202E+00   0.377561E+06   0.362791E+06   0.576285E+01   0.542704E+01   0.121313E+06   0.357531E+06   0.375081E+06   0.357531E+06  -0.862809E-02   0.308948E+05   0.307789E+05   0.378437E+00
   0.107356E+00   0.329926E+06   0.317054E+06   0.461691E+01   0.437505E+01   0.914483E+05   0.311422E+06   0.327765E+06   0.311422E+06  -0.751536E-02   0.245570E+05   0.244605E+05   0.299866E+00
   0.112510E+00   0.291920E+06   0.281210E+06   0.375731E+01   0.357928E+01   0.689063E+05   0.274823E+06   0.290122E+06   0.274823E+06  -0.663214E-02   0.198502E+05   0.197743E+05   0.225034E+00
   0.117664E+00   0.260162E+06   0.251428E+06   0.308887E+01   0.295580E+01   0.515419E+05   0.244370E+06   0.258696E+06   0.244370E+06  -0.589722E-02   0.162244E+05   0.161663E+05   0.164633E+00
   0.122818E+00   0.232409E+06   0.225122E+06   0.255184E+01   0.245143E+01   0.379918E+05   0.217825E+06   0.231185E+06   0.217825E+06  -0.525662E-02   0.133369E+05   0.132911E+05   0.124390E+00
   0.127972E+00   0.207407E+06   0.200880E+06   0.211070E+01   0.203455E+01   0.274085E+05   0.193939E+06   0.206311E+06   0.193939E+06  -0.468019E-02   0.109840E+05   0.109439E+05   0.104594E+00
   0.133126E+00   0.184619E+06   0.178199E+06   0.174474E+01   0.168684E+01   0.192360E+05   0.172178E+06   0.183541E+06   0.172178E+06  -0.415506E-02   0.904585E+04   0.900550E+04   0.101112E+00
   0.138280E+00   0.163957E+06   0.157181E+06   0.144157E+01   0.139744E+01   0.130467E+05   0.152461E+06   0.162819E+06   0.152461E+06  -0.367925E-02   0.744994E+04   0.740546E+04   0.107299E+00
   0.143435E+00   0.145539E+06   0.138214E+06   0.119275E+01   0.115898E+01   0.846791E+04   0.134915E+06   0.144309E+06   0.134915E+06  -0.325580E-02   0.614674E+04   0.609681E+04   0.116106E+00
   0.148589E+00   0.129514E+06   0.121715E+06   0.991366E+00   0.965341E+00   0.516643E+04   0.119695E+06   0.128204E+06   0.119695E+06  -0.288853E-02   0.509633E+04   0.504206E+04   0.121832E+00
   0.153743E+00   0.115944E+06   0.107945E+06   0.830816E+00   0.810539E+00   0.284235E+04   0.106872E+06   0.114601E+06   0.106872E+06  -0.257907E-02   0.426166E+04   0.420582E+04   0.121156E+00
   0.158897E+00   0.104710E+06   0.968737E+05   0.704147E+00   0.688120E+00   0.123498E+04   0.963294E+05   0.103394E+06   0.963294E+05  -0.232465E-02   0.360486E+04   0.355085E+04   0.113379E+00
   0.164051E+00   0.954757E+05   0.881432E+05   0.604084E+00   0.591220E+00   0.139527E+03   0.877366E+05   0.942445E+05   0.877366E+05  -0.211728E-02   0.308714E+04   0.303796E+04   0.999922E-01
   0.169205E+00   0.877819E+05   0.811809E+05   0.523821E+00   0.513352E+00  -0.591311E+03   0.806387E+05   0.866736E+05   0.806387E+05  -0.194599E-02   0.267268E+04   0.263017E+04   0.837985E-01
   0.174359E+00   0.811835E+05   0.753843E+05   0.457838E+00   0.449227E+00  -0.106139E+04   0.745894E+05   0.802098E+05   0.745894E+05  -0.180001E-02   0.233264E+04   0.229715E+04   0.679004E-01
   0.179513E+00   0.753182E+05   0.702369E+05   0.402081E+00   0.394950E+00  -0.134162E+04   0.692225E+05   0.744650E+05   0.692225E+05  -0.167050E-02   0.204590E+04   0.201639E+04   0.548370E-01
   0.184667E+00   0.699114E+05   0.653517E+05   0.353713E+00   0.347791E+00  -0.147981E+04   0.642616E+05   0.691458E+05   0.642616E+05  -0.155078E-02   0.179769E+04   0.177219E+04   0.460595E-01
   0.189821E+00   0.647910E+05   0.605086E+05   0.310947E+00   0.306029E+00  -0.151340E+04   0.595363E+05   0.640720E+05   0.595363E+05  -0.143675E-02   0.157870E+04   0.155492E+04   0.417854E-01
   0.194975E+00   0.599078E+05   0.556761E+05   0.272915E+00   0.268838E+00  -0.147427E+04   0.550014E+05   0.591973E+05   0.550014E+05  -0.132731E-02   0.138433E+04   0.136026E+04   0.411812E-01
   0.200130E+00   0.553081E+05   0.509702E+05   0.239337E+00   0.235959E+00  -0.138843E+04   0.507092E+05   0.545797E+05   0.507092E+05  -0.122373E-02   0.121302E+04   0.118736E+04   0.427687E-01
   0.205284E+00   0.510650E+05   0.465591E+05   0.210084E+00   0.207282E+00  -0.127706E+04   0.467410E+05   0.503084E+05   0.467410E+05  -0.112796E-02   0.106398E+04   0.103634E+04   0.449116E-01
   0.210438E+00   0.472332E+05   0.425903E+05   0.184945E+00   0.182612E+00  -0.115699E+04   0.431611E+05   0.464537E+05   0.431611E+05  -0.104157E-02   0.936039E+03   0.906866E+03   0.462433E-01
   0.215592E+00   0.438405E+05   0.391594E+05   0.163603E+00   0.161647E+00  -0.103948E+04   0.400051E+05   0.430545E+05   0.400051E+05  -0.965414E-03   0.827511E+03   0.797822E+03   0.459366E-01
   0.220746E+00   0.408851E+05   0.362951E+05   0.145640E+00   0.143986E+00  -0.930211E+03   0.372759E+05   0.401144E+05   0.372759E+05  -0.899550E-03   0.736223E+03   0.707246E+03   0.437883E-01
   0.225900E+00   0.383275E+05   0.339491E+05   0.130534E+00   0.129122E+00  -0.832426E+03   0.349350E+05   0.375923E+05   0.349350E+05  -0.843059E-03   0.659496E+03   0.632314E+03   0.401377E-01
   0.231054E+00   0.360950E+05   0.320096E+05   0.117707E+00   0.116491E+00  -0.747011E+03   0.329087E+05   0.354091E+05   0.329087E+05  -0.794159E-03   0.594373E+03   0.569666E+03   0.356701E-01
   0.236208E+00   0.341037E+05   0.303378E+05   0.106615E+00   0.105561E+00  -0.672810E+03   0.311101E+05   0.334714E+05   0.311101E+05  -0.750756E-03   0.538093E+03   0.516017E+03   0.311754E-01
   0.241362E+00   0.322782E+05   0.288044E+05   0.968196E-01   0.959028E-01  -0.608234E+03   0.294610E+05   0.316950E+05   0.294610E+05  -0.710959E-03   0.488430E+03   0.468656E+03   0.273296E-01
   0.246516E+00   0.305614E+05   0.273120E+05   0.880049E-01   0.872068E-01  -0.552297E+03   0.279018E+05   0.300158E+05   0.279018E+05  -0.673333E-03   0.443776E+03   0.425632E+03   0.245507E-01
   0.251670E+00   0.289177E+05   0.258068E+05   0.799701E-01   0.792760E-01  -0.503453E+03   0.263968E+05   0.283954E+05   0.263968E+05  -0.637014E-03   0.403107E+03   0.385796E+03   0.229444E-01
   0.256825E+00   0.273356E+05   0.242820E+05   0.726162E-01   0.720137E-01  -0.460296E+03   0.249361E+05   0.268229E+05   0.249361E+05  -0.601763E-03   0.365916E+03   0.348720E+03   0.223355E-01
   0.261979E+00   0.258235E+05   0.227687E+05   0.659164E-01   0.653942E-01  -0.422109E+03   0.235310E+05   0.253106E+05   0.235310E+05  -0.567855E-03   0.332057E+03   0.314493E+03   0.223639E-01
   0.267133E+00   0.243988E+05   0.213167E+05   0.598714E-01   0.594188E-01  -0.388421E+03   0.222029E+05   0.238813E+05   0.222029E+05  -0.535804E-03   0.301524E+03   0.283421E+03   0.226066E-01
   0.272287E+00   0.230774E+05   0.199746E+05   0.544757E-01   0.540825E-01  -0.358357E+03   0.209717E+05   0.225564E+05   0.209717E+05  -0.506094E-03   0.274282E+03   0.255760E+03   0.226915E-01
   0.277441E+00   0.218692E+05   0.187768E+05   0.497044E-01   0.493615E-01  -0.331480E+03   0.198506E+05   0.213500E+05   0.198506E+05  -0.479038E-03   0.250199E+03   0.231590E+03   0.223746E-01
   0.282595E+00   0.207763E+05   0.177376E+05   0.455110E-01   0.452103E-01  -0.307427E+03   0.188433E+05   0.202661E+05   0.188433E+05  -0.454730E-03   0.229037E+03   0.210762E+03   0.215722E-01
   0.287749E+00   0.197918E+05   0.168492E+05   0.418293E-01   0.415638E-01  -0.285580E+03   0.179434E+05   0.192977E+05   0.179434E+05  -0.433014E-03   0.210459E+03   0.192906E+03   0.203491E-01
   0.292903E+00   0.189011E+05   0.160846E+05   0.385793E-01   0.383436E-01  -0.265224E+03   0.171354E+05   0.184282E+05   0.171354E+05  -0.413515E-03   0.194062E+03   0.177490E+03   0.188735E-01
   0.298057E+00   0.180850E+05   0.154066E+05   0.356787E-01   0.354684E-01  -0.246022E+03   0.163987E+05   0.176353E+05   0.163987E+05  -0.395737E-03   0.179431E+03   0.163924E+03   0.173554E-01
   0.303211E+00   0.173246E+05   0.147771E+05   0.330547E-01   0.328667E-01  -0.227495E+03   0.157126E+05   0.168969E+05   0.157126E+05  -0.379180E-03   0.166199E+03   0.151668E+03   0.159865E-01
   0.308365E+00   0.166044E+05   0.141660E+05   0.306511E-01   0.304829E-01  -0.209311E+03   0.150606E+05   0.161950E+05   0.150606E+05  -0.363445E-03   0.154084E+03   0.140313E+03   0.148962E-01
   0.313520E+00   0.159145E+05   0.135558E+05   0.284301E-01   0.282798E-01  -0.191533E+03   0.144320E+05   0.155185E+05   0.144320E+05  -0.348277E-03   0.142894E+03   0.129611E+03   0.141328E-01
   0.318674E+00   0.152506E+05   0.129420E+05   0.263705E-01   0.262365E-01  -0.174513E+03   0.138231E+05   0.148630E+05   0.138231E+05  -0.333581E-03   0.132522E+03   0.119466E+03   0.136659E-01
   0.323828E+00   0.146131E+05   0.123319E+05   0.244633E-01   0.243439E-01  -0.158440E+03   0.132350E+05   0.142301E+05   0.132350E+05  -0.319390E-03   0.122920E+03   0.109904E+03   0.134086E-01
   0.328982E+00   0.140051E+05   0.117391E+05   0.227057E-01   0.225994E-01  -0.143671E+03   0.126725E+05   0.136246E+05   0.126725E+05  -0.305814E-03   0.114075E+03   0.101010E+03   0.132477E-01
   0.334136E+00   0.134308E+05   0.111791E+05   0.210968E-01   0.210020E-01  -0.130522E+03   0.121410E+05   0.130527E+05   0.121410E+05  -0.292990E-03   0.105980E+03   0.928819E+02   0.130758E-01
   0.339290E+00   0.128935E+05   0.106644E+05   0.196334E-01   0.195487E-01  -0.119081E+03   0.116452E+05   0.125192E+05   0.116452E+05  -0.281024E-03   0.986169E+02   0.855822E+02   0.128152E-01
   0.344444E+00   0.123943E+05   0.102013E+05   0.183079E-01   0.182319E-01  -0.109219E+03   0.111868E+05   0.120260E+05   0.111868E+05  -0.269962E-03   0.919484E+02   0.791126E+02   0.124308E-01
   0.349598E+00   0.119315E+05   0.978894E+04   0.171080E-01   0.170395E-01  -0.100895E+03   0.107645E+05   0.115718E+05   0.107645E+05  -0.259772E-03   0.859122E+02   0.734097E+02   0.119295E-01
   0.354752E+00   0.115016E+05   0.942034E+04   0.160185E-01   0.159566E-01  -0.938822E+02   0.103744E+05   0.111521E+05   0.103744E+05  -0.250357E-03   0.804319E+02   0.683613E+02   0.113501E-01
   0.359906E+00   0.110997E+05   0.908503E+04   0.150237E-01   0.149675E-01  -0.878633E+02   0.100111E+05   0.107614E+05   0.100111E+05  -0.241590E-03   0.754278E+02   0.638316E+02   0.107479E-01
   0.365060E+00   0.107209E+05   0.877170E+04   0.141087E-01   0.140577E-01  -0.825831E+02   0.966911E+04   0.103936E+05   0.966911E+04  -0.233337E-03   0.708261E+02   0.596874E+02   0.101781E-01
   0.370215E+00   0.103608E+05   0.847043E+04   0.132611E-01   0.132146E-01  -0.778746E+02   0.934343E+04   0.100434E+05   0.934343E+04  -0.225477E-03   0.665640E+02   0.558181E+02   0.968250E-02
   0.375369E+00   0.100158E+05   0.817438E+04   0.124711E-01   0.124289E-01  -0.734307E+02   0.903025E+04   0.970660E+04   0.903025E+04  -0.217920E-03   0.625928E+02   0.521483E+02   0.928158E-02
   0.380523E+00   0.968367E+04   0.788058E+04   0.117321E-01   0.116938E-01  -0.690168E+02   0.872740E+04   0.938092E+04   0.872740E+04  -0.210611E-03   0.588789E+02   0.486426E+02   0.897344E-02
   0.385677E+00   0.936391E+04   0.759012E+04   0.110407E-01   0.110060E-01  -0.644789E+02   0.843465E+04   0.906608E+04   0.843465E+04  -0.203547E-03   0.554049E+02   0.453017E+02   0.873839E-02
   0.390831E+00   0.905709E+04   0.730683E+04   0.103953E-01   0.103639E-01  -0.596749E+02   0.815306E+04   0.876321E+04   0.815306E+04  -0.196751E-03   0.521627E+02   0.421492E+02   0.854656E-02
   0.395985E+00   0.876422E+04   0.703548E+04   0.979505E-02   0.976655E-02  -0.544790E+02   0.788416E+04   0.847395E+04   0.788416E+04  -0.190262E-03   0.491474E+02   0.392154E+02   0.836674E-02
   0.401139E+00   0.848589E+04   0.678006E+04   0.923843E-02   0.921256E-02  -0.489671E+02   0.762904E+04   0.819947E+04   0.762904E+04  -0.184105E-03   0.463517E+02   0.365223E+02   0.817384E-02
   0.406293E+00   0.822219E+04   0.654286E+04   0.872327E-02   0.869974E-02  -0.432566E+02   0.738811E+04   0.794022E+04   0.738811E+04  -0.178291E-03   0.437642E+02   0.340770E+02   0.795346E-02
   0.411447E+00   0.797283E+04   0.632440E+04   0.824685E-02   0.822539E-02  -0.374672E+02   0.716123E+04   0.769605E+04   0.716123E+04  -0.172816E-03   0.413714E+02   0.318701E+02   0.770312E-02
   0.416601E+00   0.773718E+04   0.612339E+04   0.780601E-02   0.778639E-02  -0.317713E+02   0.694768E+04   0.746621E+04   0.694768E+04  -0.167663E-03   0.391574E+02   0.298776E+02   0.743043E-02
   0.421755E+00   0.751397E+04   0.593695E+04   0.739702E-02   0.737904E-02  -0.263854E+02   0.674603E+04   0.724918E+04   0.674603E+04  -0.162796E-03   0.371034E+02   0.280642E+02   0.714926E-02
   0.426910E+00   0.730148E+04   0.576127E+04   0.701589E-02   0.699938E-02  -0.214074E+02   0.655433E+04   0.704287E+04   0.655433E+04  -0.158170E-03   0.351894E+02   0.263905E+02   0.687524E-02
   0.432064E+00   0.709809E+04   0.559280E+04   0.665909E-02   0.664394E-02  -0.169063E+02   0.637077E+04   0.684534E+04   0.637077E+04  -0.153741E-03   0.333979E+02   0.248213E+02   0.662155E-02
   0.437218E+00   0.690273E+04   0.542909E+04   0.632401E-02   0.631010E-02  -0.129508E+02   0.619415E+04   0.665530E+04   0.619415E+04  -0.149478E-03   0.317155E+02   0.233320E+02   0.639623E-02
   0.442372E+00   0.671472E+04   0.526892E+04   0.600870E-02   0.599594E-02  -0.955358E+01   0.602373E+04   0.647196E+04   0.602373E+04  -0.145366E-03   0.301327E+02   0.219091E+02   0.620111E-02
   0.447526E+00   0.653351E+04   0.511196E+04   0.571163E-02   0.569993E-02  -0.667250E+01   0.585903E+04   0.629482E+04   0.585903E+04  -0.141391E-03   0.286416E+02   0.205484E+02   0.603250E-02
   0.452680E+00   0.635874E+04   0.495876E+04   0.543163E-02   0.542092E-02  -0.432953E+01   0.569989E+04   0.612368E+04   0.569989E+04  -0.137551E-03   0.272364E+02   0.192529E+02   0.588295E-02
   0.457834E+00   0.619048E+04   0.481056E+04   0.516801E-02   0.515821E-02  -0.253508E+01   0.554652E+04   0.595878E+04   0.554652E+04  -0.133850E-03   0.259135E+02   0.180304E+02   0.574360E-02
   0.462988E+00   0.602899E+04   0.466882E+04   0.492033E-02   0.491135E-02  -0.124283E+01   0.539938E+04   0.580061E+04   0.539938E+04  -0.130299E-03   0.246706E+02   0.168892E+02   0.560643E-02
   0.468142E+00   0.587439E+04   0.453457E+04   0.468794E-02   0.467971E-02  -0.401342E+00   0.525871E+04   0.564943E+04   0.525871E+04  -0.126904E-03   0.235046E+02   0.158337E+02   0.546591E-02
   0.473296E+00   0.572645E+04   0.440804E+04   0.446993E-02   0.446237E-02   0.287103E-01   0.512438E+04   0.550509E+04   0.512438E+04  -0.123662E-03   0.224107E+02   0.148627E+02   0.531978E-02
   0.478450E+00   0.558480E+04   0.428887E+04   0.426524E-02   0.425829E-02   0.147120E+00   0.499604E+04   0.536720E+04   0.499604E+04  -0.120565E-03   0.213836E+02   0.139700E+02   0.516881E-02
   0.483605E+00   0.544906E+04   0.417628E+04   0.407286E-02   0.406645E-02   0.570184E-01   0.487330E+04   0.523536E+04   0.487330E+04  -0.117603E-03   0.204183E+02   0.131462E+02   0.501607E-02
   0.488759E+00   0.531886E+04   0.406931E+04   0.389176E-02   0.388585E-02  -0.180074E+00   0.475572E+04   0.510905E+04   0.475572E+04  -0.114766E-03   0.195097E+02   0.123805E+02   0.486567E-02
   0.493913E+00   0.519370E+04   0.396679E+04   0.372094E-02   0.371549E-02  -0.506062E+00   0.464273E+04   0.498769E+04   0.464273E+04  -0.112039E-03   0.186527E+02   0.116616E+02   0.472158E-02
   0.499067E+00   0.507303E+04   0.386766E+04   0.355941E-02   0.355439E-02  -0.859890E+00   0.453375E+04   0.487065E+04   0.453375E+04  -0.109409E-03   0.178424E+02   0.109802E+02   0.458669E-02
   0.504221E+00   0.495644E+04   0.377120E+04   0.340638E-02   0.340175E-02  -0.123451E+01   0.442834E+04   0.475743E+04   0.442834E+04  -0.106865E-03   0.170747E+02   0.103298E+02   0.446224E-02
   0.509375E+00   0.484369E+04   0.367715E+04   0.326128E-02   0.325701E-02  -0.164005E+01   0.432628E+04   0.464782E+04   0.432628E+04  -0.104403E-03   0.163469E+02   0.970762E+01   0.434788E-02
   0.514529E+00   0.473470E+04   0.358561E+04   0.312368E-02   0.311976E-02  -0.205771E+01   0.422753E+04   0.454176E+04   0.422753E+04  -0.102019E-03   0.156568E+02   0.911372E+01   0.424194E-02
   0.519683E+00   0.462936E+04   0.349684E+04   0.299321E-02   0.298960E-02  -0.247183E+01   0.413204E+04   0.443921E+04   0.413204E+04  -0.997151E-04   0.150024E+02   0.854950E+01   0.414202E-02
   0.524837E+00   0.452758E+04   0.341110E+04   0.286950E-02   0.286618E-02  -0.288570E+01   0.403977E+04   0.434011E+04   0.403977E+04  -0.974884E-04   0.143820E+02   0.801668E+01   0.404566E-02
   0.529991E+00   0.442927E+04   0.332868E+04   0.275223E-02   0.274918E-02  -0.328964E+01   0.395072E+04   0.424448E+04   0.395072E+04  -0.953394E-04   0.137939E+02   0.751663E+01   0.395089E-02
   0.535145E+00   0.433444E+04   0.324980E+04   0.264111E-02   0.263831E-02  -0.367895E+01   0.386491E+04   0.415232E+04   0.386491E+04  -0.932686E-04   0.132367E+02   0.704974E+01   0.385655E-02
   0.540300E+00   0.424300E+04   0.317446E+04   0.253584E-02   0.253326E-02  -0.408712E+01   0.378229E+04   0.406359E+04   0.378229E+04  -0.912748E-04   0.127088E+02   0.661483E+01   0.376234E-02
   0.545454E+00   0.415479E+04   0.310243E+04   0.243601E-02   0.243363E-02  -0.454889E+01   0.370267E+04   0.397809E+04   0.370267E+04  -0.893534E-04   0.122082E+02   0.620917E+01   0.366873E-02
   0.550608E+00   0.406955E+04   0.303331E+04   0.234122E-02   0.233903E-02  -0.507721E+01   0.362580E+04   0.389556E+04   0.362580E+04  -0.874985E-04   0.117329E+02   0.582914E+01   0.357667E-02
   0.555762E+00   0.398710E+04   0.296673E+04   0.225112E-02   0.224910E-02  -0.568172E+01   0.355150E+04   0.381577E+04   0.355150E+04  -0.857053E-04   0.112811E+02   0.547109E+01   0.348723E-02
   0.560916E+00   0.390731E+04   0.290238E+04   0.216540E-02   0.216355E-02  -0.636010E+01   0.347959E+04   0.373858E+04   0.347959E+04  -0.839702E-04   0.108513E+02   0.513184E+01   0.340133E-02
   0.566070E+00   0.383005E+04   0.283997E+04   0.208378E-02   0.208207E-02  -0.705923E+01   0.340995E+04   0.366381E+04   0.340995E+04  -0.822895E-04   0.104420E+02   0.480886E+01   0.331953E-02
   0.571224E+00   0.375512E+04   0.277929E+04   0.200598E-02   0.200440E-02  -0.770432E+01   0.334238E+04   0.359127E+04   0.334238E+04  -0.806589E-04   0.100519E+02   0.450038E+01   0.324191E-02
   0.576378E+00   0.368238E+04   0.272020E+04   0.193175E-02   0.193031E-02  -0.822645E+01   0.327677E+04   0.352083E+04   0.327677E+04  -0.790756E-04   0.967978E+01   0.420557E+01   0.316817E-02
   0.581532E+00   0.361178E+04   0.266275E+04   0.186093E-02   0.185961E-02  -0.855913E+01   0.321309E+04   0.345244E+04   0.321309E+04  -0.775388E-04   0.932475E+01   0.392442E+01   0.309771E-02
   0.586686E+00   0.354331E+04   0.260704E+04   0.179338E-02   0.179217E-02  -0.864464E+01   0.315134E+04   0.338611E+04   0.315134E+04  -0.760487E-04   0.898612E+01   0.365735E+01   0.302982E-02
   0.591840E+00   0.347691E+04   0.255314E+04   0.172895E-02   0.172784E-02  -0.847464E+01   0.309150E+04   0.332181E+04   0.309150E+04  -0.746045E-04   0.866313E+01   0.340463E+01   0.296383E-02
   0.596995E+00   0.341249E+04   0.250104E+04   0.166747E-02   0.166646E-02  -0.806720E+01   0.303348E+04   0.325945E+04   0.303348E+04  -0.732046E-04   0.835491E+01   0.316621E+01   0.289924E-02
   0.602149E+00   0.334997E+04   0.245073E+04   0.160877E-02   0.160785E-02  -0.744764E+01   0.297724E+04   0.319898E+04   0.297724E+04  -0.718472E-04   0.806069E+01   0.294172E+01   0.283579E-02
   0.607303E+00   0.328932E+04   0.240219E+04   0.155274E-02   0.155189E-02  -0.665921E+01   0.292273E+04   0.314036E+04   0.292273E+04  -0.705318E-04   0.777980E+01   0.273049E+01   0.277346E-02
   0.612457E+00   0.323048E+04   0.235534E+04   0.149922E-02   0.149845E-02  -0.576949E+01   0.286990E+04   0.308354E+04   0.286990E+04  -0.692568E-04   0.751155E+01   0.253151E+01   0.271239E-02
   0.659749E+00   0.276115E+04   0.198417E+04   0.110296E-02   0.110267E-02  -0.211379E+01   0.244861E+04   0.263069E+04   0.244861E+04  -0.590904E-04   0.552549E+01   0.110716E+01   0.223396E-02
   0.710693E+00   0.236762E+04   0.167819E+04   0.813916E-03   0.813880E-03  -0.583424E+01   0.209572E+04   0.225186E+04   0.209572E+04  -0.505744E-04   0.407704E+01   0.159175E+00   0.183892E-02
   0.765571E+00   0.203662E+04   0.142501E+04   0.602774E-03   0.602863E-03   0.107152E+01   0.180026E+04   0.193392E+04   0.180026E+04  -0.434441E-04   0.301914E+01  -0.455241E+00   0.151386E-02
   0.895965E+00   0.149391E+04   0.102029E+04   0.322047E-03   0.322200E-03  -0.158560E+01   0.131646E+04   0.141438E+04   0.131646E+04  -0.317691E-04   0.161283E+01  -0.107621E+01   0.100116E-02
   0.125042E+01   0.798209E+03   0.524993E+03   0.880422E-04   0.881231E-04   0.652097E+00   0.700351E+03   0.752334E+03   0.700351E+03  -0.169010E-04   0.440850E+00  -0.111029E+01   0.413800E-03
   0.174510E+01   0.437081E+03   0.281060E+03   0.246979E-04   0.247264E-04   0.248525E+00   0.382487E+03   0.410885E+03   0.382487E+03  -0.923023E-05   0.123660E+00  -0.763533E+00   0.169587E-03
   0.243548E+01   0.241881E+03   0.153584E+03   0.700858E-05   0.701759E-05   0.664622E-01   0.211358E+03   0.227056E+03   0.211358E+03  -0.510052E-05   0.350903E-01  -0.469063E+00   0.690514E-04
