#          k/h    CDM            baryon         photon         nu             mass_nu        total          no_nu          total_de       Weyl           v_CDM          v_b            v_b-v_c     
   0.102076E-04   0.286067E+08   0.286066E+08   0.381283E+08   0.381279E+08   0.286067E+08   0.286067E+08   0.286067E+08   0.286162E+08  -0.322686E+00   0.621146E+07   0.621146E+07   0.592959E+01
   0.112819E-04   0.286063E+08   0.286063E+08   0.381247E+08   0.381242E+08   0.286064E+08   0.286063E+08   0.286063E+08   0.286158E+08  -0.322678E+00   0.621164E+07   0.621164E+07   0.655346E+01
   0.124693E-04   0.286059E+08   0.286059E+08   0.381204E+08   0.381198E+08   0.286060E+08   0.286059E+08   0.286059E+08   0.286154E+08  -0.322667E+00   0.621186E+07   0.621186E+07   0.724291E+01
   0.137816E-04   0.286054E+08   0.286054E+08   0.381151E+08   0.381144E+08   0.286055E+08   0.286054E+08   0.286054E+08   0.286149E+08  -0.322655E+00   0.621213E+07   0.621213E+07   0.800483E+01
   0.152321E-04   0.286048E+08   0.286048E+08   0.381087E+08   0.381078E+08   0.286049E+08   0.286048E+08   0.286048E+08   0.286143E+08  -0.322639E+00   0.621247E+07   0.621247E+07   0.884681E+01
   0.168352E-04   0.286040E+08   0.286040E+08   0.381008E+08   0.380997E+08   0.286041E+08   0.286040E+08   0.286040E+08   0.286136E+08  -0.322620E+00   0.621287E+07   0.621287E+07   0.977723E+01
   0.186070E-04   0.286031E+08   0.286031E+08   0.380912E+08   0.380899E+08   0.286032E+08   0.286031E+08   0.286031E+08   0.286127E+08  -0.322597E+00   0.621337E+07   0.621337E+07   0.108053E+02
   0.205653E-04   0.286020E+08   0.286020E+08   0.380795E+08   0.380778E+08   0.286021E+08   0.286020E+08   0.286020E+08   0.286115E+08  -0.322569E+00   0.621397E+07   0.621397E+07   0.119414E+02
   0.227297E-04   0.286007E+08   0.286006E+08   0.380651E+08   0.380632E+08   0.286007E+08   0.286007E+08   0.286007E+08   0.286102E+08  -0.322535E+00   0.621471E+07   0.621471E+07   0.131965E+02
   0.251219E-04   0.285990E+08   0.285990E+08   0.380476E+08   0.380452E+08   0.285991E+08   0.285990E+08   0.285990E+08   0.286085E+08  -0.322493E+00   0.621562E+07   0.621562E+07   0.145832E+02
   0.277659E-04   0.285970E+08   0.285970E+08   0.380263E+08   0.380233E+08   0.285970E+08   0.285970E+08   0.285970E+08   0.286065E+08  -0.322441E+00   0.621672E+07   0.621672E+07   0.161150E+02
   0.306881E-04   0.285945E+08   0.285945E+08   0.380002E+08   0.379966E+08   0.285946E+08   0.285945E+08   0.285945E+08   0.286040E+08  -0.322379E+00   0.621807E+07   0.621806E+07   0.178070E+02
   0.339179E-04   0.285914E+08   0.285914E+08   0.379683E+08   0.379640E+08   0.285915E+08   0.285914E+08   0.285914E+08   0.286009E+08  -0.322302E+00   0.621971E+07   0.621971E+07   0.196757E+02
   0.374876E-04   0.285877E+08   0.285877E+08   0.379295E+08   0.379241E+08   0.285878E+08   0.285878E+08   0.285877E+08   0.285972E+08  -0.322209E+00   0.622172E+07   0.622171E+07   0.217392E+02
   0.414330E-04   0.285832E+08   0.285832E+08   0.378821E+08   0.378756E+08   0.285833E+08   0.285832E+08   0.285832E+08   0.285927E+08  -0.322095E+00   0.622417E+07   0.622416E+07   0.240173E+02
   0.457936E-04   0.285777E+08   0.285777E+08   0.378242E+08   0.378163E+08   0.285778E+08   0.285777E+08   0.285777E+08   0.285872E+08  -0.321956E+00   0.622716E+07   0.622715E+07   0.265318E+02
   0.506132E-04   0.285710E+08   0.285710E+08   0.377537E+08   0.377440E+08   0.285711E+08   0.285710E+08   0.285710E+08   0.285804E+08  -0.321786E+00   0.623080E+07   0.623080E+07   0.293062E+02
   0.559400E-04   0.285628E+08   0.285628E+08   0.376678E+08   0.376560E+08   0.285629E+08   0.285628E+08   0.285628E+08   0.285722E+08  -0.321579E+00   0.623525E+07   0.623525E+07   0.323664E+02
   0.618274E-04   0.285527E+08   0.285527E+08   0.375630E+08   0.375487E+08   0.285528E+08   0.285527E+08   0.285527E+08   0.285621E+08  -0.321327E+00   0.624068E+07   0.624067E+07   0.357402E+02
   0.683345E-04   0.285405E+08   0.285405E+08   0.374355E+08   0.374180E+08   0.285406E+08   0.285405E+08   0.285405E+08   0.285499E+08  -0.321019E+00   0.624729E+07   0.624729E+07   0.394577E+02
   0.755264E-04   0.285256E+08   0.285256E+08   0.372804E+08   0.372591E+08   0.285257E+08   0.285256E+08   0.285256E+08   0.285349E+08  -0.320644E+00   0.625535E+07   0.625534E+07   0.435513E+02
   0.834752E-04   0.285074E+08   0.285074E+08   0.370918E+08   0.370659E+08   0.285075E+08   0.285074E+08   0.285074E+08   0.285167E+08  -0.320187E+00   0.626516E+07   0.626515E+07   0.480550E+02
   0.922605E-04   0.284853E+08   0.284852E+08   0.368628E+08   0.368313E+08   0.284854E+08   0.284853E+08   0.284853E+08   0.284945E+08  -0.319631E+00   0.627710E+07   0.627709E+07   0.530052E+02
   0.101971E-03   0.284583E+08   0.284583E+08   0.365850E+08   0.365469E+08   0.284584E+08   0.284583E+08   0.284583E+08   0.284675E+08  -0.318954E+00   0.629162E+07   0.629160E+07   0.584392E+02
   0.112702E-03   0.284255E+08   0.284254E+08   0.362487E+08   0.362026E+08   0.284256E+08   0.284255E+08   0.284255E+08   0.284346E+08  -0.318133E+00   0.630925E+07   0.630922E+07   0.643952E+02
   0.124564E-03   0.283856E+08   0.283855E+08   0.358423E+08   0.357866E+08   0.283857E+08   0.283856E+08   0.283856E+08   0.283945E+08  -0.317135E+00   0.633063E+07   0.633060E+07   0.709113E+02
   0.137674E-03   0.283372E+08   0.283370E+08   0.353524E+08   0.352853E+08   0.283372E+08   0.283371E+08   0.283371E+08   0.283460E+08  -0.315927E+00   0.635651E+07   0.635648E+07   0.780238E+02
   0.152163E-03   0.282784E+08   0.282782E+08   0.347636E+08   0.346829E+08   0.282784E+08   0.282784E+08   0.282784E+08   0.282870E+08  -0.314465E+00   0.638780E+07   0.638776E+07   0.857654E+02
   0.168178E-03   0.282072E+08   0.282070E+08   0.340585E+08   0.339618E+08   0.282072E+08   0.282072E+08   0.282072E+08   0.282157E+08  -0.312700E+00   0.642553E+07   0.642548E+07   0.941629E+02
   0.185878E-03   0.281211E+08   0.281209E+08   0.332177E+08   0.331025E+08   0.281211E+08   0.281211E+08   0.281211E+08   0.281294E+08  -0.310575E+00   0.647088E+07   0.647083E+07   0.103233E+03
   0.205440E-03   0.280173E+08   0.280171E+08   0.322206E+08   0.320841E+08   0.280173E+08   0.280173E+08   0.280173E+08   0.280253E+08  -0.308025E+00   0.652522E+07   0.652515E+07   0.112978E+03
   0.227062E-03   0.278925E+08   0.278922E+08   0.310462E+08   0.308854E+08   0.278925E+08   0.278925E+08   0.278925E+08   0.279002E+08  -0.304977E+00   0.659002E+07   0.658994E+07   0.123381E+03
   0.250959E-03   0.277429E+08   0.277425E+08   0.296739E+08   0.294862E+08   0.277428E+08   0.277428E+08   0.277428E+08   0.277502E+08  -0.301350E+00   0.666691E+07   0.666681E+07   0.134397E+03
   0.277372E-03   0.275643E+08   0.275639E+08   0.280867E+08   0.278698E+08   0.275642E+08   0.275643E+08   0.275643E+08   0.275713E+08  -0.297062E+00   0.675754E+07   0.675742E+07   0.145944E+03
   0.306564E-03   0.273523E+08   0.273517E+08   0.262734E+08   0.260260E+08   0.273521E+08   0.273522E+08   0.273522E+08   0.273587E+08  -0.292026E+00   0.686351E+07   0.686337E+07   0.157897E+03
   0.338828E-03   0.271020E+08   0.271014E+08   0.242332E+08   0.239553E+08   0.271018E+08   0.271019E+08   0.271019E+08   0.271079E+08  -0.286165E+00   0.698623E+07   0.698605E+07   0.170074E+03
   0.374488E-03   0.268088E+08   0.268080E+08   0.219806E+08   0.216744E+08   0.268085E+08   0.268087E+08   0.268087E+08   0.268141E+08  -0.279414E+00   0.712663E+07   0.712642E+07   0.182226E+03
   0.413901E-03   0.264684E+08   0.264675E+08   0.195505E+08   0.192213E+08   0.264681E+08   0.264683E+08   0.264683E+08   0.264731E+08  -0.271740E+00   0.728492E+07   0.728467E+07   0.194035E+03
   0.457462E-03   0.260776E+08   0.260765E+08   0.170036E+08   0.166600E+08   0.260772E+08   0.260774E+08   0.260774E+08   0.260816E+08  -0.263151E+00   0.746016E+07   0.745988E+07   0.205108E+03
   0.505608E-03   0.256347E+08   0.256334E+08   0.144272E+08   0.140819E+08   0.256341E+08   0.256344E+08   0.256345E+08   0.256380E+08  -0.253722E+00   0.764991E+07   0.764958E+07   0.214986E+03
   0.558821E-03   0.251405E+08   0.251390E+08   0.119326E+08   0.116012E+08   0.251398E+08   0.251402E+08   0.251403E+08   0.251432E+08  -0.243607E+00   0.784979E+07   0.784942E+07   0.223169E+03
   0.617635E-03   0.245994E+08   0.245977E+08   0.964169E+07   0.934145E+07   0.245985E+08   0.245991E+08   0.245991E+08   0.246015E+08  -0.233051E+00   0.805337E+07   0.805294E+07   0.229153E+03
   0.682638E-03   0.240197E+08   0.240177E+08   0.766454E+07   0.741028E+07   0.240186E+08   0.240193E+08   0.240194E+08   0.240212E+08  -0.222393E+00   0.825226E+07   0.825178E+07   0.232485E+03
   0.754482E-03   0.234143E+08   0.234120E+08   0.606752E+07   0.586699E+07   0.234129E+08   0.234138E+08   0.234139E+08   0.234153E+08  -0.212036E+00   0.843688E+07   0.843635E+07   0.232825E+03
   0.833888E-03   0.227998E+08   0.227972E+08   0.484437E+07   0.469313E+07   0.227981E+08   0.227993E+08   0.227994E+08   0.228005E+08  -0.202397E+00   0.859788E+07   0.859730E+07   0.230012E+03
   0.921651E-03   0.221952E+08   0.221923E+08   0.390865E+07   0.378776E+07   0.221931E+08   0.221946E+08   0.221947E+08   0.221956E+08  -0.193831E+00   0.872804E+07   0.872742E+07   0.224083E+03
   0.101865E-02   0.216192E+08   0.216160E+08   0.312856E+07   0.300824E+07   0.216166E+08   0.216186E+08   0.216187E+08   0.216193E+08  -0.186544E+00   0.882421E+07   0.882355E+07   0.215263E+03
   0.112586E-02   0.210867E+08   0.210833E+08   0.240408E+07   0.225492E+07   0.210835E+08   0.210860E+08   0.210862E+08   0.210866E+08  -0.180546E+00   0.888816E+07   0.888748E+07   0.203903E+03
   0.124435E-02   0.206062E+08   0.206026E+08   0.173966E+07   0.154706E+07   0.206023E+08   0.206054E+08   0.206056E+08   0.206058E+08  -0.175674E+00   0.892551E+07   0.892480E+07   0.190417E+03
   0.137531E-02   0.201791E+08   0.201753E+08   0.122813E+07   0.999887E+06   0.201743E+08   0.201782E+08   0.201785E+08   0.201785E+08  -0.171692E+00   0.894274E+07   0.894202E+07   0.175287E+03
   0.152006E-02   0.198014E+08   0.197974E+08   0.918546E+06   0.677240E+06   0.197954E+08   0.198003E+08   0.198007E+08   0.198005E+08  -0.168408E+00   0.894424E+07   0.894352E+07   0.159135E+03
   0.168004E-02   0.194666E+08   0.194626E+08   0.713122E+06   0.743890E+05   0.194594E+08   0.194655E+08   0.194659E+08   0.194656E+08  -0.165702E+00   0.893186E+07   0.893114E+07   0.142756E+03
   0.185685E-02   0.191682E+08   0.191642E+08   0.493529E+06  -0.793506E+04   0.191594E+08   0.191670E+08   0.191675E+08   0.191671E+08  -0.163470E+00   0.890697E+07   0.890626E+07   0.126999E+03
   0.205228E-02   0.188995E+08   0.188955E+08   0.315195E+06  -0.503127E+05   0.188887E+08   0.188981E+08   0.188988E+08   0.188982E+08  -0.161582E+00   0.887168E+07   0.887099E+07   0.112566E+03
   0.226827E-02   0.186535E+08   0.186495E+08   0.245486E+06  -0.691495E+05   0.186404E+08   0.186520E+08   0.186529E+08   0.186520E+08  -0.159938E+00   0.882718E+07   0.882650E+07   0.999375E+02
   0.250700E-02   0.184240E+08   0.184199E+08   0.171986E+06  -0.739168E+05   0.184081E+08   0.184223E+08   0.184233E+08   0.184223E+08  -0.158475E+00   0.877355E+07   0.877288E+07   0.893307E+02
   0.277085E-02   0.182051E+08   0.182009E+08   0.103632E+06  -0.710812E+05   0.181858E+08   0.182031E+08   0.182044E+08   0.182032E+08  -0.157105E+00   0.871158E+07   0.871091E+07   0.805414E+02
   0.306246E-02   0.179914E+08   0.179870E+08   0.801606E+05  -0.646165E+05   0.179680E+08   0.179891E+08   0.179907E+08   0.179891E+08  -0.155764E+00   0.864138E+07   0.864071E+07   0.730249E+02
   0.338478E-02   0.177780E+08   0.177733E+08   0.408007E+05  -0.565274E+05   0.177496E+08   0.177753E+08   0.177772E+08   0.177753E+08  -0.154404E+00   0.856267E+07   0.856200E+07   0.661832E+02
   0.374101E-02   0.175604E+08   0.175554E+08   0.278036E+05  -0.483393E+05   0.175261E+08   0.175572E+08   0.175595E+08   0.175572E+08  -0.152963E+00   0.847551E+07   0.847484E+07   0.596357E+02
   0.413473E-02   0.173343E+08   0.173290E+08   0.162153E+05  -0.405762E+05   0.172930E+08   0.173306E+08   0.173334E+08   0.173306E+08  -0.151406E+00   0.837918E+07   0.837852E+07   0.534376E+02
   0.456989E-02   0.170960E+08   0.170903E+08   0.100498E+05  -0.336687E+05   0.170464E+08   0.170917E+08   0.170950E+08   0.170916E+08  -0.149687E+00   0.827325E+07   0.827260E+07   0.478776E+02
   0.505085E-02   0.168417E+08   0.168356E+08   0.893360E+04  -0.276577E+05   0.167823E+08   0.168366E+08   0.168407E+08   0.168366E+08  -0.147775E+00   0.815684E+07   0.815619E+07   0.430802E+02
   0.558243E-02   0.165681E+08   0.165614E+08   0.542906E+04  -0.225546E+05   0.164971E+08   0.165621E+08   0.165669E+08   0.165621E+08  -0.145642E+00   0.802900E+07   0.802835E+07   0.388339E+02
   0.616996E-02   0.162718E+08   0.162644E+08   0.319813E+04  -0.182912E+05   0.161875E+08   0.162648E+08   0.162706E+08   0.162648E+08  -0.143261E+00   0.788874E+07   0.788809E+07   0.348979E+02
   0.681932E-02   0.159499E+08   0.159417E+08   0.958063E+03  -0.147618E+05   0.158502E+08   0.159418E+08   0.159485E+08   0.159417E+08  -0.140608E+00   0.773494E+07   0.773430E+07   0.313249E+02
   0.753702E-02   0.155994E+08   0.155902E+08  -0.655454E+02  -0.118625E+05   0.154822E+08   0.155899E+08   0.155979E+08   0.155899E+08  -0.137663E+00   0.756643E+07   0.756579E+07   0.281943E+02
   0.833025E-02   0.152176E+08   0.152072E+08   0.796625E+03  -0.949535E+04   0.150805E+08   0.152065E+08   0.152158E+08   0.152065E+08  -0.134406E+00   0.738208E+07   0.738145E+07   0.253749E+02
   0.920698E-02   0.148019E+08   0.147901E+08  -0.270376E+04  -0.757196E+04   0.146429E+08   0.147890E+08   0.147999E+08   0.147890E+08  -0.130821E+00   0.718083E+07   0.718020E+07   0.228353E+02
   0.101760E-01   0.143502E+08   0.143368E+08  -0.145420E+04  -0.601544E+04   0.141671E+08   0.143355E+08   0.143480E+08   0.143355E+08  -0.126892E+00   0.696171E+07   0.696108E+07   0.205882E+02
   0.112469E-01   0.138608E+08   0.138454E+08  -0.199843E+04  -0.475877E+04   0.136516E+08   0.138439E+08   0.138582E+08   0.138439E+08  -0.122607E+00   0.672394E+07   0.672331E+07   0.185721E+02
   0.124306E-01   0.133325E+08   0.133148E+08  -0.179156E+04  -0.374849E+04   0.130956E+08   0.133133E+08   0.133295E+08   0.133133E+08  -0.117960E+00   0.646700E+07   0.646637E+07   0.167836E+02
   0.137389E-01   0.127646E+08   0.127443E+08  -0.165356E+04  -0.293835E+04   0.124987E+08   0.127430E+08   0.127612E+08   0.127430E+08  -0.112948E+00   0.619066E+07   0.619004E+07   0.151877E+02
   0.151849E-01   0.121575E+08   0.121343E+08  -0.104700E+04  -0.229114E+04   0.118618E+08   0.121335E+08   0.121536E+08   0.121335E+08  -0.107577E+00   0.589513E+07   0.589450E+07   0.137662E+02
   0.167830E-01   0.115242E+08   0.114977E+08  -0.109613E+04  -0.177785E+04   0.111980E+08   0.114975E+08   0.115197E+08   0.114975E+08  -0.101963E+00   0.558669E+07   0.558606E+07   0.125022E+02
   0.185493E-01   0.108459E+08   0.108159E+08  -0.851901E+03  -0.136965E+04   0.104898E+08   0.108166E+08   0.108408E+08   0.108166E+08  -0.959442E-01   0.525636E+07   0.525573E+07   0.113542E+02
   0.205016E-01   0.101370E+08   0.101033E+08  -0.529448E+03  -0.104788E+04   0.975234E+07   0.101051E+08   0.101313E+08   0.101051E+08  -0.896485E-01   0.491115E+07   0.491052E+07   0.103056E+02
   0.226592E-01   0.939604E+07   0.935856E+07  -0.461547E+03  -0.795053E+03   0.898541E+07   0.936178E+07   0.938975E+07   0.936178E+07  -0.830650E-01   0.455038E+07   0.454975E+07   0.932706E+01
   0.250440E-01   0.864754E+07   0.860652E+07  -0.348176E+03  -0.598959E+03   0.821394E+07   0.861114E+07   0.864065E+07   0.861114E+07  -0.764131E-01   0.418603E+07   0.418540E+07   0.840135E+01
   0.276798E-01   0.790158E+07   0.785756E+07  -0.226152E+03  -0.447992E+03   0.744848E+07   0.786337E+07   0.789419E+07   0.786337E+07  -0.697839E-01   0.382303E+07   0.382240E+07   0.750187E+01
   0.305930E-01   0.716422E+07   0.711813E+07  -0.243418E+03  -0.332498E+03   0.669544E+07   0.712459E+07   0.715648E+07   0.712459E+07  -0.632323E-01   0.346436E+07   0.346375E+07   0.660602E+01
   0.338127E-01   0.645455E+07   0.640780E+07  -0.165181E+03  -0.245226E+03   0.597360E+07   0.641398E+07   0.644670E+07   0.641398E+07  -0.569289E-01   0.311934E+07   0.311876E+07   0.570140E+01
   0.373714E-01   0.579499E+07   0.574939E+07  -0.108971E+03  -0.180244E+03   0.530458E+07   0.575395E+07   0.578733E+07   0.575395E+07  -0.510731E-01   0.279885E+07   0.279832E+07   0.478799E+01
   0.413045E-01   0.520646E+07   0.516412E+07  -0.775867E+02  -0.132583E+03   0.470627E+07   0.516526E+07   0.519936E+07   0.516526E+07  -0.458496E-01   0.251301E+07   0.251253E+07   0.388118E+01
   0.454350E-01   0.471204E+07   0.467474E+07   0.262495E+02  -0.991940E+02   0.420434E+07   0.467110E+07   0.470578E+07   0.467110E+07  -0.414646E-01   0.227310E+07   0.227268E+07   0.304810E+01
   0.495654E-01   0.432717E+07   0.429576E+07   0.201820E+02  -0.765704E+02   0.381084E+07   0.428655E+07   0.432190E+07   0.428655E+07  -0.380519E-01   0.208642E+07   0.208608E+07   0.235119E+01
   0.536959E-01   0.401969E+07   0.399418E+07   0.159166E+02  -0.606331E+02   0.349382E+07   0.397933E+07   0.401540E+07   0.397933E+07  -0.353254E-01   0.193732E+07   0.193703E+07   0.179610E+01
   0.578264E-01   0.376230E+07   0.374200E+07   0.127982E+02  -0.489551E+02   0.322720E+07   0.372213E+07   0.375890E+07   0.372213E+07  -0.330426E-01   0.181251E+07   0.181227E+07   0.137962E+01
   0.619568E-01   0.353612E+07   0.351982E+07   0.104392E+02  -0.400993E+02   0.299326E+07   0.349603E+07   0.353338E+07   0.349603E+07  -0.310359E-01   0.170280E+07   0.170260E+07   0.108984E+01
   0.660873E-01   0.332432E+07   0.331058E+07   0.859214E+01  -0.331462E+02   0.277676E+07   0.328431E+07   0.332201E+07   0.328431E+07  -0.291566E-01   0.160005E+07   0.159987E+07   0.906122E+00
   0.702177E-01   0.311694E+07   0.310435E+07   0.710757E+01  -0.275399E+02   0.256882E+07   0.307707E+07   0.311483E+07   0.307707E+07  -0.273170E-01   0.149943E+07   0.149926E+07   0.803436E+00
   0.743482E-01   0.291344E+07   0.290083E+07   0.590143E+01  -0.229683E+02   0.236903E+07   0.287382E+07   0.291132E+07   0.287382E+07  -0.255128E-01   0.140072E+07   0.140055E+07   0.755912E+00
   0.784786E-01   0.271053E+07   0.269711E+07   0.490695E+01  -0.191838E+02   0.217453E+07   0.267137E+07   0.270828E+07   0.267137E+07  -0.237157E-01   0.130234E+07   0.130217E+07   0.737903E+00
   0.826091E-01   0.251599E+07   0.250141E+07   0.409315E+01  -0.160747E+02   0.199145E+07   0.247743E+07   0.251354E+07   0.247743E+07  -0.219941E-01   0.120808E+07   0.120790E+07   0.729465E+00
   0.867395E-01   0.233517E+07   0.231951E+07   0.343110E+01  -0.135357E+02   0.182364E+07   0.229734E+07   0.233254E+07   0.229734E+07  -0.203954E-01   0.112052E+07   0.112033E+07   0.715743E+00
   0.918936E-01   0.213532E+07   0.211890E+07   0.278074E+01  -0.110314E+02   0.163996E+07   0.209849E+07   0.213256E+07   0.209849E+07  -0.186301E-01   0.102382E+07   0.102364E+07   0.678678E+00
   0.970477E-01   0.196929E+07   0.195310E+07   0.228774E+01  -0.912543E+01   0.148766E+07   0.193346E+07   0.196658E+07   0.193346E+07  -0.171650E-01   0.943570E+06   0.943390E+06   0.616173E+00
   0.102202E+00   0.183858E+07   0.182359E+07   0.191659E+01  -0.768592E+01   0.136644E+07   0.180359E+07   0.183607E+07   0.180359E+07  -0.160121E-01   0.880435E+06   0.880272E+06   0.534596E+00
   0.107356E+00   0.173844E+07   0.172535E+07   0.163477E+01  -0.659010E+01   0.127133E+07   0.170409E+07   0.173624E+07   0.170409E+07  -0.151288E-01   0.832091E+06   0.831948E+06   0.445826E+00
   0.112510E+00   0.165908E+07   0.164816E+07   0.141411E+01  -0.572990E+01   0.119407E+07   0.162522E+07   0.165725E+07   0.162522E+07  -0.144286E-01   0.793791E+06   0.793669E+06   0.362479E+00
   0.117664E+00   0.158977E+07   0.158082E+07   0.123342E+01  -0.502326E+01   0.112618E+07   0.155631E+07   0.158827E+07   0.155631E+07  -0.138169E-01   0.760337E+06   0.760233E+06   0.294381E+00
   0.122818E+00   0.152211E+07   0.151461E+07   0.107905E+01  -0.441694E+01   0.106136E+07   0.148907E+07   0.152085E+07   0.148907E+07  -0.132200E-01   0.727679E+06   0.727589E+06   0.246607E+00
   0.127972E+00   0.145124E+07   0.144451E+07   0.943293E+00  -0.388099E+01   0.996124E+06   0.141871E+07   0.145011E+07   0.141871E+07  -0.125954E-01   0.693477E+06   0.693393E+06   0.219108E+00
   0.133126E+00   0.137581E+07   0.136919E+07   0.822527E+00  -0.340147E+01   0.929618E+06   0.134392E+07   0.137470E+07   0.134392E+07  -0.119313E-01   0.657085E+06   0.657002E+06   0.207698E+00
   0.138280E+00   0.129740E+07   0.129042E+07   0.715526E+00  -0.297415E+01   0.863005E+06   0.126627E+07   0.129623E+07   0.126627E+07  -0.112419E-01   0.619277E+06   0.619191E+06   0.205905E+00
   0.143435E+00   0.121947E+07   0.121196E+07   0.622137E+00  -0.259917E+01   0.798613E+06   0.118919E+07   0.121821E+07   0.118919E+07  -0.105577E-01   0.581729E+06   0.581640E+06   0.206975E+00
   0.148589E+00   0.114623E+07   0.113825E+07   0.542369E+00  -0.227733E+01   0.739110E+06   0.111682E+07   0.114489E+07   0.111682E+07  -0.991522E-02   0.546465E+06   0.546374E+06   0.205532E+00
   0.153743E+00   0.108151E+07   0.107333E+07   0.475843E+00  -0.200788E+01   0.686760E+06   0.105293E+07   0.108014E+07   0.105293E+07  -0.934798E-02   0.515328E+06   0.515237E+06   0.198520E+00
   0.158897E+00   0.102755E+07   0.101954E+07   0.421400E+00  -0.178673E+01   0.642668E+06   0.999678E+06   0.102620E+07   0.999678E+06  -0.887521E-02   0.489383E+06   0.489294E+06   0.185368E+00
   0.164051E+00   0.984118E+06   0.976623E+06   0.377044E+00  -0.160618E+01   0.606344E+06   0.956821E+06   0.982860E+06   0.956821E+06  -0.849473E-02   0.468512E+06   0.468430E+06   0.167508E+00
   0.169205E+00   0.948961E+06   0.942201E+06   0.340383E+00  -0.145668E+01   0.576072E+06   0.922116E+06   0.947826E+06   0.922116E+06  -0.818662E-02   0.451623E+06   0.451548E+06   0.147546E+00
   0.174359E+00   0.919027E+06   0.913072E+06   0.309222E+00  -0.132931E+01   0.549756E+06   0.892559E+06   0.918027E+06   0.892559E+06  -0.792421E-02   0.437246E+06   0.437179E+06   0.128349E+00
   0.179513E+00   0.891365E+06   0.886131E+06   0.281835E+00  -0.121700E+01   0.525476E+06   0.865243E+06   0.890486E+06   0.865243E+06  -0.768171E-02   0.423960E+06   0.423899E+06   0.112243E+00
   0.184667E+00   0.863417E+06   0.858708E+06   0.256954E+00  -0.111455E+01   0.501628E+06   0.837661E+06   0.862626E+06   0.837661E+06  -0.743683E-02   0.410536E+06   0.410481E+06   0.100508E+00
   0.189821E+00   0.833469E+06   0.829041E+06   0.233826E+00  -0.101875E+01   0.477268E+06   0.808143E+06   0.832725E+06   0.808143E+06  -0.717477E-02   0.396156E+06   0.396103E+06   0.932543E-01
   0.194975E+00   0.801209E+06   0.796836E+06   0.212198E+00  -0.928622E+00   0.452223E+06   0.776391E+06   0.800474E+06   0.776391E+06  -0.689288E-02   0.380673E+06   0.380621E+06   0.896356E-01
   0.200130E+00   0.767663E+06   0.763189E+06   0.192202E+00  -0.844834E+00   0.427110E+06   0.743412E+06   0.766912E+06   0.743412E+06  -0.660010E-02   0.364582E+06   0.364529E+06   0.882407E-01
   0.205284E+00   0.734418E+06   0.729781E+06   0.174062E+00  -0.768454E+00   0.402817E+06   0.710761E+06   0.733639E+06   0.710761E+06  -0.631021E-02   0.348642E+06   0.348588E+06   0.875277E-01
   0.210438E+00   0.702967E+06   0.698198E+06   0.157922E+00  -0.700213E+00   0.380137E+06   0.679896E+06   0.702166E+06   0.679896E+06  -0.603619E-02   0.333572E+06   0.333517E+06   0.862107E-01
   0.215592E+00   0.674491E+06   0.669688E+06   0.143811E+00  -0.640355E+00   0.359643E+06   0.651967E+06   0.673685E+06   0.651967E+06  -0.578824E-02   0.319934E+06   0.319880E+06   0.835191E-01
   0.220746E+00   0.649713E+06   0.645006E+06   0.131641E+00  -0.588604E+00   0.341638E+06   0.627672E+06   0.648923E+06   0.627672E+06  -0.557255E-02   0.308074E+06   0.308022E+06   0.792757E-01
   0.225900E+00   0.628667E+06   0.624174E+06   0.121191E+00  -0.544085E+00   0.326040E+06   0.607036E+06   0.627913E+06   0.607036E+06  -0.538934E-02   0.298004E+06   0.297955E+06   0.738065E-01
   0.231054E+00   0.610675E+06   0.606478E+06   0.112134E+00  -0.505431E+00   0.312407E+06   0.589392E+06   0.609970E+06   0.589392E+06  -0.523269E-02   0.289398E+06   0.289352E+06   0.677466E-01
   0.236208E+00   0.594664E+06   0.590789E+06   0.104121E+00  -0.471157E+00   0.300115E+06   0.573688E+06   0.594013E+06   0.573688E+06  -0.509328E-02   0.281741E+06   0.281698E+06   0.618183E-01
   0.241362E+00   0.579534E+06   0.575953E+06   0.968531E-01  -0.439973E+00   0.288562E+06   0.558852E+06   0.578933E+06   0.558852E+06  -0.496156E-02   0.274507E+06   0.274466E+06   0.566337E-01
   0.246516E+00   0.564380E+06   0.561026E+06   0.901107E-01  -0.410921E+00   0.277274E+06   0.544000E+06   0.563816E+06   0.544000E+06  -0.482970E-02   0.267261E+06   0.267222E+06   0.525610E-01
   0.251670E+00   0.548634E+06   0.545421E+06   0.837598E-01  -0.383423E+00   0.265966E+06   0.528583E+06   0.548094E+06   0.528583E+06  -0.469283E-02   0.259734E+06   0.259697E+06   0.496763E-01
   0.256825E+00   0.532175E+06   0.529022E+06   0.777530E-01  -0.357281E+00   0.254584E+06   0.512485E+06   0.531646E+06   0.512485E+06  -0.454991E-02   0.251869E+06   0.251833E+06   0.477984E-01
   0.261979E+00   0.515309E+06   0.512159E+06   0.721096E-01  -0.332601E+00   0.243280E+06   0.496004E+06   0.514780E+06   0.496004E+06  -0.440359E-02   0.243813E+06   0.243777E+06   0.465815E-01
   0.267133E+00   0.498576E+06   0.495401E+06   0.668753E-01  -0.309611E+00   0.232309E+06   0.479666E+06   0.498043E+06   0.479666E+06  -0.425854E-02   0.235823E+06   0.235787E+06   0.456270E-01
   0.272287E+00   0.482529E+06   0.479336E+06   0.620885E-01  -0.288510E+00   0.221918E+06   0.464007E+06   0.481993E+06   0.464007E+06  -0.411952E-02   0.228164E+06   0.228128E+06   0.445859E-01
   0.277441E+00   0.467611E+06   0.464431E+06   0.577649E-01  -0.269393E+00   0.212290E+06   0.449457E+06   0.467077E+06   0.449457E+06  -0.399034E-02   0.221047E+06   0.221011E+06   0.432307E-01
   0.282595E+00   0.454083E+06   0.450959E+06   0.538940E-01  -0.252236E+00   0.203518E+06   0.436267E+06   0.453559E+06   0.436267E+06  -0.387324E-02   0.214596E+06   0.214561E+06   0.414851E-01
   0.287749E+00   0.441981E+06   0.438955E+06   0.504380E-01  -0.236886E+00   0.195586E+06   0.424468E+06   0.441473E+06   0.424468E+06  -0.376849E-02   0.208827E+06   0.208793E+06   0.394108E-01
   0.292903E+00   0.431108E+06   0.428210E+06   0.473366E-01  -0.223084E+00   0.188378E+06   0.413869E+06   0.430621E+06   0.413869E+06  -0.367439E-02   0.203645E+06   0.203612E+06   0.371636E-01
   0.298057E+00   0.421112E+06   0.418354E+06   0.445204E-01  -0.210522E+00   0.181715E+06   0.404125E+06   0.420649E+06   0.404125E+06  -0.358788E-02   0.198882E+06   0.198851E+06   0.349348E-01
   0.303211E+00   0.411599E+06   0.408973E+06   0.419241E-01  -0.198907E+00   0.175410E+06   0.394854E+06   0.411158E+06   0.394854E+06  -0.350558E-02   0.194350E+06   0.194320E+06   0.328970E-01
   0.308365E+00   0.402232E+06   0.399718E+06   0.394962E-01  -0.188007E+00   0.169307E+06   0.385731E+06   0.401810E+06   0.385731E+06  -0.342458E-02   0.189889E+06   0.189860E+06   0.311642E-01
   0.313520E+00   0.392799E+06   0.390366E+06   0.372037E-01  -0.177674E+00   0.163311E+06   0.376549E+06   0.392391E+06   0.376549E+06  -0.334305E-02   0.185397E+06   0.185369E+06   0.297748E-01
   0.318674E+00   0.383235E+06   0.380853E+06   0.350316E-01  -0.167843E+00   0.157394E+06   0.367244E+06   0.382835E+06   0.367244E+06  -0.326045E-02   0.180843E+06   0.180816E+06   0.286955E-01
   0.323828E+00   0.373605E+06   0.371253E+06   0.329779E-01  -0.158510E+00   0.151581E+06   0.357883E+06   0.373210E+06   0.357883E+06  -0.317734E-02   0.176259E+06   0.176232E+06   0.278411E-01
   0.328982E+00   0.364068E+06   0.361733E+06   0.310483E-01  -0.149709E+00   0.145933E+06   0.348618E+06   0.363676E+06   0.348618E+06  -0.309508E-02   0.171721E+06   0.171694E+06   0.271041E-01
   0.334136E+00   0.354816E+06   0.352497E+06   0.292505E-01  -0.141483E+00   0.140523E+06   0.339634E+06   0.354427E+06   0.339634E+06  -0.301532E-02   0.167320E+06   0.167294E+06   0.263833E-01
   0.339290E+00   0.346024E+06   0.343729E+06   0.275891E-01  -0.133858E+00   0.135412E+06   0.331100E+06   0.345638E+06   0.331100E+06  -0.293956E-02   0.163139E+06   0.163113E+06   0.256065E-01
   0.344444E+00   0.337796E+06   0.335539E+06   0.260623E-01  -0.126833E+00   0.130632E+06   0.323117E+06   0.337417E+06   0.323117E+06  -0.286868E-02   0.159228E+06   0.159202E+06   0.247411E-01
   0.349598E+00   0.330152E+06   0.327946E+06   0.246612E-01  -0.120373E+00   0.126180E+06   0.315701E+06   0.329782E+06   0.315701E+06  -0.280285E-02   0.155595E+06   0.155570E+06   0.237931E-01
   0.354752E+00   0.323031E+06   0.320888E+06   0.233720E-01  -0.114416E+00   0.122022E+06   0.308795E+06   0.322671E+06   0.308795E+06  -0.274153E-02   0.152211E+06   0.152187E+06   0.227979E-01
   0.359906E+00   0.316325E+06   0.314250E+06   0.221789E-01  -0.108890E+00   0.118108E+06   0.302293E+06   0.315977E+06   0.302293E+06  -0.268380E-02   0.149026E+06   0.149003E+06   0.218056E-01
   0.365060E+00   0.309911E+06   0.307903E+06   0.210665E-01  -0.103724E+00   0.114385E+06   0.296075E+06   0.309574E+06   0.296075E+06  -0.262860E-02   0.145980E+06   0.145957E+06   0.208664E-01
   0.370215E+00   0.303671E+06   0.301722E+06   0.200213E-01  -0.988555E-01   0.110802E+06   0.290028E+06   0.303344E+06   0.290028E+06  -0.257492E-02   0.143017E+06   0.142995E+06   0.200169E-01
   0.375369E+00   0.297511E+06   0.295613E+06   0.190329E-01  -0.942374E-01   0.107323E+06   0.284062E+06   0.297193E+06   0.284062E+06  -0.252195E-02   0.140093E+06   0.140071E+06   0.192740E-01
   0.380523E+00   0.291383E+06   0.289524E+06   0.180947E-01  -0.898392E-01   0.103926E+06   0.278129E+06   0.291071E+06   0.278129E+06  -0.246927E-02   0.137184E+06   0.137162E+06   0.186337E-01
   0.385677E+00   0.285294E+06   0.283465E+06   0.172042E-01  -0.856507E-01   0.100612E+06   0.272236E+06   0.284987E+06   0.272236E+06  -0.241695E-02   0.134294E+06   0.134273E+06   0.180762E-01
   0.390831E+00   0.279292E+06   0.277488E+06   0.163614E-01  -0.816747E-01   0.973973E+05   0.266431E+06   0.278989E+06   0.266431E+06  -0.236542E-02   0.131446E+06   0.131426E+06   0.175729E-01
   0.395985E+00   0.273444E+06   0.271662E+06   0.155673E-01  -0.779176E-01   0.943006E+05   0.260777E+06   0.273145E+06   0.260777E+06  -0.231521E-02   0.128672E+06   0.128651E+06   0.170942E-01
   0.401139E+00   0.267802E+06   0.266044E+06   0.148220E-01  -0.743815E-01   0.913373E+05   0.255323E+06   0.267507E+06   0.255323E+06  -0.226680E-02   0.125996E+06   0.125976E+06   0.166162E-01
   0.406293E+00   0.262398E+06   0.260668E+06   0.141241E-01  -0.710625E-01   0.885145E+05   0.250103E+06   0.262108E+06   0.250103E+06  -0.222045E-02   0.123434E+06   0.123414E+06   0.161252E-01
   0.411447E+00   0.257249E+06   0.255551E+06   0.134714E-01  -0.679518E-01   0.858334E+05   0.245129E+06   0.256964E+06   0.245129E+06  -0.217630E-02   0.120993E+06   0.120974E+06   0.156186E-01
   0.416601E+00   0.252352E+06   0.250689E+06   0.128611E-01  -0.650364E-01   0.832890E+05   0.240400E+06   0.252073E+06   0.240400E+06  -0.213431E-02   0.118672E+06   0.118654E+06   0.151033E-01
   0.421755E+00   0.247676E+06   0.246052E+06   0.122891E-01  -0.622975E-01   0.808676E+05   0.235887E+06   0.247404E+06   0.235887E+06  -0.209424E-02   0.116457E+06   0.116439E+06   0.145920E-01
   0.426910E+00   0.243173E+06   0.241586E+06   0.117504E-01  -0.597127E-01   0.785493E+05   0.231540E+06   0.242907E+06   0.231540E+06  -0.205565E-02   0.114324E+06   0.114306E+06   0.140983E-01
   0.432064E+00   0.238794E+06   0.237242E+06   0.112409E-01  -0.572616E-01   0.763156E+05   0.227315E+06   0.238533E+06   0.227315E+06  -0.201814E-02   0.112250E+06   0.112232E+06   0.136336E-01
   0.437218E+00   0.234507E+06   0.232989E+06   0.107575E-01  -0.549297E-01   0.741545E+05   0.223181E+06   0.234252E+06   0.223181E+06  -0.198143E-02   0.110220E+06   0.110203E+06   0.132047E-01
   0.442372E+00   0.230299E+06   0.228809E+06   0.102980E-01  -0.527074E-01   0.720591E+05   0.219123E+06   0.230049E+06   0.219123E+06  -0.194541E-02   0.108227E+06   0.108210E+06   0.128128E-01
   0.447526E+00   0.226159E+06   0.224694E+06   0.986074E-02  -0.505871E-01   0.700251E+05   0.215133E+06   0.225913E+06   0.215133E+06  -0.190998E-02   0.106268E+06   0.106251E+06   0.124538E-01
   0.452680E+00   0.222089E+06   0.220646E+06   0.944453E-02  -0.485635E-01   0.680509E+05   0.211211E+06   0.221847E+06   0.211211E+06  -0.187516E-02   0.104341E+06   0.104325E+06   0.121199E-01
   0.457834E+00   0.218104E+06   0.216681E+06   0.904897E-02  -0.466353E-01   0.661398E+05   0.207372E+06   0.217865E+06   0.207372E+06  -0.184108E-02   0.102455E+06   0.102439E+06   0.118026E-01
   0.462988E+00   0.214228E+06   0.212826E+06   0.867391E-02  -0.448027E-01   0.642976E+05   0.203640E+06   0.213992E+06   0.203640E+06  -0.180795E-02   0.100621E+06   0.100605E+06   0.114943E-01
   0.468142E+00   0.210478E+06   0.209097E+06   0.831894E-02  -0.430646E-01   0.625275E+05   0.200030E+06   0.210246E+06   0.200030E+06  -0.177590E-02   0.988472E+05   0.988315E+05   0.111898E-01
   0.473296E+00   0.206857E+06   0.205499E+06   0.798312E-02  -0.414166E-01   0.608285E+05   0.196546E+06   0.206629E+06   0.196546E+06  -0.174497E-02   0.971349E+05   0.971195E+05   0.108866E-01
   0.478450E+00   0.203361E+06   0.202026E+06   0.766523E-02  -0.398531E-01   0.591971E+05   0.193183E+06   0.203137E+06   0.193183E+06  -0.171511E-02   0.954816E+05   0.954664E+05   0.105851E-01
   0.483605E+00   0.199981E+06   0.198670E+06   0.736399E-02  -0.383685E-01   0.576294E+05   0.189932E+06   0.199761E+06   0.189932E+06  -0.168625E-02   0.938837E+05   0.938688E+05   0.102880E-01
   0.488759E+00   0.196709E+06   0.195421E+06   0.707820E-02  -0.369571E-01   0.561210E+05   0.186785E+06   0.196493E+06   0.186785E+06  -0.165831E-02   0.923368E+05   0.923221E+05   0.999899E-02
   0.493913E+00   0.193528E+06   0.192264E+06   0.680655E-02  -0.356126E-01   0.546660E+05   0.183728E+06   0.193316E+06   0.183728E+06  -0.163116E-02   0.908337E+05   0.908193E+05   0.972150E-02
   0.499067E+00   0.190423E+06   0.189181E+06   0.654772E-02  -0.343286E-01   0.532582E+05   0.180743E+06   0.190215E+06   0.180743E+06  -0.160467E-02   0.893662E+05   0.893521E+05   0.945778E-02
   0.504221E+00   0.187380E+06   0.186159E+06   0.630061E-02  -0.331001E-01   0.518931E+05   0.177820E+06   0.187175E+06   0.177820E+06  -0.157871E-02   0.879286E+05   0.879146E+05   0.920865E-02
   0.509375E+00   0.184397E+06   0.183194E+06   0.606454E-02  -0.319239E-01   0.505683E+05   0.174954E+06   0.184195E+06   0.174954E+06  -0.155327E-02   0.865189E+05   0.865052E+05   0.897351E-02
   0.514529E+00   0.181473E+06   0.180289E+06   0.583909E-02  -0.307979E-01   0.492837E+05   0.172147E+06   0.181275E+06   0.172147E+06  -0.152835E-02   0.851381E+05   0.851246E+05   0.875064E-02
   0.519683E+00   0.178614E+06   0.177446E+06   0.562378E-02  -0.297203E-01   0.480387E+05   0.169401E+06   0.178418E+06   0.169401E+06  -0.150397E-02   0.837874E+05   0.837741E+05   0.853760E-02
   0.524837E+00   0.175818E+06   0.174668E+06   0.541819E-02  -0.286892E-01   0.468328E+05   0.166718E+06   0.175625E+06   0.166718E+06  -0.148015E-02   0.824675E+05   0.824544E+05   0.833185E-02
   0.529991E+00   0.173092E+06   0.171957E+06   0.522197E-02  -0.277031E-01   0.456661E+05   0.164102E+06   0.172901E+06   0.164102E+06  -0.145693E-02   0.811801E+05   0.811672E+05   0.813141E-02
   0.535145E+00   0.170438E+06   0.169320E+06   0.503485E-02  -0.267607E-01   0.445388E+05   0.161556E+06   0.170250E+06   0.161556E+06  -0.143433E-02   0.799274E+05   0.799146E+05   0.793511E-02
   0.540300E+00   0.167859E+06   0.166758E+06   0.485641E-02  -0.258604E-01   0.434504E+05   0.159083E+06   0.167674E+06   0.159083E+06  -0.141237E-02   0.787102E+05   0.786976E+05   0.774261E-02
   0.545454E+00   0.165351E+06   0.164267E+06   0.468614E-02  -0.249997E-01   0.423989E+05   0.156679E+06   0.165169E+06   0.156679E+06  -0.139102E-02   0.775266E+05   0.775142E+05   0.755418E-02
   0.550608E+00   0.162907E+06   0.161839E+06   0.452348E-02  -0.241759E-01   0.413816E+05   0.154336E+06   0.162728E+06   0.154336E+06  -0.137022E-02   0.763734E+05   0.763612E+05   0.737050E-02
   0.555762E+00   0.160522E+06   0.159470E+06   0.436795E-02  -0.233865E-01   0.403965E+05   0.152050E+06   0.160345E+06   0.152050E+06  -0.134993E-02   0.752481E+05   0.752361E+05   0.719246E-02
   0.560916E+00   0.158192E+06   0.157157E+06   0.421911E-02  -0.226298E-01   0.394420E+05   0.149818E+06   0.158019E+06   0.149818E+06  -0.133011E-02   0.741493E+05   0.741374E+05   0.702081E-02
   0.566070E+00   0.155915E+06   0.154894E+06   0.407657E-02  -0.219037E-01   0.385163E+05   0.147637E+06   0.155744E+06   0.147637E+06  -0.131074E-02   0.730750E+05   0.730634E+05   0.685595E-02
   0.571224E+00   0.153684E+06   0.152678E+06   0.393994E-02  -0.212063E-01   0.376175E+05   0.145500E+06   0.153515E+06   0.145500E+06  -0.129177E-02   0.720229E+05   0.720114E+05   0.669779E-02
   0.576378E+00   0.151496E+06   0.150505E+06   0.380887E-02  -0.205359E-01   0.367442E+05   0.143406E+06   0.151330E+06   0.143406E+06  -0.127318E-02   0.709914E+05   0.709800E+05   0.654585E-02
   0.581532E+00   0.149353E+06   0.148374E+06   0.368310E-02  -0.198915E-01   0.358959E+05   0.141353E+06   0.149188E+06   0.141353E+06  -0.125496E-02   0.699806E+05   0.699695E+05   0.639951E-02
   0.586686E+00   0.147255E+06   0.146290E+06   0.356250E-02  -0.192725E-01   0.350726E+05   0.139346E+06   0.147093E+06   0.139346E+06  -0.123714E-02   0.689918E+05   0.689808E+05   0.625804E-02
   0.591840E+00   0.145204E+06   0.144252E+06   0.344686E-02  -0.186777E-01   0.342738E+05   0.137384E+06   0.145044E+06   0.137384E+06  -0.121972E-02   0.680251E+05   0.680143E+05   0.612073E-02
   0.596995E+00   0.143199E+06   0.142259E+06   0.333592E-02  -0.181062E-01   0.334986E+05   0.135466E+06   0.143041E+06   0.135466E+06  -0.120269E-02   0.670800E+05   0.670692E+05   0.598700E-02
   0.602149E+00   0.141238E+06   0.140311E+06   0.322946E-02  -0.175568E-01   0.327463E+05   0.133590E+06   0.141082E+06   0.133590E+06  -0.118603E-02   0.661558E+05   0.661452E+05   0.585651E-02
   0.607303E+00   0.139322E+06   0.138407E+06   0.312732E-02  -0.170287E-01   0.320166E+05   0.131758E+06   0.139168E+06   0.131758E+06  -0.116977E-02   0.652530E+05   0.652426E+05   0.572919E-02
   0.612457E+00   0.137450E+06   0.136548E+06   0.302932E-02  -0.165211E-01   0.313087E+05   0.129969E+06   0.137299E+06   0.129969E+06  -0.115389E-02   0.643713E+05   0.643610E+05   0.560514E-02
   0.659749E+00   0.121972E+06   0.121171E+06   0.228836E-02  -0.126522E-01   0.256711E+05   0.115187E+06   0.121838E+06   0.115187E+06  -0.102265E-02   0.570835E+05   0.570744E+05   0.462654E-02
   0.710693E+00   0.108164E+06   0.107453E+06   0.172811E-02  -0.968232E-02   0.209855E+05   0.102024E+06   0.108045E+06   0.102024E+06  -0.905786E-03   0.505885E+05   0.505804E+05   0.381729E-02
   0.765571E+00   0.958752E+05   0.952447E+05   0.130496E-02  -0.740578E-02   0.171085E+05   0.903295E+05   0.957694E+05   0.903295E+05  -0.801960E-03   0.448138E+05   0.448066E+05   0.314982E-02
   0.895965E+00   0.741401E+05   0.736518E+05   0.720151E-03  -0.419219E-02   0.110054E+05   0.696977E+05   0.740582E+05   0.696977E+05  -0.618788E-03   0.346144E+05   0.346088E+05   0.209574E-02
   0.125042E+01   0.426762E+05   0.423943E+05   0.204240E-03  -0.124472E-02   0.416168E+04   0.399686E+05   0.426288E+05   0.399686E+05  -0.354848E-03   0.198864E+05   0.198831E+05   0.884106E-03
   0.174510E+01   0.243376E+05   0.241765E+05  -0.553516E-02  -0.595836E-02   0.150329E+04   0.227333E+05   0.243105E+05   0.227333E+05  -0.201569E-03   0.113328E+05   0.113308E+05   0.376408E-03
   0.243548E+01   0.137615E+05   0.136702E+05  -0.356294E-02  -0.368576E-02   0.520696E+03   0.128316E+05   0.137462E+05   0.128316E+05  -0.113850E-03   0.640073E+04   0.639953E+04   0.164317E-03
