#           k/h    P           
    0.10000E-03    0.61698E+03
    0.10202E-03    0.62893E+03
    0.10408E-03    0.64112E+03
    0.10618E-03    0.65354E+03
    0.10833E-03    0.66620E+03
    0.11052E-03    0.67911E+03
    0.11275E-03    0.69227E+03
    0.11503E-03    0.70568E+03
    0.11735E-03    0.71935E+03
    0.11972E-03    0.73329E+03
    0.12214E-03    0.74749E+03
    0.12461E-03    0.76197E+03
    0.12712E-03    0.77673E+03
    0.12969E-03    0.79178E+03
    0.13231E-03    0.80711E+03
    0.13499E-03    0.82275E+03
    0.13771E-03    0.83868E+03
    0.14049E-03    0.85492E+03
    0.14333E-03    0.87148E+03
    0.14623E-03    0.88836E+03
    0.14918E-03    0.90556E+03
    0.15220E-03    0.92310E+03
    0.15527E-03    0.94097E+03
    0.15841E-03    0.95919E+03
    0.16161E-03    0.97777E+03
    0.16487E-03    0.99670E+03
    0.16820E-03    0.10160E+04
    0.17160E-03    0.10357E+04
    0.17507E-03    0.10557E+04
    0.17860E-03    0.10761E+04
    0.18221E-03    0.10970E+04
    0.18589E-03    0.11182E+04
    0.18965E-03    0.11398E+04
    0.19348E-03    0.11619E+04
    0.19739E-03    0.11844E+04
    0.20138E-03    0.12073E+04
    0.20544E-03    0.12307E+04
    0.20959E-03    0.12545E+04
    0.21383E-03    0.12787E+04
    0.21815E-03    0.13035E+04
    0.22255E-03    0.13287E+04
    0.22705E-03    0.13544E+04
    0.23164E-03    0.13806E+04
    0.23632E-03    0.14073E+04
    0.24109E-03    0.14345E+04
    0.24596E-03    0.14622E+04
    0.25093E-03    0.14905E+04
    0.25600E-03    0.15193E+04
    0.26117E-03    0.15486E+04
    0.26645E-03    0.15786E+04
    0.27183E-03    0.16091E+04
    0.27732E-03    0.16402E+04
    0.28292E-03    0.16718E+04
    0.28864E-03    0.17041E+04
    0.29447E-03    0.17370E+04
    0.30042E-03    0.17706E+04
    0.30649E-03    0.18047E+04
    0.31268E-03    0.18396E+04
    0.31899E-03    0.18751E+04
    0.32544E-03    0.19113E+04
    0.33201E-03    0.19481E+04
    0.33872E-03    0.19857E+04
    0.34556E-03    0.20240E+04
    0.35254E-03    0.20630E+04
    0.35966E-03    0.21028E+04
    0.36693E-03    0.21433E+04
    0.37434E-03    0.21846E+04
    0.38190E-03    0.22267E+04
    0.38962E-03    0.22695E+04
    0.39749E-03    0.23132E+04
    0.40552E-03    0.23578E+04
    0.41371E-03    0.24031E+04
    0.42207E-03    0.24494E+04
    0.43060E-03    0.24965E+04
    0.43929E-03    0.25445E+04
    0.44817E-03    0.25934E+04
    0.45722E-03    0.26432E+04
    0.46646E-03    0.26940E+04
    0.47588E-03    0.27457E+04
    0.48550E-03    0.27984E+04
    0.49530E-03    0.28521E+04
    0.50531E-03    0.29068E+04
    0.51552E-03    0.29625E+04
    0.52593E-03    0.30193E+04
    0.53656E-03    0.30771E+04
    0.54739E-03    0.31360E+04
    0.55845E-03    0.31961E+04
    0.56973E-03    0.32572E+04
    0.58124E-03    0.33195E+04
    0.59299E-03    0.33829E+04
    0.60496E-03    0.34476E+04
    0.61719E-03    0.35134E+04
    0.62965E-03    0.35804E+04
    0.64237E-03    0.36487E+04
    0.65535E-03    0.37183E+04
    0.66859E-03    0.37891E+04
    0.68210E-03    0.38613E+04
    0.69588E-03    0.39347E+04
    0.70993E-03    0.40096E+04
    0.72427E-03    0.40858E+04
    0.73891E-03    0.41633E+04
    0.75383E-03    0.42424E+04
    0.76906E-03    0.43228E+04
    0.78460E-03    0.44047E+04
    0.80045E-03    0.44881E+04
    0.81662E-03    0.45731E+04
    0.83311E-03    0.46595E+04
    0.84994E-03    0.47475E+04
    0.86711E-03    0.48372E+04
    0.88463E-03    0.49284E+04
    0.90250E-03    0.50212E+04
    0.92073E-03    0.51158E+04
    0.93933E-03    0.52120E+04
    0.95831E-03    0.53099E+04
    0.97767E-03    0.54096E+04
    0.99742E-03    0.55110E+04
    0.10176E-02    0.56142E+04
    0.10381E-02    0.57193E+04
    0.10591E-02    0.58262E+04
    0.10805E-02    0.59350E+04
    0.11023E-02    0.60456E+04
    0.11246E-02    0.61582E+04
    0.11473E-02    0.62728E+04
    0.11705E-02    0.63893E+04
    0.11941E-02    0.65079E+04
    0.12182E-02    0.66285E+04
    0.12429E-02    0.67511E+04
    0.12680E-02    0.68759E+04
    0.12936E-02    0.70027E+04
    0.13197E-02    0.71318E+04
    0.13464E-02    0.72629E+04
    0.13736E-02    0.73963E+04
    0.14013E-02    0.75320E+04
    0.14296E-02    0.76698E+04
    0.14585E-02    0.78100E+04
    0.14880E-02    0.79525E+04
    0.15180E-02    0.80973E+04
    0.15487E-02    0.82445E+04
    0.15800E-02    0.83940E+04
    0.16119E-02    0.85460E+04
    0.16445E-02    0.87004E+04
    0.16777E-02    0.88573E+04
    0.17116E-02    0.90167E+04
    0.17462E-02    0.91785E+04
    0.17814E-02    0.93430E+04
    0.18174E-02    0.95099E+04
    0.18541E-02    0.96795E+04
    0.18916E-02    0.98517E+04
    0.19298E-02    0.10026E+05
    0.19688E-02    0.10204E+05
    0.20086E-02    0.10384E+05
    0.20491E-02    0.10567E+05
    0.20905E-02    0.10752E+05
    0.21328E-02    0.10940E+05
    0.21758E-02    0.11131E+05
    0.22198E-02    0.11325E+05
    0.22646E-02    0.11521E+05
    0.23104E-02    0.11721E+05
    0.23571E-02    0.11922E+05
    0.24047E-02    0.12127E+05
    0.24533E-02    0.12335E+05
    0.25028E-02    0.12545E+05
    0.25534E-02    0.12758E+05
    0.26050E-02    0.12974E+05
    0.26576E-02    0.13193E+05
    0.27113E-02    0.13414E+05
    0.27660E-02    0.13639E+05
    0.28219E-02    0.13866E+05
    0.28789E-02    0.14096E+05
    0.29371E-02    0.14329E+05
    0.29964E-02    0.14564E+05
    0.30569E-02    0.14802E+05
    0.31187E-02    0.15043E+05
    0.31817E-02    0.15287E+05
    0.32460E-02    0.15533E+05
    0.33115E-02    0.15782E+05
    0.33784E-02    0.16034E+05
    0.34467E-02    0.16288E+05
    0.35163E-02    0.16545E+05
    0.35874E-02    0.16804E+05
    0.36598E-02    0.17066E+05
    0.37338E-02    0.17330E+05
    0.38092E-02    0.17597E+05
    0.38861E-02    0.17865E+05
    0.39646E-02    0.18137E+05
    0.40447E-02    0.18410E+05
    0.41264E-02    0.18685E+05
    0.42098E-02    0.18963E+05
    0.42948E-02    0.19242E+05
    0.43816E-02    0.19524E+05
    0.44701E-02    0.19807E+05
    0.45604E-02    0.20092E+05
    0.46525E-02    0.20378E+05
    0.47465E-02    0.20666E+05
    0.48424E-02    0.20955E+05
    0.49402E-02    0.21246E+05
    0.50400E-02    0.21538E+05
    0.51419E-02    0.21830E+05
    0.52457E-02    0.22124E+05
    0.53517E-02    0.22418E+05
    0.54598E-02    0.22713E+05
    0.55701E-02    0.23008E+05
    0.56826E-02    0.23304E+05
    0.57974E-02    0.23600E+05
    0.59145E-02    0.23895E+05
    0.60340E-02    0.24190E+05
    0.61559E-02    0.24485E+05
    0.62803E-02    0.24779E+05
    0.64072E-02    0.25073E+05
    0.65366E-02    0.25365E+05
    0.66686E-02    0.25655E+05
    0.68033E-02    0.25945E+05
    0.69408E-02    0.26232E+05
    0.70810E-02    0.26518E+05
    0.72240E-02    0.26801E+05
    0.73700E-02    0.27081E+05
    0.75189E-02    0.27359E+05
    0.76708E-02    0.27633E+05
    0.78257E-02    0.27904E+05
    0.79838E-02    0.28172E+05
    0.81451E-02    0.28435E+05
    0.83096E-02    0.28694E+05
    0.84775E-02    0.28948E+05
    0.86488E-02    0.29198E+05
    0.88235E-02    0.29442E+05
    0.90017E-02    0.29680E+05
    0.91836E-02    0.29912E+05
    0.93691E-02    0.30138E+05
    0.95583E-02    0.30358E+05
    0.97514E-02    0.30570E+05
    0.99484E-02    0.30775E+05
    0.10149E-01    0.30972E+05
    0.10354E-01    0.31161E+05
    0.10564E-01    0.31341E+05
    0.10777E-01    0.31512E+05
    0.10995E-01    0.31674E+05
    0.11217E-01    0.31826E+05
    0.11443E-01    0.31968E+05
    0.11675E-01    0.32099E+05
    0.11910E-01    0.32220E+05
    0.12151E-01    0.32330E+05
    0.12397E-01    0.32428E+05
    0.12647E-01    0.32515E+05
    0.12902E-01    0.32589E+05
    0.13163E-01    0.32650E+05
    0.13429E-01    0.32698E+05
    0.13700E-01    0.32731E+05
    0.13977E-01    0.32749E+05
    0.14259E-01    0.32753E+05
    0.14547E-01    0.32744E+05
    0.14841E-01    0.32722E+05
    0.15141E-01    0.32689E+05
    0.15447E-01    0.32647E+05
    0.15759E-01    0.32592E+05
    0.16077E-01    0.32524E+05
    0.16402E-01    0.32439E+05
    0.16734E-01    0.32335E+05
    0.17072E-01    0.32211E+05
    0.17416E-01    0.32067E+05
    0.17768E-01    0.31904E+05
    0.18127E-01    0.31725E+05
    0.18493E-01    0.31529E+05
    0.18867E-01    0.31319E+05
    0.19248E-01    0.31095E+05
    0.19637E-01    0.30853E+05
    0.20034E-01    0.30594E+05
    0.20438E-01    0.30317E+05
    0.20851E-01    0.30020E+05
    0.21272E-01    0.29704E+05
    0.21702E-01    0.29372E+05
    0.22141E-01    0.29026E+05
    0.22588E-01    0.28667E+05
    0.23044E-01    0.28298E+05
    0.23510E-01    0.27918E+05
    0.23985E-01    0.27528E+05
    0.24469E-01    0.27128E+05
    0.24964E-01    0.26720E+05
    0.25468E-01    0.26302E+05
    0.25982E-01    0.25876E+05
    0.26507E-01    0.25441E+05
    0.27043E-01    0.24998E+05
    0.27589E-01    0.24546E+05
    0.28146E-01    0.24088E+05
    0.28715E-01    0.23622E+05
    0.29295E-01    0.23151E+05
    0.29887E-01    0.22677E+05
    0.30490E-01    0.22200E+05
    0.31106E-01    0.21722E+05
    0.31735E-01    0.21243E+05
    0.32376E-01    0.20766E+05
    0.33030E-01    0.20291E+05
    0.33697E-01    0.19820E+05
    0.34378E-01    0.19353E+05
    0.35072E-01    0.18892E+05
    0.35781E-01    0.18440E+05
    0.36504E-01    0.17997E+05
    0.37241E-01    0.17565E+05
    0.37993E-01    0.17146E+05
    0.38761E-01    0.16739E+05
    0.39544E-01    0.16343E+05
    0.40343E-01    0.15959E+05
    0.41158E-01    0.15585E+05
    0.41989E-01    0.15221E+05
    0.42838E-01    0.14868E+05
    0.43703E-01    0.14529E+05
    0.44586E-01    0.14203E+05
    0.45486E-01    0.13893E+05
    0.46405E-01    0.13600E+05
    0.47343E-01    0.13322E+05
    0.48299E-01    0.13059E+05
    0.49275E-01    0.12808E+05
    0.50270E-01    0.12570E+05
    0.51286E-01    0.12343E+05
    0.52322E-01    0.12125E+05
    0.53379E-01    0.11916E+05
    0.54457E-01    0.11713E+05
    0.55557E-01    0.11517E+05
    0.56680E-01    0.11326E+05
    0.57825E-01    0.11139E+05
    0.58993E-01    0.10954E+05
    0.60184E-01    0.10770E+05
    0.61400E-01    0.10585E+05
    0.62641E-01    0.10396E+05
    0.63906E-01    0.10203E+05
    0.65197E-01    0.10002E+05
    0.66514E-01    0.97917E+04
    0.67858E-01    0.95715E+04
    0.69229E-01    0.93424E+04
    0.70627E-01    0.91055E+04
    0.72054E-01    0.88606E+04
    0.73510E-01    0.86055E+04
    0.74994E-01    0.83383E+04
    0.76509E-01    0.80598E+04
    0.78055E-01    0.77743E+04
    0.79632E-01    0.74852E+04
    0.81241E-01    0.71954E+04
    0.82882E-01    0.69069E+04
    0.84556E-01    0.66217E+04
    0.86264E-01    0.63427E+04
    0.88007E-01    0.60721E+04
    0.89785E-01    0.58126E+04
    0.91598E-01    0.55662E+04
    0.93449E-01    0.53350E+04
    0.95337E-01    0.51207E+04
    0.97263E-01    0.49248E+04
    0.99227E-01    0.47484E+04
    0.10123E+00    0.45912E+04
    0.10328E+00    0.44531E+04
    0.10536E+00    0.43325E+04
    0.10749E+00    0.42270E+04
    0.10966E+00    0.41342E+04
    0.11188E+00    0.40504E+04
    0.11414E+00    0.39722E+04
    0.11644E+00    0.38961E+04
    0.11880E+00    0.38186E+04
    0.12120E+00    0.37367E+04
    0.12365E+00    0.36479E+04
    0.12614E+00    0.35502E+04
    0.12869E+00    0.34426E+04
    0.13129E+00    0.33249E+04
    0.13394E+00    0.31980E+04
    0.13665E+00    0.30636E+04
    0.13941E+00    0.29242E+04
    0.14223E+00    0.27830E+04
    0.14510E+00    0.26435E+04
    0.14803E+00    0.25094E+04
    0.15102E+00    0.23843E+04
    0.15407E+00    0.22710E+04
    0.15718E+00    0.21716E+04
    0.16036E+00    0.20865E+04
    0.16360E+00    0.20150E+04
    0.16690E+00    0.19551E+04
    0.17028E+00    0.19040E+04
    0.17371E+00    0.18588E+04
    0.17722E+00    0.18162E+04
    0.18080E+00    0.17727E+04
    0.18446E+00    0.17254E+04
    0.18818E+00    0.16717E+04
    0.19198E+00    0.16107E+04
    0.19586E+00    0.15432E+04
    0.19982E+00    0.14713E+04
    0.20386E+00    0.13981E+04
    0.20797E+00    0.13266E+04
    0.21218E+00    0.12595E+04
    0.21646E+00    0.11992E+04
    0.22083E+00    0.11469E+04
    0.22530E+00    0.11030E+04
    0.22985E+00    0.10662E+04
    0.23449E+00    0.10342E+04
    0.23923E+00    0.10045E+04
    0.24406E+00    0.97441E+03
    0.24899E+00    0.94192E+03
    0.25402E+00    0.90595E+03
    0.25915E+00    0.86679E+03
    0.26439E+00    0.82596E+03
    0.26973E+00    0.78551E+03
    0.27518E+00    0.74739E+03
    0.28074E+00    0.71308E+03
    0.28641E+00    0.68321E+03
    0.29219E+00    0.65741E+03
    0.29810E+00    0.63442E+03
    0.30412E+00    0.61256E+03
    0.31026E+00    0.59033E+03
    0.31653E+00    0.56689E+03
    0.32292E+00    0.54228E+03
    0.32945E+00    0.51728E+03
    0.33610E+00    0.49307E+03
    0.34289E+00    0.47067E+03
    0.34982E+00    0.45055E+03
    0.35689E+00    0.43248E+03
    0.36409E+00    0.41574E+03
    0.37145E+00    0.39952E+03
    0.37895E+00    0.38316E+03
    0.38661E+00    0.36652E+03
    0.39442E+00    0.35001E+03
    0.40239E+00    0.33420E+03
    0.41052E+00    0.31946E+03
    0.41881E+00    0.30591E+03
    0.42727E+00    0.29327E+03
    0.43590E+00    0.28107E+03
    0.44471E+00    0.26908E+03
    0.45369E+00    0.25724E+03
    0.46286E+00    0.24574E+03
    0.47221E+00    0.23485E+03
    0.48174E+00    0.22462E+03
    0.49148E+00    0.21496E+03
    0.50141E+00    0.20571E+03
    0.51153E+00    0.19670E+03
    0.52187E+00    0.18797E+03
    0.53241E+00    0.17959E+03
    0.54317E+00    0.17164E+03
    0.55414E+00    0.16410E+03
    0.56533E+00    0.15688E+03
    0.57675E+00    0.14992E+03
    0.58840E+00    0.14322E+03
    0.60029E+00    0.13682E+03
    0.61242E+00    0.13071E+03
    0.62479E+00    0.12487E+03
    0.63741E+00    0.11929E+03
    0.65029E+00    0.11393E+03
    0.66342E+00    0.10881E+03
    0.67683E+00    0.10391E+03
    0.69050E+00    0.99223E+02
    0.70445E+00    0.94741E+02
    0.71868E+00    0.90457E+02
    0.73320E+00    0.86363E+02
    0.74801E+00    0.82450E+02
    0.76312E+00    0.78707E+02
    0.77854E+00    0.75127E+02
    0.79426E+00    0.71704E+02
    0.81031E+00    0.68430E+02
    0.82668E+00    0.65301E+02
    0.84338E+00    0.62310E+02
    0.86041E+00    0.59451E+02
    0.87780E+00    0.56719E+02
    0.89553E+00    0.54110E+02
    0.91362E+00    0.51617E+02
    0.93208E+00    0.49236E+02
    0.95091E+00    0.46963E+02
    0.97011E+00    0.44791E+02
    0.98971E+00    0.42717E+02
    0.10097E+01    0.40737E+02
    0.10301E+01    0.38847E+02
    0.10509E+01    0.37042E+02
    0.10721E+01    0.35319E+02
    0.10938E+01    0.33674E+02
    0.11159E+01    0.32104E+02
    0.11384E+01    0.30605E+02
    0.11614E+01    0.29174E+02
    0.11849E+01    0.27809E+02
    0.12088E+01    0.26507E+02
    0.12333E+01    0.25264E+02
    0.12582E+01    0.24077E+02
    0.12836E+01    0.22946E+02
    0.13095E+01    0.21866E+02
    0.13360E+01    0.20836E+02
    0.13630E+01    0.19853E+02
    0.13905E+01    0.18916E+02
    0.14186E+01    0.18022E+02
    0.14472E+01    0.17169E+02
    0.14765E+01    0.16355E+02
    0.15063E+01    0.15579E+02
    0.15367E+01    0.14839E+02
    0.15678E+01    0.14133E+02
    0.15994E+01    0.13460E+02
    0.16318E+01    0.12818E+02
    0.16647E+01    0.12206E+02
    0.16984E+01    0.11623E+02
    0.17327E+01    0.11066E+02
    0.17677E+01    0.10536E+02
    0.18034E+01    0.10030E+02
    0.18398E+01    0.95480E+01
    0.18770E+01    0.90886E+01
    0.19149E+01    0.86510E+01
    0.19536E+01    0.82339E+01
    0.19930E+01    0.78367E+01
    0.20333E+01    0.74583E+01
    0.20744E+01    0.70979E+01
    0.21163E+01    0.67547E+01
    0.21590E+01    0.64280E+01
    0.22026E+01    0.61169E+01
    0.22471E+01    0.58207E+01
    0.22925E+01    0.55388E+01
    0.23388E+01    0.52704E+01
    0.23861E+01    0.50151E+01
    0.24343E+01    0.47721E+01
