#          k/h    CDM            baryon         photon         nu             mass_nu        total          no_nu          total_de       Weyl           v_CDM          v_b            v_b-v_c     
   0.102076E-04   0.281941E+08   0.281941E+08   0.375752E+08   0.375747E+08   0.281942E+08   0.281941E+08   0.281941E+08   0.282035E+08  -0.465615E+00   0.979758E+07   0.979758E+07   0.739577E+01
   0.112819E-04   0.281936E+08   0.281936E+08   0.375707E+08   0.375701E+08   0.281937E+08   0.281936E+08   0.281936E+08   0.282030E+08  -0.465595E+00   0.979733E+07   0.979733E+07   0.817387E+01
   0.124693E-04   0.281929E+08   0.281929E+08   0.375652E+08   0.375645E+08   0.281930E+08   0.281929E+08   0.281929E+08   0.282023E+08  -0.465571E+00   0.979702E+07   0.979702E+07   0.903376E+01
   0.137816E-04   0.281920E+08   0.281920E+08   0.375584E+08   0.375576E+08   0.281921E+08   0.281921E+08   0.281920E+08   0.282014E+08  -0.465541E+00   0.979665E+07   0.979665E+07   0.998403E+01
   0.152321E-04   0.281910E+08   0.281910E+08   0.375502E+08   0.375492E+08   0.281911E+08   0.281910E+08   0.281910E+08   0.282004E+08  -0.465505E+00   0.979619E+07   0.979619E+07   0.110341E+02
   0.168352E-04   0.281898E+08   0.281898E+08   0.375402E+08   0.375389E+08   0.281899E+08   0.281898E+08   0.281898E+08   0.281992E+08  -0.465460E+00   0.979563E+07   0.979563E+07   0.121945E+02
   0.186070E-04   0.281882E+08   0.281882E+08   0.375279E+08   0.375264E+08   0.281883E+08   0.281882E+08   0.281882E+08   0.281976E+08  -0.465406E+00   0.979494E+07   0.979494E+07   0.134767E+02
   0.205653E-04   0.281864E+08   0.281864E+08   0.375129E+08   0.375111E+08   0.281865E+08   0.281864E+08   0.281864E+08   0.281957E+08  -0.465340E+00   0.979411E+07   0.979411E+07   0.148934E+02
   0.227297E-04   0.281841E+08   0.281841E+08   0.374946E+08   0.374924E+08   0.281842E+08   0.281841E+08   0.281841E+08   0.281934E+08  -0.465259E+00   0.979309E+07   0.979309E+07   0.164587E+02
   0.251219E-04   0.281813E+08   0.281813E+08   0.374723E+08   0.374695E+08   0.281814E+08   0.281813E+08   0.281813E+08   0.281906E+08  -0.465160E+00   0.979184E+07   0.979184E+07   0.181879E+02
   0.277659E-04   0.281779E+08   0.281779E+08   0.374450E+08   0.374416E+08   0.281780E+08   0.281779E+08   0.281779E+08   0.281872E+08  -0.465039E+00   0.979032E+07   0.979032E+07   0.200980E+02
   0.306881E-04   0.281737E+08   0.281737E+08   0.374117E+08   0.374076E+08   0.281738E+08   0.281737E+08   0.281737E+08   0.281831E+08  -0.464892E+00   0.978846E+07   0.978846E+07   0.222078E+02
   0.339179E-04   0.281686E+08   0.281686E+08   0.373711E+08   0.373661E+08   0.281687E+08   0.281686E+08   0.281686E+08   0.281780E+08  -0.464712E+00   0.978619E+07   0.978619E+07   0.245377E+02
   0.374876E-04   0.281624E+08   0.281624E+08   0.373215E+08   0.373154E+08   0.281625E+08   0.281624E+08   0.281624E+08   0.281717E+08  -0.464492E+00   0.978342E+07   0.978342E+07   0.271102E+02
   0.414330E-04   0.281548E+08   0.281548E+08   0.372610E+08   0.372535E+08   0.281549E+08   0.281548E+08   0.281548E+08   0.281641E+08  -0.464224E+00   0.978003E+07   0.978003E+07   0.299500E+02
   0.457936E-04   0.281456E+08   0.281456E+08   0.371872E+08   0.371781E+08   0.281457E+08   0.281456E+08   0.281456E+08   0.281549E+08  -0.463897E+00   0.977591E+07   0.977590E+07   0.330840E+02
   0.506132E-04   0.281343E+08   0.281342E+08   0.370973E+08   0.370861E+08   0.281344E+08   0.281343E+08   0.281343E+08   0.281435E+08  -0.463498E+00   0.977087E+07   0.977086E+07   0.365416E+02
   0.559400E-04   0.281205E+08   0.281205E+08   0.369877E+08   0.369741E+08   0.281206E+08   0.281205E+08   0.281205E+08   0.281297E+08  -0.463012E+00   0.976472E+07   0.976471E+07   0.403544E+02
   0.618274E-04   0.281037E+08   0.281036E+08   0.368542E+08   0.368376E+08   0.281037E+08   0.281037E+08   0.281037E+08   0.281129E+08  -0.462419E+00   0.975722E+07   0.975722E+07   0.445571E+02
   0.683345E-04   0.280831E+08   0.280831E+08   0.366916E+08   0.366715E+08   0.280832E+08   0.280831E+08   0.280831E+08   0.280923E+08  -0.461697E+00   0.974808E+07   0.974807E+07   0.491867E+02
   0.755264E-04   0.280581E+08   0.280581E+08   0.364939E+08   0.364694E+08   0.280582E+08   0.280581E+08   0.280581E+08   0.280672E+08  -0.460818E+00   0.973694E+07   0.973693E+07   0.542826E+02
   0.834752E-04   0.280276E+08   0.280276E+08   0.362537E+08   0.362239E+08   0.280277E+08   0.280276E+08   0.280276E+08   0.280367E+08  -0.459749E+00   0.972338E+07   0.972336E+07   0.598869E+02
   0.922605E-04   0.279905E+08   0.279904E+08   0.359621E+08   0.359260E+08   0.279906E+08   0.279905E+08   0.279905E+08   0.279995E+08  -0.458449E+00   0.970686E+07   0.970685E+07   0.660433E+02
   0.101971E-03   0.279453E+08   0.279452E+08   0.356088E+08   0.355649E+08   0.279453E+08   0.279453E+08   0.279453E+08   0.279542E+08  -0.456870E+00   0.968678E+07   0.968676E+07   0.727970E+02
   0.112702E-03   0.278903E+08   0.278902E+08   0.351812E+08   0.351281E+08   0.278903E+08   0.278903E+08   0.278903E+08   0.278991E+08  -0.454957E+00   0.966237E+07   0.966234E+07   0.801936E+02
   0.124564E-03   0.278234E+08   0.278233E+08   0.346650E+08   0.346009E+08   0.278235E+08   0.278234E+08   0.278234E+08   0.278321E+08  -0.452640E+00   0.963274E+07   0.963271E+07   0.882777E+02
   0.137674E-03   0.277423E+08   0.277421E+08   0.340435E+08   0.339661E+08   0.277423E+08   0.277422E+08   0.277422E+08   0.277507E+08  -0.449841E+00   0.959684E+07   0.959680E+07   0.970908E+02
   0.152163E-03   0.276438E+08   0.276437E+08   0.332974E+08   0.332046E+08   0.276439E+08   0.276438E+08   0.276438E+08   0.276521E+08  -0.446468E+00   0.955340E+07   0.955335E+07   0.106669E+03
   0.168178E-03   0.275247E+08   0.275245E+08   0.324056E+08   0.322944E+08   0.275247E+08   0.275247E+08   0.275247E+08   0.275328E+08  -0.442415E+00   0.950096E+07   0.950090E+07   0.117039E+03
   0.185878E-03   0.273809E+08   0.273806E+08   0.313445E+08   0.312120E+08   0.273808E+08   0.273808E+08   0.273808E+08   0.273886E+08  -0.437563E+00   0.943780E+07   0.943773E+07   0.128212E+03
   0.205440E-03   0.272075E+08   0.272072E+08   0.300897E+08   0.299327E+08   0.272074E+08   0.272074E+08   0.272074E+08   0.272149E+08  -0.431780E+00   0.936198E+07   0.936190E+07   0.140182E+03
   0.227062E-03   0.269992E+08   0.269988E+08   0.286166E+08   0.284318E+08   0.269991E+08   0.269991E+08   0.269991E+08   0.270063E+08  -0.424925E+00   0.927132E+07   0.927121E+07   0.152911E+03
   0.250959E-03   0.267498E+08   0.267494E+08   0.269030E+08   0.266872E+08   0.267498E+08   0.267498E+08   0.267498E+08   0.267565E+08  -0.416853E+00   0.916339E+07   0.916326E+07   0.166324E+03
   0.277372E-03   0.264527E+08   0.264521E+08   0.249319E+08   0.246823E+08   0.264525E+08   0.264526E+08   0.264526E+08   0.264588E+08  -0.407424E+00   0.903564E+07   0.903549E+07   0.180297E+03
   0.306564E-03   0.261004E+08   0.260998E+08   0.226963E+08   0.224109E+08   0.261002E+08   0.261003E+08   0.261003E+08   0.261059E+08  -0.396518E+00   0.888544E+07   0.888526E+07   0.194642E+03
   0.338828E-03   0.256855E+08   0.256847E+08   0.202045E+08   0.198828E+08   0.256852E+08   0.256853E+08   0.256854E+08   0.256904E+08  -0.384051E+00   0.871031E+07   0.871010E+07   0.209096E+03
   0.374488E-03   0.252006E+08   0.251996E+08   0.174875E+08   0.171306E+08   0.252002E+08   0.252004E+08   0.252004E+08   0.252047E+08  -0.370005E+00   0.850810E+07   0.850785E+07   0.223304E+03
   0.413901E-03   0.246390E+08   0.246379E+08   0.146059E+08   0.142174E+08   0.246386E+08   0.246388E+08   0.246388E+08   0.246424E+08  -0.354452E+00   0.827738E+07   0.827708E+07   0.236818E+03
   0.457462E-03   0.239960E+08   0.239947E+08   0.116560E+08   0.112418E+08   0.239955E+08   0.239958E+08   0.239958E+08   0.239987E+08  -0.337581E+00   0.801778E+07   0.801744E+07   0.249092E+03
   0.505608E-03   0.232694E+08   0.232678E+08   0.877113E+07   0.833904E+07   0.232687E+08   0.232691E+08   0.232691E+08   0.232712E+08  -0.319721E+00   0.773047E+07   0.773008E+07   0.259495E+03
   0.558821E-03   0.224607E+08   0.224588E+08   0.611476E+07   0.567257E+07   0.224599E+08   0.224603E+08   0.224604E+08   0.224618E+08  -0.301339E+00   0.741852E+07   0.741807E+07   0.267348E+03
   0.617635E-03   0.215766E+08   0.215745E+08   0.385983E+07   0.341251E+07   0.215756E+08   0.215762E+08   0.215763E+08   0.215771E+08  -0.283000E+00   0.708704E+07   0.708654E+07   0.271982E+03
   0.682638E-03   0.206294E+08   0.206270E+08   0.215240E+07   0.169808E+07   0.206282E+08   0.206290E+08   0.206290E+08   0.206295E+08  -0.265283E+00   0.674302E+07   0.674246E+07   0.272815E+03
   0.754482E-03   0.196368E+08   0.196340E+08   0.106288E+07   0.589446E+06   0.196352E+08   0.196363E+08   0.196363E+08   0.196365E+08  -0.248654E+00   0.639458E+07   0.639397E+07   0.269448E+03
   0.833888E-03   0.186204E+08   0.186172E+08   0.540893E+06   0.264861E+05   0.186184E+08   0.186197E+08   0.186198E+08   0.186198E+08  -0.233329E+00   0.604964E+07   0.604899E+07   0.261747E+03
   0.921651E-03   0.176029E+08   0.175994E+08   0.403928E+06  -0.174354E+06   0.176005E+08   0.176022E+08   0.176023E+08   0.176022E+08  -0.219197E+00   0.571441E+07   0.571372E+07   0.249882E+03
   0.101865E-02   0.166046E+08   0.166009E+08   0.393364E+06  -0.253643E+06   0.166018E+08   0.166038E+08   0.166040E+08   0.166039E+08  -0.205907E+00   0.539218E+07   0.539146E+07   0.234293E+03
   0.112586E-02   0.156402E+08   0.156362E+08   0.301657E+06  -0.377414E+06   0.156367E+08   0.156393E+08   0.156395E+08   0.156393E+08  -0.193120E+00   0.508345E+07   0.508272E+07   0.215588E+03
   0.124435E-02   0.147176E+08   0.147136E+08   0.101982E+06  -0.522424E+06   0.147134E+08   0.147167E+08   0.147169E+08   0.147167E+08  -0.180805E+00   0.478761E+07   0.478689E+07   0.194437E+03
   0.137531E-02   0.138407E+08   0.138365E+08  -0.552080E+05  -0.518636E+06   0.138355E+08   0.138397E+08   0.138400E+08   0.138396E+08  -0.169258E+00   0.450516E+07   0.450445E+07   0.171567E+03
   0.152006E-02   0.130121E+08   0.130081E+08  -0.452207E+05  -0.289337E+06   0.130058E+08   0.130110E+08   0.130114E+08   0.130110E+08  -0.158724E+00   0.423825E+07   0.423758E+07   0.147866E+03
   0.168004E-02   0.122355E+08   0.122316E+08   0.301009E+05  -0.218319E+06   0.122279E+08   0.122344E+08   0.122349E+08   0.122344E+08  -0.149037E+00   0.398872E+07   0.398809E+07   0.124472E+03
   0.185685E-02   0.115134E+08   0.115097E+08  -0.866550E+04  -0.166981E+06   0.115042E+08   0.115122E+08   0.115127E+08   0.115121E+08  -0.139949E+00   0.375642E+07   0.375584E+07   0.102621E+03
   0.205228E-02   0.108459E+08   0.108425E+08  -0.797449E+05  -0.127614E+06   0.108348E+08   0.108446E+08   0.108453E+08   0.108446E+08  -0.131626E+00   0.354093E+07   0.354042E+07   0.833466E+02
   0.226827E-02   0.102328E+08   0.102296E+08  -0.253459E+05  -0.973550E+05   0.102194E+08   0.102313E+08   0.102322E+08   0.102313E+08  -0.124128E+00   0.334306E+07   0.334260E+07   0.673632E+02
   0.250700E-02   0.967350E+07   0.967051E+07  -0.225555E+04  -0.754431E+05   0.965742E+07   0.967192E+07   0.967300E+07   0.967192E+07  -0.117135E+00   0.316228E+07   0.316186E+07   0.550480E+02
   0.277085E-02   0.916588E+07   0.916294E+07  -0.285471E+05  -0.579523E+05   0.914655E+07   0.916409E+07   0.916539E+07   0.916408E+07  -0.110940E+00   0.299755E+07   0.299717E+07   0.461809E+02
   0.306246E-02   0.870741E+07   0.870437E+07   0.290676E+05  -0.448269E+05   0.868420E+07   0.870533E+07   0.870690E+07   0.870534E+07  -0.105367E+00   0.284914E+07   0.284877E+07   0.399490E+02
   0.338478E-02   0.829486E+07   0.829162E+07   0.704342E+04  -0.350518E+05   0.826702E+07   0.829243E+07   0.829432E+07   0.829243E+07  -0.100223E+00   0.271488E+07   0.271452E+07   0.353319E+02
   0.374101E-02   0.792380E+07   0.792029E+07  -0.265285E+04  -0.271206E+05   0.789046E+07   0.792095E+07   0.792322E+07   0.792095E+07  -0.958056E-01   0.259438E+07   0.259403E+07   0.313845E+02
   0.413473E-02   0.758988E+07   0.758607E+07  -0.847186E+04  -0.213471E+05   0.755002E+07   0.758653E+07   0.758924E+07   0.758653E+07  -0.916450E-01   0.248542E+07   0.248508E+07   0.276639E+02
   0.456989E-02   0.728786E+07   0.728370E+07   0.195881E+04  -0.167541E+05   0.724031E+07   0.728392E+07   0.728716E+07   0.728392E+07  -0.879806E-01   0.238712E+07   0.238679E+07   0.242082E+02
   0.505085E-02   0.701264E+07   0.700805E+07  -0.375959E+04  -0.130626E+05   0.695605E+07   0.700801E+07   0.701187E+07   0.700801E+07  -0.847093E-01   0.229713E+07   0.229681E+07   0.212089E+02
   0.558243E-02   0.675918E+07   0.675405E+07  -0.470118E+04  -0.103688E+05   0.669205E+07   0.675373E+07   0.675832E+07   0.675373E+07  -0.815450E-01   0.221418E+07   0.221386E+07   0.187010E+02
   0.616996E-02   0.652257E+07   0.651677E+07   0.796944E+04  -0.821952E+04   0.644326E+07   0.651618E+07   0.652160E+07   0.651618E+07  -0.786266E-01   0.213672E+07   0.213641E+07   0.166386E+02
   0.681932E-02   0.629836E+07   0.629172E+07  -0.572378E+03  -0.648961E+04   0.620508E+07   0.629087E+07   0.629725E+07   0.629087E+07  -0.759042E-01   0.206319E+07   0.206289E+07   0.150123E+02
   0.753702E-02   0.608249E+07   0.607482E+07   0.374012E+04  -0.512481E+04   0.597336E+07   0.607375E+07   0.608120E+07   0.607375E+07  -0.732799E-01   0.199226E+07   0.199195E+07   0.136644E+02
   0.833025E-02   0.587126E+07   0.586239E+07   0.162558E+04  -0.404376E+04   0.574438E+07   0.586110E+07   0.586977E+07   0.586110E+07  -0.707130E-01   0.192273E+07   0.192243E+07   0.123872E+02
   0.920698E-02   0.566124E+07   0.565094E+07  -0.430060E+04  -0.317226E+04   0.551476E+07   0.564950E+07   0.565951E+07   0.564950E+07  -0.682006E-01   0.185353E+07   0.185322E+07   0.112980E+02
   0.101760E-01   0.544935E+07   0.543734E+07  -0.118637E+04  -0.249697E+04   0.528156E+07   0.543587E+07   0.544733E+07   0.543587E+07  -0.656257E-01   0.178369E+07   0.178337E+07   0.104301E+02
   0.112469E-01   0.523280E+07   0.521881E+07  -0.131103E+04  -0.196899E+04   0.504226E+07   0.521744E+07   0.523045E+07   0.521744E+07  -0.629553E-01   0.171218E+07   0.171186E+07   0.965706E+01
   0.124306E-01   0.500931E+07   0.499301E+07   0.542510E+03  -0.154210E+04   0.479488E+07   0.499193E+07   0.500657E+07   0.499193E+07  -0.602347E-01   0.163839E+07   0.163806E+07   0.898409E+01
   0.137389E-01   0.477700E+07   0.475806E+07  -0.125810E+04  -0.119958E+04   0.453800E+07   0.475751E+07   0.477382E+07   0.475751E+07  -0.574252E-01   0.156164E+07   0.156129E+07   0.841656E+01
   0.151849E-01   0.453449E+07   0.451255E+07  -0.757894E+03  -0.932257E+03   0.427072E+07   0.451282E+07   0.453081E+07   0.451282E+07  -0.544659E-01   0.148151E+07   0.148115E+07   0.791195E+01
   0.167830E-01   0.428639E+07   0.426113E+07  -0.169187E+03  -0.723223E+03   0.399797E+07   0.426250E+07   0.428215E+07   0.426250E+07  -0.514241E-01   0.139952E+07   0.139915E+07   0.747145E+01
   0.185493E-01   0.402610E+07   0.399723E+07  -0.234689E+03  -0.553267E+03   0.371421E+07   0.400001E+07   0.402125E+07   0.400001E+07  -0.482826E-01   0.131354E+07   0.131314E+07   0.706256E+01
   0.205016E-01   0.375716E+07   0.372450E+07  -0.184572E+02  -0.423584E+03   0.342378E+07   0.372900E+07   0.375168E+07   0.372900E+07  -0.449952E-01   0.122474E+07   0.122433E+07   0.667170E+01
   0.226592E-01   0.347841E+07   0.344192E+07   0.261621E+03  -0.320643E+03   0.312679E+07   0.344839E+07   0.347228E+07   0.344839E+07  -0.416114E-01   0.113279E+07   0.113236E+07   0.627592E+01
   0.250440E-01   0.319857E+07   0.315847E+07   0.886063E+02  -0.240800E+03   0.283232E+07   0.316698E+07   0.319184E+07   0.316698E+07  -0.382231E-01   0.104055E+07   0.104011E+07   0.585827E+01
   0.276798E-01   0.292100E+07   0.287781E+07   0.860784E+02  -0.180040E+03   0.254410E+07   0.288818E+07   0.291374E+07   0.288818E+07  -0.348540E-01   0.949160E+06   0.948712E+06   0.539778E+01
   0.305930E-01   0.264743E+07   0.260210E+07  -0.476745E+02  -0.133389E+03   0.226406E+07   0.261384E+07   0.263982E+07   0.261384E+07  -0.315456E-01   0.859209E+06   0.858762E+06   0.487894E+01
   0.338127E-01   0.238483E+07   0.233875E+07   0.345188E+02  -0.985195E+02   0.199874E+07   0.235093E+07   0.237709E+07   0.235093E+07  -0.283644E-01   0.772993E+06   0.772558E+06   0.429349E+01
   0.373714E-01   0.214107E+07   0.209608E+07   0.107067E+03  -0.723488E+02   0.175528E+07   0.210735E+07   0.213351E+07   0.210735E+07  -0.254258E-01   0.693104E+06   0.692695E+06   0.364360E+01
   0.413045E-01   0.192373E+07   0.188194E+07  -0.966236E+02  -0.530661E+02   0.153909E+07   0.189060E+07   0.191672E+07   0.189060E+07  -0.228165E-01   0.621996E+06   0.621630E+06   0.295043E+01
   0.454350E-01   0.174101E+07   0.170421E+07  -0.867564E+01  -0.397003E+02   0.135939E+07   0.170886E+07   0.173483E+07   0.170886E+07  -0.206217E-01   0.562380E+06   0.562069E+06   0.228197E+01
   0.495654E-01   0.159877E+07   0.156782E+07  -0.673609E+01  -0.306601E+02   0.121901E+07   0.156767E+07   0.159357E+07   0.156767E+07  -0.189156E-01   0.516070E+06   0.515817E+06   0.170597E+01
   0.536959E-01   0.148514E+07   0.146007E+07  -0.534906E+01  -0.242762E+02   0.110618E+07   0.145502E+07   0.148093E+07   0.145502E+07  -0.175557E-01   0.479129E+06   0.478929E+06   0.124260E+01
   0.578264E-01   0.139010E+07   0.137020E+07  -0.431429E+01  -0.195832E+02   0.101177E+07   0.136082E+07   0.138676E+07   0.136082E+07  -0.164203E-01   0.448245E+06   0.448089E+06   0.898363E+00
   0.619568E-01   0.130668E+07   0.129076E+07  -0.352809E+01  -0.160250E+02   0.929668E+06   0.127812E+07   0.130401E+07   0.127812E+07  -0.154238E-01   0.421128E+06   0.421004E+06   0.667521E+00
   0.660873E-01   0.122870E+07   0.121532E+07  -0.292019E+01  -0.132421E+02   0.854736E+06   0.120075E+07   0.122646E+07   0.120075E+07  -0.144902E-01   0.395751E+06   0.395645E+06   0.533814E+00
   0.702177E-01   0.115247E+07   0.114022E+07  -0.243704E+01  -0.110066E+02   0.784024E+06   0.112507E+07   0.115041E+07   0.112507E+07  -0.135761E-01   0.370918E+06   0.370818E+06   0.474826E+00
   0.743482E-01   0.107777E+07   0.106547E+07  -0.204175E+01  -0.918355E+01   0.717300E+06   0.105092E+07   0.107570E+07   0.105092E+07  -0.126804E-01   0.346568E+06   0.346465E+06   0.465792E+00
   0.784786E-01   0.100333E+07   0.990196E+06  -0.170869E+01  -0.766957E+01   0.653599E+06   0.977093E+06   0.100113E+07   0.977093E+06  -0.117896E-01   0.322312E+06   0.322199E+06   0.482188E+00
   0.826091E-01   0.931962E+06   0.917646E+06  -0.143136E+01  -0.642280E+01   0.594604E+06   0.906394E+06   0.929558E+06   0.906394E+06  -0.109373E-01   0.299071E+06   0.298946E+06   0.503976E+00
   0.867395E-01   0.865597E+06   0.850182E+06  -0.120539E+01  -0.540572E+01   0.541252E+06   0.840757E+06   0.863009E+06   0.840757E+06  -0.101458E-01   0.277485E+06   0.277351E+06   0.516431E+00
   0.918936E-01   0.792194E+06   0.776007E+06  -0.987737E+00  -0.440849E+01   0.483561E+06   0.768320E+06   0.789476E+06   0.768320E+06  -0.927086E-02   0.253655E+06   0.253516E+06   0.506651E+00
   0.970477E-01   0.731147E+06   0.715167E+06  -0.819392E+00  -0.364740E+01   0.436210E+06   0.708253E+06   0.728464E+06   0.708253E+06  -0.854589E-02   0.233892E+06   0.233757E+06   0.465942E+00
   0.102202E+00   0.683020E+06   0.668226E+06  -0.689439E+00  -0.307014E+01   0.398745E+06   0.661048E+06   0.680536E+06   0.661048E+06  -0.797695E-02   0.218363E+06   0.218240E+06   0.401394E+00
   0.107356E+00   0.646097E+06   0.633193E+06  -0.592124E+00  -0.263254E+01   0.369418E+06   0.624946E+06   0.643931E+06   0.624946E+06  -0.754132E-02   0.206492E+06   0.206388E+06   0.325902E+00
   0.112510E+00   0.616821E+06   0.606071E+06  -0.517039E+00  -0.229048E+01   0.345626E+06   0.596386E+06   0.615016E+06   0.596386E+06  -0.719615E-02   0.197107E+06   0.197021E+06   0.253245E+00
   0.117664E+00   0.591266E+06   0.582486E+06  -0.453815E+00  -0.200805E+01   0.324809E+06   0.571467E+06   0.589792E+06   0.571467E+06  -0.689555E-02   0.188919E+06   0.188851E+06   0.194273E+00
   0.122818E+00   0.566355E+06   0.559018E+06  -0.398830E+00  -0.176505E+01   0.305076E+06   0.547139E+06   0.565123E+06   0.547139E+06  -0.660244E-02   0.180924E+06   0.180867E+06   0.154768E+00
   0.127972E+00   0.540291E+06   0.533710E+06  -0.351437E+00  -0.155149E+01   0.285391E+06   0.521635E+06   0.539186E+06   0.521635E+06  -0.629451E-02   0.172535E+06   0.172483E+06   0.135064E+00
   0.133126E+00   0.512563E+06   0.506086E+06  -0.309261E+00  -0.136069E+01   0.265493E+06   0.494464E+06   0.511475E+06   0.494464E+06  -0.596632E-02   0.163591E+06   0.163539E+06   0.131109E+00
   0.138280E+00   0.483736E+06   0.476902E+06  -0.270675E+00  -0.118969E+01   0.245698E+06   0.466206E+06   0.482589E+06   0.466206E+06  -0.562554E-02   0.154283E+06   0.154227E+06   0.136378E+00
   0.143435E+00   0.455071E+06   0.447687E+06  -0.236719E+00  -0.103958E+01   0.226643E+06   0.438119E+06   0.453831E+06   0.438119E+06  -0.528686E-02   0.145027E+06   0.144965E+06   0.143981E+00
   0.148589E+00   0.428101E+06   0.420243E+06  -0.208177E+00  -0.911382E+00   0.209065E+06   0.411725E+06   0.426781E+06   0.411725E+06  -0.496815E-02   0.136326E+06   0.136260E+06   0.148382E+00
   0.153743E+00   0.404241E+06   0.396182E+06  -0.184146E+00  -0.803939E+00   0.193581E+06   0.388413E+06   0.402888E+06   0.388413E+06  -0.468670E-02   0.128641E+06   0.128573E+06   0.146411E+00
   0.158897E+00   0.384321E+06   0.376426E+06  -0.163925E+00  -0.715281E+00   0.180483E+06   0.368990E+06   0.382995E+06   0.368990E+06  -0.445254E-02   0.122239E+06   0.122173E+06   0.137466E+00
   0.164051E+00   0.368267E+06   0.360876E+06  -0.147512E+00  -0.643007E+00   0.169620E+06   0.353374E+06   0.367026E+06   0.353374E+06  -0.426419E-02   0.117094E+06   0.117034E+06   0.123070E+00
   0.169205E+00   0.355252E+06   0.348593E+06  -0.134215E+00  -0.583460E+00   0.160506E+06   0.340744E+06   0.354134E+06   0.340744E+06  -0.411159E-02   0.112936E+06   0.112882E+06   0.105996E+00
   0.174359E+00   0.344163E+06   0.338306E+06  -0.122705E+00  -0.532553E+00   0.152559E+06   0.329997E+06   0.343180E+06   0.329997E+06  -0.398187E-02   0.109399E+06   0.109352E+06   0.892944E-01
   0.179513E+00   0.333916E+06   0.328776E+06  -0.112317E+00  -0.487429E+00   0.145247E+06   0.320065E+06   0.333053E+06   0.320065E+06  -0.386220E-02   0.106129E+06   0.106089E+06   0.754470E-01
   0.184667E+00   0.323566E+06   0.318949E+06  -0.103008E+00  -0.446433E+00   0.138132E+06   0.310020E+06   0.322791E+06   0.310020E+06  -0.374100E-02   0.102821E+06   0.102784E+06   0.658568E-01
   0.189821E+00   0.312478E+06   0.308139E+06  -0.944339E-01  -0.408234E+00   0.130956E+06   0.299247E+06   0.311750E+06   0.299247E+06  -0.361083E-02   0.992682E+05   0.992336E+05   0.607112E-01
   0.194975E+00   0.300534E+06   0.296246E+06  -0.861801E-01  -0.372120E+00   0.123669E+06   0.287632E+06   0.299814E+06   0.287632E+06  -0.347072E-02   0.954349E+05   0.954003E+05   0.591784E-01
   0.200130E+00   0.288109E+06   0.283717E+06  -0.784142E-01  -0.338460E+00   0.116436E+06   0.275550E+06   0.287372E+06   0.275550E+06  -0.332507E-02   0.914446E+05   0.914087E+05   0.598107E-01
   0.205284E+00   0.275789E+06   0.271230E+06  -0.714729E-01  -0.307922E+00   0.109491E+06   0.263576E+06   0.275023E+06   0.263576E+06  -0.318052E-02   0.874878E+05   0.874503E+05   0.610124E-01
   0.210438E+00   0.264123E+06   0.259429E+06  -0.652960E-01  -0.280670E+00   0.103042E+06   0.252250E+06   0.263335E+06   0.252250E+06  -0.304374E-02   0.837444E+05   0.837057E+05   0.614528E-01
   0.215592E+00   0.253550E+06   0.248819E+06  -0.597457E-01  -0.256639E+00   0.972341E+05   0.242001E+06   0.252756E+06   0.242001E+06  -0.292014E-02   0.803566E+05   0.803176E+05   0.603315E-01
   0.220746E+00   0.244340E+06   0.239701E+06  -0.549317E-01  -0.235854E+00   0.921421E+05   0.233090E+06   0.243561E+06   0.233090E+06  -0.281269E-02   0.774114E+05   0.773734E+05   0.574601E-01
   0.225900E+00   0.236508E+06   0.232082E+06  -0.508820E-01  -0.218068E+00   0.877350E+05   0.225528E+06   0.235765E+06   0.225528E+06  -0.272137E-02   0.749128E+05   0.748768E+05   0.531770E-01
   0.231054E+00   0.229806E+06   0.225673E+06  -0.473488E-01  -0.202611E+00   0.838842E+05   0.219068E+06   0.229112E+06   0.219068E+06  -0.264337E-02   0.727792E+05   0.727459E+05   0.481517E-01
   0.236208E+00   0.223837E+06   0.220026E+06  -0.441338E-01  -0.188825E+00   0.804148E+05   0.213323E+06   0.223197E+06   0.213323E+06  -0.257412E-02   0.708820E+05   0.708514E+05   0.431503E-01
   0.241362E+00   0.218197E+06   0.214678E+06  -0.412341E-01  -0.176310E+00   0.771589E+05   0.207894E+06   0.217607E+06   0.207894E+06  -0.250864E-02   0.690890E+05   0.690609E+05   0.388263E-01
   0.246516E+00   0.212550E+06   0.209256E+06  -0.385930E-01  -0.164713E+00   0.739839E+05   0.202452E+06   0.211997E+06   0.202452E+06  -0.244290E-02   0.672915E+05   0.672652E+05   0.355793E-01
   0.251670E+00   0.206683E+06   0.203529E+06  -0.360553E-01  -0.153700E+00   0.708123E+05   0.196794E+06   0.206154E+06   0.196794E+06  -0.237461E-02   0.654212E+05   0.653960E+05   0.335043E-01
   0.256825E+00   0.200552E+06   0.197456E+06  -0.335959E-01  -0.143185E+00   0.676301E+05   0.190875E+06   0.200032E+06   0.190875E+06  -0.230327E-02   0.634639E+05   0.634389E+05   0.324247E-01
   0.261979E+00   0.194267E+06   0.191171E+06  -0.313108E-01  -0.133297E+00   0.644795E+05   0.184808E+06   0.193747E+06   0.184808E+06  -0.223005E-02   0.614563E+05   0.614311E+05   0.319866E-01
   0.267133E+00   0.188030E+06   0.184908E+06  -0.292091E-01  -0.124115E+00   0.614297E+05   0.178786E+06   0.187505E+06   0.178786E+06  -0.215732E-02   0.594633E+05   0.594379E+05   0.317774E-01
   0.272287E+00   0.182044E+06   0.178902E+06  -0.272398E-01  -0.115649E+00   0.585478E+05   0.173013E+06   0.181517E+06   0.173013E+06  -0.208767E-02   0.575518E+05   0.575261E+05   0.314345E-01
   0.277441E+00   0.176476E+06   0.173345E+06  -0.254355E-01  -0.107960E+00   0.558820E+05   0.167646E+06   0.175950E+06   0.167646E+06  -0.202298E-02   0.557750E+05   0.557495E+05   0.307214E-01
   0.282595E+00   0.171421E+06   0.168346E+06  -0.238484E-01  -0.101093E+00   0.534554E+05   0.162783E+06   0.170905E+06   0.162783E+06  -0.196426E-02   0.541647E+05   0.541396E+05   0.295577E-01
   0.287749E+00   0.166896E+06   0.163917E+06  -0.224347E-01  -0.949572E-01   0.512622E+05   0.158433E+06   0.166395E+06   0.158433E+06  -0.191173E-02   0.527248E+05   0.527006E+05   0.280077E-01
   0.292903E+00   0.162826E+06   0.159974E+06  -0.211316E-01  -0.894085E-01   0.492704E+05   0.154527E+06   0.162347E+06   0.154527E+06  -0.186463E-02   0.514319E+05   0.514089E+05   0.262348E-01
   0.298057E+00   0.159083E+06   0.156370E+06  -0.199434E-01  -0.843570E-01   0.474321E+05   0.150938E+06   0.158627E+06   0.150938E+06  -0.182135E-02   0.502437E+05   0.502219E+05   0.244421E-01
   0.303211E+00   0.155519E+06   0.152938E+06  -0.188707E-01  -0.797129E-01   0.456979E+05   0.147521E+06   0.155086E+06   0.147521E+06  -0.178009E-02   0.491128E+05   0.490920E+05   0.228137E-01
   0.308365E+00   0.152011E+06   0.149539E+06  -0.178584E-01  -0.753500E-01   0.440284E+05   0.144157E+06   0.151596E+06   0.144157E+06  -0.173947E-02   0.479989E+05   0.479790E+05   0.214733E-01
   0.313520E+00   0.148478E+06   0.146087E+06  -0.168756E-01  -0.711919E-01   0.423988E+05   0.140769E+06   0.148077E+06   0.140769E+06  -0.169862E-02   0.468763E+05   0.468571E+05   0.204652E-01
   0.318674E+00   0.144896E+06   0.142556E+06  -0.159485E-01  -0.672446E-01   0.408014E+05   0.137332E+06   0.144503E+06   0.137332E+06  -0.165717E-02   0.457374E+05   0.457185E+05   0.197580E-01
   0.323828E+00   0.141290E+06   0.138978E+06  -0.150854E-01  -0.635152E-01   0.392420E+05   0.133871E+06   0.140902E+06   0.133871E+06  -0.161537E-02   0.445902E+05   0.445715E+05   0.192655E-01
   0.328982E+00   0.137718E+06   0.135421E+06  -0.142596E-01  -0.599875E-01   0.377346E+05   0.130444E+06   0.137332E+06   0.130444E+06  -0.157401E-02   0.434537E+05   0.434351E+05   0.188770E-01
   0.334136E+00   0.134251E+06   0.131969E+06  -0.134741E-01  -0.566770E-01   0.362954E+05   0.127120E+06   0.133868E+06   0.127120E+06  -0.153394E-02   0.423511E+05   0.423326E+05   0.184878E-01
   0.339290E+00   0.130954E+06   0.128696E+06  -0.127576E-01  -0.536211E-01   0.349381E+05   0.123961E+06   0.130575E+06   0.123961E+06  -0.149582E-02   0.413034E+05   0.412851E+05   0.180224E-01
   0.344444E+00   0.127868E+06   0.125647E+06  -0.121059E-01  -0.508147E-01   0.336691E+05   0.121007E+06   0.127495E+06   0.121007E+06  -0.146013E-02   0.403234E+05   0.403054E+05   0.174468E-01
   0.349598E+00   0.124999E+06   0.122829E+06  -0.114940E-01  -0.482218E-01   0.324860E+05   0.118262E+06   0.124635E+06   0.118262E+06  -0.142702E-02   0.394132E+05   0.393956E+05   0.167676E-01
   0.354752E+00   0.122325E+06   0.120217E+06  -0.109241E-01  -0.458254E-01   0.313793E+05   0.115706E+06   0.121971E+06   0.115706E+06  -0.139621E-02   0.385655E+05   0.385485E+05   0.160224E-01
   0.359906E+00   0.119806E+06   0.117765E+06  -0.104069E-01  -0.436142E-01   0.303360E+05   0.113300E+06   0.119463E+06   0.113300E+06  -0.136716E-02   0.377674E+05   0.377510E+05   0.152645E-01
   0.365060E+00   0.117396E+06   0.115420E+06  -0.992547E-02  -0.415495E-01   0.293421E+05   0.110998E+06   0.117064E+06   0.110998E+06  -0.133936E-02   0.370041E+05   0.369882E+05   0.145470E-01
   0.370215E+00   0.115051E+06   0.113135E+06  -0.946067E-02  -0.395932E-01   0.283848E+05   0.108758E+06   0.114729E+06   0.108758E+06  -0.131235E-02   0.362613E+05   0.362458E+05   0.139097E-01
   0.375369E+00   0.112736E+06   0.110870E+06  -0.901973E-02  -0.377376E-01   0.274544E+05   0.106547E+06   0.112423E+06   0.106547E+06  -0.128569E-02   0.355278E+05   0.355127E+05   0.133716E-01
   0.380523E+00   0.110433E+06   0.108605E+06  -0.860921E-02  -0.359801E-01   0.265458E+05   0.104346E+06   0.110126E+06   0.104346E+06  -0.125911E-02   0.347976E+05   0.347829E+05   0.129300E-01
   0.385677E+00   0.108145E+06   0.106347E+06  -0.821587E-02  -0.343043E-01   0.256595E+05   0.102159E+06   0.107843E+06   0.102159E+06  -0.123271E-02   0.340719E+05   0.340574E+05   0.125653E-01
   0.390831E+00   0.105889E+06   0.104115E+06  -0.783410E-02  -0.327054E-01   0.248000E+05   0.100004E+06   0.105591E+06   0.100004E+06  -0.120672E-02   0.333564E+05   0.333420E+05   0.122479E-01
   0.395985E+00   0.103690E+06   0.101938E+06  -0.747653E-02  -0.311980E-01   0.239736E+05   0.979035E+05   0.103396E+06   0.979035E+05  -0.118139E-02   0.326590E+05   0.326448E+05   0.119476E-01
   0.401139E+00   0.101568E+06   0.998394E+05  -0.714613E-02  -0.297856E-01   0.231848E+05   0.958773E+05   0.101278E+06   0.958773E+05  -0.115691E-02   0.319862E+05   0.319722E+05   0.116396E-01
   0.406293E+00   0.995352E+05   0.978333E+05  -0.683131E-02  -0.284555E-01   0.224361E+05   0.939373E+05   0.992494E+05   0.939373E+05  -0.113350E-02   0.313418E+05   0.313281E+05   0.113098E-01
   0.411447E+00   0.975970E+05   0.959264E+05  -0.653111E-02  -0.272039E-01   0.217281E+05   0.920891E+05   0.973165E+05   0.920891E+05  -0.111122E-02   0.307279E+05   0.307144E+05   0.109558E-01
   0.416601E+00   0.957527E+05   0.941172E+05  -0.625437E-02  -0.260357E-01   0.210593E+05   0.903316E+05   0.954781E+05   0.903316E+05  -0.109001E-02   0.301441E+05   0.301309E+05   0.105849E-01
   0.421755E+00   0.939916E+05   0.923932E+05  -0.599752E-02  -0.249415E-01   0.204256E+05   0.886542E+05   0.937232E+05   0.886542E+05  -0.106975E-02   0.295868E+05   0.295739E+05   0.102105E-01
   0.426910E+00   0.922948E+05   0.907336E+05  -0.574991E-02  -0.239039E-01   0.198211E+05   0.870388E+05   0.920327E+05   0.870388E+05  -0.105026E-02   0.290500E+05   0.290374E+05   0.984740E-02
   0.432064E+00   0.906443E+05   0.891184E+05  -0.551304E-02  -0.229180E-01   0.192405E+05   0.854678E+05   0.903881E+05   0.854678E+05  -0.103133E-02   0.285280E+05   0.285157E+05   0.950808E-02
   0.437218E+00   0.890288E+05   0.875349E+05  -0.529257E-02  -0.219852E-01   0.186801E+05   0.839303E+05   0.887780E+05   0.839303E+05  -0.101276E-02   0.280170E+05   0.280050E+05   0.920010E-02
   0.442372E+00   0.874425E+05   0.859768E+05  -0.508312E-02  -0.210969E-01   0.181378E+05   0.824206E+05   0.871964E+05   0.824206E+05  -0.994531E-03   0.275152E+05   0.275034E+05   0.892501E-02
   0.447526E+00   0.858821E+05   0.844409E+05  -0.487857E-02  -0.202449E-01   0.176122E+05   0.809356E+05   0.856401E+05   0.809356E+05  -0.976625E-03   0.270215E+05   0.270099E+05   0.867894E-02
   0.452680E+00   0.843476E+05   0.829283E+05  -0.468356E-02  -0.194321E-01   0.171030E+05   0.794754E+05   0.841093E+05   0.794754E+05  -0.959017E-03   0.265361E+05   0.265246E+05   0.845437E-02
   0.457834E+00   0.828449E+05   0.814460E+05  -0.450175E-02  -0.186618E-01   0.166108E+05   0.780457E+05   0.826100E+05   0.780457E+05  -0.941751E-03   0.260607E+05   0.260494E+05   0.824253E-02
   0.462988E+00   0.813831E+05   0.800043E+05  -0.432781E-02  -0.179287E-01   0.161367E+05   0.766554E+05   0.811516E+05   0.766554E+05  -0.924966E-03   0.255983E+05   0.255872E+05   0.803561E-02
   0.468142E+00   0.799686E+05   0.786105E+05  -0.415928E-02  -0.172299E-01   0.156813E+05   0.753105E+05   0.797406E+05   0.753105E+05  -0.908753E-03   0.251511E+05   0.251401E+05   0.782819E-02
   0.473296E+00   0.786025E+05   0.772661E+05  -0.400112E-02  -0.165690E-01   0.152441E+05   0.740120E+05   0.783782E+05   0.740120E+05  -0.893089E-03   0.247192E+05   0.247084E+05   0.761794E-02
   0.478450E+00   0.772829E+05   0.759693E+05  -0.385380E-02  -0.159449E-01   0.148238E+05   0.727582E+05   0.770623E+05   0.727582E+05  -0.877944E-03   0.243022E+05   0.242916E+05   0.740552E-02
   0.483605E+00   0.760070E+05   0.747168E+05  -0.371177E-02  -0.153502E-01   0.144196E+05   0.715462E+05   0.757904E+05   0.715462E+05  -0.863319E-03   0.238991E+05   0.238887E+05   0.719382E-02
   0.488759E+00   0.747713E+05   0.735046E+05  -0.357458E-02  -0.147828E-01   0.140304E+05   0.703727E+05   0.745586E+05   0.703727E+05  -0.849173E-03   0.235088E+05   0.234986E+05   0.698677E-02
   0.493913E+00   0.735702E+05   0.723264E+05  -0.344619E-02  -0.142446E-01   0.136549E+05   0.692323E+05   0.733614E+05   0.692323E+05  -0.835410E-03   0.231295E+05   0.231194E+05   0.678814E-02
   0.499067E+00   0.723973E+05   0.711753E+05  -0.332494E-02  -0.137321E-01   0.132918E+05   0.681188E+05   0.721921E+05   0.681188E+05  -0.821960E-03   0.227591E+05   0.227492E+05   0.660054E-02
   0.504221E+00   0.712479E+05   0.700463E+05  -0.320645E-02  -0.132393E-01   0.129401E+05   0.670278E+05   0.710461E+05   0.670278E+05  -0.808800E-03   0.223960E+05   0.223863E+05   0.642506E-02
   0.509375E+00   0.701206E+05   0.689380E+05  -0.309216E-02  -0.127668E-01   0.125991E+05   0.659578E+05   0.699221E+05   0.659578E+05  -0.795901E-03   0.220400E+05   0.220305E+05   0.626124E-02
   0.514529E+00   0.690162E+05   0.678513E+05  -0.298508E-02  -0.123168E-01   0.122689E+05   0.649097E+05   0.688206E+05   0.649097E+05  -0.783246E-03   0.216912E+05   0.216818E+05   0.610740E-02
   0.519683E+00   0.679355E+05   0.667874E+05  -0.288280E-02  -0.118864E-01   0.119491E+05   0.638843E+05   0.677427E+05   0.638843E+05  -0.770863E-03   0.213499E+05   0.213407E+05   0.596111E-02
   0.524837E+00   0.668791E+05   0.657473E+05  -0.278267E-02  -0.114723E-01   0.116396E+05   0.628821E+05   0.666891E+05   0.628821E+05  -0.758779E-03   0.210164E+05   0.210072E+05   0.581990E-02
   0.529991E+00   0.658484E+05   0.647326E+05  -0.268710E-02  -0.110766E-01   0.113405E+05   0.619045E+05   0.656611E+05   0.619045E+05  -0.746990E-03   0.206909E+05   0.206819E+05   0.568179E-02
   0.535145E+00   0.648451E+05   0.637455E+05  -0.259771E-02  -0.107004E-01   0.110520E+05   0.609531E+05   0.646605E+05   0.609531E+05  -0.735500E-03   0.203742E+05   0.203653E+05   0.554561E-02
   0.540300E+00   0.638699E+05   0.627867E+05  -0.251163E-02  -0.103404E-01   0.107739E+05   0.600287E+05   0.636881E+05   0.600287E+05  -0.724341E-03   0.200664E+05   0.200577E+05   0.541105E-02
   0.545454E+00   0.629214E+05   0.618545E+05  -0.242762E-02  -0.999460E-02   0.105058E+05   0.591298E+05   0.627422E+05   0.591298E+05  -0.713505E-03   0.197671E+05   0.197585E+05   0.527851E-02
   0.550608E+00   0.619969E+05   0.609463E+05  -0.234811E-02  -0.966450E-02   0.102469E+05   0.582538E+05   0.618205E+05   0.582538E+05  -0.702937E-03   0.194754E+05   0.194669E+05   0.514882E-02
   0.555762E+00   0.610945E+05   0.600600E+05  -0.227323E-02  -0.934959E-02   0.999652E+04   0.573990E+05   0.609208E+05   0.573990E+05  -0.692612E-03   0.191908E+05   0.191824E+05   0.502297E-02
   0.560916E+00   0.602131E+05   0.591942E+05  -0.220030E-02  -0.904656E-02   0.975383E+04   0.565642E+05   0.600420E+05   0.565642E+05  -0.682539E-03   0.189127E+05   0.189045E+05   0.490183E-02
   0.566070E+00   0.593512E+05   0.583474E+05  -0.212931E-02  -0.875484E-02   0.951818E+04   0.557480E+05   0.591826E+05   0.557480E+05  -0.672699E-03   0.186409E+05   0.186327E+05   0.478589E-02
   0.571224E+00   0.585068E+05   0.575175E+05  -0.206236E-02  -0.847591E-02   0.928892E+04   0.549485E+05   0.583407E+05   0.549485E+05  -0.663049E-03   0.183746E+05   0.183666E+05   0.467514E-02
   0.576378E+00   0.576788E+05   0.567033E+05  -0.199865E-02  -0.820848E-02   0.906564E+04   0.541644E+05   0.575150E+05   0.541644E+05  -0.653579E-03   0.181134E+05   0.181055E+05   0.456924E-02
   0.581532E+00   0.568673E+05   0.559051E+05  -0.193610E-02  -0.795015E-02   0.884835E+04   0.533961E+05   0.567057E+05   0.533961E+05  -0.644313E-03   0.178575E+05   0.178497E+05   0.446756E-02
   0.586686E+00   0.560732E+05   0.551239E+05  -0.187566E-02  -0.770163E-02   0.863728E+04   0.526443E+05   0.559138E+05   0.526443E+05  -0.635249E-03   0.176070E+05   0.175993E+05   0.436938E-02
   0.591840E+00   0.552966E+05   0.543600E+05  -0.181882E-02  -0.746414E-02   0.843254E+04   0.519093E+05   0.551394E+05   0.519093E+05  -0.626374E-03   0.173621E+05   0.173546E+05   0.427403E-02
   0.596995E+00   0.545371E+05   0.536131E+05  -0.176422E-02  -0.723595E-02   0.823412E+04   0.511906E+05   0.543820E+05   0.511906E+05  -0.617695E-03   0.171227E+05   0.171152E+05   0.418097E-02
   0.602149E+00   0.537943E+05   0.528826E+05  -0.171053E-02  -0.701543E-02   0.804197E+04   0.504878E+05   0.536413E+05   0.504878E+05  -0.609222E-03   0.168885E+05   0.168811E+05   0.408990E-02
   0.607303E+00   0.530685E+05   0.521691E+05  -0.165912E-02  -0.680369E-02   0.785606E+04   0.498012E+05   0.529175E+05   0.498012E+05  -0.600941E-03   0.166596E+05   0.166524E+05   0.400080E-02
   0.612457E+00   0.523594E+05   0.514721E+05  -0.161071E-02  -0.660120E-02   0.767628E+04   0.491306E+05   0.522104E+05   0.491306E+05  -0.592842E-03   0.164361E+05   0.164289E+05   0.391378E-02
   0.659749E+00   0.464918E+05   0.457040E+05  -0.123552E-02  -0.505247E-02   0.626672E+04   0.435869E+05   0.463595E+05   0.435869E+05  -0.525954E-03   0.145875E+05   0.145811E+05   0.322902E-02
   0.710693E+00   0.412521E+05   0.405530E+05  -0.947603E-03  -0.386500E-02   0.509093E+04   0.386420E+05   0.411347E+05   0.386420E+05  -0.466283E-03   0.129380E+05   0.129323E+05   0.266281E-02
   0.765571E+00   0.365845E+05   0.359644E+05  -0.726226E-03  -0.295498E-02   0.412259E+04   0.342427E+05   0.364804E+05   0.342427E+05  -0.413196E-03   0.114694E+05   0.114644E+05   0.219603E-02
   0.895965E+00   0.283183E+05   0.278380E+05  -0.412497E-03  -0.167113E-02   0.262523E+04   0.264664E+05   0.282377E+05   0.264664E+05  -0.319363E-03   0.887132E+04   0.886740E+04   0.145881E-02
   0.125042E+01   0.163255E+05   0.160483E+05  -0.122537E-03  -0.494619E-03   0.968574E+03   0.152202E+05   0.162790E+05   0.152202E+05  -0.183687E-03   0.510813E+04   0.510583E+04   0.611716E-03
   0.174510E+01   0.931933E+04   0.916096E+04  -0.340899E-04  -0.143052E-03   0.341936E+03   0.867373E+04   0.929274E+04   0.867373E+04  -0.104871E-03   0.291364E+04   0.291229E+04   0.257424E-03
   0.243548E+01   0.527272E+04   0.518299E+04  -0.113975E-04  -0.430327E-04   0.115856E+03   0.490206E+04   0.525765E+04   0.490206E+04  -0.590059E-04   0.164766E+04   0.164686E+04   0.110061E-03
