#           k/h    P           
    0.10000E-03    0.23359E+05
    0.10202E-03    0.23812E+05
    0.10408E-03    0.24273E+05
    0.10618E-03    0.24743E+05
    0.10833E-03    0.25222E+05
    0.11052E-03    0.25711E+05
    0.11275E-03    0.26209E+05
    0.11503E-03    0.26716E+05
    0.11735E-03    0.27234E+05
    0.11972E-03    0.27761E+05
    0.12214E-03    0.28299E+05
    0.12461E-03    0.28847E+05
    0.12712E-03    0.29405E+05
    0.12969E-03    0.29974E+05
    0.13231E-03    0.30555E+05
    0.13499E-03    0.31146E+05
    0.13771E-03    0.31749E+05
    0.14049E-03    0.32364E+05
    0.14333E-03    0.32990E+05
    0.14623E-03    0.33629E+05
    0.14918E-03    0.34280E+05
    0.15220E-03    0.34943E+05
    0.15527E-03    0.35619E+05
    0.15841E-03    0.36308E+05
    0.16161E-03    0.37011E+05
    0.16487E-03    0.37727E+05
    0.16820E-03    0.38457E+05
    0.17160E-03    0.39201E+05
    0.17507E-03    0.39959E+05
    0.17860E-03    0.40732E+05
    0.18221E-03    0.41519E+05
    0.18589E-03    0.42322E+05
    0.18965E-03    0.43140E+05
    0.19348E-03    0.43974E+05
    0.19739E-03    0.44824E+05
    0.20138E-03    0.45691E+05
    0.20544E-03    0.46574E+05
    0.20959E-03    0.47474E+05
    0.21383E-03    0.48391E+05
    0.21815E-03    0.49326E+05
    0.22255E-03    0.50279E+05
    0.22705E-03    0.51250E+05
    0.23164E-03    0.52240E+05
    0.23632E-03    0.53248E+05
    0.24109E-03    0.54276E+05
    0.24596E-03    0.55324E+05
    0.25093E-03    0.56391E+05
    0.25600E-03    0.57480E+05
    0.26117E-03    0.58588E+05
    0.26645E-03    0.59718E+05
    0.27183E-03    0.60870E+05
    0.27732E-03    0.62044E+05
    0.28292E-03    0.63240E+05
    0.28864E-03    0.64459E+05
    0.29447E-03    0.65701E+05
    0.30042E-03    0.66966E+05
    0.30649E-03    0.68256E+05
    0.31268E-03    0.69570E+05
    0.31899E-03    0.70909E+05
    0.32544E-03    0.72274E+05
    0.33201E-03    0.73664E+05
    0.33872E-03    0.75081E+05
    0.34556E-03    0.76525E+05
    0.35254E-03    0.77996E+05
    0.35966E-03    0.79495E+05
    0.36693E-03    0.81022E+05
    0.37434E-03    0.82578E+05
    0.38190E-03    0.84163E+05
    0.38962E-03    0.85778E+05
    0.39749E-03    0.87424E+05
    0.40552E-03    0.89101E+05
    0.41371E-03    0.90809E+05
    0.42207E-03    0.92549E+05
    0.43060E-03    0.94321E+05
    0.43929E-03    0.96127E+05
    0.44817E-03    0.97967E+05
    0.45722E-03    0.99841E+05
    0.46646E-03    0.10175E+06
    0.47588E-03    0.10369E+06
    0.48550E-03    0.10568E+06
    0.49530E-03    0.10769E+06
    0.50531E-03    0.10975E+06
    0.51552E-03    0.11184E+06
    0.52593E-03    0.11397E+06
    0.53656E-03    0.11615E+06
    0.54739E-03    0.11836E+06
    0.55845E-03    0.12061E+06
    0.56973E-03    0.12290E+06
    0.58124E-03    0.12524E+06
    0.59299E-03    0.12762E+06
    0.60496E-03    0.13004E+06
    0.61719E-03    0.13251E+06
    0.62965E-03    0.13502E+06
    0.64237E-03    0.13758E+06
    0.65535E-03    0.14018E+06
    0.66859E-03    0.14284E+06
    0.68210E-03    0.14554E+06
    0.69588E-03    0.14829E+06
    0.70993E-03    0.15109E+06
    0.72427E-03    0.15394E+06
    0.73891E-03    0.15684E+06
    0.75383E-03    0.15979E+06
    0.76906E-03    0.16280E+06
    0.78460E-03    0.16586E+06
    0.80045E-03    0.16897E+06
    0.81662E-03    0.17215E+06
    0.83311E-03    0.17537E+06
    0.84994E-03    0.17866E+06
    0.86711E-03    0.18200E+06
    0.88463E-03    0.18541E+06
    0.90250E-03    0.18887E+06
    0.92073E-03    0.19240E+06
    0.93933E-03    0.19598E+06
    0.95831E-03    0.19963E+06
    0.97767E-03    0.20335E+06
    0.99742E-03    0.20713E+06
    0.10176E-02    0.21097E+06
    0.10381E-02    0.21488E+06
    0.10591E-02    0.21886E+06
    0.10805E-02    0.22291E+06
    0.11023E-02    0.22703E+06
    0.11246E-02    0.23122E+06
    0.11473E-02    0.23548E+06
    0.11705E-02    0.23981E+06
    0.11941E-02    0.24422E+06
    0.12182E-02    0.24870E+06
    0.12429E-02    0.25326E+06
    0.12680E-02    0.25789E+06
    0.12936E-02    0.26261E+06
    0.13197E-02    0.26740E+06
    0.13464E-02    0.27227E+06
    0.13736E-02    0.27722E+06
    0.14013E-02    0.28225E+06
    0.14296E-02    0.28737E+06
    0.14585E-02    0.29257E+06
    0.14880E-02    0.29785E+06
    0.15180E-02    0.30322E+06
    0.15487E-02    0.30868E+06
    0.15800E-02    0.31422E+06
    0.16119E-02    0.31986E+06
    0.16445E-02    0.32558E+06
    0.16777E-02    0.33139E+06
    0.17116E-02    0.33729E+06
    0.17462E-02    0.34329E+06
    0.17814E-02    0.34938E+06
    0.18174E-02    0.35556E+06
    0.18541E-02    0.36183E+06
    0.18916E-02    0.36820E+06
    0.19298E-02    0.37467E+06
    0.19688E-02    0.38123E+06
    0.20086E-02    0.38789E+06
    0.20491E-02    0.39465E+06
    0.20905E-02    0.40151E+06
    0.21328E-02    0.40846E+06
    0.21758E-02    0.41552E+06
    0.22198E-02    0.42267E+06
    0.22646E-02    0.42993E+06
    0.23104E-02    0.43729E+06
    0.23571E-02    0.44475E+06
    0.24047E-02    0.45231E+06
    0.24533E-02    0.45997E+06
    0.25028E-02    0.46774E+06
    0.25534E-02    0.47560E+06
    0.26050E-02    0.48357E+06
    0.26576E-02    0.49164E+06
    0.27113E-02    0.49982E+06
    0.27660E-02    0.50810E+06
    0.28219E-02    0.51647E+06
    0.28789E-02    0.52495E+06
    0.29371E-02    0.53354E+06
    0.29964E-02    0.54222E+06
    0.30569E-02    0.55100E+06
    0.31187E-02    0.55988E+06
    0.31817E-02    0.56886E+06
    0.32460E-02    0.57794E+06
    0.33115E-02    0.58712E+06
    0.33784E-02    0.59639E+06
    0.34467E-02    0.60575E+06
    0.35163E-02    0.61521E+06
    0.35874E-02    0.62476E+06
    0.36598E-02    0.63440E+06
    0.37338E-02    0.64413E+06
    0.38092E-02    0.65395E+06
    0.38861E-02    0.66385E+06
    0.39646E-02    0.67383E+06
    0.40447E-02    0.68389E+06
    0.41264E-02    0.69403E+06
    0.42098E-02    0.70424E+06
    0.42948E-02    0.71452E+06
    0.43816E-02    0.72487E+06
    0.44701E-02    0.73529E+06
    0.45604E-02    0.74577E+06
    0.46525E-02    0.75630E+06
    0.47465E-02    0.76689E+06
    0.48424E-02    0.77753E+06
    0.49402E-02    0.78821E+06
    0.50400E-02    0.79893E+06
    0.51419E-02    0.80969E+06
    0.52457E-02    0.82048E+06
    0.53517E-02    0.83130E+06
    0.54598E-02    0.84213E+06
    0.55701E-02    0.85298E+06
    0.56826E-02    0.86383E+06
    0.57974E-02    0.87469E+06
    0.59145E-02    0.88554E+06
    0.60340E-02    0.89638E+06
    0.61559E-02    0.90720E+06
    0.62803E-02    0.91800E+06
    0.64072E-02    0.92876E+06
    0.65366E-02    0.93947E+06
    0.66686E-02    0.95014E+06
    0.68033E-02    0.96074E+06
    0.69408E-02    0.97128E+06
    0.70810E-02    0.98173E+06
    0.72240E-02    0.99210E+06
    0.73700E-02    0.10024E+07
    0.75189E-02    0.10125E+07
    0.76708E-02    0.10226E+07
    0.78257E-02    0.10325E+07
    0.79838E-02    0.10423E+07
    0.81451E-02    0.10519E+07
    0.83096E-02    0.10614E+07
    0.84775E-02    0.10707E+07
    0.86488E-02    0.10798E+07
    0.88235E-02    0.10887E+07
    0.90017E-02    0.10973E+07
    0.91836E-02    0.11058E+07
    0.93691E-02    0.11140E+07
    0.95583E-02    0.11220E+07
    0.97514E-02    0.11297E+07
    0.99484E-02    0.11372E+07
    0.10149E-01    0.11443E+07
    0.10354E-01    0.11511E+07
    0.10564E-01    0.11577E+07
    0.10777E-01    0.11639E+07
    0.10995E-01    0.11697E+07
    0.11217E-01    0.11752E+07
    0.11443E-01    0.11803E+07
    0.11675E-01    0.11850E+07
    0.11910E-01    0.11893E+07
    0.12151E-01    0.11932E+07
    0.12397E-01    0.11967E+07
    0.12647E-01    0.11998E+07
    0.12902E-01    0.12024E+07
    0.13163E-01    0.12045E+07
    0.13429E-01    0.12061E+07
    0.13700E-01    0.12071E+07
    0.13977E-01    0.12076E+07
    0.14259E-01    0.12075E+07
    0.14547E-01    0.12069E+07
    0.14841E-01    0.12059E+07
    0.15141E-01    0.12044E+07
    0.15447E-01    0.12026E+07
    0.15759E-01    0.12003E+07
    0.16077E-01    0.11975E+07
    0.16402E-01    0.11941E+07
    0.16734E-01    0.11901E+07
    0.17072E-01    0.11852E+07
    0.17416E-01    0.11797E+07
    0.17768E-01    0.11735E+07
    0.18127E-01    0.11666E+07
    0.18493E-01    0.11592E+07
    0.18867E-01    0.11513E+07
    0.19248E-01    0.11427E+07
    0.19637E-01    0.11336E+07
    0.20034E-01    0.11238E+07
    0.20438E-01    0.11133E+07
    0.20851E-01    0.11021E+07
    0.21272E-01    0.10903E+07
    0.21702E-01    0.10778E+07
    0.22141E-01    0.10648E+07
    0.22588E-01    0.10513E+07
    0.23044E-01    0.10374E+07
    0.23510E-01    0.10232E+07
    0.23985E-01    0.10086E+07
    0.24469E-01    0.99359E+06
    0.24964E-01    0.97828E+06
    0.25468E-01    0.96264E+06
    0.25982E-01    0.94669E+06
    0.26507E-01    0.93043E+06
    0.27043E-01    0.91386E+06
    0.27589E-01    0.89700E+06
    0.28146E-01    0.87986E+06
    0.28715E-01    0.86249E+06
    0.29295E-01    0.84492E+06
    0.29887E-01    0.82723E+06
    0.30490E-01    0.80944E+06
    0.31106E-01    0.79160E+06
    0.31735E-01    0.77377E+06
    0.32376E-01    0.75599E+06
    0.33030E-01    0.73830E+06
    0.33697E-01    0.72075E+06
    0.34378E-01    0.70337E+06
    0.35072E-01    0.68623E+06
    0.35781E-01    0.66939E+06
    0.36504E-01    0.65290E+06
    0.37241E-01    0.63683E+06
    0.37993E-01    0.62120E+06
    0.38761E-01    0.60602E+06
    0.39544E-01    0.59126E+06
    0.40343E-01    0.57691E+06
    0.41158E-01    0.56295E+06
    0.41989E-01    0.54936E+06
    0.42838E-01    0.53619E+06
    0.43703E-01    0.52349E+06
    0.44586E-01    0.51133E+06
    0.45486E-01    0.49974E+06
    0.46405E-01    0.48875E+06
    0.47343E-01    0.47832E+06
    0.48299E-01    0.46842E+06
    0.49275E-01    0.45899E+06
    0.50270E-01    0.45001E+06
    0.51286E-01    0.44142E+06
    0.52322E-01    0.43317E+06
    0.53379E-01    0.42523E+06
    0.54457E-01    0.41755E+06
    0.55557E-01    0.41009E+06
    0.56680E-01    0.40281E+06
    0.57825E-01    0.39567E+06
    0.58993E-01    0.38863E+06
    0.60184E-01    0.38162E+06
    0.61400E-01    0.37457E+06
    0.62641E-01    0.36742E+06
    0.63906E-01    0.36008E+06
    0.65197E-01    0.35249E+06
    0.66514E-01    0.34459E+06
    0.67858E-01    0.33634E+06
    0.69229E-01    0.32779E+06
    0.70627E-01    0.31898E+06
    0.72054E-01    0.30991E+06
    0.73510E-01    0.30050E+06
    0.74994E-01    0.29068E+06
    0.76509E-01    0.28049E+06
    0.78055E-01    0.27008E+06
    0.79632E-01    0.25957E+06
    0.81241E-01    0.24906E+06
    0.82882E-01    0.23863E+06
    0.84556E-01    0.22834E+06
    0.86264E-01    0.21829E+06
    0.88007E-01    0.20856E+06
    0.89785E-01    0.19924E+06
    0.91598E-01    0.19040E+06
    0.93449E-01    0.18210E+06
    0.95337E-01    0.17441E+06
    0.97263E-01    0.16737E+06
    0.99227E-01    0.16101E+06
    0.10123E+00    0.15533E+06
    0.10328E+00    0.15030E+06
    0.10536E+00    0.14589E+06
    0.10749E+00    0.14199E+06
    0.10966E+00    0.13854E+06
    0.11188E+00    0.13539E+06
    0.11414E+00    0.13244E+06
    0.11644E+00    0.12957E+06
    0.11880E+00    0.12666E+06
    0.12120E+00    0.12361E+06
    0.12365E+00    0.12035E+06
    0.12614E+00    0.11680E+06
    0.12869E+00    0.11294E+06
    0.13129E+00    0.10877E+06
    0.13394E+00    0.10432E+06
    0.13665E+00    0.99638E+05
    0.13941E+00    0.94820E+05
    0.14223E+00    0.89967E+05
    0.14510E+00    0.85194E+05
    0.14803E+00    0.80620E+05
    0.15102E+00    0.76357E+05
    0.15407E+00    0.72495E+05
    0.15718E+00    0.69095E+05
    0.16036E+00    0.66168E+05
    0.16360E+00    0.63687E+05
    0.16690E+00    0.61585E+05
    0.17028E+00    0.59772E+05
    0.17371E+00    0.58149E+05
    0.17722E+00    0.56615E+05
    0.18080E+00    0.55065E+05
    0.18446E+00    0.53401E+05
    0.18818E+00    0.51551E+05
    0.19198E+00    0.49486E+05
    0.19586E+00    0.47232E+05
    0.19982E+00    0.44860E+05
    0.20386E+00    0.42465E+05
    0.20797E+00    0.40137E+05
    0.21218E+00    0.37959E+05
    0.21646E+00    0.35997E+05
    0.22083E+00    0.34291E+05
    0.22530E+00    0.32844E+05
    0.22985E+00    0.31619E+05
    0.23449E+00    0.30546E+05
    0.23923E+00    0.29546E+05
    0.24406E+00    0.28542E+05
    0.24899E+00    0.27474E+05
    0.25402E+00    0.26313E+05
    0.25915E+00    0.25068E+05
    0.26439E+00    0.23784E+05
    0.26973E+00    0.22521E+05
    0.27518E+00    0.21335E+05
    0.28074E+00    0.20266E+05
    0.28641E+00    0.19331E+05
    0.29219E+00    0.18519E+05
    0.29810E+00    0.17791E+05
    0.30412E+00    0.17101E+05
    0.31026E+00    0.16406E+05
    0.31653E+00    0.15683E+05
    0.32292E+00    0.14934E+05
    0.32945E+00    0.14181E+05
    0.33610E+00    0.13455E+05
    0.34289E+00    0.12785E+05
    0.34982E+00    0.12182E+05
    0.35689E+00    0.11639E+05
    0.36409E+00    0.11137E+05
    0.37145E+00    0.10653E+05
    0.37895E+00    0.10169E+05
    0.38661E+00    0.96822E+04
    0.39442E+00    0.92029E+04
    0.40239E+00    0.87463E+04
    0.41052E+00    0.83217E+04
    0.41881E+00    0.79316E+04
    0.42727E+00    0.75684E+04
    0.43590E+00    0.72199E+04
    0.44471E+00    0.68799E+04
    0.45369E+00    0.65467E+04
    0.46286E+00    0.62249E+04
    0.47221E+00    0.59216E+04
    0.48174E+00    0.56375E+04
    0.49148E+00    0.53704E+04
    0.50141E+00    0.51156E+04
    0.51153E+00    0.48694E+04
    0.52187E+00    0.46322E+04
    0.53241E+00    0.44057E+04
    0.54317E+00    0.41917E+04
    0.55414E+00    0.39894E+04
    0.56533E+00    0.37969E+04
    0.57675E+00    0.36126E+04
    0.58840E+00    0.34360E+04
    0.60029E+00    0.32679E+04
    0.61242E+00    0.31084E+04
    0.62479E+00    0.29569E+04
    0.63741E+00    0.28124E+04
    0.65029E+00    0.26748E+04
    0.66342E+00    0.25438E+04
    0.67683E+00    0.24191E+04
    0.69050E+00    0.23004E+04
    0.70445E+00    0.21875E+04
    0.71868E+00    0.20801E+04
    0.73320E+00    0.19779E+04
    0.74801E+00    0.18808E+04
    0.76312E+00    0.17883E+04
    0.77854E+00    0.17003E+04
    0.79426E+00    0.16166E+04
    0.81031E+00    0.15369E+04
    0.82668E+00    0.14611E+04
    0.84338E+00    0.13890E+04
    0.86041E+00    0.13204E+04
    0.87780E+00    0.12552E+04
    0.89553E+00    0.11931E+04
    0.91362E+00    0.11341E+04
    0.93208E+00    0.10781E+04
    0.95091E+00    0.10248E+04
    0.97011E+00    0.97407E+03
    0.98971E+00    0.92588E+03
    0.10097E+01    0.88007E+03
    0.10301E+01    0.83651E+03
    0.10509E+01    0.79511E+03
    0.10721E+01    0.75575E+03
    0.10938E+01    0.71832E+03
    0.11159E+01    0.68275E+03
    0.11384E+01    0.64893E+03
    0.11614E+01    0.61679E+03
    0.11849E+01    0.58623E+03
    0.12088E+01    0.55718E+03
    0.12333E+01    0.52957E+03
    0.12582E+01    0.50332E+03
    0.12836E+01    0.47837E+03
    0.13095E+01    0.45466E+03
    0.13360E+01    0.43211E+03
    0.13630E+01    0.41068E+03
    0.13905E+01    0.39031E+03
    0.14186E+01    0.37095E+03
    0.14472E+01    0.35255E+03
    0.14765E+01    0.33505E+03
    0.15063E+01    0.31842E+03
    0.15367E+01    0.30261E+03
    0.15678E+01    0.28758E+03
    0.15994E+01    0.27330E+03
    0.16318E+01    0.25972E+03
    0.16647E+01    0.24681E+03
    0.16984E+01    0.23455E+03
    0.17327E+01    0.22288E+03
    0.17677E+01    0.21180E+03
    0.18034E+01    0.20126E+03
    0.18398E+01    0.19125E+03
    0.18770E+01    0.18173E+03
    0.19149E+01    0.17268E+03
    0.19536E+01    0.16408E+03
    0.19930E+01    0.15591E+03
    0.20333E+01    0.14815E+03
    0.20744E+01    0.14077E+03
    0.21163E+01    0.13375E+03
    0.21590E+01    0.12709E+03
    0.22026E+01    0.12075E+03
    0.22471E+01    0.11473E+03
    0.22925E+01    0.10902E+03
    0.23388E+01    0.10358E+03
    0.23861E+01    0.98418E+02
    0.24343E+01    0.93512E+02
