  0.102076E-04  0.195572E+08  0.195572E+08  0.260629E+08  0.260625E+08  0.195573E+08  0.195572E+08  0.195572E+08  0.195637E+08 -0.453104E+00  0.879559E+07  0.879559E+07  0.581481E+01
  0.112819E-04  0.195571E+08  0.195571E+08  0.260599E+08  0.260594E+08  0.195572E+08  0.195571E+08  0.195571E+08  0.195636E+08 -0.453102E+00  0.879554E+07  0.879554E+07  0.642659E+01
  0.124693E-04  0.195571E+08  0.195571E+08  0.260562E+08  0.260556E+08  0.195572E+08  0.195571E+08  0.195571E+08  0.195636E+08 -0.453101E+00  0.879546E+07  0.879546E+07  0.710270E+01
  0.137816E-04  0.195570E+08  0.195570E+08  0.260517E+08  0.260510E+08  0.195571E+08  0.195570E+08  0.195570E+08  0.195635E+08 -0.453099E+00  0.879537E+07  0.879537E+07  0.784987E+01
  0.152321E-04  0.195569E+08  0.195569E+08  0.260462E+08  0.260453E+08  0.195570E+08  0.195569E+08  0.195569E+08  0.195634E+08 -0.453097E+00  0.879526E+07  0.879526E+07  0.867554E+01
  0.168352E-04  0.195568E+08  0.195568E+08  0.260395E+08  0.260384E+08  0.195569E+08  0.195568E+08  0.195568E+08  0.195633E+08 -0.453094E+00  0.879513E+07  0.879513E+07  0.958795E+01
  0.186070E-04  0.195567E+08  0.195567E+08  0.260313E+08  0.260300E+08  0.195567E+08  0.195567E+08  0.195567E+08  0.195632E+08 -0.453091E+00  0.879497E+07  0.879497E+07  0.105962E+02
  0.205653E-04  0.195565E+08  0.195565E+08  0.260213E+08  0.260197E+08  0.195566E+08  0.195565E+08  0.195565E+08  0.195630E+08 -0.453087E+00  0.879477E+07  0.879477E+07  0.117102E+02
  0.227297E-04  0.195563E+08  0.195563E+08  0.260091E+08  0.260071E+08  0.195564E+08  0.195563E+08  0.195563E+08  0.195628E+08 -0.453082E+00  0.879453E+07  0.879453E+07  0.129410E+02
  0.251219E-04  0.195560E+08  0.195560E+08  0.259942E+08  0.259918E+08  0.195561E+08  0.195561E+08  0.195560E+08  0.195626E+08 -0.453077E+00  0.879424E+07  0.879424E+07  0.143008E+02
  0.277659E-04  0.195558E+08  0.195557E+08  0.259760E+08  0.259731E+08  0.195558E+08  0.195558E+08  0.195558E+08  0.195622E+08 -0.453069E+00  0.879388E+07  0.879388E+07  0.158030E+02
  0.306881E-04  0.195554E+08  0.195554E+08  0.259537E+08  0.259502E+08  0.195555E+08  0.195554E+08  0.195554E+08  0.195619E+08 -0.453061E+00  0.879344E+07  0.879344E+07  0.174622E+02
  0.339179E-04  0.195549E+08  0.195549E+08  0.259266E+08  0.259223E+08  0.195550E+08  0.195549E+08  0.195549E+08  0.195614E+08 -0.453050E+00  0.879290E+07  0.879290E+07  0.192947E+02
  0.374876E-04  0.195544E+08  0.195544E+08  0.258935E+08  0.258882E+08  0.195545E+08  0.195544E+08  0.195544E+08  0.195609E+08 -0.453037E+00  0.879224E+07  0.879224E+07  0.213181E+02
  0.414330E-04  0.195537E+08  0.195537E+08  0.258531E+08  0.258466E+08  0.195538E+08  0.195537E+08  0.195537E+08  0.195602E+08 -0.453021E+00  0.879144E+07  0.879144E+07  0.235521E+02
  0.457936E-04  0.195529E+08  0.195529E+08  0.258038E+08  0.257959E+08  0.195530E+08  0.195529E+08  0.195529E+08  0.195594E+08 -0.453001E+00  0.879046E+07  0.879046E+07  0.260177E+02
  0.506132E-04  0.195519E+08  0.195519E+08  0.257438E+08  0.257341E+08  0.195520E+08  0.195519E+08  0.195519E+08  0.195584E+08 -0.452978E+00  0.878927E+07  0.878926E+07  0.287382E+02
  0.559400E-04  0.195507E+08  0.195507E+08  0.256705E+08  0.256588E+08  0.195508E+08  0.195507E+08  0.195507E+08  0.195571E+08 -0.452949E+00  0.878781E+07  0.878780E+07  0.317389E+02
  0.618274E-04  0.195492E+08  0.195492E+08  0.255814E+08  0.255671E+08  0.195493E+08  0.195492E+08  0.195492E+08  0.195556E+08 -0.452913E+00  0.878603E+07  0.878602E+07  0.350471E+02
  0.683345E-04  0.195474E+08  0.195474E+08  0.254728E+08  0.254555E+08  0.195475E+08  0.195474E+08  0.195474E+08  0.195538E+08 -0.452870E+00  0.878385E+07  0.878384E+07  0.386923E+02
  0.755264E-04  0.195452E+08  0.195452E+08  0.253408E+08  0.253197E+08  0.195453E+08  0.195452E+08  0.195452E+08  0.195516E+08 -0.452817E+00  0.878119E+07  0.878118E+07  0.427060E+02
  0.834752E-04  0.195425E+08  0.195425E+08  0.251804E+08  0.251547E+08  0.195426E+08  0.195425E+08  0.195425E+08  0.195488E+08 -0.452752E+00  0.877794E+07  0.877793E+07  0.471218E+02
  0.922605E-04  0.195393E+08  0.195392E+08  0.249857E+08  0.249545E+08  0.195393E+08  0.195393E+08  0.195392E+08  0.195455E+08 -0.452673E+00  0.877398E+07  0.877396E+07  0.519750E+02
  0.101971E-03  0.195352E+08  0.195352E+08  0.247497E+08  0.247119E+08  0.195353E+08  0.195352E+08  0.195352E+08  0.195414E+08 -0.452577E+00  0.876914E+07  0.876912E+07  0.573023E+02
  0.112702E-03  0.195303E+08  0.195303E+08  0.244642E+08  0.244184E+08  0.195304E+08  0.195303E+08  0.195303E+08  0.195364E+08 -0.452460E+00  0.876323E+07  0.876321E+07  0.631411E+02
  0.124564E-03  0.195244E+08  0.195243E+08  0.241195E+08  0.240642E+08  0.195244E+08  0.195244E+08  0.195243E+08  0.195304E+08 -0.452316E+00  0.875602E+07  0.875599E+07  0.695285E+02
  0.137674E-03  0.195171E+08  0.195169E+08  0.237044E+08  0.236378E+08  0.195171E+08  0.195170E+08  0.195170E+08  0.195230E+08 -0.452141E+00  0.874722E+07  0.874719E+07  0.764997E+02
  0.152163E-03  0.195081E+08  0.195080E+08  0.232063E+08  0.231262E+08  0.195082E+08  0.195081E+08  0.195081E+08  0.195139E+08 -0.451928E+00  0.873649E+07  0.873645E+07  0.840868E+02
  0.168178E-03  0.194973E+08  0.194971E+08  0.226108E+08  0.225149E+08  0.194973E+08  0.194973E+08  0.194972E+08  0.195029E+08 -0.451667E+00  0.872340E+07  0.872335E+07  0.923155E+02
  0.185878E-03  0.194840E+08  0.194838E+08  0.219023E+08  0.217881E+08  0.194840E+08  0.194840E+08  0.194840E+08  0.194894E+08 -0.451350E+00  0.870744E+07  0.870739E+07  0.101202E+03
  0.205440E-03  0.194678E+08  0.194676E+08  0.210645E+08  0.209291E+08  0.194678E+08  0.194678E+08  0.194678E+08  0.194731E+08 -0.450963E+00  0.868800E+07  0.868793E+07  0.110747E+03
  0.227062E-03  0.194481E+08  0.194478E+08  0.200810E+08  0.199216E+08  0.194481E+08  0.194481E+08  0.194481E+08  0.194531E+08 -0.450491E+00  0.866432E+07  0.866424E+07  0.120934E+03
  0.250959E-03  0.194241E+08  0.194238E+08  0.189368E+08  0.187508E+08  0.194241E+08  0.194241E+08  0.194241E+08  0.194288E+08 -0.449918E+00  0.863551E+07  0.863541E+07  0.131716E+03
  0.277372E-03  0.193949E+08  0.193945E+08  0.176206E+08  0.174058E+08  0.193948E+08  0.193948E+08  0.193948E+08  0.193992E+08 -0.449220E+00  0.860047E+07  0.860035E+07  0.143014E+03
  0.306564E-03  0.193593E+08  0.193588E+08  0.161275E+08  0.158825E+08  0.193592E+08  0.193592E+08  0.193592E+08  0.193632E+08 -0.448372E+00  0.855790E+07  0.855776E+07  0.154702E+03
  0.338828E-03  0.193161E+08  0.193154E+08  0.144628E+08  0.141876E+08  0.193159E+08  0.193160E+08  0.193160E+08  0.193196E+08 -0.447342E+00  0.850625E+07  0.850608E+07  0.166599E+03
  0.374488E-03  0.192636E+08  0.192628E+08  0.126464E+08  0.123435E+08  0.192633E+08  0.192634E+08  0.192634E+08  0.192665E+08 -0.446094E+00  0.844367E+07  0.844347E+07  0.178459E+03
  0.413901E-03  0.191998E+08  0.191989E+08  0.107178E+08  0.103924E+08  0.191995E+08  0.191997E+08  0.191997E+08  0.192023E+08 -0.444582E+00  0.836799E+07  0.836775E+07  0.189967E+03
  0.457462E-03  0.191227E+08  0.191216E+08  0.873948E+07  0.840017E+07  0.191222E+08  0.191225E+08  0.191225E+08  0.191246E+08 -0.442754E+00  0.827667E+07  0.827639E+07  0.200732E+03
  0.505608E-03  0.190294E+08  0.190281E+08  0.679751E+07  0.645685E+07  0.190288E+08  0.190291E+08  0.190292E+08  0.190308E+08 -0.440549E+00  0.816676E+07  0.816644E+07  0.210304E+03
  0.558821E-03  0.189168E+08  0.189153E+08  0.499680E+07  0.467039E+07  0.189161E+08  0.189165E+08  0.189166E+08  0.189178E+08 -0.437895E+00  0.803490E+07  0.803453E+07  0.218186E+03
  0.617635E-03  0.187814E+08  0.187796E+08  0.344711E+07  0.315174E+07  0.187805E+08  0.187810E+08  0.187811E+08  0.187819E+08 -0.434707E+00  0.787733E+07  0.787692E+07  0.223880E+03
  0.682638E-03  0.186188E+08  0.186168E+08  0.223926E+07  0.198926E+07  0.186177E+08  0.186184E+08  0.186185E+08  0.186190E+08 -0.430891E+00  0.768993E+07  0.768946E+07  0.226937E+03
  0.754482E-03  0.184245E+08  0.184222E+08  0.141409E+07  0.121627E+07  0.184231E+08  0.184241E+08  0.184241E+08  0.184244E+08 -0.426338E+00  0.746830E+07  0.746778E+07  0.227023E+03
  0.833888E-03  0.181931E+08  0.181906E+08  0.935308E+06  0.783811E+06  0.181914E+08  0.181926E+08  0.181927E+08  0.181928E+08 -0.420926E+00  0.720799E+07  0.720743E+07  0.223973E+03
  0.921651E-03  0.179190E+08  0.179161E+08  0.686121E+06  0.559874E+06  0.179169E+08  0.179184E+08  0.179185E+08  0.179186E+08 -0.414523E+00  0.690477E+07  0.690417E+07  0.217818E+03
  0.101865E-02  0.175962E+08  0.175930E+08  0.509839E+06  0.376166E+06  0.175936E+08  0.175955E+08  0.175956E+08  0.175956E+08 -0.406989E+00  0.655509E+07  0.655445E+07  0.208770E+03
  0.112586E-02  0.172185E+08  0.172151E+08  0.292961E+06  0.118823E+06  0.172153E+08  0.172178E+08  0.172179E+08  0.172178E+08 -0.398182E+00  0.615663E+07  0.615596E+07  0.197161E+03
  0.124435E-02  0.167803E+08  0.167767E+08  0.410667E+05 -0.191979E+06  0.167764E+08  0.167795E+08  0.167797E+08  0.167795E+08 -0.387969E+00  0.570909E+07  0.570841E+07  0.183383E+03
  0.137531E-02  0.162767E+08  0.162729E+08 -0.139191E+06 -0.426261E+06  0.162719E+08  0.162758E+08  0.162761E+08  0.162757E+08 -0.376239E+00  0.521503E+07  0.521434E+07  0.167898E+03
  0.152006E-02  0.157044E+08  0.157006E+08 -0.179564E+06 -0.498056E+06  0.156985E+08  0.157034E+08  0.157038E+08  0.157033E+08 -0.362917E+00  0.468077E+07  0.468008E+07  0.151315E+03
  0.168004E-02  0.150624E+08  0.150586E+08 -0.161539E+06  0.394399E+06  0.150553E+08  0.150613E+08  0.150618E+08  0.150613E+08 -0.347985E+00  0.411702E+07  0.411634E+07  0.134426E+03
  0.185685E-02  0.143530E+08  0.143491E+08 -0.193311E+06  0.362030E+06  0.143442E+08  0.143518E+08  0.143523E+08  0.143518E+08 -0.331494E+00  0.353907E+07  0.353841E+07  0.118089E+03
  0.205228E-02  0.135820E+08  0.135781E+08 -0.213306E+06  0.324822E+06  0.135713E+08  0.135806E+08  0.135813E+08  0.135806E+08 -0.313587E+00  0.296608E+07  0.296545E+07  0.103022E+03
  0.226827E-02  0.127595E+08  0.127557E+08 -0.149760E+06  0.284632E+06  0.127466E+08  0.127580E+08  0.127589E+08  0.127580E+08 -0.294501E+00  0.241938E+07  0.241877E+07  0.897267E+02
  0.250700E-02  0.118996E+08  0.118957E+08 -0.112819E+06  0.243448E+06  0.118838E+08  0.118979E+08  0.118989E+08  0.118979E+08 -0.274561E+00  0.191962E+07  0.191903E+07  0.784473E+02
  0.277085E-02  0.110189E+08  0.110150E+08 -0.921871E+05  0.203238E+06  0.109999E+08  0.110170E+08  0.110183E+08  0.110170E+08 -0.254161E+00  0.148342E+07  0.148285E+07  0.690053E+02
  0.306246E-02  0.101358E+08  0.101316E+08 -0.460463E+05  0.165743E+06  0.101127E+08  0.101335E+08  0.101351E+08  0.101335E+08 -0.233718E+00  0.112032E+07  0.111976E+07  0.608813E+02
  0.338478E-02  0.926748E+07  0.926314E+07 -0.325578E+05  0.132271E+06  0.923971E+07  0.926488E+07  0.926675E+07  0.926488E+07 -0.213636E+00  0.831386E+06  0.830844E+06  0.534994E+02
  0.374101E-02  0.842901E+07  0.842446E+07 -0.572939E+04  0.103569E+06  0.839559E+07  0.842599E+07  0.842825E+07  0.842600E+07 -0.194256E+00  0.610107E+06  0.609585E+06  0.464976E+02
  0.413473E-02  0.763158E+07  0.762680E+07  0.109499E+05  0.798135E+05  0.759147E+07  0.762806E+07  0.763077E+07  0.762806E+07 -0.175834E+00  0.445229E+06  0.444734E+06  0.399459E+02
  0.456989E-02  0.688240E+07  0.687734E+07  0.210194E+05  0.607204E+05  0.683444E+07  0.687829E+07  0.688155E+07  0.687830E+07 -0.158532E+00  0.324240E+06  0.323772E+06  0.341444E+02
  0.505085E-02  0.618519E+07  0.617975E+07  0.243308E+05  0.457235E+05  0.612804E+07  0.618039E+07  0.618428E+07  0.618040E+07 -0.142433E+00  0.235956E+06  0.235514E+06  0.292252E+02
  0.558243E-02  0.554098E+07  0.553505E+07  0.168618E+05  0.341465E+05  0.547318E+07  0.553537E+07  0.553999E+07  0.553537E+07 -0.127558E+00  0.171581E+06  0.171163E+06  0.249804E+02
  0.616996E-02  0.494898E+07  0.494247E+07  0.885708E+04  0.253253E+05  0.486896E+07  0.494243E+07  0.494789E+07  0.494243E+07 -0.113887E+00  0.124620E+06  0.124228E+06  0.211688E+02
  0.681932E-02  0.440726E+07  0.440005E+07  0.527159E+04  0.186710E+05  0.431336E+07  0.439964E+07  0.440605E+07  0.439964E+07 -0.101375E+00  0.903624E+05  0.899977E+05  0.178395E+02
  0.753702E-02  0.391324E+07  0.390514E+07  0.591084E+04  0.136912E+05  0.380378E+07  0.390440E+07  0.391188E+07  0.390440E+07 -0.899598E-01  0.653881E+05  0.650476E+05  0.150674E+02
  0.833025E-02  0.346397E+07  0.345481E+07  0.694784E+04  0.998923E+04  0.333734E+07  0.345378E+07  0.346243E+07  0.345378E+07 -0.795746E-01  0.472017E+05  0.468842E+05  0.127153E+02
  0.920698E-02  0.305642E+07  0.304596E+07  0.184563E+04  0.725289E+04  0.291117E+07  0.304474E+07  0.305466E+07  0.304474E+07 -0.701484E-01  0.339782E+05  0.336816E+05  0.107489E+02
  0.101760E-01  0.268755E+07  0.267554E+07  0.323080E+04  0.524067E+04  0.252250E+07  0.267426E+07  0.268554E+07  0.267426E+07 -0.616115E-01  0.243812E+05  0.241018E+05  0.915904E+01
  0.112469E-01  0.235444E+07  0.234058E+07  0.145998E+04  0.376803E+04  0.216882E+07  0.233944E+07  0.235211E+07  0.233944E+07 -0.538967E-01  0.174313E+05  0.171657E+05  0.787872E+01
  0.124306E-01  0.205432E+07  0.203827E+07  0.133246E+04  0.269528E+04  0.184788E+07  0.203754E+07  0.205163E+07  0.203754E+07 -0.469406E-01  0.124116E+05  0.121550E+05  0.688631E+01
  0.137389E-01  0.178460E+07  0.176601E+07  0.818698E+03  0.191744E+04  0.155768E+07  0.176600E+07  0.178148E+07  0.176600E+07 -0.406845E-01  0.879680E+04  0.854422E+04  0.613261E+01
  0.151849E-01  0.154287E+07  0.152139E+07  0.763030E+03  0.135613E+04  0.129652E+07  0.152247E+07  0.153926E+07  0.152247E+07 -0.350739E-01  0.620272E+04  0.594870E+04  0.558017E+01
  0.167830E-01  0.132824E+07  0.130350E+07  0.422921E+03  0.954060E+03  0.106406E+07  0.130610E+07  0.132409E+07  0.130610E+07 -0.300890E-01  0.435289E+04  0.409193E+04  0.518680E+01
  0.185493E-01  0.113613E+07  0.110784E+07  0.347368E+03  0.666141E+03  0.856985E+06  0.111240E+07  0.113138E+07  0.111240E+07 -0.256265E-01  0.303310E+04  0.276032E+04  0.490554E+01
  0.205016E-01  0.965942E+06  0.933883E+06  0.212835E+03  0.461762E+03  0.675578E+06  0.940851E+06  0.960560E+06  0.940851E+06 -0.216744E-01  0.209903E+04  0.181048E+04  0.469480E+01
  0.226592E-01  0.815331E+06  0.779456E+06  0.123836E+03  0.317388E+03  0.518750E+06  0.789214E+06  0.809308E+06  0.789214E+06 -0.181810E-01  0.144079E+04  0.113424E+04  0.451280E+01
  0.250440E-01  0.684178E+06  0.644677E+06  0.161393E+03  0.216606E+03  0.386712E+06  0.657433E+06  0.677546E+06  0.657433E+06 -0.151452E-01  0.982192E+03  0.657846E+03  0.432015E+01
  0.276798E-01  0.570816E+06  0.528209E+06  0.110666E+03  0.146792E+03  0.277951E+06  0.543904E+06  0.563662E+06  0.543904E+06 -0.125298E-01  0.665015E+03  0.326349E+03  0.408135E+01
  0.305930E-01  0.473317E+06  0.428533E+06  0.124850E+02  0.987528E+02  0.190294E+06  0.446744E+06  0.465797E+06  0.446744E+06 -0.102915E-01  0.447048E+03  0.101193E+03  0.377110E+01
  0.338127E-01  0.390645E+06  0.345076E+06  0.288519E+02  0.660658E+02  0.121892E+06  0.364937E+06  0.382994E+06  0.364937E+06 -0.840691E-02  0.298893E+03 -0.429981E+02  0.337290E+01
  0.373714E-01  0.321809E+06  0.277282E+06  0.313596E+02  0.441026E+02  0.707665E+05  0.297489E+06  0.314333E+06  0.297489E+06 -0.685312E-02  0.199429E+03 -0.123876E+03  0.288582E+01
  0.413045E-01  0.265698E+06  0.224324E+06  0.254340E+02  0.295274E+02  0.343797E+05  0.243234E+06  0.258751E+06  0.243234E+06 -0.560328E-02  0.133468E+03 -0.154843E+03  0.232841E+01
  0.454350E-01  0.222018E+06  0.185599E+06  0.202373E+02  0.202448E+02  0.111514E+05  0.201743E+06  0.215903E+06  0.201743E+06 -0.464746E-02  0.914807E+02 -0.149138E+03  0.176658E+01
  0.495654E-01  0.189632E+06  0.159039E+06  0.144619E+02  0.144671E+02 -0.280284E+04  0.171542E+06  0.184495E+06  0.171542E+06 -0.395174E-02  0.653582E+02 -0.123336E+03  0.126991E+01
  0.536959E-01  0.164880E+06  0.140135E+06  0.106938E+02  0.106971E+02 -0.111167E+05  0.148841E+06  0.160725E+06  0.148841E+06 -0.342878E-02  0.483181E+02 -0.912856E+02  0.867264E+00
  0.578264E-01  0.145284E+06  0.125693E+06  0.812214E+01  0.812406E+01 -0.157578E+05  0.131085E+06  0.141994E+06  0.131085E+06 -0.301974E-02  0.366908E+02 -0.623267E+02  0.571191E+00
  0.619568E-01  0.129271E+06  0.113639E+06  0.629706E+01  0.629818E+01 -0.179053E+05  0.116650E+06  0.126647E+06  0.116650E+06 -0.268720E-02  0.284415E+02 -0.421075E+02  0.379837E+00
  0.660873E-01  0.115684E+06  0.102578E+06  0.495211E+01  0.495288E+01 -0.183752E+05  0.104365E+06  0.113484E+06  0.104365E+06 -0.240419E-02  0.223644E+02 -0.330627E+02  0.279769E+00
  0.702177E-01  0.103808E+06  0.918139E+05  0.393137E+01  0.393212E+01 -0.176906E+05  0.935310E+05  0.101794E+06  0.935310E+05 -0.215462E-02  0.177540E+02 -0.349281E+02  0.250272E+00
  0.743482E-01  0.933374E+05  0.812800E+05  0.314453E+01  0.314542E+01 -0.162342E+05  0.838753E+05  0.913129E+05  0.838753E+05 -0.193219E-02  0.142012E+02 -0.453703E+02  0.267278E+00
  0.784786E-01  0.839236E+05  0.710148E+05  0.252727E+01  0.252836E+01 -0.142440E+05  0.751172E+05  0.817562E+05  0.751172E+05 -0.173043E-02  0.114148E+02 -0.608119E+02  0.307002E+00
  0.826091E-01  0.755871E+05  0.614839E+05  0.204397E+01  0.204524E+01 -0.119975E+05  0.673259E+05  0.732191E+05  0.673259E+05 -0.155095E-02  0.923328E+01 -0.772759E+02  0.349325E+00
  0.867395E-01  0.682841E+05  0.530663E+05  0.166597E+01  0.166733E+01 -0.974273E+04  0.605097E+05  0.657290E+05  0.605097E+05 -0.139393E-02  0.752697E+01 -0.911788E+02  0.379595E+00
  0.918936E-01  0.605442E+05  0.445383E+05  0.130875E+01  0.131011E+01 -0.713716E+04  0.533620E+05  0.578567E+05  0.533620E+05 -0.122927E-02  0.591413E+01 -0.101085E+03  0.388409E+00
  0.970477E-01  0.542229E+05  0.384089E+05  0.104802E+01  0.104923E+01 -0.489160E+04  0.476632E+05  0.515677E+05  0.476632E+05 -0.109799E-02  0.473631E+01 -0.100748E+03  0.362574E+00
  0.102202E+00  0.491690E+05  0.345312E+05  0.857875E+00  0.858861E+00 -0.306930E+04  0.432686E+05  0.467113E+05  0.432686E+05 -0.996755E-03  0.387687E+01 -0.909962E+02  0.309656E+00
  0.107356E+00  0.451454E+05  0.323887E+05  0.717291E+00  0.718028E+00 -0.168089E+04  0.399133E+05  0.430035E+05  0.399133E+05 -0.919460E-03  0.324106E+01 -0.750411E+02  0.243238E+00
  0.112510E+00  0.418552E+05  0.312466E+05  0.609719E+00  0.610230E+00 -0.677908E+03  0.372557E+05  0.400740E+05  0.372557E+05 -0.858239E-03  0.275439E+01 -0.572450E+02  0.177890E+00
  0.117664E+00  0.390244E+05  0.303795E+05  0.523445E+00  0.523786E+00  0.324319E+00  0.349745E+05  0.375729E+05  0.349745E+05 -0.805688E-03  0.236412E+01 -0.417830E+02  0.125157E+00
  0.122818E+00  0.364566E+05  0.292486E+05  0.451124E+00  0.451361E+00  0.396258E+03  0.328363E+05  0.352464E+05  0.328363E+05 -0.756430E-03  0.203715E+01 -0.315802E+02  0.913052E-01
  0.127972E+00  0.340369E+05  0.275793E+05  0.388657E+00  0.388849E+00  0.557404E+03  0.307123E+05  0.329526E+05  0.307123E+05 -0.707501E-03  0.175492E+01 -0.277605E+02  0.769359E-01
  0.133126E+00  0.317176E+05  0.253585E+05  0.334048E+00  0.334238E+00  0.544371E+03  0.285679E+05  0.306499E+05  0.285679E+05 -0.658103E-03  0.150838E+01 -0.296546E+02  0.780855E-01
  0.138280E+00  0.295016E+05  0.227785E+05  0.286494E+00  0.286703E+00  0.411868E+03  0.264390E+05  0.283727E+05  0.264390E+05 -0.609061E-03  0.129378E+01 -0.352674E+02  0.881971E-01
  0.143435E+00  0.274214E+05  0.201418E+05  0.245705E+00  0.245937E+00  0.208047E+03  0.244016E+05  0.261991E+05  0.244016E+05 -0.562126E-03  0.110996E+01 -0.420108E+02  0.100283E+00
  0.148589E+00  0.255222E+05  0.177621E+05  0.211472E+00  0.211716E+00 -0.205485E+02  0.225429E+05  0.242193E+05  0.225429E+05 -0.519309E-03  0.984652E+00 -0.474349E+02  0.108700E+00
  0.153743E+00  0.238463E+05  0.158804E+05  0.183485E+00  0.183749E+00 -0.238494E+03  0.209357E+05  0.225088E+05  0.209357E+05 -0.482282E-03 -0.343664E+01 -0.542241E+02  0.110194E+00
  0.158897E+00  0.224128E+05  0.146062E+05  0.160956E+00  0.161211E+00 -0.425452E+03  0.196133E+05  0.211020E+05  0.196133E+05 -0.451818E-03 -0.609210E+01 -0.557008E+02  0.104145E+00
  0.164051E+00  0.212044E+05  0.138981E+05  0.142797E+00  0.142989E+00 -0.567519E+03  0.185568E+05  0.199776E+05  0.185568E+05 -0.427482E-03  0.361015E-01 -0.452745E+02  0.921332E-01
  0.169205E+00  0.201755E+05  0.135978E+05  0.128117E+00  0.128280E+00 -0.655811E+03  0.177068E+05  0.190710E+05  0.177068E+05 -0.407901E-03 -0.148519E+01 -0.405680E+02  0.770492E-01
  0.174359E+00  0.192740E+05  0.134957E+05  0.115687E+00  0.115777E+00 -0.690799E+03  0.169902E+05  0.183038E+05  0.169902E+05 -0.391394E-03  0.741405E+01 -0.250276E+02  0.620660E-01
  0.179513E+00  0.184531E+05  0.133905E+05  0.105048E+00  0.105142E+00 -0.678552E+03  0.163387E+05  0.176030E+05  0.163387E+05 -0.376386E-03  0.143374E+00 -0.266430E+02  0.497752E-01
  0.184667E+00  0.176721E+05  0.131292E+05  0.953899E-01  0.954729E-01 -0.627829E+03  0.156965E+05  0.169093E+05  0.156965E+05 -0.361590E-03 -0.151587E+01 -0.245813E+02  0.416645E-01
  0.189821E+00  0.169016E+05  0.126343E+05  0.861510E-01  0.861195E-01 -0.551631E+03  0.150277E+05  0.161851E+05  0.150277E+05 -0.346190E-03  0.272577E+02  0.564815E+01  0.379748E-01
  0.194975E+00  0.161331E+05  0.119149E+05  0.781517E-01  0.782437E-01 -0.464905E+03  0.143260E+05  0.154249E+05  0.143260E+05 -0.330018E-03 -0.737592E+01 -0.295193E+02  0.378844E-01
  0.200130E+00  0.153775E+05  0.110516E+05  0.704096E-01  0.704779E-01 -0.378788E+03  0.136117E+05  0.146512E+05  0.136117E+05 -0.313566E-03 -0.408955E-01 -0.239909E+02  0.399198E-01
  0.205284E+00  0.146527E+05  0.101575E+05  0.633308E-01  0.633430E-01 -0.300866E+03  0.129160E+05  0.138980E+05  0.129160E+05 -0.297543E-03  0.186638E+02 -0.745911E+01  0.424485E-01
  0.210438E+00  0.139746E+05  0.934114E+04  0.575968E-01  0.577501E-01 -0.236299E+03  0.122676E+05  0.131966E+05  0.122676E+05 -0.282595E-03 -0.274356E+02 -0.552612E+02  0.441080E-01
  0.215592E+00  0.133551E+05  0.868252E+04  0.520754E-01  0.521440E-01 -0.187196E+03  0.116883E+05  0.125705E+05  0.116883E+05 -0.269256E-03  0.454741E+00 -0.280324E+02  0.440769E-01
  0.220746E+00  0.128017E+05  0.821940E+04  0.475497E-01  0.476130E-01 -0.152914E+03  0.111896E+05  0.120323E+05  0.111896E+05 -0.257769E-03  0.693416E+00 -0.272053E+02  0.421586E-01
  0.225900E+00  0.123136E+05  0.794219E+04  0.437155E-01  0.437774E-01 -0.132957E+03  0.107696E+05  0.115796E+05  0.107696E+05 -0.248093E-03 -0.130018E+01 -0.275080E+02  0.386999E-01
  0.231054E+00  0.118806E+05  0.780157E+04  0.403959E-01  0.404463E-01 -0.126141E+03  0.104128E+05  0.111957E+05  0.104128E+05 -0.239873E-03  0.188397E+00 -0.236349E+02  0.343940E-01
  0.236208E+00  0.114878E+05  0.772778E+04  0.374825E-01  0.375254E-01 -0.129571E+03  0.100968E+05  0.108565E+05  0.100968E+05 -0.232593E-03  0.249393E+00 -0.210205E+02  0.300376E-01
  0.241362E+00  0.111203E+05  0.765180E+04  0.348533E-01  0.348930E-01 -0.139333E+03  0.979953E+04  0.105379E+05  0.979953E+04 -0.225746E-03 -0.108331E+01 -0.201219E+02  0.263124E-01
  0.246516E+00  0.107656E+05  0.752113E+04  0.323957E-01  0.324277E-01 -0.151433E+03  0.950356E+04  0.102209E+05  0.950356E+04 -0.218928E-03  0.345529E+00 -0.171249E+02  0.236403E-01
  0.251670E+00  0.104154E+05  0.730906E+04  0.300866E-01  0.301165E-01 -0.161206E+03  0.919850E+04  0.989387E+04  0.919850E+04 -0.211900E-03  0.535424E-01 -0.166423E+02  0.221295E-01
  0.256825E+00  0.100669E+05  0.701740E+04  0.278979E-01  0.279264E-01 -0.164868E+03  0.888268E+04  0.955486E+04  0.888268E+04 -0.204625E-03  0.133925E+00 -0.165012E+02  0.216065E-01
  0.261979E+00  0.972269E+04  0.667168E+04  0.258464E-01  0.258759E-01 -0.160766E+03  0.856234E+04  0.921041E+04  0.856234E+04 -0.197245E-03 -0.644442E+00 -0.176961E+02  0.217117E-01
  0.267133E+00  0.938853E+04  0.630995E+04  0.236444E-01  0.235630E-01 -0.149166E+03  0.824777E+04  0.887162E+04  0.824777E+04 -0.190014E-03  0.592712E+02  0.416350E+02  0.220228E-01
  0.272287E+00  0.907017E+04  0.597052E+04  0.222067E-01  0.222343E-01 -0.131221E+03  0.794938E+04  0.854972E+04  0.794938E+04 -0.183125E-03  0.121250E+00 -0.179735E+02  0.221677E-01
  0.277441E+00  0.877213E+04  0.568261E+04  0.206497E-01  0.206764E-01 -0.109106E+03  0.767506E+04  0.825338E+04  0.767506E+04 -0.176806E-03  0.187246E+00 -0.180301E+02  0.219033E-01
  0.282595E+00  0.849707E+04  0.546114E+04  0.193670E-01  0.194300E-01 -0.849340E+02  0.742908E+04  0.798732E+04  0.742908E+04 -0.171134E-03 -0.226705E+02 -0.405852E+02  0.211466E-01
  0.287749E+00  0.824518E+04  0.530509E+04  0.180368E-01  0.180603E-01 -0.600652E+02  0.721130E+04  0.775152E+04  0.721130E+04 -0.166123E-03  0.137474E+00 -0.170831E+02  0.199632E-01
  0.292903E+00  0.801392E+04  0.519981E+04  0.169301E-01  0.169477E-01 -0.352368E+02  0.701744E+04  0.754141E+04  0.701744E+04 -0.161657E-03  0.258729E+01 -0.136766E+02  0.185223E-01
  0.298057E+00  0.779883E+04  0.512255E+04  0.159479E-01  0.159673E-01 -0.112752E+02  0.684043E+04  0.734947E+04  0.684043E+04 -0.157579E-03  0.682681E-01 -0.151528E+02  0.170349E-01
  0.303211E+00  0.759493E+04  0.504944E+04  0.150279E-01  0.150436E-01  0.111519E+02  0.667262E+04  0.716753E+04  0.667262E+04 -0.153714E-03  0.138864E+01 -0.128761E+02  0.156933E-01
  0.308365E+00  0.739788E+04  0.496139E+04  0.141779E-01  0.141948E-01  0.310785E+02  0.650762E+04  0.698878E+04  0.650762E+04 -0.149912E-03 -0.513544E+00 -0.140358E+02  0.146278E-01
  0.313520E+00  0.720480E+04  0.484780E+04  0.133648E-01  0.133804E-01  0.470659E+02  0.634141E+04  0.680905E+04  0.634141E+04 -0.146083E-03 -0.332000E+00 -0.133839E+02  0.138869E-01
  0.318674E+00  0.701448E+04  0.470755E+04  0.125914E-01  0.126061E-01  0.575964E+02  0.617281E+04  0.662713E+04  0.617281E+04 -0.142199E-03 -0.192423E+00 -0.130326E+02  0.134406E-01
  0.323828E+00  0.682727E+04  0.454767E+04  0.118574E-01  0.118713E-01  0.618732E+02  0.600312E+04  0.644452E+04  0.600312E+04 -0.138290E-03  0.535789E-01 -0.127626E+02  0.132020E-01
  0.328982E+00  0.664462E+04  0.438013E+04  0.111674E-01  0.111810E-01  0.597496E+02  0.583531E+04  0.626440E+04  0.583531E+04 -0.134425E-03 -0.103358E-01 -0.128887E+02  0.130582E-01
  0.334136E+00  0.646844E+04  0.421818E+04  0.105238E-01  0.105369E-01  0.519444E+02  0.567300E+04  0.609061E+04  0.567300E+04 -0.130686E-03  0.776822E-01 -0.128456E+02  0.129017E-01
  0.339290E+00  0.630053E+04  0.407278E+04  0.992872E-02  0.994097E-02  0.400029E+02  0.551939E+04  0.592648E+04  0.551939E+04 -0.127147E-03  0.427016E+00 -0.124448E+02  0.126550E-01
  0.344444E+00  0.614197E+04  0.395025E+04  0.938780E-02  0.940087E-02  0.259068E+02  0.537645E+04  0.577397E+04  0.537645E+04 -0.123854E-03 -0.794969E+00 -0.134782E+02  0.122831E-01
  0.349598E+00  0.599282E+04  0.385138E+04  0.888138E-02  0.889079E-02  0.114034E+02  0.524448E+04  0.563327E+04  0.524448E+04 -0.120814E-03  0.195915E+01 -0.104002E+02  0.117929E-01
  0.354752E+00  0.585231E+04  0.377213E+04  0.843026E-02  0.844123E-02 -0.196991E+01  0.512233E+04  0.550304E+04  0.512233E+04 -0.118000E-03 -0.150738E+00 -0.120867E+02  0.112235E-01
  0.359906E+00  0.571912E+04  0.370549E+04  0.800738E-02  0.801743E-02 -0.130567E+02  0.500798E+04  0.538102E+04  0.500798E+04 -0.115366E-03  0.361227E-01 -0.114334E+02  0.106304E-01
  0.365060E+00  0.559179E+04  0.364357E+04  0.757017E-02  0.756338E-02 -0.211723E+02  0.489912E+04  0.526467E+04  0.489912E+04 -0.112862E-03  0.163758E+02  0.535655E+01  0.100689E-01
  0.370215E+00  0.546889E+04  0.357946E+04  0.724512E-02  0.725436E-02 -0.259984E+02  0.479358E+04  0.515164E+04  0.479358E+04 -0.110427E-03 -0.411417E+00 -0.110446E+02  0.958090E-02
  0.375369E+00  0.534917E+04  0.350864E+04  0.689338E-02  0.690157E-02 -0.272502E+02  0.468970E+04  0.504014E+04  0.468970E+04 -0.108034E-03  0.180393E+00 -0.101576E+02  0.918696E-02
  0.380523E+00  0.523186E+04  0.342960E+04  0.656160E-02  0.656982E-02 -0.248560E+02  0.458665E+04  0.492925E+04  0.458665E+04 -0.105660E-03 -0.273856E+00 -0.104096E+02  0.888528E-02
  0.385677E+00  0.511688E+04  0.334389E+04  0.624463E-02  0.625232E-02 -0.190164E+02  0.448460E+04  0.481919E+04  0.448460E+04 -0.103309E-03 -0.297266E-01 -0.100379E+02  0.865621E-02
  0.390831E+00  0.500466E+04  0.325515E+04  0.594497E-02  0.595236E-02 -0.102157E+02  0.438442E+04  0.471091E+04  0.438442E+04 -0.101001E-03  0.147187E-01 -0.990893E+01  0.846989E-02
  0.395985E+00  0.489584E+04  0.316781E+04  0.566341E-02  0.567080E-02  0.740729E+00  0.428723E+04  0.460569E+04  0.428723E+04 -0.987624E-04 -0.275970E+00 -0.101231E+02  0.829515E-02
  0.401139E+00  0.479088E+04  0.308572E+04  0.539815E-02  0.540511E-02  0.126075E+02  0.419392E+04  0.450457E+04  0.419392E+04 -0.966129E-04 -0.626010E-01 -0.981149E+01  0.810691E-02
  0.406293E+00  0.469002E+04  0.301134E+04  0.515028E-02  0.515692E-02  0.240326E+02  0.410497E+04  0.440817E+04  0.410497E+04 -0.945639E-04 -0.639364E-03 -0.961159E+01  0.789082E-02
  0.411447E+00  0.459340E+04  0.294558E+04  0.491867E-02  0.492499E-02  0.338256E+02  0.402054E+04  0.431673E+04  0.402054E+04 -0.926187E-04  0.345461E-01 -0.939439E+01  0.764441E-02
  0.416601E+00  0.450099E+04  0.288779E+04  0.470208E-02  0.470807E-02  0.411133E+02  0.394043E+04  0.423013E+04  0.394043E+04 -0.907734E-04  0.676859E-01 -0.914331E+01  0.737533E-02
  0.421755E+00  0.441245E+04  0.283598E+04  0.449940E-02  0.450526E-02  0.454535E+02  0.386405E+04  0.414775E+04  0.386405E+04 -0.890138E-04 -0.151464E+00 -0.912513E+01  0.709748E-02
  0.426910E+00  0.432713E+04  0.278745E+04  0.430751E-02  0.431296E-02  0.469737E+02  0.379049E+04  0.406861E+04  0.379049E+04 -0.873193E-04  0.258381E-01 -0.871072E+01  0.682653E-02
  0.432064E+00  0.424443E+04  0.273965E+04  0.412650E-02  0.413187E-02  0.461446E+02  0.371890E+04  0.399177E+04  0.371890E+04 -0.856701E-04 -0.252170E+00 -0.876931E+01  0.657569E-02
  0.437218E+00  0.416397E+04  0.269082E+04  0.394746E-02  0.395024E-02  0.435555E+02  0.364877E+04  0.391662E+04  0.364877E+04 -0.840553E-04  0.315693E+01 -0.516995E+01  0.635302E-02
  0.442372E+00  0.408554E+04  0.264020E+04  0.378834E-02  0.379292E-02  0.397852E+02  0.357985E+04  0.384286E+04  0.357985E+04 -0.824670E-04  0.262986E+00 -0.790658E+01  0.616037E-02
  0.447526E+00  0.400896E+04  0.258786E+04  0.363194E-02  0.363652E-02  0.352960E+02  0.351204E+04  0.377035E+04  0.351204E+04 -0.809049E-04 -0.132325E-01 -0.805488E+01  0.599407E-02
  0.452680E+00  0.393412E+04  0.253456E+04  0.348212E-02  0.348646E-02  0.303149E+02  0.344540E+04  0.369912E+04  0.344540E+04 -0.793697E-04  0.105408E+00 -0.782884E+01  0.584668E-02
  0.457834E+00  0.386113E+04  0.248162E+04  0.333953E-02  0.334365E-02  0.249829E+02  0.338023E+04  0.362950E+04  0.338023E+04 -0.778684E-04  0.222250E+00 -0.761384E+01  0.570935E-02
  0.462988E+00  0.379025E+04  0.243048E+04  0.321048E-02  0.321670E-02  0.194908E+02  0.331696E+04  0.356194E+04  0.331696E+04 -0.764099E-04 -0.341721E+01 -0.111537E+02  0.557405E-02
  0.468142E+00  0.372164E+04  0.238220E+04  0.308559E-02  0.309278E-02  0.140841E+02  0.325589E+04  0.349674E+04  0.325589E+04 -0.750028E-04 -0.534559E+01 -0.129735E+02  0.543528E-02
  0.473296E+00  0.365528E+04  0.233723E+04  0.295587E-02  0.295968E-02  0.904080E+01  0.319712E+04  0.343397E+04  0.319712E+04 -0.736501E-04  0.206492E-01 -0.748619E+01  0.529077E-02
  0.478450E+00  0.359106E+04  0.229547E+04  0.284168E-02  0.284546E-02  0.468486E+01  0.314055E+04  0.337352E+04  0.314055E+04 -0.723468E-04 -0.191391E+00 -0.756562E+01  0.514133E-02
  0.483605E+00  0.352888E+04  0.225644E+04  0.273621E-02  0.274096E-02  0.124854E+01  0.308605E+04  0.331523E+04  0.308605E+04 -0.710910E-04 -0.218327E+01 -0.941755E+01  0.499000E-02
  0.488759E+00  0.346865E+04  0.221942E+04  0.262992E-02  0.263330E-02 -0.122724E+01  0.303344E+04  0.325890E+04  0.303344E+04 -0.698796E-04  0.152280E-01 -0.707773E+01  0.484093E-02
  0.493913E+00  0.341018E+04  0.218359E+04  0.253148E-02  0.253451E-02 -0.285425E+01  0.298244E+04  0.320423E+04  0.298244E+04 -0.687048E-04  0.396348E+00 -0.655991E+01  0.469808E-02
  0.499067E+00  0.335324E+04  0.214817E+04  0.244100E-02  0.244498E-02 -0.383455E+01  0.293273E+04  0.315090E+04  0.293273E+04 -0.675593E-04 -0.161291E+01 -0.844168E+01  0.456435E-02
  0.504221E+00  0.329764E+04  0.211270E+04  0.234945E-02  0.235245E-02 -0.443180E+01  0.288409E+04  0.309869E+04  0.288409E+04 -0.664390E-04  0.108228E-01 -0.670202E+01  0.444100E-02
  0.509375E+00  0.324333E+04  0.207707E+04  0.226403E-02  0.226690E-02 -0.485896E+01  0.283642E+04  0.304751E+04  0.283642E+04 -0.653409E-04  0.582393E-01 -0.655017E+01  0.432768E-02
  0.514529E+00  0.319030E+04  0.204149E+04  0.218244E-02  0.218524E-02 -0.520021E+01  0.278976E+04  0.299741E+04  0.278976E+04 -0.642661E-04  0.194187E-01 -0.649394E+01  0.422270E-02
  0.519683E+00  0.313855E+04  0.200629E+04  0.210313E-02  0.210536E-02 -0.546320E+01  0.274416E+04  0.294844E+04  0.274416E+04 -0.632158E-04  0.977600E+00 -0.544676E+01  0.412369E-02
  0.524837E+00  0.308806E+04  0.197184E+04  0.202974E-02  0.203234E-02 -0.565090E+01  0.269966E+04  0.290064E+04  0.269966E+04 -0.621904E-04  0.565708E-01 -0.628125E+01  0.402820E-02
  0.529991E+00  0.303884E+04  0.193849E+04  0.195922E-02  0.196200E-02 -0.578735E+01  0.265631E+04  0.285408E+04  0.265631E+04 -0.611916E-04 -0.521948E+00 -0.677274E+01  0.393424E-02
  0.535145E+00  0.299093E+04  0.190652E+04  0.189043E-02  0.189283E-02 -0.596158E+01  0.261419E+04  0.280885E+04  0.261419E+04 -0.602215E-04  0.101342E+00 -0.606010E+01  0.384066E-02
  0.540300E+00  0.294434E+04  0.187602E+04  0.182542E-02  0.182770E-02 -0.633935E+01  0.257331E+04  0.276497E+04  0.257331E+04 -0.592799E-04  0.193899E+00 -0.587546E+01  0.374717E-02
  0.545454E+00  0.289902E+04  0.184688E+04  0.176391E-02  0.176629E-02 -0.706690E+01  0.253360E+04  0.272236E+04  0.253360E+04 -0.583650E-04 -0.203714E+00 -0.617902E+01  0.365424E-02
  0.550608E+00  0.285484E+04  0.181882E+04  0.170437E-02  0.170658E-02 -0.818013E+01  0.249493E+04  0.268089E+04  0.249493E+04 -0.574741E-04  0.135703E-01 -0.586729E+01  0.356282E-02
  0.555762E+00  0.281176E+04  0.179160E+04  0.164749E-02  0.164958E-02 -0.958163E+01  0.245721E+04  0.264047E+04  0.245721E+04 -0.566052E-04  0.120065E+00 -0.566783E+01  0.347398E-02
  0.560916E+00  0.276974E+04  0.176500E+04  0.159325E-02  0.159531E-02 -0.110407E+02  0.242039E+04  0.260103E+04  0.242039E+04 -0.557572E-04  0.793573E-02 -0.569017E+01  0.338866E-02
  0.566070E+00  0.272871E+04  0.173883E+04  0.154123E-02  0.154326E-02 -0.122143E+02  0.238444E+04  0.256250E+04  0.238444E+04 -0.549290E-04 -0.757545E-01 -0.568832E+01  0.330740E-02
  0.571224E+00  0.268860E+04  0.171295E+04  0.148999E-02  0.149149E-02 -0.127660E+02  0.234929E+04  0.252478E+04  0.234929E+04 -0.541196E-04  0.106242E+01 -0.446922E+01  0.323030E-02
  0.576378E+00  0.264934E+04  0.168734E+04  0.142960E-02  0.142645E-02 -0.124775E+02  0.231491E+04  0.248782E+04  0.231491E+04 -0.533303E-04  0.126454E+02  0.719042E+01  0.315704E-02
  0.581532E+00  0.261094E+04  0.166208E+04  0.139792E-02  0.140004E-02 -0.112913E+02  0.228130E+04  0.245162E+04  0.228130E+04 -0.525527E-04 -0.773204E+00 -0.615493E+01  0.308704E-02
  0.586686E+00  0.257341E+04  0.163731E+04  0.135282E-02  0.135453E-02 -0.931253E+01  0.224849E+04  0.241623E+04  0.224849E+04 -0.517972E-04  0.106023E+00 -0.520476E+01  0.301959E-02
  0.591840E+00  0.253675E+04  0.161314E+04  0.131015E-02  0.131170E-02 -0.679532E+01  0.221649E+04  0.238167E+04  0.221649E+04 -0.510601E-04  0.387565E+00 -0.485353E+01  0.295401E-02
  0.596995E+00  0.250091E+04  0.158962E+04  0.127199E-02  0.127443E-02 -0.404709E+01  0.218525E+04  0.234790E+04  0.218525E+04 -0.503397E-04 -0.213754E+01 -0.730939E+01  0.288982E-02
  0.602149E+00  0.246587E+04  0.156679E+04  0.123077E-02  0.123237E-02 -0.134356E+01  0.215473E+04  0.231491E+04  0.215473E+04 -0.496372E-04  0.301462E-02 -0.509963E+01  0.282674E-02
  0.607303E+00  0.243165E+04  0.154467E+04  0.119325E-02  0.119480E-02  0.109690E+01  0.212493E+04  0.228272E+04  0.212493E+04 -0.489508E-04 -0.844947E-02 -0.504194E+01  0.276477E-02
  0.612457E+00  0.239822E+04  0.152322E+04  0.115829E-02  0.116022E-02  0.310751E+01  0.209583E+04  0.225130E+04  0.209583E+04 -0.482800E-04 -0.118294E+01 -0.614765E+01  0.270404E-02
  0.659749E+00  0.212281E+04  0.134595E+04  0.882245E-03  0.883393E-03 -0.518881E+01  0.185423E+04  0.199237E+04  0.185423E+04 -0.427148E-04  0.192944E-01 -0.438736E+01  0.222805E-02
  0.710693E+00  0.187849E+04  0.118915E+04  0.673011E-03  0.674022E-03 -0.516506E+01  0.164048E+04  0.176274E+04  0.164048E+04 -0.377907E-04 -0.495707E+00 -0.440463E+01  0.183472E-02
  0.765571E+00  0.166208E+04  0.105054E+04  0.512992E-03  0.513640E-03  0.572470E+01  0.145196E+04  0.155940E+04  0.145196E+04 -0.334479E-04  0.116924E+00 -0.335057E+01  0.151086E-02
  0.895965E+00  0.128152E+04  0.807939E+03  0.288616E-03  0.288990E-03 -0.140408E+01  0.111878E+04  0.120200E+04  0.111878E+04 -0.257727E-04  0.416693E-01 -0.264334E+01  0.999655E-03
  0.125042E+01  0.735022E+03  0.461820E+03  0.848840E-04  0.849598E-04  0.165904E+01  0.641606E+03  0.689150E+03  0.641606E+03 -0.147804E-04  0.440035E+00 -0.110970E+01  0.413424E-03
  0.174510E+01  0.418505E+03  0.262489E+03  0.249269E-04  0.249939E-04  0.352769E+00  0.365203E+03  0.392310E+03  0.365203E+03 -0.841278E-05 -0.781547E+00 -0.166819E+01  0.169482E-03
  0.243548E+01  0.236477E+03  0.148182E+03  0.727038E-05  0.730480E-05 -0.331536E-01  0.206321E+03  0.221652E+03  0.206321E+03 -0.475262E-05 -0.111214E+01 -0.161605E+01  0.690184E-04
