#          k/h    CDM            baryon         photon         nu             mass_nu        total          no_nu          total_de       Weyl           v_CDM          v_b            v_b-v_c     
   0.102076E-04   0.224490E+09   0.224490E+09   0.299147E+09   0.299142E+09   0.224490E+09   0.224490E+09   0.224490E+09   0.224564E+09   0.457718E+01   0.102276E+09   0.102276E+09   0.785198E+02
   0.112819E-04   0.224489E+09   0.224489E+09   0.299109E+09   0.299102E+09   0.224489E+09   0.224489E+09   0.224489E+09   0.224564E+09   0.457717E+01   0.102275E+09   0.102275E+09   0.867809E+02
   0.124693E-04   0.224488E+09   0.224488E+09   0.299061E+09   0.299054E+09   0.224489E+09   0.224488E+09   0.224488E+09   0.224563E+09   0.457715E+01   0.102275E+09   0.102275E+09   0.959106E+02
   0.137816E-04   0.224488E+09   0.224488E+09   0.299003E+09   0.298994E+09   0.224488E+09   0.224488E+09   0.224488E+09   0.224562E+09   0.457713E+01   0.102274E+09   0.102274E+09   0.106000E+03
   0.152321E-04   0.224487E+09   0.224487E+09   0.298933E+09   0.298921E+09   0.224487E+09   0.224487E+09   0.224487E+09   0.224561E+09   0.457711E+01   0.102274E+09   0.102274E+09   0.117149E+03
   0.168352E-04   0.224485E+09   0.224485E+09   0.298846E+09   0.298832E+09   0.224486E+09   0.224485E+09   0.224485E+09   0.224560E+09   0.457708E+01   0.102273E+09   0.102273E+09   0.129470E+03
   0.186070E-04   0.224484E+09   0.224484E+09   0.298741E+09   0.298724E+09   0.224484E+09   0.224484E+09   0.224484E+09   0.224559E+09   0.457704E+01   0.102272E+09   0.102272E+09   0.143083E+03
   0.205653E-04   0.224482E+09   0.224482E+09   0.298612E+09   0.298591E+09   0.224482E+09   0.224482E+09   0.224482E+09   0.224557E+09   0.457699E+01   0.102271E+09   0.102271E+09   0.158126E+03
   0.227297E-04   0.224480E+09   0.224480E+09   0.298455E+09   0.298429E+09   0.224480E+09   0.224480E+09   0.224480E+09   0.224555E+09   0.457694E+01   0.102270E+09   0.102270E+09   0.174746E+03
   0.251219E-04   0.224477E+09   0.224477E+09   0.298263E+09   0.298231E+09   0.224478E+09   0.224477E+09   0.224477E+09   0.224552E+09   0.457687E+01   0.102269E+09   0.102269E+09   0.193107E+03
   0.277659E-04   0.224474E+09   0.224474E+09   0.298028E+09   0.297990E+09   0.224474E+09   0.224474E+09   0.224474E+09   0.224549E+09   0.457679E+01   0.102267E+09   0.102267E+09   0.213391E+03
   0.306881E-04   0.224470E+09   0.224470E+09   0.297742E+09   0.297695E+09   0.224470E+09   0.224470E+09   0.224470E+09   0.224545E+09   0.457668E+01   0.102265E+09   0.102265E+09   0.235794E+03
   0.339179E-04   0.224465E+09   0.224465E+09   0.297393E+09   0.297336E+09   0.224466E+09   0.224465E+09   0.224465E+09   0.224540E+09   0.457656E+01   0.102262E+09   0.102262E+09   0.260537E+03
   0.374876E-04   0.224460E+09   0.224459E+09   0.296967E+09   0.296897E+09   0.224460E+09   0.224460E+09   0.224460E+09   0.224534E+09   0.457641E+01   0.102259E+09   0.102259E+09   0.287859E+03
   0.414330E-04   0.224452E+09   0.224452E+09   0.296447E+09   0.296362E+09   0.224453E+09   0.224452E+09   0.224452E+09   0.224526E+09   0.457622E+01   0.102255E+09   0.102255E+09   0.318021E+03
   0.457936E-04   0.224444E+09   0.224444E+09   0.295813E+09   0.295710E+09   0.224444E+09   0.224444E+09   0.224444E+09   0.224518E+09   0.457600E+01   0.102250E+09   0.102250E+09   0.351310E+03
   0.506132E-04   0.224433E+09   0.224433E+09   0.295040E+09   0.294914E+09   0.224433E+09   0.224433E+09   0.224433E+09   0.224507E+09   0.457572E+01   0.102244E+09   0.102244E+09   0.388041E+03
   0.559400E-04   0.224420E+09   0.224420E+09   0.294099E+09   0.293945E+09   0.224420E+09   0.224420E+09   0.224420E+09   0.224493E+09   0.457539E+01   0.102237E+09   0.102236E+09   0.428552E+03
   0.618274E-04   0.224404E+09   0.224404E+09   0.292952E+09   0.292764E+09   0.224404E+09   0.224404E+09   0.224404E+09   0.224477E+09   0.457498E+01   0.102228E+09   0.102227E+09   0.473212E+03
   0.683345E-04   0.224385E+09   0.224384E+09   0.291556E+09   0.291328E+09   0.224385E+09   0.224385E+09   0.224385E+09   0.224457E+09   0.457448E+01   0.102217E+09   0.102217E+09   0.522419E+03
   0.755264E-04   0.224361E+09   0.224360E+09   0.289859E+09   0.289582E+09   0.224361E+09   0.224361E+09   0.224361E+09   0.224433E+09   0.457387E+01   0.102203E+09   0.102203E+09   0.576596E+03
   0.834752E-04   0.224332E+09   0.224331E+09   0.287798E+09   0.287460E+09   0.224332E+09   0.224332E+09   0.224332E+09   0.224404E+09   0.457313E+01   0.102187E+09   0.102187E+09   0.636197E+03
   0.922605E-04   0.224297E+09   0.224296E+09   0.285297E+09   0.284887E+09   0.224297E+09   0.224297E+09   0.224297E+09   0.224368E+09   0.457222E+01   0.102168E+09   0.102167E+09   0.701694E+03
   0.101971E-03   0.224254E+09   0.224253E+09   0.282267E+09   0.281770E+09   0.224254E+09   0.224253E+09   0.224253E+09   0.224324E+09   0.457112E+01   0.102144E+09   0.102143E+09   0.773580E+03
   0.112702E-03   0.224201E+09   0.224200E+09   0.278604E+09   0.278002E+09   0.224201E+09   0.224201E+09   0.224201E+09   0.224271E+09   0.456978E+01   0.102114E+09   0.102114E+09   0.852355E+03
   0.124564E-03   0.224137E+09   0.224136E+09   0.274185E+09   0.273457E+09   0.224137E+09   0.224137E+09   0.224137E+09   0.224206E+09   0.456815E+01   0.102079E+09   0.102078E+09   0.938513E+03
   0.137674E-03   0.224060E+09   0.224058E+09   0.268870E+09   0.267992E+09   0.224059E+09   0.224059E+09   0.224059E+09   0.224127E+09   0.456617E+01   0.102036E+09   0.102035E+09   0.103252E+04
   0.152163E-03   0.223965E+09   0.223963E+09   0.262497E+09   0.261442E+09   0.223965E+09   0.223965E+09   0.223965E+09   0.224030E+09   0.456378E+01   0.101983E+09   0.101983E+09   0.113481E+04
   0.168178E-03   0.223850E+09   0.223848E+09   0.254891E+09   0.253626E+09   0.223850E+09   0.223850E+09   0.223850E+09   0.223914E+09   0.456087E+01   0.101920E+09   0.101919E+09   0.124570E+04
   0.185878E-03   0.223711E+09   0.223708E+09   0.245858E+09   0.244349E+09   0.223711E+09   0.223711E+09   0.223711E+09   0.223772E+09   0.455736E+01   0.101843E+09   0.101843E+09   0.136539E+04
   0.205440E-03   0.223542E+09   0.223539E+09   0.235201E+09   0.233409E+09   0.223542E+09   0.223542E+09   0.223542E+09   0.223600E+09   0.455313E+01   0.101751E+09   0.101750E+09   0.149389E+04
   0.227062E-03   0.223338E+09   0.223334E+09   0.222726E+09   0.220613E+09   0.223337E+09   0.223338E+09   0.223338E+09   0.223393E+09   0.454805E+01   0.101640E+09   0.101639E+09   0.163091E+04
   0.250959E-03   0.223092E+09   0.223087E+09   0.208268E+09   0.205795E+09   0.223091E+09   0.223091E+09   0.223091E+09   0.223143E+09   0.454196E+01   0.101507E+09   0.101505E+09   0.177581E+04
   0.277372E-03   0.222795E+09   0.222790E+09   0.191716E+09   0.188848E+09   0.222794E+09   0.222794E+09   0.222794E+09   0.222842E+09   0.453469E+01   0.101347E+09   0.101346E+09   0.192744E+04
   0.306564E-03   0.222440E+09   0.222432E+09   0.173053E+09   0.169767E+09   0.222438E+09   0.222438E+09   0.222438E+09   0.222481E+09   0.452605E+01   0.101158E+09   0.101156E+09   0.208404E+04
   0.338828E-03   0.222014E+09   0.222005E+09   0.152413E+09   0.148699E+09   0.222012E+09   0.222012E+09   0.222012E+09   0.222050E+09   0.451584E+01   0.100934E+09   0.100932E+09   0.224309E+04
   0.374488E-03   0.221507E+09   0.221497E+09   0.130135E+09   0.126008E+09   0.221504E+09   0.221505E+09   0.221505E+09   0.221537E+09   0.450386E+01   0.100670E+09   0.100668E+09   0.240118E+04
   0.413901E-03   0.220906E+09   0.220894E+09   0.106827E+09   0.102334E+09   0.220903E+09   0.220904E+09   0.220904E+09   0.220930E+09   0.448990E+01   0.100363E+09   0.100359E+09   0.255393E+04
   0.457462E-03   0.220199E+09   0.220184E+09   0.834060E+08   0.786339E+08   0.220194E+09   0.220196E+09   0.220196E+09   0.220216E+09   0.447374E+01   0.100006E+09   0.100002E+09   0.269597E+04
   0.505608E-03   0.219370E+09   0.219353E+09   0.610944E+08   0.561712E+08   0.219365E+09   0.219367E+09   0.219367E+09   0.219382E+09   0.445522E+01   0.995959E+08   0.995916E+08   0.282106E+04
   0.558821E-03   0.218408E+09   0.218387E+09   0.413268E+08   0.364169E+08   0.218401E+09   0.218404E+09   0.218404E+09   0.218414E+09   0.443417E+01   0.991286E+08   0.991237E+08   0.292245E+04
   0.617635E-03   0.217298E+09   0.217275E+09   0.255268E+08   0.208135E+08   0.217290E+09   0.217294E+09   0.217294E+09   0.217300E+09   0.441044E+01   0.986005E+08   0.985950E+08   0.299336E+04
   0.682638E-03   0.216031E+09   0.216003E+09   0.147351E+08   0.103917E+08   0.216021E+09   0.216026E+09   0.216026E+09   0.216029E+09   0.438389E+01   0.980081E+08   0.980019E+08   0.302777E+04
   0.754482E-03   0.214594E+09   0.214564E+09   0.914292E+07   0.529976E+07   0.214582E+09   0.214589E+09   0.214589E+09   0.214591E+09   0.435433E+01   0.973474E+08   0.973406E+08   0.302131E+04
   0.833888E-03   0.212981E+09   0.212947E+09   0.771215E+07   0.443803E+07   0.212967E+09   0.212975E+09   0.212976E+09   0.212977E+09   0.432152E+01   0.966133E+08   0.966059E+08   0.297198E+04
   0.921651E-03   0.211184E+09   0.211145E+09   0.821060E+07   0.553191E+07   0.211166E+09   0.211177E+09   0.211177E+09   0.211178E+09   0.428515E+01   0.957993E+08   0.957914E+08   0.288044E+04
   0.101865E-02   0.209195E+09   0.209153E+09   0.800124E+07   0.596339E+07   0.209173E+09   0.209186E+09   0.209188E+09   0.209188E+09   0.424487E+01   0.948983E+08   0.948899E+08   0.274952E+04
   0.112586E-02   0.207007E+09   0.206962E+09   0.555435E+07   0.427479E+07   0.206980E+09   0.206998E+09   0.206999E+09   0.206999E+09   0.420039E+01   0.939042E+08   0.938955E+08   0.258313E+04
   0.124435E-02   0.204615E+09   0.204567E+09   0.177883E+07   0.137859E+07   0.204582E+09   0.204605E+09   0.204607E+09   0.204605E+09   0.415165E+01   0.928150E+08   0.928061E+08   0.238536E+04
   0.137531E-02   0.202015E+09   0.201967E+09  -0.513377E+06  -0.159306E+06   0.201976E+09   0.202005E+09   0.202007E+09   0.202005E+09   0.409876E+01   0.916329E+08   0.916240E+08   0.216085E+04
   0.152006E-02   0.199211E+09   0.199163E+09   0.270332E+06   0.806548E+06   0.199163E+09   0.199200E+09   0.199203E+09   0.199200E+09   0.404190E+01   0.903613E+08   0.903526E+08   0.191691E+04
   0.168004E-02   0.196207E+09   0.196160E+09   0.178280E+07  -0.341073E+06   0.196149E+09   0.196195E+09   0.196199E+09   0.196196E+09   0.398109E+01   0.890012E+08   0.889928E+08   0.166503E+04
   0.185685E-02   0.193011E+09   0.192968E+09   0.666618E+06  -0.274639E+06   0.192942E+09   0.193000E+09   0.193004E+09   0.193000E+09   0.391625E+01   0.875517E+08   0.875438E+08   0.141928E+04
   0.205228E-02   0.189634E+09   0.189594E+09  -0.123067E+07  -0.220696E+06   0.189550E+09   0.189622E+09   0.189627E+09   0.189622E+09   0.384763E+01   0.860179E+08   0.860105E+08   0.119235E+04
   0.226827E-02   0.186085E+09   0.186050E+09  -0.148598E+06  -0.177296E+06   0.185984E+09   0.186073E+09   0.186079E+09   0.186073E+09   0.377564E+01   0.844083E+08   0.844015E+08   0.994995E+03
   0.250700E-02   0.182379E+09   0.182347E+09   0.460867E+06  -0.142217E+06   0.182257E+09   0.182366E+09   0.182374E+09   0.182366E+09   0.370040E+01   0.827263E+08   0.827200E+08   0.837471E+03
   0.277085E-02   0.178528E+09   0.178498E+09  -0.881681E+06  -0.113784E+06   0.178381E+09   0.178513E+09   0.178523E+09   0.178513E+09   0.362208E+01   0.809757E+08   0.809697E+08   0.724185E+03
   0.306246E-02   0.174545E+09   0.174515E+09   0.419319E+06  -0.909819E+05   0.174368E+09   0.174528E+09   0.174540E+09   0.174528E+09   0.354114E+01   0.791663E+08   0.791603E+08   0.649687E+03
   0.338478E-02   0.170444E+09   0.170413E+09  -0.313243E+06  -0.725641E+05   0.170232E+09   0.170425E+09   0.170439E+09   0.170425E+09   0.345768E+01   0.773009E+08   0.772948E+08   0.602504E+03
   0.374101E-02   0.166241E+09   0.166208E+09  -0.355017E+06  -0.577856E+05   0.165987E+09   0.166219E+09   0.166236E+09   0.166218E+09   0.337211E+01   0.753884E+08   0.753821E+08   0.564333E+03
   0.413473E-02   0.161951E+09   0.161916E+09  -0.352300E+06  -0.459480E+05   0.161648E+09   0.161925E+09   0.161946E+09   0.161925E+09   0.328475E+01   0.734359E+08   0.734295E+08   0.519078E+03
   0.456989E-02   0.157587E+09   0.157552E+09   0.161176E+06  -0.364898E+05   0.157226E+09   0.157557E+09   0.157581E+09   0.157557E+09   0.319589E+01   0.714498E+08   0.714435E+08   0.460073E+03
   0.505085E-02   0.153154E+09   0.153120E+09  -0.198480E+06  -0.289152E+05   0.152723E+09   0.153119E+09   0.153148E+09   0.153119E+09   0.310555E+01   0.694308E+08   0.694248E+08   0.393659E+03
   0.558243E-02   0.148646E+09   0.148614E+09  -0.442619E+06  -0.228654E+05   0.148134E+09   0.148605E+09   0.148640E+09   0.148605E+09   0.301363E+01   0.673766E+08   0.673710E+08   0.333537E+03
   0.616996E-02   0.144044E+09   0.144013E+09   0.138341E+06  -0.180374E+05   0.143438E+09   0.143997E+09   0.144039E+09   0.143997E+09   0.291976E+01   0.652788E+08   0.652734E+08   0.290024E+03
   0.681932E-02   0.139320E+09   0.139287E+09  -0.341248E+05  -0.141730E+05   0.138605E+09   0.139265E+09   0.139314E+09   0.139265E+09   0.282326E+01   0.631224E+08   0.631171E+08   0.260199E+03
   0.753702E-02   0.134425E+09   0.134392E+09   0.170429E+06  -0.110934E+05   0.133583E+09   0.134362E+09   0.134420E+09   0.134362E+09   0.272322E+01   0.608871E+08   0.608819E+08   0.231649E+03
   0.833025E-02   0.129296E+09   0.129262E+09   0.306728E+05  -0.863748E+04   0.128309E+09   0.129222E+09   0.129290E+09   0.129222E+09   0.261830E+01   0.585430E+08   0.585380E+08   0.199848E+03
   0.920698E-02   0.123897E+09   0.123864E+09  -0.164502E+06  -0.668277E+04   0.122745E+09   0.123812E+09   0.123891E+09   0.123812E+09   0.250781E+01   0.560744E+08   0.560697E+08   0.171964E+03
   0.101760E-01   0.118359E+09   0.118325E+09  -0.407665E+05  -0.513888E+04   0.117020E+09   0.118261E+09   0.118353E+09   0.118261E+09   0.239438E+01   0.535402E+08   0.535356E+08   0.150547E+03
   0.112469E-01   0.113044E+09   0.113009E+09  -0.454245E+05  -0.393593E+04   0.111494E+09   0.112932E+09   0.113038E+09   0.112932E+09   0.228533E+01   0.511044E+08   0.510999E+08   0.130848E+03
   0.124306E-01   0.108149E+09   0.108113E+09   0.648470E+05  -0.300587E+04   0.106355E+09   0.108019E+09   0.108143E+09   0.108019E+09   0.218462E+01   0.488551E+08   0.488508E+08   0.113318E+03
   0.137389E-01   0.102793E+09   0.102755E+09  -0.363962E+05  -0.226619E+04   0.100732E+09   0.102645E+09   0.102787E+09   0.102645E+09   0.207441E+01   0.463937E+08   0.463897E+08   0.984325E+02
   0.151849E-01   0.950267E+08   0.949870E+08  -0.274381E+05  -0.164892E+04   0.927174E+08   0.948608E+08   0.950200E+08   0.948608E+08   0.191541E+01   0.428415E+08   0.428377E+08   0.828918E+02
   0.167830E-01   0.866464E+08   0.866049E+08   0.809621E+04  -0.117208E+04   0.840996E+08   0.864638E+08   0.866394E+08   0.864638E+08   0.174403E+01   0.390123E+08   0.390089E+08   0.692166E+02
   0.185493E-01   0.796797E+08   0.796359E+08  -0.305685E+04  -0.829957E+03   0.768551E+08   0.794775E+08   0.796723E+08   0.794775E+08   0.160112E+01   0.358199E+08   0.358167E+08   0.582828E+02
   0.205016E-01   0.724932E+08   0.724470E+08   0.363728E+04  -0.572224E+03   0.694004E+08   0.722721E+08   0.724854E+08   0.722721E+08   0.145383E+01   0.325295E+08   0.325265E+08   0.487295E+02
   0.226592E-01   0.651191E+08   0.650705E+08   0.151443E+05  -0.381384E+03   0.617840E+08   0.648809E+08   0.651109E+08   0.648809E+08   0.130291E+01   0.291575E+08   0.291548E+08   0.403296E+02
   0.250440E-01   0.577834E+08   0.577326E+08   0.798915E+04  -0.243932E+03   0.542416E+08   0.575305E+08   0.577748E+08   0.575305E+08   0.115301E+01   0.258079E+08   0.258054E+08   0.330711E+02
   0.276798E-01   0.506129E+08   0.505604E+08   0.558532E+04  -0.147829E+03   0.469145E+08   0.503489E+08   0.506040E+08   0.503489E+08   0.100678E+01   0.225399E+08   0.225377E+08   0.268342E+02
   0.305930E-01   0.437101E+08   0.436568E+08   0.764550E+03  -0.829548E+02   0.399194E+08   0.434396E+08   0.437011E+08   0.434396E+08   0.866382E+00   0.194017E+08   0.193997E+08   0.215086E+02
   0.338127E-01   0.372561E+08   0.372033E+08   0.499397E+04  -0.412052E+02   0.334419E+08   0.369841E+08   0.372472E+08   0.369841E+08   0.735515E+00   0.164757E+08   0.164740E+08   0.170342E+02
   0.373714E-01   0.314291E+08   0.313785E+08   0.698384E+04  -0.158783E+02   0.276549E+08   0.311602E+08   0.314206E+08   0.311602E+08   0.617743E+00   0.138420E+08   0.138405E+08   0.132594E+02
   0.413045E-01   0.261619E+08   0.261154E+08  -0.423490E+04  -0.210395E+01   0.224793E+08   0.259000E+08   0.261541E+08   0.259000E+08   0.511807E+00   0.114719E+08   0.114707E+08   0.100849E+02
   0.454350E-01   0.219787E+08   0.219381E+08   0.534445E+03   0.498012E+01   0.184266E+08   0.217267E+08   0.219719E+08   0.217267E+08   0.427860E+00   0.959360E+07   0.959255E+07   0.765516E+01
   0.495654E-01   0.188048E+08   0.187706E+08   0.387077E+03   0.814864E+01   0.153752E+08   0.185622E+08   0.187990E+08   0.185622E+08   0.364291E+00   0.817105E+07   0.817018E+07   0.586036E+01
   0.536959E-01   0.163194E+08   0.162915E+08   0.288362E+03   0.943475E+01   0.130069E+08   0.160860E+08   0.163147E+08   0.160860E+08   0.314596E+00   0.705885E+07   0.705812E+07   0.452437E+01
   0.578264E-01   0.143119E+08   0.142896E+08   0.219713E+03   0.976800E+01   0.111133E+08   0.140872E+08   0.143082E+08   0.140872E+08   0.274522E+00   0.616191E+07   0.616130E+07   0.353520E+01
   0.619568E-01   0.126411E+08   0.126231E+08   0.170353E+03   0.957710E+01   0.955755E+07   0.124250E+08   0.126381E+08   0.124250E+08   0.241245E+00   0.541698E+07   0.541646E+07   0.281353E+01
   0.660873E-01   0.111996E+08   0.111844E+08   0.133656E+03   0.905037E+01   0.824080E+07   0.109926E+08   0.111971E+08   0.109926E+08   0.212652E+00   0.477674E+07   0.477629E+07   0.229425E+01
   0.702177E-01   0.992358E+07   0.990970E+07   0.105652E+03   0.829471E+01   0.710535E+07   0.972651E+07   0.992125E+07   0.972651E+07   0.187500E+00   0.421327E+07   0.421286E+07   0.192492E+01
   0.743482E-01   0.879194E+07   0.877822E+07   0.840045E+02   0.738624E+01   0.613016E+07   0.860572E+07   0.878964E+07   0.860572E+07   0.165377E+00   0.371734E+07   0.371697E+07   0.166398E+01
   0.784786E-01   0.778011E+07   0.776573E+07   0.670374E+02   0.640138E+01   0.529194E+07   0.760579E+07   0.777770E+07   0.760579E+07   0.145789E+00   0.327790E+07   0.327755E+07   0.147372E+01
   0.826091E-01   0.689797E+07   0.688256E+07   0.538149E+02   0.542942E+01   0.459086E+07   0.673601E+07   0.689538E+07   0.673601E+07   0.128880E+00   0.289825E+07   0.289792E+07   0.132814E+01
   0.867395E-01   0.614604E+07   0.612966E+07   0.435657E+02   0.453724E+01   0.401869E+07   0.599636E+07   0.614329E+07   0.599636E+07   0.114599E+00   0.257741E+07   0.257710E+07   0.120674E+01
   0.918936E-01   0.538468E+07   0.536767E+07   0.340263E+02   0.360068E+01   0.346716E+07   0.524942E+07   0.538183E+07   0.524942E+07   0.100266E+00   0.225519E+07   0.225489E+07   0.106921E+01
   0.970477E-01   0.480554E+07   0.478883E+07   0.272245E+02   0.289237E+01   0.306942E+07   0.468286E+07   0.480273E+07   0.468286E+07   0.894318E-01   0.201153E+07   0.201126E+07   0.936211E+00
   0.102202E+00   0.438472E+07   0.436926E+07   0.224138E+02   0.240383E+01   0.279387E+07   0.427228E+07   0.438212E+07   0.427228E+07   0.815621E-01   0.183459E+07   0.183434E+07   0.806829E+00
   0.107356E+00   0.408732E+07   0.407380E+07   0.189856E+02   0.209657E+01   0.260583E+07   0.398275E+07   0.408505E+07   0.398275E+07   0.759504E-01   0.170856E+07   0.170834E+07   0.686444E+00
   0.112510E+00   0.387199E+07   0.386065E+07   0.164599E+02   0.191981E+01   0.247063E+07   0.377331E+07   0.387009E+07   0.377331E+07   0.717994E-01   0.161554E+07   0.161535E+07   0.582093E+00
   0.117664E+00   0.370023E+07   0.369087E+07   0.144916E+02   0.182441E+01   0.235887E+07   0.360600E+07   0.369866E+07   0.360600E+07   0.683894E-01   0.153934E+07   0.153917E+07   0.499209E+00
   0.122818E+00   0.354292E+07   0.353502E+07   0.128580E+02   0.176999E+01   0.224985E+07   0.345227E+07   0.354160E+07   0.345227E+07   0.651934E-01   0.146806E+07   0.146790E+07   0.439689E+00
   0.127972E+00   0.338219E+07   0.337506E+07   0.114305E+02   0.172812E+01   0.213208E+07   0.329462E+07   0.338099E+07   0.329462E+07   0.619022E-01   0.139468E+07   0.139453E+07   0.401418E+00
   0.133126E+00   0.321075E+07   0.320374E+07   0.101471E+02   0.168314E+01   0.200203E+07   0.312607E+07   0.320958E+07   0.312607E+07   0.584038E-01   0.131664E+07   0.131649E+07   0.379126E+00
   0.138280E+00   0.303003E+07   0.302268E+07   0.898761E+01   0.163019E+01   0.186198E+07   0.294811E+07   0.302880E+07   0.294811E+07   0.547404E-01   0.123486E+07   0.123471E+07   0.366039E+00
   0.143435E+00   0.284700E+07   0.283912E+07   0.795261E+01   0.157111E+01   0.171753E+07   0.276766E+07   0.284568E+07   0.276766E+07   0.510492E-01   0.115240E+07   0.115225E+07   0.355632E+00
   0.148589E+00   0.267102E+07   0.266269E+07   0.704819E+01   0.151040E+01   0.157537E+07   0.259395E+07   0.266962E+07   0.259395E+07   0.475051E-01   0.107321E+07   0.107306E+07   0.343011E+00
   0.153743E+00   0.251092E+07   0.250240E+07   0.627649E+01   0.145213E+01   0.144152E+07   0.243563E+07   0.250949E+07   0.243563E+07   0.442703E-01   0.100094E+07   0.100079E+07   0.325616E+00
   0.158897E+00   0.237187E+07   0.236353E+07   0.562910E+01   0.139774E+01   0.131960E+07   0.229779E+07   0.237047E+07   0.229779E+07   0.414410E-01   0.937763E+06   0.937618E+06   0.303157E+00
   0.164051E+00   0.225340E+07   0.224559E+07   0.508544E+01   0.134509E+01   0.121005E+07   0.218003E+07   0.225209E+07   0.218003E+07   0.390143E-01   0.883593E+06   0.883457E+06   0.277023E+00
   0.169205E+00   0.215057E+07   0.214350E+07   0.461877E+01   0.128972E+01   0.111109E+07   0.207758E+07   0.214939E+07   0.207758E+07   0.369108E-01   0.836620E+06   0.836493E+06   0.249532E+00
   0.174359E+00   0.205704E+07   0.205078E+07   0.420459E+01   0.122725E+01   0.102061E+07   0.198438E+07   0.205599E+07   0.198438E+07   0.350277E-01   0.794504E+06   0.794388E+06   0.223193E+00
   0.179513E+00   0.196716E+07   0.196163E+07   0.382492E+01   0.115522E+01   0.937064E+06   0.189505E+07   0.196623E+07   0.189505E+07   0.332731E-01   0.755152E+06   0.755044E+06   0.200038E+00
   0.184667E+00   0.187660E+07   0.187161E+07   0.346854E+01   0.107362E+01   0.859456E+06   0.180548E+07   0.187576E+07   0.180548E+07   0.315727E-01   0.716882E+06   0.716782E+06   0.181156E+00
   0.189821E+00   0.178312E+07   0.177843E+07   0.313051E+01   0.984434E+00   0.787548E+06   0.171354E+07   0.178234E+07   0.171354E+07   0.298845E-01   0.678754E+06   0.678659E+06   0.166616E+00
   0.194975E+00   0.168743E+07   0.168281E+07   0.281255E+01   0.892133E+00   0.721722E+06   0.161992E+07   0.168665E+07   0.161992E+07   0.282093E-01   0.640814E+06   0.640723E+06   0.155700E+00
   0.200130E+00   0.159269E+07   0.158799E+07   0.251989E+01   0.801785E+00   0.662890E+06   0.152765E+07   0.159190E+07   0.152765E+07   0.265880E-01   0.604021E+06   0.603933E+06   0.147237E+00
   0.205284E+00   0.150271E+07   0.149787E+07   0.225739E+01   0.717582E+00   0.611788E+06   0.144034E+07   0.150190E+07   0.144034E+07   0.250726E-01   0.569584E+06   0.569497E+06   0.139934E+00
   0.210438E+00   0.142062E+07   0.141567E+07   0.202739E+01   0.642075E+00   0.568658E+06   0.136093E+07   0.141979E+07   0.136093E+07   0.237057E-01   0.538492E+06   0.538408E+06   0.132690E+00
   0.215592E+00   0.134854E+07   0.134357E+07   0.182983E+01   0.576352E+00   0.533322E+06   0.129139E+07   0.134771E+07   0.129139E+07   0.225158E-01   0.511407E+06   0.511326E+06   0.124838E+00
   0.220746E+00   0.128745E+07   0.128258E+07   0.166275E+01   0.520460E+00   0.505219E+06   0.123259E+07   0.128663E+07   0.123259E+07   0.215138E-01   0.488590E+06   0.488513E+06   0.116225E+00
   0.225900E+00   0.123684E+07   0.123221E+07   0.152240E+01   0.473692E+00   0.483279E+06   0.118400E+07   0.123606E+07   0.118400E+07   0.206868E-01   0.469755E+06   0.469682E+06   0.107133E+00
   0.231054E+00   0.119479E+07   0.119046E+07   0.140385E+01   0.434877E+00   0.465931E+06   0.114371E+07   0.119406E+07   0.114371E+07   0.199976E-01   0.454068E+06   0.454000E+06   0.980976E-01
   0.236208E+00   0.115860E+07   0.115460E+07   0.130200E+01   0.402724E+00   0.451363E+06   0.110907E+07   0.115793E+07   0.110907E+07   0.193968E-01   0.440413E+06   0.440349E+06   0.897210E-01
   0.241362E+00   0.112557E+07   0.112187E+07   0.121238E+01   0.376002E+00   0.437837E+06   0.107743E+07   0.112495E+07   0.107743E+07   0.188351E-01   0.427680E+06   0.427620E+06   0.825004E-01
   0.246516E+00   0.109341E+07   0.108994E+07   0.113148E+01   0.353544E+00   0.423930E+06   0.104657E+07   0.109283E+07   0.104657E+07   0.182724E-01   0.414962E+06   0.414905E+06   0.767038E-01
   0.251670E+00   0.106057E+07   0.105725E+07   0.105676E+01   0.334248E+00   0.408725E+06   0.101497E+07   0.106001E+07   0.101497E+07   0.176834E-01   0.401681E+06   0.401627E+06   0.723270E-01
   0.256825E+00   0.102646E+07   0.102321E+07   0.986788E+00   0.317169E+00   0.391940E+06   0.982070E+06   0.102591E+07   0.982070E+06   0.170617E-01   0.387683E+06   0.387629E+06   0.691325E-01
   0.261979E+00   0.991459E+06   0.988211E+06   0.921100E+00   0.301606E+00   0.373878E+06   0.948242E+06   0.990914E+06   0.948242E+06   0.164183E-01   0.373204E+06   0.373151E+06   0.667409E-01
   0.267133E+00   0.956504E+06   0.953235E+06   0.859786E+00   0.287118E+00   0.355190E+06   0.914408E+06   0.955955E+06   0.914408E+06   0.157737E-01   0.358703E+06   0.358651E+06   0.647348E-01
   0.272287E+00   0.922656E+06   0.919372E+06   0.803109E+00   0.273491E+00   0.336598E+06   0.881613E+06   0.922104E+06   0.881613E+06   0.151498E-01   0.344664E+06   0.344613E+06   0.627526E-01
   0.277441E+00   0.890812E+06   0.887544E+06   0.751272E+00   0.260675E+00   0.318703E+06   0.850736E+06   0.890263E+06   0.850736E+06   0.145637E-01   0.331473E+06   0.331422E+06   0.605566E-01
   0.282595E+00   0.861538E+06   0.858328E+06   0.704279E+00   0.248694E+00   0.301897E+06   0.822334E+06   0.860999E+06   0.822334E+06   0.140256E-01   0.319360E+06   0.319311E+06   0.580586E-01
   0.287749E+00   0.834958E+06   0.831848E+06   0.661828E+00   0.237537E+00   0.286331E+06   0.796531E+06   0.834436E+06   0.796531E+06   0.135376E-01   0.308372E+06   0.308325E+06   0.553048E-01
   0.292903E+00   0.810743E+06   0.807762E+06   0.623309E+00   0.227084E+00   0.271963E+06   0.773017E+06   0.810242E+06   0.773017E+06   0.130940E-01   0.298382E+06   0.298336E+06   0.524314E-01
   0.298057E+00   0.788264E+06   0.785425E+06   0.587930E+00   0.217118E+00   0.258653E+06   0.751194E+06   0.787787E+06   0.751194E+06   0.126847E-01   0.289158E+06   0.289114E+06   0.496088E-01
   0.303211E+00   0.766823E+06   0.764117E+06   0.554908E+00   0.207381E+00   0.246263E+06   0.730400E+06   0.766368E+06   0.730400E+06   0.122988E-01   0.280454E+06   0.280411E+06   0.469911E-01
   0.308365E+00   0.745849E+06   0.743257E+06   0.523632E+00   0.197664E+00   0.234718E+06   0.710096E+06   0.745414E+06   0.710096E+06   0.119280E-01   0.272074E+06   0.272033E+06   0.446801E-01
   0.313520E+00   0.725021E+06   0.722512E+06   0.493747E+00   0.187872E+00   0.224006E+06   0.689981E+06   0.724600E+06   0.689981E+06   0.115675E-01   0.263910E+06   0.263870E+06   0.427096E-01
   0.318674E+00   0.704293E+06   0.701837E+06   0.465169E+00   0.178054E+00   0.214148E+06   0.670012E+06   0.703880E+06   0.670012E+06   0.112161E-01   0.255936E+06   0.255897E+06   0.410490E-01
   0.323828E+00   0.683850E+06   0.681426E+06   0.438020E+00   0.168383E+00   0.205155E+06   0.650366E+06   0.683443E+06   0.650366E+06   0.108754E-01   0.248194E+06   0.248156E+06   0.396219E-01
   0.328982E+00   0.664018E+06   0.661613E+06   0.412530E+00   0.159103E+00   0.196996E+06   0.631344E+06   0.663614E+06   0.631344E+06   0.105486E-01   0.240758E+06   0.240721E+06   0.383323E-01
   0.334136E+00   0.645146E+06   0.642758E+06   0.388925E+00   0.150454E+00   0.189588E+06   0.613268E+06   0.644745E+06   0.613268E+06   0.102386E-01   0.233705E+06   0.233668E+06   0.370906E-01
   0.339290E+00   0.627507E+06   0.625146E+06   0.367341E+00   0.142608E+00   0.182809E+06   0.596384E+06   0.627111E+06   0.596384E+06   0.994769E-02   0.227088E+06   0.227052E+06   0.358337E-01
   0.344444E+00   0.611226E+06   0.608905E+06   0.347768E+00   0.135633E+00   0.176510E+06   0.580800E+06   0.610837E+06   0.580800E+06   0.967615E-02   0.220920E+06   0.220885E+06   0.345338E-01
   0.349598E+00   0.596249E+06   0.593981E+06   0.330056E+00   0.129493E+00   0.170536E+06   0.566454E+06   0.595868E+06   0.566454E+06   0.942242E-02   0.215166E+06   0.215132E+06   0.331969E-01
   0.354752E+00   0.582379E+06   0.580175E+06   0.313951E+00   0.124072E+00   0.164746E+06   0.553152E+06   0.582009E+06   0.553152E+06   0.918339E-02   0.209755E+06   0.209721E+06   0.318547E-01
   0.359906E+00   0.569340E+06   0.567205E+06   0.299163E+00   0.119219E+00   0.159024E+06   0.540630E+06   0.568981E+06   0.540630E+06   0.895524E-02   0.204598E+06   0.204565E+06   0.305511E-01
   0.365060E+00   0.556843E+06   0.554775E+06   0.285414E+00   0.114783E+00   0.153283E+06   0.528611E+06   0.556496E+06   0.528611E+06   0.873414E-02   0.199606E+06   0.199574E+06   0.293286E-01
   0.370215E+00   0.544625E+06   0.542618E+06   0.272467E+00   0.110632E+00   0.147468E+06   0.516845E+06   0.544288E+06   0.516845E+06   0.851675E-02   0.194699E+06   0.194668E+06   0.282168E-01
   0.375369E+00   0.532486E+06   0.530531E+06   0.260139E+00   0.106661E+00   0.141558E+06   0.505145E+06   0.532158E+06   0.505145E+06   0.830069E-02   0.189822E+06   0.189792E+06   0.272261E-01
   0.380523E+00   0.520320E+06   0.518405E+06   0.248312E+00   0.102794E+00   0.135577E+06   0.493413E+06   0.519998E+06   0.493413E+06   0.808511E-02   0.184954E+06   0.184924E+06   0.263477E-01
   0.385677E+00   0.508138E+06   0.506254E+06   0.236928E+00   0.989783E-01   0.129599E+06   0.481665E+06   0.507821E+06   0.481665E+06   0.787114E-02   0.180117E+06   0.180087E+06   0.255593E-01
   0.390831E+00   0.496039E+06   0.494181E+06   0.225972E+00   0.951781E-01   0.123745E+06   0.470002E+06   0.495727E+06   0.470002E+06   0.766139E-02   0.175369E+06   0.175340E+06   0.248313E-01
   0.395985E+00   0.484168E+06   0.482333E+06   0.215449E+00   0.913698E-01   0.118155E+06   0.458569E+06   0.483860E+06   0.458569E+06   0.745915E-02   0.170783E+06   0.170754E+06   0.241343E-01
   0.401139E+00   0.472657E+06   0.470846E+06   0.205366E+00   0.875416E-01   0.112967E+06   0.447499E+06   0.472353E+06   0.447499E+06   0.726736E-02   0.166424E+06   0.166395E+06   0.234446E-01
   0.406293E+00   0.461608E+06   0.459826E+06   0.195733E+00   0.837001E-01   0.108287E+06   0.436895E+06   0.461308E+06   0.436895E+06   0.708802E-02   0.162336E+06   0.162308E+06   0.227480E-01
   0.411447E+00   0.451095E+06   0.449346E+06   0.186567E+00   0.798752E-01   0.104178E+06   0.426830E+06   0.450802E+06   0.426830E+06   0.692212E-02   0.158544E+06   0.158517E+06   0.220415E-01
   0.416601E+00   0.441157E+06   0.439444E+06   0.177886E+00   0.761161E-01   0.100646E+06   0.417341E+06   0.440869E+06   0.417341E+06   0.676943E-02   0.155043E+06   0.155017E+06   0.213314E-01
   0.421755E+00   0.431772E+06   0.430097E+06   0.169701E+00   0.724786E-01   0.976419E+05   0.408403E+06   0.431491E+06   0.408403E+06   0.662838E-02   0.151802E+06   0.151776E+06   0.206286E-01
   0.426910E+00   0.422869E+06   0.421233E+06   0.162003E+00   0.690126E-01   0.950732E+05   0.399944E+06   0.422595E+06   0.399944E+06   0.649640E-02   0.148765E+06   0.148739E+06   0.199452E-01
   0.432064E+00   0.414367E+06   0.412768E+06   0.154778E+00   0.657569E-01   0.928321E+05   0.391881E+06   0.414099E+06   0.391881E+06   0.637085E-02   0.145875E+06   0.145850E+06   0.192911E-01
   0.437218E+00   0.406204E+06   0.404638E+06   0.148010E+00   0.627357E-01   0.908184E+05   0.384148E+06   0.405941E+06   0.384148E+06   0.624967E-02   0.143088E+06   0.143064E+06   0.186723E-01
   0.442372E+00   0.398334E+06   0.396798E+06   0.141675E+00   0.599562E-01   0.889487E+05   0.376698E+06   0.398076E+06   0.376698E+06   0.613146E-02   0.140374E+06   0.140350E+06   0.180899E-01
   0.447526E+00   0.390721E+06   0.389210E+06   0.135743E+00   0.574109E-01   0.871579E+05   0.369491E+06   0.390467E+06   0.369491E+06   0.601531E-02   0.137711E+06   0.137688E+06   0.175401E-01
   0.452680E+00   0.383340E+06   0.381853E+06   0.130188E+00   0.550859E-01   0.853967E+05   0.362503E+06   0.383091E+06   0.362503E+06   0.590071E-02   0.135090E+06   0.135067E+06   0.170161E-01
   0.457834E+00   0.376196E+06   0.374731E+06   0.124987E+00   0.529685E-01   0.836289E+05   0.355734E+06   0.375950E+06   0.355734E+06   0.578770E-02   0.132510E+06   0.132488E+06   0.165106E-01
   0.462988E+00   0.369306E+06   0.367863E+06   0.120126E+00   0.510485E-01   0.818249E+05   0.349200E+06   0.369064E+06   0.349200E+06   0.567651E-02   0.129978E+06   0.129956E+06   0.160178E-01
   0.468142E+00   0.362678E+06   0.361256E+06   0.115589E+00   0.493149E-01   0.799560E+05   0.342904E+06   0.362439E+06   0.342904E+06   0.556721E-02   0.127494E+06   0.127472E+06   0.155340E-01
   0.473296E+00   0.356292E+06   0.354894E+06   0.111349E+00   0.477513E-01   0.779958E+05   0.336828E+06   0.356058E+06   0.336828E+06   0.545960E-02   0.125054E+06   0.125033E+06   0.150578E-01
   0.478450E+00   0.350120E+06   0.348746E+06   0.107375E+00   0.463354E-01   0.759287E+05   0.330943E+06   0.349889E+06   0.330943E+06   0.535341E-02   0.122651E+06   0.122631E+06   0.145906E-01
   0.483605E+00   0.344129E+06   0.342781E+06   0.103631E+00   0.450396E-01   0.737567E+05   0.325221E+06   0.343903E+06   0.325221E+06   0.524858E-02   0.120283E+06   0.120263E+06   0.141359E-01
   0.488759E+00   0.338291E+06   0.336967E+06   0.100083E+00   0.438326E-01   0.714989E+05   0.319634E+06   0.338069E+06   0.319634E+06   0.514524E-02   0.117951E+06   0.117931E+06   0.136978E-01
   0.493913E+00   0.332571E+06   0.331272E+06   0.966934E-01   0.426825E-01   0.691863E+05   0.314153E+06   0.332353E+06   0.314153E+06   0.504355E-02   0.115657E+06   0.115637E+06   0.132803E-01
   0.499067E+00   0.326939E+06   0.325663E+06   0.934318E-01   0.415616E-01   0.668551E+05   0.308753E+06   0.326725E+06   0.308753E+06   0.494369E-02   0.113403E+06   0.113384E+06   0.128858E-01
   0.504221E+00   0.321376E+06   0.320122E+06   0.902757E-01   0.404506E-01   0.645414E+05   0.303419E+06   0.321166E+06   0.303419E+06   0.484588E-02   0.111194E+06   0.111175E+06   0.125152E-01
   0.509375E+00   0.315884E+06   0.314650E+06   0.872141E-01   0.393397E-01   0.622775E+05   0.298153E+06   0.315677E+06   0.298153E+06   0.475046E-02   0.109036E+06   0.109017E+06   0.121682E-01
   0.514529E+00   0.310473E+06   0.309258E+06   0.842434E-01   0.382267E-01   0.600894E+05   0.292968E+06   0.310269E+06   0.292968E+06   0.465778E-02   0.106936E+06   0.106918E+06   0.118431E-01
   0.519683E+00   0.305158E+06   0.303961E+06   0.813628E-01   0.371126E-01   0.579969E+05   0.287878E+06   0.304957E+06   0.287878E+06   0.456810E-02   0.104902E+06   0.104884E+06   0.115374E-01
   0.524837E+00   0.299950E+06   0.298769E+06   0.785716E-01   0.359989E-01   0.560167E+05   0.282896E+06   0.299751E+06   0.282896E+06   0.448162E-02   0.102937E+06   0.102919E+06   0.112481E-01
   0.529991E+00   0.294862E+06   0.293698E+06   0.758696E-01   0.348875E-01   0.541650E+05   0.278034E+06   0.294666E+06   0.278034E+06   0.439861E-02   0.101047E+06   0.101029E+06   0.109727E-01
   0.535145E+00   0.289911E+06   0.288765E+06   0.732573E-01   0.337804E-01   0.524569E+05   0.273311E+06   0.289719E+06   0.273311E+06   0.431931E-02   0.992379E+05   0.992208E+05   0.107094E-01
   0.540300E+00   0.285109E+06   0.283979E+06   0.707349E-01   0.326806E-01   0.509018E+05   0.268735E+06   0.284919E+06   0.268735E+06   0.424387E-02   0.975134E+05   0.974965E+05   0.104570E-01
   0.545454E+00   0.280454E+06   0.279342E+06   0.683024E-01   0.315932E-01   0.494978E+05   0.264308E+06   0.280267E+06   0.264308E+06   0.417212E-02   0.958699E+05   0.958532E+05   0.102146E-01
   0.550608E+00   0.275941E+06   0.274846E+06   0.659612E-01   0.305265E-01   0.482300E+05   0.260022E+06   0.275757E+06   0.260022E+06   0.410364E-02   0.942986E+05   0.942821E+05   0.998170E-02
   0.555762E+00   0.271565E+06   0.270485E+06   0.637149E-01   0.294915E-01   0.470721E+05   0.255871E+06   0.271383E+06   0.255871E+06   0.403787E-02   0.927881E+05   0.927718E+05   0.975814E-02
   0.560916E+00   0.267318E+06   0.266255E+06   0.615680E-01   0.285002E-01   0.459902E+05   0.251845E+06   0.267139E+06   0.251845E+06   0.397422E-02   0.913257E+05   0.913097E+05   0.954364E-02
   0.566070E+00   0.263191E+06   0.262143E+06   0.595224E-01   0.275614E-01   0.449491E+05   0.247934E+06   0.263015E+06   0.247934E+06   0.391206E-02   0.898984E+05   0.898826E+05   0.933767E-02
   0.571224E+00   0.259168E+06   0.258135E+06   0.575756E-01   0.266790E-01   0.439190E+05   0.244121E+06   0.258994E+06   0.244121E+06   0.385083E-02   0.884944E+05   0.884787E+05   0.913935E-02
   0.576378E+00   0.255236E+06   0.254217E+06   0.557221E-01   0.258515E-01   0.428819E+05   0.240391E+06   0.255065E+06   0.240391E+06   0.379023E-02   0.871068E+05   0.870913E+05   0.894760E-02
   0.581532E+00   0.251389E+06   0.250384E+06   0.539546E-01   0.250732E-01   0.418340E+05   0.236740E+06   0.251220E+06   0.236740E+06   0.373026E-02   0.857353E+05   0.857201E+05   0.876138E-02
   0.586686E+00   0.247625E+06   0.246633E+06   0.522647E-01   0.243356E-01   0.407828E+05   0.233165E+06   0.247458E+06   0.233165E+06   0.367114E-02   0.843843E+05   0.843692E+05   0.857973E-02
   0.591840E+00   0.243941E+06   0.242962E+06   0.506436E-01   0.236299E-01   0.397420E+05   0.229666E+06   0.243777E+06   0.229666E+06   0.361312E-02   0.830589E+05   0.830440E+05   0.840177E-02
   0.596995E+00   0.240335E+06   0.239369E+06   0.490833E-01   0.229482E-01   0.387265E+05   0.226241E+06   0.240173E+06   0.226241E+06   0.355643E-02   0.817635E+05   0.817488E+05   0.822684E-02
   0.602149E+00   0.236806E+06   0.235853E+06   0.475785E-01   0.222853E-01   0.377493E+05   0.222891E+06   0.236646E+06   0.222891E+06   0.350124E-02   0.805020E+05   0.804874E+05   0.805457E-02
   0.607303E+00   0.233358E+06   0.232418E+06   0.461263E-01   0.216388E-01   0.368206E+05   0.219619E+06   0.233200E+06   0.219619E+06   0.344773E-02   0.792775E+05   0.792631E+05   0.788497E-02
   0.612457E+00   0.229994E+06   0.229066E+06   0.447248E-01   0.210078E-01   0.359468E+05   0.216430E+06   0.229838E+06   0.216430E+06   0.339595E-02   0.780918E+05   0.780776E+05   0.771819E-02
   0.659749E+00   0.202872E+06   0.202048E+06   0.340851E-01   0.161029E-01   0.302260E+05   0.190804E+06   0.202734E+06   0.190804E+06   0.298696E-02   0.687062E+05   0.686936E+05   0.634477E-02
   0.710693E+00   0.179071E+06   0.178341E+06   0.263966E-01   0.129104E-01   0.233554E+05   0.168188E+06   0.178948E+06   0.168188E+06   0.259477E-02   0.597929E+05   0.597819E+05   0.517409E-02
   0.765571E+00   0.157193E+06   0.156546E+06   0.199886E-01   0.980965E-02   0.184846E+05   0.147499E+06   0.157084E+06   0.147499E+06   0.227217E-02   0.523688E+05   0.523591E+05   0.423940E-02
   0.895965E+00   0.120559E+06   0.120058E+06   0.113731E-01   0.574967E-02   0.117266E+05   0.112954E+06   0.120475E+06   0.112954E+06   0.171633E-02   0.396260E+05   0.396184E+05   0.284109E-02
   0.125042E+01   0.681991E+05   0.679097E+05   0.337281E-02   0.177100E-02   0.416829E+04   0.637257E+05   0.681505E+05   0.637257E+05   0.949926E-03   0.219850E+05   0.219806E+05   0.119798E-02
   0.174510E+01   0.385006E+05   0.383349E+05   0.990586E-03   0.532143E-03   0.148722E+04   0.359150E+05   0.384728E+05   0.359150E+05   0.528686E-03   0.122557E+05   0.122530E+05   0.520648E-03
   0.243548E+01   0.216342E+05   0.215400E+05   0.287989E-03   0.156728E-03   0.539505E+03   0.201607E+05   0.216184E+05   0.201607E+05   0.294553E-03   0.683486E+04   0.683314E+04   0.235497E-03
