   0.102076E-04   0.144646E+08   0.144646E+08   0.192732E+08   0.192728E+08   0.144646E+08   0.144646E+08   0.144646E+08   0.144694E+08  -0.461553E+00   0.987581E+07   0.987581E+07   0.573274E+01
   0.112819E-04   0.144651E+08   0.144651E+08   0.192710E+08   0.192706E+08   0.144651E+08   0.144651E+08   0.144651E+08   0.144699E+08  -0.461566E+00   0.987590E+07   0.987590E+07   0.633590E+01
   0.124693E-04   0.144657E+08   0.144657E+08   0.192684E+08   0.192678E+08   0.144658E+08   0.144657E+08   0.144657E+08   0.144705E+08  -0.461582E+00   0.987601E+07   0.987601E+07   0.700247E+01
   0.137816E-04   0.144664E+08   0.144664E+08   0.192651E+08   0.192644E+08   0.144665E+08   0.144664E+08   0.144664E+08   0.144712E+08  -0.461601E+00   0.987615E+07   0.987615E+07   0.773912E+01
   0.152321E-04   0.144673E+08   0.144673E+08   0.192612E+08   0.192603E+08   0.144674E+08   0.144673E+08   0.144673E+08   0.144721E+08  -0.461625E+00   0.987632E+07   0.987632E+07   0.855317E+01
   0.168352E-04   0.144684E+08   0.144684E+08   0.192563E+08   0.192552E+08   0.144685E+08   0.144684E+08   0.144684E+08   0.144733E+08  -0.461654E+00   0.987652E+07   0.987652E+07   0.945273E+01
   0.186070E-04   0.144698E+08   0.144698E+08   0.192504E+08   0.192491E+08   0.144699E+08   0.144698E+08   0.144698E+08   0.144746E+08  -0.461689E+00   0.987677E+07   0.987677E+07   0.104468E+02
   0.205653E-04   0.144714E+08   0.144714E+08   0.192432E+08   0.192416E+08   0.144715E+08   0.144715E+08   0.144714E+08   0.144763E+08  -0.461732E+00   0.987708E+07   0.987708E+07   0.115451E+02
   0.227297E-04   0.144735E+08   0.144735E+08   0.192343E+08   0.192324E+08   0.144736E+08   0.144735E+08   0.144735E+08   0.144783E+08  -0.461785E+00   0.987745E+07   0.987745E+07   0.127587E+02
   0.251219E-04   0.144759E+08   0.144759E+08   0.192235E+08   0.192211E+08   0.144760E+08   0.144759E+08   0.144759E+08   0.144807E+08  -0.461849E+00   0.987791E+07   0.987791E+07   0.140994E+02
   0.277659E-04   0.144790E+08   0.144789E+08   0.192104E+08   0.192074E+08   0.144790E+08   0.144790E+08   0.144790E+08   0.144838E+08  -0.461928E+00   0.987846E+07   0.987846E+07   0.155806E+02
   0.306881E-04   0.144826E+08   0.144826E+08   0.191943E+08   0.191907E+08   0.144827E+08   0.144826E+08   0.144826E+08   0.144874E+08  -0.462023E+00   0.987914E+07   0.987914E+07   0.172166E+02
   0.339179E-04   0.144871E+08   0.144871E+08   0.191746E+08   0.191703E+08   0.144872E+08   0.144871E+08   0.144871E+08   0.144919E+08  -0.462140E+00   0.987997E+07   0.987997E+07   0.190236E+02
   0.374876E-04   0.144926E+08   0.144926E+08   0.191507E+08   0.191454E+08   0.144927E+08   0.144926E+08   0.144926E+08   0.144974E+08  -0.462282E+00   0.988098E+07   0.988098E+07   0.210189E+02
   0.414330E-04   0.144992E+08   0.144992E+08   0.191214E+08   0.191150E+08   0.144993E+08   0.144992E+08   0.144992E+08   0.145040E+08  -0.462456E+00   0.988221E+07   0.988221E+07   0.232220E+02
   0.457936E-04   0.145074E+08   0.145074E+08   0.190857E+08   0.190779E+08   0.145075E+08   0.145074E+08   0.145074E+08   0.145121E+08  -0.462667E+00   0.988371E+07   0.988371E+07   0.256536E+02
   0.506132E-04   0.145173E+08   0.145172E+08   0.190422E+08   0.190326E+08   0.145173E+08   0.145173E+08   0.145173E+08   0.145220E+08  -0.462924E+00   0.988554E+07   0.988553E+07   0.283369E+02
   0.559400E-04   0.145293E+08   0.145293E+08   0.189891E+08   0.189774E+08   0.145294E+08   0.145293E+08   0.145293E+08   0.145340E+08  -0.463237E+00   0.988776E+07   0.988775E+07   0.312968E+02
   0.618274E-04   0.145439E+08   0.145439E+08   0.189244E+08   0.189102E+08   0.145440E+08   0.145439E+08   0.145439E+08   0.145487E+08  -0.463617E+00   0.989045E+07   0.989045E+07   0.345603E+02
   0.683345E-04   0.145617E+08   0.145617E+08   0.188456E+08   0.188283E+08   0.145618E+08   0.145617E+08   0.145617E+08   0.145664E+08  -0.464078E+00   0.989373E+07   0.989372E+07   0.381568E+02
   0.755264E-04   0.145833E+08   0.145832E+08   0.187497E+08   0.187286E+08   0.145833E+08   0.145833E+08   0.145832E+08   0.145879E+08  -0.464637E+00   0.989770E+07   0.989769E+07   0.421176E+02
   0.834752E-04   0.146094E+08   0.146093E+08   0.186329E+08   0.186073E+08   0.146094E+08   0.146094E+08   0.146094E+08   0.146140E+08  -0.465314E+00   0.990250E+07   0.990249E+07   0.464761E+02
   0.922605E-04   0.146409E+08   0.146409E+08   0.184910E+08   0.184599E+08   0.146410E+08   0.146409E+08   0.146409E+08   0.146456E+08  -0.466132E+00   0.990831E+07   0.990829E+07   0.512675E+02
   0.101971E-03   0.146790E+08   0.146790E+08   0.183188E+08   0.182810E+08   0.146791E+08   0.146790E+08   0.146790E+08   0.146836E+08  -0.467116E+00   0.991530E+07   0.991528E+07   0.565287E+02
   0.112702E-03   0.147248E+08   0.147248E+08   0.181099E+08   0.180641E+08   0.147249E+08   0.147248E+08   0.147248E+08   0.147294E+08  -0.468300E+00   0.992370E+07   0.992368E+07   0.622971E+02
   0.124564E-03   0.147798E+08   0.147797E+08   0.178571E+08   0.178018E+08   0.147798E+08   0.147798E+08   0.147798E+08   0.147842E+08  -0.469716E+00   0.993375E+07   0.993372E+07   0.686102E+02
   0.137674E-03   0.148454E+08   0.148453E+08   0.175519E+08   0.174852E+08   0.148454E+08   0.148454E+08   0.148454E+08   0.148498E+08  -0.471404E+00   0.994573E+07   0.994570E+07   0.755042E+02
   0.152163E-03   0.149234E+08   0.149233E+08   0.171843E+08   0.171042E+08   0.149234E+08   0.149234E+08   0.149234E+08   0.149277E+08  -0.473405E+00   0.995994E+07   0.995990E+07   0.830122E+02
   0.168178E-03   0.150156E+08   0.150155E+08   0.167430E+08   0.166472E+08   0.150156E+08   0.150156E+08   0.150156E+08   0.150198E+08  -0.475764E+00   0.997667E+07   0.997663E+07   0.911614E+02
   0.185878E-03   0.151239E+08   0.151237E+08   0.162157E+08   0.161015E+08   0.151239E+08   0.151238E+08   0.151238E+08   0.151279E+08  -0.478524E+00   0.999625E+07   0.999620E+07   0.999702E+02
   0.205440E-03   0.152500E+08   0.152497E+08   0.155888E+08   0.154535E+08   0.152499E+08   0.152499E+08   0.152499E+08   0.152538E+08  -0.481726E+00   0.100189E+08   0.100189E+08   0.109443E+03
   0.227062E-03   0.153955E+08   0.153952E+08   0.148486E+08   0.146895E+08   0.153954E+08   0.153954E+08   0.153954E+08   0.153991E+08  -0.485402E+00   0.100450E+08   0.100449E+08   0.119567E+03
   0.250959E-03   0.155615E+08   0.155611E+08   0.139821E+08   0.137965E+08   0.155614E+08   0.155614E+08   0.155614E+08   0.155649E+08  -0.489574E+00   0.100745E+08   0.100744E+08   0.130300E+03
   0.277372E-03   0.157485E+08   0.157481E+08   0.129787E+08   0.127645E+08   0.157484E+08   0.157485E+08   0.157485E+08   0.157517E+08  -0.494247E+00   0.101075E+08   0.101074E+08   0.141568E+03
   0.306564E-03   0.159563E+08   0.159557E+08   0.118326E+08   0.115886E+08   0.159561E+08   0.159562E+08   0.159562E+08   0.159591E+08  -0.499402E+00   0.101439E+08   0.101437E+08   0.153253E+03
   0.338828E-03   0.161832E+08   0.161825E+08   0.105466E+08   0.102732E+08   0.161830E+08   0.161830E+08   0.161831E+08   0.161857E+08  -0.504992E+00   0.101831E+08   0.101829E+08   0.165182E+03
   0.374488E-03   0.164265E+08   0.164258E+08   0.913582E+07   0.883565E+07   0.164262E+08   0.164264E+08   0.164264E+08   0.164286E+08  -0.510944E+00   0.102247E+08   0.102245E+08   0.177116E+03
   0.413901E-03   0.166824E+08   0.166815E+08   0.763254E+07   0.731140E+07   0.166820E+08   0.166822E+08   0.166822E+08   0.166841E+08  -0.517156E+00   0.102677E+08   0.102675E+08   0.188750E+03
   0.457462E-03   0.169456E+08   0.169445E+08   0.609015E+07   0.575763E+07   0.169452E+08   0.169454E+08   0.169454E+08   0.169469E+08  -0.523506E+00   0.103112E+08   0.103110E+08   0.199701E+03
   0.505608E-03   0.172105E+08   0.172092E+08   0.458423E+07   0.425415E+07   0.172099E+08   0.172102E+08   0.172102E+08   0.172113E+08  -0.529858E+00   0.103541E+08   0.103538E+08   0.209524E+03
   0.558821E-03   0.174708E+08   0.174693E+08   0.320838E+07   0.289828E+07   0.174701E+08   0.174705E+08   0.174705E+08   0.174713E+08  -0.536078E+00   0.103952E+08   0.103948E+08   0.217731E+03
   0.617635E-03   0.177207E+08   0.177190E+08   0.206130E+07   0.179077E+07   0.177198E+08   0.177204E+08   0.177204E+08   0.177209E+08  -0.542039E+00   0.104334E+08   0.104330E+08   0.223826E+03
   0.682638E-03   0.179550E+08   0.179530E+08   0.122387E+07   0.101114E+07   0.179539E+08   0.179546E+08   0.179547E+08   0.179549E+08  -0.547632E+00   0.104678E+08   0.104673E+08   0.227363E+03
   0.754482E-03   0.181696E+08   0.181673E+08   0.728816E+06   0.585893E+06   0.181682E+08   0.181692E+08   0.181692E+08   0.181693E+08  -0.552770E+00   0.104976E+08   0.104971E+08   0.228008E+03
   0.833888E-03   0.183614E+08   0.183588E+08   0.534134E+06   0.461701E+06   0.183597E+08   0.183609E+08   0.183610E+08   0.183610E+08  -0.557387E+00   0.105222E+08   0.105216E+08   0.225591E+03
   0.921651E-03   0.185286E+08   0.185257E+08   0.519945E+06   0.504580E+06   0.185265E+08   0.185280E+08   0.185281E+08   0.185282E+08  -0.561439E+00   0.105412E+08   0.105406E+08   0.220143E+03
   0.101865E-02   0.186704E+08   0.186672E+08   0.529153E+06   0.546118E+06   0.186678E+08   0.186697E+08   0.186698E+08   0.186698E+08  -0.564898E+00   0.105544E+08   0.105537E+08   0.211868E+03
   0.112586E-02   0.187865E+08   0.187831E+08   0.450289E+06   0.473217E+06   0.187833E+08   0.187858E+08   0.187859E+08   0.187859E+08  -0.567749E+00   0.105614E+08   0.105607E+08   0.201089E+03
   0.124435E-02   0.188776E+08   0.188739E+08   0.292877E+06   0.306422E+06   0.188736E+08   0.188767E+08   0.188769E+08   0.188768E+08  -0.569987E+00   0.105621E+08   0.105614E+08   0.188191E+03
   0.137531E-02   0.189442E+08   0.189404E+08   0.168700E+06   0.174554E+06   0.189394E+08   0.189433E+08   0.189436E+08   0.189434E+08  -0.571615E+00   0.105564E+08   0.105557E+08   0.173625E+03
   0.152006E-02   0.189875E+08   0.189836E+08   0.151612E+06   0.160684E+06   0.189816E+08   0.189865E+08   0.189868E+08   0.189865E+08  -0.572643E+00   0.105441E+08   0.105433E+08   0.157988E+03
   0.168004E-02   0.190082E+08   0.190042E+08   0.165864E+06  -0.149265E+06   0.190010E+08   0.190071E+08   0.190075E+08   0.190071E+08  -0.573076E+00   0.105250E+08   0.105242E+08   0.142059E+03
   0.185685E-02   0.190072E+08   0.190032E+08   0.109179E+06  -0.991773E+05   0.189984E+08   0.190059E+08   0.190065E+08   0.190060E+08  -0.572922E+00   0.104988E+08   0.104981E+08   0.126683E+03
   0.205228E-02   0.189850E+08   0.189810E+08   0.496716E+05  -0.651939E+05   0.189742E+08   0.189836E+08   0.189843E+08   0.189836E+08  -0.572180E+00   0.104652E+08   0.104645E+08   0.112560E+03
   0.226827E-02   0.189421E+08   0.189381E+08   0.659890E+05  -0.423128E+05   0.189289E+08   0.189405E+08   0.189414E+08   0.189405E+08  -0.570848E+00   0.104238E+08   0.104232E+08   0.100173E+03
   0.250700E-02   0.188784E+08   0.188743E+08   0.541464E+05  -0.270328E+05   0.188625E+08   0.188767E+08   0.188777E+08   0.188767E+08  -0.568918E+00   0.103742E+08   0.103735E+08   0.897483E+02
   0.277085E-02   0.187939E+08   0.187897E+08   0.289939E+05  -0.169231E+05   0.187746E+08   0.187919E+08   0.187932E+08   0.187919E+08  -0.566375E+00   0.103157E+08   0.103150E+08   0.810877E+02
   0.306246E-02   0.186881E+08   0.186837E+08   0.352641E+05  -0.103059E+05   0.186646E+08   0.186858E+08   0.186873E+08   0.186858E+08  -0.563200E+00   0.102476E+08   0.102470E+08   0.736550E+02
   0.338478E-02   0.185603E+08   0.185556E+08   0.155800E+05  -0.603012E+04   0.185319E+08   0.185576E+08   0.185595E+08   0.185576E+08  -0.559365E+00   0.101693E+08   0.101687E+08   0.668606E+02
   0.374101E-02   0.184095E+08   0.184045E+08   0.149715E+05  -0.331199E+04   0.183752E+08   0.184064E+08   0.184087E+08   0.184064E+08  -0.554839E+00   0.100800E+08   0.100793E+08   0.603314E+02
   0.413473E-02   0.182346E+08   0.182293E+08   0.107451E+05  -0.162053E+04   0.181933E+08   0.182309E+08   0.182337E+08   0.182309E+08  -0.549582E+00   0.997861E+07   0.997794E+07   0.541297E+02
   0.456989E-02   0.180341E+08   0.180285E+08   0.872162E+04  -0.598545E+03   0.179845E+08   0.180298E+08   0.180332E+08   0.180298E+08  -0.543550E+00   0.986426E+07   0.986360E+07   0.485498E+02
   0.505085E-02   0.178065E+08   0.178003E+08   0.976141E+04  -0.746975E+01   0.177470E+08   0.178014E+08   0.178054E+08   0.178014E+08  -0.536691E+00   0.973586E+07   0.973520E+07   0.437212E+02
   0.558243E-02   0.175498E+08   0.175431E+08   0.727420E+04   0.310870E+03   0.174788E+08   0.175439E+08   0.175487E+08   0.175439E+08  -0.528953E+00   0.959226E+07   0.959160E+07   0.394362E+02
   0.616996E-02   0.172623E+08   0.172549E+08   0.541562E+04   0.460375E+03   0.171779E+08   0.172553E+08   0.172611E+08   0.172553E+08  -0.520274E+00   0.943228E+07   0.943163E+07   0.354569E+02
   0.681932E-02   0.169419E+08   0.169336E+08   0.318156E+04   0.508569E+03   0.168420E+08   0.169337E+08   0.169405E+08   0.169337E+08  -0.510595E+00   0.925472E+07   0.925407E+07   0.318384E+02
   0.753702E-02   0.165864E+08   0.165771E+08   0.197426E+04   0.498762E+03   0.164690E+08   0.165768E+08   0.165848E+08   0.165768E+08  -0.499850E+00   0.905831E+07   0.905766E+07   0.286620E+02
   0.833025E-02   0.161938E+08   0.161833E+08   0.257668E+04   0.458267E+03   0.160565E+08   0.161826E+08   0.161920E+08   0.161826E+08  -0.487978E+00   0.884187E+07   0.884122E+07   0.257974E+02
   0.920698E-02   0.157621E+08   0.157502E+08   0.325439E+03   0.403936E+03   0.156028E+08   0.157492E+08   0.157601E+08   0.157492E+08  -0.474918E+00   0.860423E+07   0.860359E+07   0.232136E+02
   0.101760E-01   0.152895E+08   0.152760E+08   0.101841E+04   0.345808E+03   0.151060E+08   0.152747E+08   0.152872E+08   0.152747E+08  -0.460618E+00   0.834442E+07   0.834378E+07   0.209252E+02
   0.112469E-01   0.147746E+08   0.147592E+08   0.571761E+03   0.289593E+03   0.145651E+08   0.147577E+08   0.147720E+08   0.147577E+08  -0.445036E+00   0.806160E+07   0.806096E+07   0.188702E+02
   0.124306E-01   0.142166E+08   0.141989E+08   0.260994E+03   0.238275E+03   0.139792E+08   0.141974E+08   0.142136E+08   0.141974E+08  -0.428144E+00   0.775526E+07   0.775462E+07   0.170459E+02
   0.137389E-01   0.136150E+08   0.135947E+08   0.210702E+03   0.193141E+03   0.133486E+08   0.135934E+08   0.136116E+08   0.135934E+08  -0.409935E+00   0.742522E+07   0.742459E+07   0.154167E+02
   0.151849E-01   0.129705E+08   0.129473E+08   0.417718E+03   0.154503E+03   0.126742E+08   0.129464E+08   0.129666E+08   0.129464E+08  -0.390427E+00   0.707179E+07   0.707115E+07   0.139649E+02
   0.167830E-01   0.122971E+08   0.122706E+08   0.150903E+03   0.122224E+03   0.119702E+08   0.122704E+08   0.122926E+08   0.122704E+08  -0.370042E+00   0.670258E+07   0.670194E+07   0.126735E+02
   0.185493E-01   0.115750E+08   0.115450E+08   0.173158E+03   0.954892E+02   0.112182E+08   0.115456E+08   0.115700E+08   0.115456E+08  -0.348189E+00   0.630688E+07   0.630624E+07   0.115007E+02
   0.205016E-01   0.108197E+08   0.107860E+08   0.257296E+03   0.737689E+02   0.104341E+08   0.107878E+08   0.108140E+08   0.107878E+08  -0.325335E+00   0.589313E+07   0.589249E+07   0.104300E+02
   0.226592E-01   0.100297E+08   0.999220E+07   0.136373E+03   0.562969E+02   0.961804E+07   0.999536E+07   0.100234E+08   0.999536E+07  -0.301439E+00   0.546055E+07   0.545991E+07   0.943168E+01
   0.250440E-01   0.923127E+07   0.919024E+07   0.102625E+03   0.425216E+02   0.879653E+07   0.919479E+07   0.922438E+07   0.919479E+07  -0.277296E+00   0.502355E+07   0.502291E+07   0.848867E+01
   0.276798E-01   0.843531E+07   0.839128E+07   0.111075E+03   0.317832E+02   0.798093E+07   0.839701E+07   0.842792E+07   0.839701E+07  -0.253237E+00   0.458808E+07   0.458745E+07   0.757418E+01
   0.305930E-01   0.764833E+07   0.760223E+07   0.678635E+01   0.235112E+02   0.717813E+07   0.760860E+07   0.764059E+07   0.760860E+07  -0.229462E+00   0.415774E+07   0.415713E+07   0.666542E+01
   0.338127E-01   0.689078E+07   0.684402E+07   0.191909E+02   0.172286E+02   0.640827E+07   0.685010E+07   0.688293E+07   0.685010E+07  -0.206587E+00   0.374372E+07   0.374314E+07   0.574986E+01
   0.373714E-01   0.618664E+07   0.614104E+07   0.263961E+02   0.125482E+02   0.569452E+07   0.614548E+07   0.617899E+07   0.614548E+07  -0.185337E+00   0.335912E+07   0.335858E+07   0.482739E+01
   0.413045E-01   0.555830E+07   0.551594E+07   0.219169E+02   0.912054E+01   0.505622E+07   0.551695E+07   0.555118E+07   0.551695E+07  -0.166382E+00   0.301607E+07   0.301558E+07   0.391322E+01
   0.454350E-01   0.503041E+07   0.499310E+07   0.157272E+03   0.672614E+01   0.452065E+07   0.498932E+07   0.502414E+07   0.498932E+07  -0.150469E+00   0.272811E+07   0.272769E+07   0.307449E+01
   0.495654E-01   0.461947E+07   0.458806E+07   0.121226E+03   0.511216E+01   0.410091E+07   0.457870E+07   0.461420E+07   0.457870E+07  -0.138085E+00   0.250405E+07   0.250370E+07   0.237340E+01
   0.536959E-01   0.429116E+07   0.426565E+07   0.958490E+02   0.398103E+01   0.376286E+07   0.425064E+07   0.428688E+07   0.425064E+07  -0.128191E+00   0.232508E+07   0.232479E+07   0.181516E+01
   0.578264E-01   0.401634E+07   0.399603E+07   0.772684E+02   0.315840E+01   0.347860E+07   0.397597E+07   0.401293E+07   0.397597E+07  -0.119908E+00   0.217526E+07   0.217502E+07   0.139618E+01
   0.619568E-01   0.377481E+07   0.375850E+07   0.631903E+02   0.253983E+01   0.322913E+07   0.373452E+07   0.377207E+07   0.373452E+07  -0.112626E+00   0.204356E+07   0.204336E+07   0.110436E+01
   0.660873E-01   0.354863E+07   0.353488E+07   0.521486E+02   0.205971E+01   0.299806E+07   0.350840E+07   0.354632E+07   0.350840E+07  -0.105806E+00   0.192021E+07   0.192003E+07   0.918924E+00
   0.702177E-01   0.332716E+07   0.331457E+07   0.432574E+02   0.167862E+01   0.277588E+07   0.328706E+07   0.332504E+07   0.328706E+07  -0.991314E-01   0.179943E+07   0.179926E+07   0.814731E+00
   0.743482E-01   0.310983E+07   0.309721E+07   0.360169E+02   0.137212E+01   0.256213E+07   0.306998E+07   0.310771E+07   0.306998E+07  -0.925847E-01   0.168093E+07   0.168076E+07   0.765881E+00
   0.784786E-01   0.289314E+07   0.287971E+07   0.300306E+02   0.112116E+01   0.235375E+07   0.285374E+07   0.289088E+07   0.285374E+07  -0.860623E-01   0.156285E+07   0.156267E+07   0.746687E+00
   0.826091E-01   0.268538E+07   0.267080E+07   0.251210E+02   0.919524E+00   0.215739E+07   0.264659E+07   0.268293E+07   0.264659E+07  -0.798151E-01   0.144970E+07   0.144951E+07   0.737208E+00
   0.867395E-01   0.249229E+07   0.247662E+07   0.211176E+02   0.757784E+00   0.197725E+07   0.245422E+07   0.248966E+07   0.245422E+07  -0.740139E-01   0.134460E+07   0.134441E+07   0.722584E+00
   0.918936E-01   0.227888E+07   0.226246E+07   0.171724E+02   0.598448E+00   0.177996E+07   0.224181E+07   0.227612E+07   0.224181E+07  -0.676058E-01   0.122853E+07   0.122835E+07   0.684580E+00
   0.970477E-01   0.210161E+07   0.208541E+07   0.141778E+02   0.482812E+00   0.161634E+07   0.206552E+07   0.209889E+07   0.206552E+07  -0.622912E-01   0.113220E+07   0.113202E+07   0.621325E+00
   0.102202E+00   0.196204E+07   0.194705E+07   0.119205E+02   0.398494E+00   0.148618E+07   0.192679E+07   0.195953E+07   0.192679E+07  -0.581117E-01   0.105642E+07   0.105625E+07   0.539162E+00
   0.107356E+00   0.185512E+07   0.184203E+07   0.102027E+02   0.333959E+00   0.138418E+07   0.182050E+07   0.185292E+07   0.182050E+07  -0.549088E-01   0.998386E+06   0.998242E+06   0.449936E+00
   0.112510E+00   0.177039E+07   0.175946E+07   0.885370E+01   0.282060E+00   0.130140E+07   0.173625E+07   0.176856E+07   0.173625E+07  -0.523674E-01   0.952408E+06   0.952284E+06   0.366221E+00
   0.117664E+00   0.169639E+07   0.168743E+07   0.774158E+01   0.234802E+00   0.122868E+07   0.166264E+07   0.169488E+07   0.166264E+07  -0.501382E-01   0.912244E+06   0.912139E+06   0.297809E+00
   0.122818E+00   0.162415E+07   0.161664E+07   0.679331E+01   0.199411E+00   0.115915E+07   0.159082E+07   0.162289E+07   0.159082E+07  -0.479710E-01   0.873039E+06   0.872947E+06   0.249752E+00
   0.127972E+00   0.154848E+07   0.154174E+07   0.596186E+01   0.174009E+00   0.108902E+07   0.151565E+07   0.154735E+07   0.151565E+07  -0.457130E-01   0.831982E+06   0.831897E+06   0.221984E+00
   0.133126E+00   0.146794E+07   0.146132E+07   0.521520E+01   0.147661E+00   0.101735E+07   0.143575E+07   0.146683E+07   0.143575E+07  -0.433027E-01   0.788300E+06   0.788217E+06   0.210319E+00
   0.138280E+00   0.138423E+07   0.137725E+07   0.455180E+01   0.125371E+00   0.945413E+06   0.135279E+07   0.138306E+07   0.135279E+07  -0.408011E-01   0.742923E+06   0.742837E+06   0.208283E+00
   0.143435E+00   0.130103E+07   0.129352E+07   0.396702E+01   0.102580E+00   0.875762E+06   0.127045E+07   0.129977E+07   0.127045E+07  -0.383089E-01   0.697860E+06   0.697770E+06   0.209129E+00
   0.148589E+00   0.122284E+07   0.121486E+07   0.346735E+01   0.847789E-01   0.811330E+06   0.119314E+07   0.122150E+07   0.119314E+07  -0.359722E-01   0.655539E+06   0.655446E+06   0.207486E+00
   0.153743E+00   0.115376E+07   0.114558E+07   0.305367E+01   0.742301E-01   0.754625E+06   0.112488E+07   0.115238E+07   0.112488E+07  -0.339206E-01   0.618170E+06   0.618078E+06   0.200302E+00
   0.158897E+00   0.109615E+07   0.108815E+07   0.271441E+01   0.656328E-01   0.706885E+06   0.106798E+07   0.109481E+07   0.106798E+07  -0.322108E-01   0.587031E+06   0.586942E+06   0.187006E+00
   0.164051E+00   0.104980E+07   0.104230E+07   0.243950E+01   0.605591E-01   0.667599E+06   0.102220E+07   0.104854E+07   0.102220E+07  -0.308415E-01   0.561982E+06   0.561899E+06   0.169027E+00
   0.169205E+00   0.101227E+07   0.100551E+07   0.220480E+01   0.492259E-01   0.634901E+06   0.985117E+06   0.101114E+07   0.985117E+06  -0.297088E-01   0.541710E+06   0.541635E+06   0.148966E+00
   0.174359E+00   0.980320E+06   0.974364E+06   0.200463E+01   0.392656E-01   0.606499E+06   0.953537E+06   0.979320E+06   0.953537E+06  -0.287417E-01   0.524452E+06   0.524384E+06   0.129683E+00
   0.179513E+00   0.950794E+06   0.945558E+06   0.183427E+01   0.365262E-01   0.580287E+06   0.924352E+06   0.949915E+06   0.924352E+06  -0.278702E-01   0.508502E+06   0.508441E+06   0.113500E+00
   0.184667E+00   0.920962E+06   0.916252E+06   0.168141E+01   0.364257E-01   0.554497E+06   0.894882E+06   0.920171E+06   0.894882E+06  -0.269996E-01   0.492390E+06   0.492334E+06   0.101691E+00
   0.189821E+00   0.888996E+06   0.884567E+06   0.153599E+01   0.336952E-01   0.528087E+06   0.863345E+06   0.888252E+06   0.863345E+06  -0.260550E-01   0.475131E+06   0.475077E+06   0.943654E-01
   0.194975E+00   0.854564E+06   0.850190E+06   0.139733E+01   0.290863E-01   0.500864E+06   0.829419E+06   0.853829E+06   0.829419E+06  -0.250284E-01   0.456551E+06   0.456498E+06   0.906752E-01
   0.200130E+00   0.818761E+06   0.814286E+06   0.126537E+01   0.216237E-01   0.473509E+06   0.794185E+06   0.818009E+06   0.794185E+06  -0.239460E-01   0.437241E+06   0.437188E+06   0.892110E-01
   0.205284E+00   0.783280E+06   0.778642E+06   0.114577E+01   0.154237E-01   0.447010E+06   0.759300E+06   0.782501E+06   0.759300E+06  -0.228770E-01   0.418114E+06   0.418060E+06   0.884325E-01
   0.210438E+00   0.749715E+06   0.744944E+06   0.104457E+01   0.154519E-01   0.422247E+06   0.726323E+06   0.748914E+06   0.726323E+06  -0.218955E-01   0.400031E+06   0.399976E+06   0.870554E-01
   0.215592E+00   0.719326E+06   0.714522E+06   0.958068E+00   0.176765E-01   0.399867E+06   0.696482E+06   0.718519E+06   0.696482E+06  -0.210201E-01   0.383667E+06   0.383613E+06   0.843101E-01
   0.220746E+00   0.692884E+06   0.688175E+06   0.881332E+00   0.176093E-01   0.380210E+06   0.670525E+06   0.692093E+06   0.670525E+06  -0.202483E-01   0.369436E+06   0.369383E+06   0.800198E-01
   0.225900E+00   0.670425E+06   0.665931E+06   0.813287E+00   0.154989E-01   0.363196E+06   0.648476E+06   0.669670E+06   0.648476E+06  -0.195811E-01   0.357352E+06   0.357302E+06   0.745100E-01
   0.231054E+00   0.651225E+06   0.647027E+06   0.748724E+00   0.816493E-02   0.348337E+06   0.629623E+06   0.650520E+06   0.629623E+06  -0.189743E-01   0.347025E+06   0.346977E+06   0.684147E-01
   0.236208E+00   0.634140E+06   0.630264E+06   0.695121E+00   0.528966E-02   0.334946E+06   0.612843E+06   0.633489E+06   0.612843E+06  -0.184561E-01   0.337835E+06   0.337791E+06   0.624546E-01
   0.241362E+00   0.617994E+06   0.614413E+06   0.648821E+00   0.512281E-02   0.322353E+06   0.596989E+06   0.617393E+06   0.596989E+06  -0.179836E-01   0.329151E+06   0.329110E+06   0.572406E-01
   0.246516E+00   0.601823E+06   0.598469E+06   0.608487E+00   0.772381E-02   0.310031E+06   0.581120E+06   0.601260E+06   0.581120E+06  -0.175305E-01   0.320456E+06   0.320417E+06   0.531398E-01
   0.251670E+00   0.585022E+06   0.581808E+06   0.570356E+00   0.101902E-01   0.297661E+06   0.564647E+06   0.584482E+06   0.564647E+06  -0.170594E-01   0.311425E+06   0.311387E+06   0.502274E-01
   0.256825E+00   0.567459E+06   0.564306E+06   0.531442E+00   0.982868E-02   0.285185E+06   0.547446E+06   0.566930E+06   0.547446E+06  -0.165449E-01   0.301988E+06   0.301951E+06   0.483222E-01
   0.261979E+00   0.549464E+06   0.546312E+06   0.491020E+00   0.577174E-02   0.272772E+06   0.529836E+06   0.548934E+06   0.529836E+06  -0.159868E-01   0.292323E+06   0.292286E+06   0.470787E-01
   0.267133E+00   0.531610E+06   0.528434E+06   0.451232E+00  -0.161980E-03   0.260707E+06   0.512379E+06   0.531076E+06   0.512379E+06  -0.154144E-01   0.282737E+06   0.282700E+06   0.460987E-01
   0.272287E+00   0.514489E+06   0.511295E+06   0.419391E+00  -0.952671E-03   0.249271E+06   0.495648E+06   0.513952E+06   0.495648E+06  -0.149064E-01   0.273548E+06   0.273511E+06   0.450337E-01
   0.277441E+00   0.498572E+06   0.495391E+06   0.397494E+00   0.526613E-02   0.238672E+06   0.480101E+06   0.498038E+06   0.480101E+06  -0.144994E-01   0.265009E+06   0.264973E+06   0.436566E-01
   0.282595E+00   0.484140E+06   0.481015E+06   0.374394E+00   0.737885E-02   0.229013E+06   0.466008E+06   0.483615E+06   0.466008E+06  -0.140996E-01   0.257270E+06   0.257235E+06   0.418911E-01
   0.287749E+00   0.471228E+06   0.468201E+06   0.349258E+00   0.479161E-02   0.220283E+06   0.453400E+06   0.470720E+06   0.453400E+06  -0.136982E-01   0.250349E+06   0.250315E+06   0.397990E-01
   0.292903E+00   0.459628E+06   0.456730E+06   0.323999E+00  -0.195947E-03   0.212352E+06   0.442074E+06   0.459142E+06   0.442074E+06  -0.133086E-01   0.244132E+06   0.244099E+06   0.375356E-01
   0.298057E+00   0.448964E+06   0.446206E+06   0.302789E+00  -0.295914E-02   0.205021E+06   0.431663E+06   0.448501E+06   0.431663E+06  -0.129672E-01   0.238417E+06   0.238385E+06   0.352919E-01
   0.303211E+00   0.438815E+06   0.436189E+06   0.287742E+00  -0.956938E-03   0.198079E+06   0.421756E+06   0.438374E+06   0.421756E+06  -0.126926E-01   0.232978E+06   0.232948E+06   0.332401E-01
   0.308365E+00   0.428823E+06   0.426307E+06   0.276005E+00   0.328899E-02   0.191353E+06   0.412007E+06   0.428400E+06   0.412007E+06  -0.124499E-01   0.227626E+06   0.227596E+06   0.314939E-01
   0.313520E+00   0.418760E+06   0.416326E+06   0.263334E+00   0.575204E-02   0.184736E+06   0.402195E+06   0.418351E+06   0.402195E+06  -0.121866E-01   0.222237E+06   0.222209E+06   0.300915E-01
   0.318674E+00   0.408556E+06   0.406174E+06   0.247069E+00   0.387595E-02   0.178195E+06   0.392253E+06   0.408156E+06   0.392253E+06  -0.118672E-01   0.216775E+06   0.216747E+06   0.289995E-01
   0.323828E+00   0.398284E+06   0.395931E+06   0.228861E+00  -0.678985E-03   0.171759E+06   0.382251E+06   0.397889E+06   0.382251E+06  -0.115104E-01   0.211276E+06   0.211249E+06   0.281328E-01
   0.328982E+00   0.388110E+06   0.385774E+06   0.212392E+00  -0.427626E-02   0.165499E+06   0.372350E+06   0.387718E+06   0.372350E+06  -0.111661E-01   0.205832E+06   0.205805E+06   0.273839E-01
   0.334136E+00   0.378242E+06   0.375922E+06   0.202824E+00  -0.181950E-02   0.159498E+06   0.362752E+06   0.377852E+06   0.362752E+06  -0.109105E-01   0.200552E+06   0.200525E+06   0.266518E-01
   0.339290E+00   0.368863E+06   0.366567E+06   0.197650E+00   0.413955E-02   0.153825E+06   0.353633E+06   0.368477E+06   0.353633E+06  -0.107202E-01   0.195537E+06   0.195510E+06   0.258644E-01
   0.344444E+00   0.360087E+06   0.357829E+06   0.187329E+00   0.407080E-02   0.148519E+06   0.345103E+06   0.359708E+06   0.345103E+06  -0.104651E-01   0.190845E+06   0.190819E+06   0.249891E-01
   0.349598E+00   0.351933E+06   0.349727E+06   0.177537E+00   0.369872E-02   0.143575E+06   0.337179E+06   0.351563E+06   0.337179E+06  -0.102231E-01   0.186488E+06   0.186463E+06   0.240319E-01
   0.354752E+00   0.344337E+06   0.342194E+06   0.162528E+00  -0.262312E-02   0.138958E+06   0.329799E+06   0.343977E+06   0.329799E+06  -0.990585E-02   0.182430E+06   0.182406E+06   0.230282E-01
   0.359906E+00   0.337185E+06   0.335109E+06   0.152154E+00  -0.493683E-02   0.134610E+06   0.322851E+06   0.336836E+06   0.322851E+06  -0.966002E-02   0.178609E+06   0.178585E+06   0.220280E-01
   0.365060E+00   0.330344E+06   0.328335E+06   0.147596E+00  -0.196140E-02   0.130472E+06   0.316207E+06   0.330006E+06   0.316207E+06  -0.950775E-02   0.174953E+06   0.174930E+06   0.210811E-01
   0.370215E+00   0.323688E+06   0.321739E+06   0.145245E+00   0.277644E-02   0.126487E+06   0.309746E+06   0.323361E+06   0.309746E+06  -0.939251E-02   0.171399E+06   0.171377E+06   0.202244E-01
   0.375369E+00   0.317118E+06   0.315219E+06   0.140371E+00   0.462018E-02   0.122613E+06   0.303370E+06   0.316799E+06   0.303370E+06  -0.923389E-02   0.167893E+06   0.167871E+06   0.194746E-01
   0.380523E+00   0.310582E+06   0.308723E+06   0.132424E+00   0.306712E-02   0.118826E+06   0.297030E+06   0.310270E+06   0.297030E+06  -0.901788E-02   0.164404E+06   0.164383E+06   0.188275E-01
   0.385677E+00   0.304088E+06   0.302258E+06   0.120940E+00  -0.232853E-02   0.115128E+06   0.290734E+06   0.303780E+06   0.290734E+06  -0.873193E-02   0.160938E+06   0.160917E+06   0.182635E-01
   0.390831E+00   0.297687E+06   0.295882E+06   0.112229E+00  -0.525862E-02   0.111537E+06   0.284531E+06   0.297384E+06   0.284531E+06  -0.849019E-02   0.157522E+06   0.157502E+06   0.177538E-01
   0.395985E+00   0.291449E+06   0.289668E+06   0.108109E+00  -0.391897E-02   0.108074E+06   0.278489E+06   0.291150E+06   0.278489E+06  -0.833250E-02   0.154194E+06   0.154173E+06   0.172690E-01
   0.401139E+00   0.285432E+06   0.283674E+06   0.107306E+00   0.411728E-03   0.104759E+06   0.272663E+06   0.285137E+06   0.272663E+06  -0.824110E-02   0.150984E+06   0.150964E+06   0.167853E-01
   0.406293E+00   0.279670E+06   0.277939E+06   0.106220E+00   0.413928E-02   0.101599E+06   0.267084E+06   0.279379E+06   0.267084E+06  -0.814877E-02   0.147913E+06   0.147893E+06   0.162888E-01
   0.411447E+00   0.274178E+06   0.272480E+06   0.101534E+00   0.396058E-02   0.985972E+05   0.261770E+06   0.273893E+06   0.261770E+06  -0.798703E-02   0.144987E+06   0.144967E+06   0.157769E-01
   0.416601E+00   0.268955E+06   0.267293E+06   0.927316E-01  -0.617943E-03   0.957469E+05   0.256717E+06   0.268676E+06   0.256717E+06  -0.773961E-02   0.142204E+06   0.142185E+06   0.152568E-01
   0.421755E+00   0.263970E+06   0.262344E+06   0.848447E-01  -0.453410E-02   0.930333E+05   0.251894E+06   0.263697E+06   0.251894E+06  -0.750937E-02   0.139547E+06   0.139528E+06   0.147408E-01
   0.426910E+00   0.259167E+06   0.257580E+06   0.803267E-01  -0.530369E-02   0.904338E+05   0.247250E+06   0.258901E+06   0.247250E+06  -0.735095E-02   0.136987E+06   0.136969E+06   0.142426E-01
   0.432064E+00   0.254497E+06   0.252945E+06   0.787856E-01  -0.329372E-02   0.879274E+05   0.242735E+06   0.254237E+06   0.242735E+06  -0.725876E-02   0.134499E+06   0.134481E+06   0.137737E-01
   0.437218E+00   0.249926E+06   0.248407E+06   0.736035E-01  -0.510284E-02   0.855005E+05   0.238318E+06   0.249671E+06   0.238318E+06  -0.708160E-02   0.132065E+06   0.132048E+06   0.133407E-01
   0.442372E+00   0.245438E+06   0.243948E+06   0.791512E-01   0.365974E-02   0.831455E+05   0.233982E+06   0.245188E+06   0.233982E+06  -0.715860E-02   0.129675E+06   0.129658E+06   0.129449E-01
   0.447526E+00   0.241024E+06   0.239558E+06   0.764223E-01   0.399229E-02   0.808573E+05   0.229718E+06   0.240778E+06   0.229718E+06  -0.703992E-02   0.127327E+06   0.127310E+06   0.125820E-01
   0.452680E+00   0.236684E+06   0.235240E+06   0.668686E-01  -0.263886E-02   0.786346E+05   0.225528E+06   0.236441E+06   0.225528E+06  -0.674940E-02   0.125017E+06   0.125000E+06   0.122444E-01
   0.457834E+00   0.232434E+06   0.231011E+06   0.617933E-01  -0.492723E-02   0.764812E+05   0.221426E+06   0.232195E+06   0.221426E+06  -0.656610E-02   0.122755E+06   0.122738E+06   0.119235E-01
   0.462988E+00   0.228301E+06   0.226899E+06   0.595387E-01  -0.453102E-02   0.744040E+05   0.217439E+06   0.228065E+06   0.217439E+06  -0.645467E-02   0.120554E+06   0.120538E+06   0.116118E-01
   0.468142E+00   0.224303E+06   0.222922E+06   0.597808E-01  -0.177878E-02   0.724070E+05   0.213582E+06   0.224071E+06   0.213582E+06  -0.641018E-02   0.118426E+06   0.118411E+06   0.113039E-01
   0.473296E+00   0.220442E+06   0.219083E+06   0.606965E-01   0.151436E-02   0.704891E+05   0.209860E+06   0.220214E+06   0.209860E+06  -0.638750E-02   0.116373E+06   0.116358E+06   0.109975E-01
   0.478450E+00   0.216714E+06   0.215378E+06   0.614603E-01   0.453008E-02   0.686466E+05   0.206266E+06   0.216490E+06   0.206266E+06  -0.636428E-02   0.114392E+06   0.114377E+06   0.106930E-01
   0.483605E+00   0.213111E+06   0.211799E+06   0.585188E-01   0.372598E-02   0.668751E+05   0.202792E+06   0.212890E+06   0.202792E+06  -0.623893E-02   0.112477E+06   0.112462E+06   0.103930E-01
   0.488759E+00   0.209621E+06   0.208333E+06   0.527303E-01  -0.301551E-04   0.651696E+05   0.199430E+06   0.209405E+06   0.199430E+06  -0.602979E-02   0.110623E+06   0.110608E+06   0.101012E-01
   0.493913E+00   0.206230E+06   0.204965E+06   0.453514E-01  -0.546948E-02   0.635235E+05   0.196163E+06   0.206018E+06   0.196163E+06  -0.576950E-02   0.108820E+06   0.108805E+06   0.982107E-02
   0.499067E+00   0.202919E+06   0.201677E+06   0.437977E-01  -0.517091E-02   0.619298E+05   0.192975E+06   0.202711E+06   0.192975E+06  -0.567996E-02   0.107059E+06   0.107044E+06   0.955477E-02
   0.504221E+00   0.199675E+06   0.198453E+06   0.455923E-01  -0.160592E-02   0.603831E+05   0.189851E+06   0.199470E+06   0.189851E+06  -0.569417E-02   0.105334E+06   0.105320E+06   0.930313E-02
   0.509375E+00   0.196494E+06   0.195291E+06   0.491690E-01   0.366185E-02   0.588812E+05   0.186789E+06   0.196292E+06   0.186789E+06  -0.576809E-02   0.103645E+06   0.103631E+06   0.906557E-02
   0.514529E+00   0.193377E+06   0.192192E+06   0.485407E-01   0.465013E-02   0.574236E+05   0.183790E+06   0.193178E+06   0.183790E+06  -0.571155E-02   0.101990E+06   0.101977E+06   0.884036E-02
   0.519683E+00   0.190328E+06   0.189160E+06   0.442143E-01   0.187046E-02   0.560100E+05   0.180856E+06   0.190132E+06   0.180856E+06  -0.553367E-02   0.100372E+06   0.100359E+06   0.862505E-02
   0.524837E+00   0.187348E+06   0.186197E+06   0.403810E-01  -0.481192E-03   0.546400E+05   0.177990E+06   0.187155E+06   0.177990E+06  -0.536916E-02   0.987901E+05   0.987769E+05   0.841711E-02
   0.529991E+00   0.184441E+06   0.183306E+06   0.350076E-01  -0.443653E-02   0.533136E+05   0.175195E+06   0.184250E+06   0.175195E+06  -0.514888E-02   0.972460E+05   0.972330E+05   0.821455E-02
   0.535145E+00   0.181611E+06   0.180493E+06   0.330153E-01  -0.507079E-02   0.520313E+05   0.172475E+06   0.181424E+06   0.172475E+06  -0.504289E-02   0.957419E+05   0.957290E+05   0.801621E-02
   0.540300E+00   0.178862E+06   0.177761E+06   0.365677E-01  -0.223975E-03   0.507925E+05   0.169833E+06   0.178677E+06   0.169833E+06  -0.513366E-02   0.942817E+05   0.942690E+05   0.782175E-02
   0.545454E+00   0.176188E+06   0.175103E+06   0.393745E-01   0.381679E-02   0.495950E+05   0.167264E+06   0.176006E+06   0.167264E+06  -0.520302E-02   0.928635E+05   0.928511E+05   0.763142E-02
   0.550608E+00   0.173583E+06   0.172514E+06   0.392464E-01   0.486846E-02   0.484359E+05   0.164761E+06   0.173403E+06   0.164761E+06  -0.516870E-02   0.914822E+05   0.914699E+05   0.744591E-02
   0.555762E+00   0.171040E+06   0.169988E+06   0.362067E-01   0.295854E-02   0.473127E+05   0.162319E+06   0.170863E+06   0.162319E+06  -0.502559E-02   0.901346E+05   0.901224E+05   0.726610E-02
   0.560916E+00   0.168556E+06   0.167520E+06   0.292359E-01  -0.292761E-02   0.462237E+05   0.159934E+06   0.168383E+06   0.159934E+06  -0.472885E-02   0.888175E+05   0.888056E+05   0.709274E-02
   0.566070E+00   0.166128E+06   0.165108E+06   0.253197E-01  -0.580046E-02   0.451669E+05   0.157604E+06   0.165957E+06   0.157604E+06  -0.454447E-02   0.875283E+05   0.875166E+05   0.692622E-02
   0.571224E+00   0.163750E+06   0.162744E+06   0.252094E-01  -0.490857E-02   0.441402E+05   0.155321E+06   0.163581E+06   0.155321E+06  -0.450799E-02   0.862655E+05   0.862539E+05   0.676644E-02
   0.576378E+00   0.161418E+06   0.160426E+06   0.270406E-01  -0.211572E-02   0.431420E+05   0.153083E+06   0.161251E+06   0.153083E+06  -0.455106E-02   0.850281E+05   0.850167E+05   0.661294E-02
   0.581532E+00   0.159133E+06   0.158154E+06   0.318122E-01   0.357757E-02   0.421716E+05   0.150891E+06   0.158968E+06   0.150891E+06  -0.471902E-02   0.838171E+05   0.838058E+05   0.646509E-02
   0.586686E+00   0.156897E+06   0.155931E+06   0.323522E-01   0.500124E-02   0.412293E+05   0.148747E+06   0.156735E+06   0.148747E+06  -0.471626E-02   0.826333E+05   0.826222E+05   0.632215E-02
   0.591840E+00   0.154710E+06   0.153758E+06   0.297868E-01   0.328482E-02   0.403145E+05   0.146650E+06   0.154551E+06   0.146650E+06  -0.458246E-02   0.814759E+05   0.814649E+05   0.618342E-02
   0.596995E+00   0.152573E+06   0.151633E+06   0.236579E-01  -0.202710E-02   0.394263E+05   0.144601E+06   0.152415E+06   0.144601E+06  -0.429098E-02   0.803434E+05   0.803326E+05   0.604831E-02
   0.602149E+00   0.150482E+06   0.149555E+06   0.197411E-01  -0.515647E-02   0.385638E+05   0.142597E+06   0.150326E+06   0.142597E+06  -0.409053E-02   0.792347E+05   0.792240E+05   0.591648E-02
   0.607303E+00   0.148440E+06   0.147525E+06   0.186593E-01  -0.548005E-02   0.377266E+05   0.140640E+06   0.148286E+06   0.140640E+06  -0.401399E-02   0.781505E+05   0.781399E+05   0.578786E-02
   0.612457E+00   0.146445E+06   0.145542E+06   0.201629E-01  -0.324944E-02   0.369140E+05   0.138729E+06   0.146293E+06   0.138729E+06  -0.405515E-02   0.770926E+05   0.770822E+05   0.566256E-02
   0.659749E+00   0.129946E+06   0.129145E+06   0.124218E-01  -0.546902E-02   0.304242E+05   0.122939E+06   0.129812E+06   0.122939E+06  -0.343616E-02   0.683583E+05   0.683491E+05   0.467400E-02
   0.710693E+00   0.115229E+06   0.114518E+06   0.136652E-01   0.487042E-05   0.250012E+05   0.108878E+06   0.115109E+06   0.108878E+06  -0.330448E-02   0.605727E+05   0.605644E+05   0.385652E-02
   0.765571E+00   0.102132E+06   0.101501E+06   0.822872E-02  -0.220361E-02   0.204891E+05   0.963872E+05   0.102026E+06   0.963872E+05  -0.276585E-02   0.536582E+05   0.536509E+05   0.318225E-02
   0.895965E+00   0.789700E+05   0.784815E+05   0.798419E-02   0.210632E-02   0.133252E+05   0.743539E+05   0.788880E+05   0.743539E+05  -0.246820E-02   0.414316E+05   0.414259E+05   0.211745E-02
   0.125042E+01   0.454478E+05   0.451659E+05   0.670440E-02   0.497059E-02   0.514941E+04   0.426168E+05   0.454005E+05   0.426168E+05  -0.224953E-02   0.237957E+05   0.237924E+05   0.893457E-03
   0.174510E+01   0.259146E+05   0.257535E+05  -0.121555E-02  -0.172201E-02   0.189407E+04   0.242283E+05   0.258876E+05   0.242283E+05  -0.973225E-04   0.135465E+05   0.135445E+05   0.380574E-03
   0.243548E+01   0.146519E+05   0.145605E+05  -0.231009E-03  -0.377859E-03   0.665758E+03   0.136704E+05   0.146366E+05   0.136704E+05  -0.143385E-03   0.765133E+04   0.765012E+04   0.166275E-03
