#          k/h    CDM            baryon         photon         nu             mass_nu        total          no_nu          total_de       Weyl           v_CDM          v_b            v_b-v_c     
   0.102076E-04   0.202937E+08   0.202937E+08   0.270441E+08   0.270437E+08   0.202938E+08   0.202937E+08   0.202937E+08   0.203004E+08  -0.400171E+00   0.101665E+08   0.101665E+08   0.616518E+01
   0.112819E-04   0.202937E+08   0.202937E+08   0.270409E+08   0.270404E+08   0.202938E+08   0.202937E+08   0.202937E+08   0.203004E+08  -0.400171E+00   0.101665E+08   0.101665E+08   0.681383E+01
   0.124693E-04   0.202937E+08   0.202937E+08   0.270371E+08   0.270365E+08   0.202938E+08   0.202937E+08   0.202937E+08   0.203004E+08  -0.400171E+00   0.101665E+08   0.101665E+08   0.753067E+01
   0.137816E-04   0.202937E+08   0.202937E+08   0.270324E+08   0.270317E+08   0.202938E+08   0.202937E+08   0.202937E+08   0.203004E+08  -0.400171E+00   0.101665E+08   0.101665E+08   0.832286E+01
   0.152321E-04   0.202937E+08   0.202936E+08   0.270267E+08   0.270258E+08   0.202937E+08   0.202937E+08   0.202937E+08   0.203004E+08  -0.400170E+00   0.101664E+08   0.101664E+08   0.919830E+01
   0.168352E-04   0.202936E+08   0.202936E+08   0.270197E+08   0.270186E+08   0.202937E+08   0.202936E+08   0.202936E+08   0.203004E+08  -0.400170E+00   0.101664E+08   0.101664E+08   0.101657E+02
   0.186070E-04   0.202936E+08   0.202936E+08   0.270112E+08   0.270098E+08   0.202937E+08   0.202936E+08   0.202936E+08   0.203004E+08  -0.400170E+00   0.101664E+08   0.101664E+08   0.112347E+02
   0.205653E-04   0.202936E+08   0.202936E+08   0.270007E+08   0.269990E+08   0.202937E+08   0.202936E+08   0.202936E+08   0.203004E+08  -0.400169E+00   0.101664E+08   0.101664E+08   0.124158E+02
   0.227297E-04   0.202936E+08   0.202936E+08   0.269880E+08   0.269859E+08   0.202937E+08   0.202936E+08   0.202936E+08   0.203003E+08  -0.400169E+00   0.101664E+08   0.101664E+08   0.137208E+02
   0.251219E-04   0.202936E+08   0.202936E+08   0.269725E+08   0.269699E+08   0.202936E+08   0.202936E+08   0.202936E+08   0.203003E+08  -0.400168E+00   0.101664E+08   0.101664E+08   0.151626E+02
   0.277659E-04   0.202935E+08   0.202935E+08   0.269535E+08   0.269504E+08   0.202936E+08   0.202935E+08   0.202935E+08   0.203003E+08  -0.400167E+00   0.101664E+08   0.101664E+08   0.167553E+02
   0.306881E-04   0.202935E+08   0.202935E+08   0.269303E+08   0.269265E+08   0.202936E+08   0.202935E+08   0.202935E+08   0.203002E+08  -0.400166E+00   0.101664E+08   0.101664E+08   0.185146E+02
   0.339179E-04   0.202934E+08   0.202934E+08   0.269020E+08   0.268974E+08   0.202935E+08   0.202934E+08   0.202934E+08   0.203002E+08  -0.400165E+00   0.101663E+08   0.101663E+08   0.204575E+02
   0.374876E-04   0.202934E+08   0.202934E+08   0.268675E+08   0.268619E+08   0.202935E+08   0.202934E+08   0.202934E+08   0.203001E+08  -0.400163E+00   0.101663E+08   0.101663E+08   0.226030E+02
   0.414330E-04   0.202933E+08   0.202933E+08   0.268254E+08   0.268186E+08   0.202934E+08   0.202933E+08   0.202933E+08   0.203000E+08  -0.400162E+00   0.101663E+08   0.101663E+08   0.249717E+02
   0.457936E-04   0.202932E+08   0.202932E+08   0.267741E+08   0.267657E+08   0.202933E+08   0.202932E+08   0.202932E+08   0.202999E+08  -0.400159E+00   0.101662E+08   0.101662E+08   0.275861E+02
   0.506132E-04   0.202931E+08   0.202931E+08   0.267115E+08   0.267013E+08   0.202932E+08   0.202931E+08   0.202931E+08   0.202998E+08  -0.400157E+00   0.101662E+08   0.101662E+08   0.304708E+02
   0.559400E-04   0.202930E+08   0.202930E+08   0.266352E+08   0.266228E+08   0.202931E+08   0.202930E+08   0.202930E+08   0.202997E+08  -0.400153E+00   0.101661E+08   0.101661E+08   0.336527E+02
   0.618274E-04   0.202928E+08   0.202928E+08   0.265423E+08   0.265272E+08   0.202929E+08   0.202928E+08   0.202928E+08   0.202995E+08  -0.400149E+00   0.101660E+08   0.101660E+08   0.371606E+02
   0.683345E-04   0.202926E+08   0.202926E+08   0.264292E+08   0.264108E+08   0.202927E+08   0.202926E+08   0.202926E+08   0.202992E+08  -0.400145E+00   0.101659E+08   0.101659E+08   0.410261E+02
   0.755264E-04   0.202924E+08   0.202924E+08   0.262916E+08   0.262692E+08   0.202925E+08   0.202924E+08   0.202924E+08   0.202990E+08  -0.400139E+00   0.101658E+08   0.101658E+08   0.452825E+02
   0.834752E-04   0.202921E+08   0.202921E+08   0.261244E+08   0.260972E+08   0.202922E+08   0.202921E+08   0.202921E+08   0.202986E+08  -0.400131E+00   0.101657E+08   0.101656E+08   0.499655E+02
   0.922605E-04   0.202918E+08   0.202917E+08   0.259216E+08   0.258885E+08   0.202918E+08   0.202918E+08   0.202918E+08   0.202982E+08  -0.400122E+00   0.101655E+08   0.101655E+08   0.551127E+02
   0.101971E-03   0.202914E+08   0.202913E+08   0.256757E+08   0.256356E+08   0.202914E+08   0.202913E+08   0.202913E+08   0.202978E+08  -0.400112E+00   0.101653E+08   0.101652E+08   0.607632E+02
   0.112702E-03   0.202908E+08   0.202908E+08   0.253783E+08   0.253298E+08   0.202909E+08   0.202908E+08   0.202908E+08   0.202972E+08  -0.400099E+00   0.101650E+08   0.101650E+08   0.669566E+02
   0.124564E-03   0.202902E+08   0.202901E+08   0.250192E+08   0.249606E+08   0.202902E+08   0.202902E+08   0.202902E+08   0.202964E+08  -0.400082E+00   0.101647E+08   0.101646E+08   0.737326E+02
   0.137674E-03   0.202894E+08   0.202893E+08   0.245869E+08   0.245163E+08   0.202895E+08   0.202894E+08   0.202894E+08   0.202955E+08  -0.400063E+00   0.101643E+08   0.101642E+08   0.811291E+02
   0.152163E-03   0.202885E+08   0.202883E+08   0.240681E+08   0.239833E+08   0.202885E+08   0.202885E+08   0.202885E+08   0.202945E+08  -0.400039E+00   0.101638E+08   0.101637E+08   0.891802E+02
   0.168178E-03   0.202873E+08   0.202872E+08   0.234480E+08   0.233465E+08   0.202874E+08   0.202873E+08   0.202873E+08   0.202932E+08  -0.400010E+00   0.101632E+08   0.101631E+08   0.979138E+02
   0.185878E-03   0.202859E+08   0.202857E+08   0.227105E+08   0.225895E+08   0.202859E+08   0.202859E+08   0.202859E+08   0.202916E+08  -0.399975E+00   0.101625E+08   0.101624E+08   0.107348E+03
   0.205440E-03   0.202842E+08   0.202840E+08   0.218385E+08   0.216951E+08   0.202842E+08   0.202842E+08   0.202842E+08   0.202896E+08  -0.399933E+00   0.101616E+08   0.101615E+08   0.117485E+03
   0.227062E-03   0.202822E+08   0.202818E+08   0.208152E+08   0.206465E+08   0.202821E+08   0.202821E+08   0.202821E+08   0.202873E+08  -0.399882E+00   0.101605E+08   0.101604E+08   0.128307E+03
   0.250959E-03   0.202797E+08   0.202793E+08   0.196252E+08   0.194285E+08   0.202796E+08   0.202796E+08   0.202796E+08   0.202845E+08  -0.399820E+00   0.101592E+08   0.101591E+08   0.139769E+03
   0.277372E-03   0.202766E+08   0.202761E+08   0.182571E+08   0.180300E+08   0.202765E+08   0.202765E+08   0.202765E+08   0.202811E+08  -0.399746E+00   0.101577E+08   0.101576E+08   0.151786E+03
   0.306564E-03   0.202729E+08   0.202724E+08   0.167061E+08   0.164473E+08   0.202728E+08   0.202728E+08   0.202728E+08   0.202770E+08  -0.399656E+00   0.101558E+08   0.101556E+08   0.164229E+03
   0.338828E-03   0.202685E+08   0.202678E+08   0.149784E+08   0.146883E+08   0.202682E+08   0.202683E+08   0.202683E+08   0.202721E+08  -0.399549E+00   0.101535E+08   0.101533E+08   0.176909E+03
   0.374488E-03   0.202631E+08   0.202623E+08   0.130956E+08   0.127769E+08   0.202628E+08   0.202629E+08   0.202629E+08   0.202662E+08  -0.399422E+00   0.101507E+08   0.101505E+08   0.189570E+03
   0.413901E-03   0.202566E+08   0.202556E+08   0.110999E+08   0.107585E+08   0.202562E+08   0.202564E+08   0.202564E+08   0.202592E+08  -0.399271E+00   0.101474E+08   0.101471E+08   0.201883E+03
   0.457462E-03   0.202488E+08   0.202476E+08   0.905745E+07   0.870327E+07   0.202483E+08   0.202486E+08   0.202486E+08   0.202508E+08  -0.399092E+00   0.101434E+08   0.101431E+08   0.213441E+03
   0.505608E-03   0.202395E+08   0.202381E+08   0.705951E+07   0.670670E+07   0.202389E+08   0.202392E+08   0.202392E+08   0.202409E+08  -0.398882E+00   0.101386E+08   0.101382E+08   0.223772E+03
   0.558821E-03   0.202283E+08   0.202267E+08   0.521662E+07   0.488311E+07   0.202276E+08   0.202280E+08   0.202281E+08   0.202293E+08  -0.398636E+00   0.101329E+08   0.101325E+08   0.232359E+03
   0.617635E-03   0.202151E+08   0.202132E+08   0.364408E+07   0.334972E+07   0.202142E+08   0.202147E+08   0.202148E+08   0.202156E+08  -0.398350E+00   0.101261E+08   0.101256E+08   0.238680E+03
   0.682638E-03   0.201994E+08   0.201973E+08   0.243651E+07   0.219946E+07   0.201983E+08   0.201990E+08   0.201991E+08   0.201996E+08  -0.398018E+00   0.101180E+08   0.101175E+08   0.242270E+03
   0.754482E-03   0.201809E+08   0.201785E+08   0.163482E+07   0.146643E+07   0.201795E+08   0.201804E+08   0.201805E+08   0.201808E+08  -0.397634E+00   0.101086E+08   0.101080E+08   0.242779E+03
   0.833888E-03   0.201592E+08   0.201565E+08   0.119732E+07   0.109691E+07   0.201574E+08   0.201586E+08   0.201587E+08   0.201589E+08  -0.397190E+00   0.100975E+08   0.100969E+08   0.240041E+03
   0.921651E-03   0.201338E+08   0.201307E+08   0.996097E+06   0.948227E+06   0.201316E+08   0.201332E+08   0.201333E+08   0.201334E+08  -0.396678E+00   0.100846E+08   0.100839E+08   0.234093E+03
   0.101865E-02   0.201041E+08   0.201008E+08   0.860335E+06   0.838160E+06   0.201015E+08   0.201034E+08   0.201036E+08   0.201036E+08  -0.396085E+00   0.100696E+08   0.100689E+08   0.225160E+03
   0.112586E-02   0.200697E+08   0.200660E+08   0.665460E+06   0.641228E+06   0.200664E+08   0.200689E+08   0.200691E+08   0.200690E+08  -0.395399E+00   0.100521E+08   0.100514E+08   0.213589E+03
   0.124435E-02   0.200297E+08   0.200259E+08   0.415402E+06   0.373792E+06   0.200257E+08   0.200288E+08   0.200291E+08   0.200289E+08  -0.394606E+00   0.100320E+08   0.100312E+08   0.199787E+03
   0.137531E-02   0.199835E+08   0.199795E+08   0.224845E+06   0.168886E+06   0.199786E+08   0.199826E+08   0.199829E+08   0.199826E+08  -0.393690E+00   0.100087E+08   0.100079E+08   0.184227E+03
   0.152006E-02   0.199302E+08   0.199261E+08   0.169631E+06   0.112053E+06   0.199241E+08   0.199292E+08   0.199295E+08   0.199292E+08  -0.392635E+00   0.998190E+07   0.998113E+07   0.167531E+03
   0.168004E-02   0.198689E+08   0.198647E+08   0.163693E+06  -0.308579E+06   0.198615E+08   0.198678E+08   0.198682E+08   0.198678E+08  -0.391421E+00   0.995109E+07   0.995033E+07   0.150516E+03
   0.185685E-02   0.197985E+08   0.197943E+08   0.887211E+05  -0.251702E+06   0.197894E+08   0.197972E+08   0.197978E+08   0.197972E+08  -0.390031E+00   0.991572E+07   0.991498E+07   0.134072E+03
   0.205228E-02   0.197179E+08   0.197137E+08   0.135268E+05  -0.205200E+06   0.197068E+08   0.197165E+08   0.197172E+08   0.197165E+08  -0.388438E+00   0.987523E+07   0.987450E+07   0.118946E+03
   0.226827E-02   0.196258E+08   0.196216E+08   0.284503E+05  -0.167190E+06   0.196122E+08   0.196242E+08   0.196251E+08   0.196242E+08  -0.386618E+00   0.982896E+07   0.982824E+07   0.105657E+03
   0.250700E-02   0.195207E+08   0.195164E+08   0.186552E+05  -0.136128E+06   0.195043E+08   0.195189E+08   0.195200E+08   0.195189E+08  -0.384543E+00   0.977621E+07   0.977550E+07   0.944681E+02
   0.277085E-02   0.194012E+08   0.193968E+08  -0.995637E+04  -0.110752E+06   0.193812E+08   0.193991E+08   0.194004E+08   0.193991E+08  -0.382183E+00   0.971621E+07   0.971550E+07   0.852047E+02
   0.306246E-02   0.192656E+08   0.192610E+08   0.263258E+04  -0.900282E+05   0.192414E+08   0.192632E+08   0.192648E+08   0.192632E+08  -0.379505E+00   0.964814E+07   0.964743E+07   0.773204E+02
   0.338478E-02   0.191122E+08   0.191073E+08  -0.151454E+05  -0.731104E+05   0.190829E+08   0.191094E+08   0.191114E+08   0.191094E+08  -0.376474E+00   0.957111E+07   0.957040E+07   0.701940E+02
   0.374101E-02   0.189391E+08   0.189339E+08  -0.128406E+05  -0.593064E+05   0.189037E+08   0.189358E+08   0.189382E+08   0.189358E+08  -0.373054E+00   0.948419E+07   0.948348E+07   0.633954E+02
   0.413473E-02   0.187443E+08   0.187388E+08  -0.136630E+05  -0.480492E+05   0.187017E+08   0.187405E+08   0.187434E+08   0.187405E+08  -0.369206E+00   0.938638E+07   0.938568E+07   0.569291E+02
   0.456989E-02   0.185258E+08   0.185200E+08  -0.100410E+05  -0.388748E+05   0.184746E+08   0.185214E+08   0.185248E+08   0.185213E+08  -0.364888E+00   0.927666E+07   0.927596E+07   0.510577E+02
   0.505085E-02   0.182815E+08   0.182752E+08  -0.743676E+04  -0.314034E+05   0.182201E+08   0.182763E+08   0.182804E+08   0.182762E+08  -0.360059E+00   0.915395E+07   0.915326E+07   0.459215E+02
   0.558243E-02   0.180092E+08   0.180023E+08  -0.757267E+04  -0.253240E+05   0.179359E+08   0.180030E+08   0.180080E+08   0.180030E+08  -0.354676E+00   0.901717E+07   0.901648E+07   0.413510E+02
   0.616996E-02   0.177067E+08   0.176991E+08  -0.514398E+04  -0.203822E+05   0.176197E+08   0.176995E+08   0.177055E+08   0.176995E+08  -0.348696E+00   0.886523E+07   0.886454E+07   0.371426E+02
   0.681932E-02   0.173720E+08   0.173636E+08  -0.595262E+04  -0.163694E+05   0.172689E+08   0.173635E+08   0.173706E+08   0.173635E+08  -0.342077E+00   0.869703E+07   0.869635E+07   0.333461E+02
   0.753702E-02   0.170027E+08   0.169933E+08  -0.485449E+04  -0.131151E+05   0.168815E+08   0.169929E+08   0.170011E+08   0.169929E+08  -0.334774E+00   0.851149E+07   0.851081E+07   0.300057E+02
   0.833025E-02   0.165968E+08   0.165862E+08  -0.334499E+04  -0.104797E+05   0.164551E+08   0.165854E+08   0.165950E+08   0.165854E+08  -0.326745E+00   0.830750E+07   0.830683E+07   0.269757E+02
   0.920698E-02   0.161521E+08   0.161401E+08  -0.547119E+04  -0.834871E+04   0.159875E+08   0.161388E+08   0.161501E+08   0.161388E+08  -0.317948E+00   0.808400E+07   0.808333E+07   0.242446E+02
   0.101760E-01   0.156666E+08   0.156529E+08  -0.334720E+04  -0.662872E+04   0.154768E+08   0.156513E+08   0.156643E+08   0.156513E+08  -0.308342E+00   0.783996E+07   0.783930E+07   0.218338E+02
   0.112469E-01   0.151385E+08   0.151229E+08  -0.311134E+04  -0.524328E+04   0.149215E+08   0.151210E+08   0.151358E+08   0.151210E+08  -0.297895E+00   0.757454E+07   0.757388E+07   0.196654E+02
   0.124306E-01   0.145666E+08   0.145488E+08  -0.233772E+04  -0.412994E+04   0.143206E+08   0.145468E+08   0.145636E+08   0.145468E+08  -0.286582E+00   0.728714E+07   0.728648E+07   0.177371E+02
   0.137389E-01   0.139503E+08   0.139299E+08  -0.212114E+04  -0.323767E+04   0.136739E+08   0.139280E+08   0.139469E+08   0.139280E+08  -0.274391E+00   0.697743E+07   0.697677E+07   0.160172E+02
   0.151849E-01   0.132896E+08   0.132662E+08  -0.144657E+04  -0.252476E+04   0.129817E+08   0.132646E+08   0.132856E+08   0.132646E+08  -0.261321E+00   0.664539E+07   0.664473E+07   0.144820E+02
   0.167830E-01   0.125994E+08   0.125728E+08  -0.121927E+04  -0.195939E+04   0.122593E+08   0.125717E+08   0.125949E+08   0.125717E+08  -0.247669E+00   0.629858E+07   0.629792E+07   0.131174E+02
   0.185493E-01   0.118604E+08   0.118303E+08  -0.939627E+03  -0.150985E+04   0.114886E+08   0.118300E+08   0.118553E+08   0.118300E+08  -0.233056E+00   0.592735E+07   0.592669E+07   0.118793E+02
   0.205016E-01   0.110875E+08   0.110536E+08  -0.588444E+03  -0.115539E+04   0.106851E+08   0.110543E+08   0.110818E+08   0.110543E+08  -0.217774E+00   0.553914E+07   0.553848E+07   0.107510E+02
   0.226592E-01   0.102788E+08   0.102413E+08  -0.462143E+03  -0.876812E+03   0.984862E+07   0.102432E+08   0.102725E+08   0.102432E+08  -0.201794E+00   0.513314E+07   0.513248E+07   0.970142E+01
   0.250440E-01   0.946163E+07   0.942050E+07  -0.357658E+03  -0.660691E+03   0.900656E+07   0.942373E+07   0.945472E+07   0.942373E+07  -0.185648E+00   0.472295E+07   0.472230E+07   0.871382E+01
   0.276798E-01   0.864686E+07   0.860275E+07  -0.236183E+03  -0.494276E+03   0.817051E+07   0.860703E+07   0.863946E+07   0.860703E+07  -0.169558E+00   0.431415E+07   0.431350E+07   0.776079E+01
   0.305930E-01   0.784110E+07   0.779492E+07  -0.260915E+03  -0.366926E+03   0.734746E+07   0.779974E+07   0.783334E+07   0.779974E+07  -0.153653E+00   0.391004E+07   0.390941E+07   0.681887E+01
   0.338127E-01   0.706540E+07   0.701856E+07  -0.165877E+03  -0.270675E+03   0.655818E+07   0.702300E+07   0.705753E+07   0.702300E+07  -0.138350E+00   0.352121E+07   0.352061E+07   0.587539E+01
   0.373714E-01   0.634421E+07   0.629854E+07  -0.101816E+03  -0.198988E+03   0.582632E+07   0.630126E+07   0.633654E+07   0.630126E+07  -0.124131E+00   0.315990E+07   0.315935E+07   0.492960E+01
   0.413045E-01   0.570049E+07   0.565808E+07  -0.101330E+03  -0.146397E+03   0.517156E+07   0.565728E+07   0.569337E+07   0.565728E+07  -0.111443E+00   0.283754E+07   0.283704E+07   0.399648E+01
   0.454350E-01   0.515933E+07   0.512197E+07   0.321096E+02  -0.109540E+03   0.462187E+07   0.511632E+07   0.515306E+07   0.511632E+07  -0.100786E+00   0.256676E+07   0.256634E+07   0.314304E+01
   0.495654E-01   0.473801E+07   0.470655E+07   0.246917E+02  -0.845638E+02   0.419089E+07   0.469526E+07   0.473273E+07   0.469526E+07  -0.924899E-01   0.235605E+07   0.235568E+07   0.243115E+01
   0.536959E-01   0.440135E+07   0.437580E+07   0.194762E+02  -0.669668E+02   0.384364E+07   0.435879E+07   0.439706E+07   0.435879E+07  -0.858607E-01   0.218770E+07   0.218740E+07   0.186469E+01
   0.578264E-01   0.411952E+07   0.409918E+07   0.156628E+02  -0.540718E+02   0.355157E+07   0.407707E+07   0.411611E+07   0.407707E+07  -0.803101E-01   0.204677E+07   0.204652E+07   0.143924E+01
   0.619568E-01   0.387188E+07   0.385553E+07   0.127777E+02  -0.442932E+02   0.329527E+07   0.382945E+07   0.386913E+07   0.382945E+07  -0.754314E-01   0.192290E+07   0.192269E+07   0.114215E+01
   0.660873E-01   0.364002E+07   0.362624E+07   0.105189E+02  -0.366158E+02   0.305802E+07   0.359762E+07   0.363771E+07   0.359762E+07  -0.708638E-01   0.180691E+07   0.180672E+07   0.952254E+00
   0.702177E-01   0.341305E+07   0.340042E+07   0.870335E+01  -0.304256E+02   0.283009E+07   0.337076E+07   0.341093E+07   0.337076E+07  -0.663943E-01   0.169337E+07   0.169320E+07   0.844178E+00
   0.743482E-01   0.319038E+07   0.317773E+07   0.722829E+01  -0.253781E+02   0.261103E+07   0.314833E+07   0.318825E+07   0.314833E+07  -0.620122E-01   0.158201E+07   0.158183E+07   0.791917E+00
   0.784786E-01   0.296837E+07   0.295491E+07   0.601194E+01  -0.211995E+02   0.239770E+07   0.292680E+07   0.296611E+07   0.292680E+07  -0.576479E-01   0.147104E+07   0.147086E+07   0.769679E+00
   0.826091E-01   0.275550E+07   0.274089E+07   0.501639E+01  -0.177663E+02   0.219681E+07   0.271458E+07   0.275305E+07   0.271458E+07  -0.534671E-01   0.136470E+07   0.136451E+07   0.757523E+00
   0.867395E-01   0.255763E+07   0.254193E+07   0.420628E+01  -0.149621E+02   0.201262E+07   0.251748E+07   0.255499E+07   0.251748E+07  -0.495843E-01   0.126591E+07   0.126571E+07   0.740575E+00
   0.918936E-01   0.233888E+07   0.232244E+07   0.341021E+01  -0.121958E+02   0.181094E+07   0.229980E+07   0.233612E+07   0.229980E+07  -0.452959E-01   0.115678E+07   0.115659E+07   0.700139E+00
   0.970477E-01   0.215710E+07   0.214088E+07   0.280650E+01  -0.100898E+02   0.164369E+07   0.211906E+07   0.215437E+07   0.211906E+07  -0.417353E-01   0.106617E+07   0.106599E+07   0.634930E+00
   0.102202E+00   0.201392E+07   0.199890E+07   0.235180E+01  -0.849881E+01   0.151055E+07   0.197676E+07   0.201140E+07   0.197676E+07  -0.389320E-01   0.994858E+06   0.994689E+06   0.551229E+00
   0.107356E+00   0.190416E+07   0.189105E+07   0.200641E+01  -0.728735E+01   0.140614E+07   0.186767E+07   0.190196E+07   0.186767E+07  -0.367829E-01   0.940217E+06   0.940068E+06   0.460796E+00
   0.112510E+00   0.181716E+07   0.180621E+07   0.173590E+01  -0.633626E+01   0.132134E+07   0.178116E+07   0.181532E+07   0.178116E+07  -0.350785E-01   0.896912E+06   0.896785E+06   0.376105E+00
   0.117664E+00   0.174118E+07   0.173221E+07   0.151437E+01  -0.555498E+01   0.124684E+07   0.170559E+07   0.173967E+07   0.170559E+07  -0.335896E-01   0.859089E+06   0.858981E+06   0.306861E+00
   0.122818E+00   0.166704E+07   0.165953E+07   0.132511E+01  -0.488472E+01   0.117569E+07   0.163189E+07   0.166578E+07   0.163189E+07  -0.321377E-01   0.822187E+06   0.822092E+06   0.258055E+00
   0.127972E+00   0.158944E+07   0.158269E+07   0.115868E+01  -0.429235E+01   0.110404E+07   0.155482E+07   0.158831E+07   0.155482E+07  -0.306193E-01   0.783564E+06   0.783476E+06   0.229587E+00
   0.133126E+00   0.150687E+07   0.150023E+07   0.101062E+01  -0.376242E+01   0.103093E+07   0.147292E+07   0.150576E+07   0.147292E+07  -0.290060E-01   0.742489E+06   0.742402E+06   0.217256E+00
   0.138280E+00   0.142107E+07   0.141408E+07   0.879419E+00  -0.329021E+01   0.957636E+06   0.138793E+07   0.141989E+07   0.138793E+07  -0.273318E-01   0.699826E+06   0.699737E+06   0.214591E+00
   0.143435E+00   0.133580E+07   0.132827E+07   0.764884E+00  -0.287581E+01   0.886722E+06   0.130357E+07   0.133453E+07   0.130357E+07  -0.256701E-01   0.657460E+06   0.657367E+06   0.214857E+00
   0.148589E+00   0.125565E+07   0.124765E+07   0.667020E+00  -0.252010E+01   0.821140E+06   0.122435E+07   0.125430E+07   0.122435E+07  -0.241098E-01   0.617664E+06   0.617570E+06   0.212692E+00
   0.153743E+00   0.118481E+07   0.117662E+07   0.585368E+00  -0.222221E+01   0.763406E+06   0.115439E+07   0.118343E+07   0.115439E+07  -0.227317E-01   0.582516E+06   0.582421E+06   0.205056E+00
   0.158897E+00   0.112572E+07   0.111771E+07   0.518517E+00  -0.197767E+01   0.714760E+06   0.109605E+07   0.112438E+07   0.109605E+07  -0.215826E-01   0.553216E+06   0.553124E+06   0.191382E+00
   0.164051E+00   0.107815E+07   0.107065E+07   0.464029E+00  -0.177796E+01   0.674677E+06   0.104908E+07   0.107689E+07   0.104908E+07  -0.206573E-01   0.529635E+06   0.529550E+06   0.173088E+00
   0.169205E+00   0.103963E+07   0.103285E+07   0.418979E+00  -0.161255E+01   0.641271E+06   0.101102E+07   0.103849E+07   0.101102E+07  -0.199076E-01   0.510542E+06   0.510465E+06   0.152764E+00
   0.174359E+00   0.100682E+07   0.100085E+07   0.380680E+00  -0.147162E+01   0.612230E+06   0.978595E+06   0.100581E+07   0.978595E+06  -0.192689E-01   0.494285E+06   0.494215E+06   0.133253E+00
   0.179513E+00   0.976500E+06   0.971254E+06   0.347017E+00  -0.134735E+01   0.585432E+06   0.948635E+06   0.975619E+06   0.948635E+06  -0.186787E-01   0.479263E+06   0.479200E+06   0.116864E+00
   0.184667E+00   0.945882E+06   0.941162E+06   0.316438E+00  -0.123400E+01   0.559100E+06   0.918396E+06   0.945090E+06   0.918396E+06  -0.180830E-01   0.464092E+06   0.464034E+06   0.104860E+00
   0.189821E+00   0.913086E+06   0.908647E+06   0.288013E+00  -0.112801E+01   0.532184E+06   0.886050E+06   0.912341E+06   0.886050E+06  -0.174459E-01   0.447848E+06   0.447793E+06   0.973435E-01
   0.194975E+00   0.877769E+06   0.873386E+06   0.261431E+00  -0.102832E+01   0.504491E+06   0.851269E+06   0.877033E+06   0.851269E+06  -0.167608E-01   0.430364E+06   0.430310E+06   0.934655E-01
   0.200130E+00   0.841050E+06   0.836566E+06   0.236851E+00  -0.935634E+00   0.476702E+06   0.815152E+06   0.840297E+06   0.815152E+06  -0.160495E-01   0.412196E+06   0.412141E+06   0.918191E-01
   0.205284E+00   0.804661E+06   0.800014E+06   0.214550E+00  -0.851139E+00   0.449806E+06   0.779394E+06   0.803881E+06   0.779394E+06  -0.153453E-01   0.394200E+06   0.394144E+06   0.908685E-01
   0.210438E+00   0.770232E+06   0.765454E+06   0.194702E+00  -0.775638E+00   0.424684E+06   0.745588E+06   0.769430E+06   0.745588E+06  -0.146795E-01   0.377183E+06   0.377126E+06   0.893330E-01
   0.215592E+00   0.739054E+06   0.734242E+06   0.177343E+00  -0.709398E+00   0.401977E+06   0.714991E+06   0.738246E+06   0.714991E+06  -0.140769E-01   0.361780E+06   0.361724E+06   0.864456E-01
   0.220746E+00   0.711917E+06   0.707201E+06   0.162368E+00  -0.652119E+00   0.382025E+06   0.688366E+06   0.711125E+06   0.688366E+06  -0.135525E-01   0.348380E+06   0.348326E+06   0.820306E-01
   0.225900E+00   0.688860E+06   0.684359E+06   0.149505E+00  -0.602833E+00   0.364744E+06   0.665742E+06   0.688104E+06   0.665742E+06  -0.131069E-01   0.336999E+06   0.336947E+06   0.764123E-01
   0.231054E+00   0.669143E+06   0.664938E+06   0.138353E+00  -0.560034E+00   0.349640E+06   0.646390E+06   0.668437E+06   0.646390E+06  -0.127257E-01   0.327268E+06   0.327220E+06   0.702220E-01
   0.236208E+00   0.651595E+06   0.647712E+06   0.128485E+00  -0.522080E+00   0.336023E+06   0.629164E+06   0.650943E+06   0.629164E+06  -0.123864E-01   0.318609E+06   0.318564E+06   0.641766E-01
   0.241362E+00   0.635014E+06   0.631426E+06   0.119534E+00  -0.487548E+00   0.323222E+06   0.612891E+06   0.634411E+06   0.612891E+06  -0.120659E-01   0.310429E+06   0.310386E+06   0.588834E-01
   0.246516E+00   0.618410E+06   0.615049E+06   0.111230E+00  -0.455380E+00   0.310707E+06   0.596605E+06   0.617846E+06   0.596605E+06  -0.117452E-01   0.302238E+06   0.302198E+06   0.547068E-01
   0.251670E+00   0.601163E+06   0.597943E+06   0.103407E+00  -0.424933E+00   0.298158E+06   0.579705E+06   0.600622E+06   0.579705E+06  -0.114123E-01   0.293732E+06   0.293693E+06   0.517204E-01
   0.256825E+00   0.583138E+06   0.579979E+06   0.960072E-01  -0.395990E+00   0.285517E+06   0.562062E+06   0.582608E+06   0.562062E+06  -0.110649E-01   0.284846E+06   0.284808E+06   0.497425E-01
   0.261979E+00   0.564670E+06   0.561513E+06   0.890544E-01  -0.368666E+00   0.272953E+06   0.544003E+06   0.564140E+06   0.544003E+06  -0.107092E-01   0.275745E+06   0.275707E+06   0.484281E-01
   0.267133E+00   0.546348E+06   0.543166E+06   0.826046E-01  -0.343211E+00   0.260751E+06   0.526100E+06   0.545814E+06   0.526100E+06  -0.103567E-01   0.266719E+06   0.266681E+06   0.473804E-01
   0.272287E+00   0.528776E+06   0.525577E+06   0.767050E-01  -0.319845E+00   0.249188E+06   0.508941E+06   0.528239E+06   0.508941E+06  -0.100188E-01   0.258066E+06   0.258028E+06   0.462518E-01
   0.277441E+00   0.512438E+06   0.509251E+06   0.713752E-01  -0.298674E+00   0.238471E+06   0.492993E+06   0.511903E+06   0.492993E+06  -0.970471E-02   0.250024E+06   0.249986E+06   0.448160E-01
   0.282595E+00   0.497620E+06   0.494490E+06   0.666022E-01  -0.279670E+00   0.228704E+06   0.478533E+06   0.497094E+06   0.478533E+06  -0.941995E-02   0.242732E+06   0.242696E+06   0.429972E-01
   0.287749E+00   0.484360E+06   0.481328E+06   0.623395E-01  -0.262665E+00   0.219871E+06   0.465595E+06   0.483851E+06   0.465595E+06  -0.916516E-02   0.236210E+06   0.236175E+06   0.408569E-01
   0.292903E+00   0.472445E+06   0.469542E+06   0.585137E-01  -0.247374E+00   0.211844E+06   0.453969E+06   0.471958E+06   0.453969E+06  -0.893621E-02   0.230351E+06   0.230317E+06   0.385497E-01
   0.298057E+00   0.461490E+06   0.458727E+06   0.550391E-01  -0.233454E+00   0.204424E+06   0.443281E+06   0.461026E+06   0.443281E+06  -0.872573E-02   0.224964E+06   0.224932E+06   0.362658E-01
   0.303211E+00   0.451065E+06   0.448434E+06   0.518353E-01  -0.220583E+00   0.197399E+06   0.433111E+06   0.450623E+06   0.433111E+06  -0.852545E-02   0.219839E+06   0.219808E+06   0.341761E-01
   0.308365E+00   0.440801E+06   0.438281E+06   0.488392E-01  -0.208505E+00   0.190598E+06   0.423104E+06   0.440378E+06   0.423104E+06  -0.832838E-02   0.214794E+06   0.214764E+06   0.323937E-01
   0.313520E+00   0.430466E+06   0.428028E+06   0.460103E-01  -0.197056E+00   0.183914E+06   0.413034E+06   0.430057E+06   0.413034E+06  -0.813009E-02   0.209716E+06   0.209687E+06   0.309563E-01
   0.318674E+00   0.419988E+06   0.417602E+06   0.433296E-01  -0.186163E+00   0.177315E+06   0.402833E+06   0.419587E+06   0.402833E+06  -0.792920E-02   0.204568E+06   0.204539E+06   0.298300E-01
   0.323828E+00   0.409440E+06   0.407082E+06   0.407947E-01  -0.175822E+00   0.170828E+06   0.392570E+06   0.409044E+06   0.392570E+06  -0.772712E-02   0.199387E+06   0.199359E+06   0.289301E-01
   0.328982E+00   0.398993E+06   0.396653E+06   0.384130E-01  -0.166069E+00   0.164524E+06   0.382412E+06   0.398600E+06   0.382412E+06  -0.752711E-02   0.194257E+06   0.194230E+06   0.281491E-01
   0.334136E+00   0.388859E+06   0.386535E+06   0.361935E-01  -0.156953E+00   0.158484E+06   0.372564E+06   0.388469E+06   0.372564E+06  -0.733319E-02   0.189283E+06   0.189255E+06   0.273866E-01
   0.339290E+00   0.379227E+06   0.376927E+06   0.341420E-01  -0.148503E+00   0.152775E+06   0.363207E+06   0.378840E+06   0.363207E+06  -0.714895E-02   0.184556E+06   0.184529E+06   0.265706E-01
   0.344444E+00   0.370213E+06   0.367951E+06   0.322562E-01  -0.140717E+00   0.147435E+06   0.354453E+06   0.369833E+06   0.354453E+06  -0.697658E-02   0.180134E+06   0.180108E+06   0.256685E-01
   0.349598E+00   0.361837E+06   0.359627E+06   0.305254E-01  -0.133556E+00   0.142460E+06   0.346320E+06   0.361466E+06   0.346320E+06  -0.681645E-02   0.176027E+06   0.176001E+06   0.246865E-01
   0.354752E+00   0.354033E+06   0.351886E+06   0.289326E-01  -0.126952E+00   0.137812E+06   0.338745E+06   0.353673E+06   0.338745E+06  -0.666728E-02   0.172200E+06   0.172175E+06   0.236596E-01
   0.359906E+00   0.346685E+06   0.344605E+06   0.274582E-01  -0.120826E+00   0.133435E+06   0.331612E+06   0.346335E+06   0.331612E+06  -0.652684E-02   0.168598E+06   0.168574E+06   0.226377E-01
   0.365060E+00   0.339656E+06   0.337643E+06   0.260834E-01  -0.115098E+00   0.129270E+06   0.324792E+06   0.339318E+06   0.324792E+06  -0.639254E-02   0.165153E+06   0.165129E+06   0.216703E-01
   0.370215E+00   0.332817E+06   0.330865E+06   0.247915E-01  -0.109701E+00   0.125261E+06   0.318158E+06   0.332489E+06   0.318158E+06  -0.626193E-02   0.161802E+06   0.161779E+06   0.207939E-01
   0.375369E+00   0.326068E+06   0.324165E+06   0.235697E-01  -0.104581E+00   0.121365E+06   0.311614E+06   0.325748E+06   0.311614E+06  -0.613307E-02   0.158495E+06   0.158472E+06   0.200251E-01
   0.380523E+00   0.319353E+06   0.317490E+06   0.224098E-01  -0.997049E-01   0.117559E+06   0.305107E+06   0.319040E+06   0.305107E+06  -0.600495E-02   0.155205E+06   0.155183E+06   0.193596E-01
   0.385677E+00   0.312681E+06   0.310849E+06   0.213088E-01  -0.950611E-01   0.113845E+06   0.298644E+06   0.312374E+06   0.298644E+06  -0.587771E-02   0.151938E+06   0.151916E+06   0.187778E-01
   0.390831E+00   0.306106E+06   0.304299E+06   0.202668E-01  -0.906526E-01   0.110239E+06   0.292278E+06   0.305803E+06   0.292278E+06  -0.575237E-02   0.148718E+06   0.148697E+06   0.182509E-01
   0.395985E+00   0.299699E+06   0.297914E+06   0.192849E-01  -0.864867E-01   0.106765E+06   0.286077E+06   0.299399E+06   0.286077E+06  -0.563028E-02   0.145581E+06   0.145560E+06   0.177496E-01
   0.401139E+00   0.293517E+06   0.291756E+06   0.183631E-01  -0.825656E-01   0.103439E+06   0.280096E+06   0.293221E+06   0.280096E+06  -0.551253E-02   0.142555E+06   0.142535E+06   0.172502E-01
   0.406293E+00   0.287596E+06   0.285863E+06   0.174999E-01  -0.788849E-01   0.100271E+06   0.274371E+06   0.287305E+06   0.274371E+06  -0.539980E-02   0.139658E+06   0.139638E+06   0.167387E-01
   0.411447E+00   0.281954E+06   0.280253E+06   0.166926E-01  -0.754349E-01   0.972607E+05   0.268915E+06   0.281668E+06   0.268915E+06  -0.529239E-02   0.136898E+06   0.136878E+06   0.162128E-01
   0.416601E+00   0.276587E+06   0.274921E+06   0.159377E-01  -0.722013E-01   0.944040E+05   0.263728E+06   0.276307E+06   0.263728E+06  -0.519026E-02   0.134273E+06   0.134253E+06   0.156792E-01
   0.421755E+00   0.271464E+06   0.269835E+06   0.152299E-01  -0.691634E-01   0.916851E+05   0.258776E+06   0.271190E+06   0.258776E+06  -0.509277E-02   0.131768E+06   0.131748E+06   0.151505E-01
   0.426910E+00   0.266528E+06   0.264938E+06   0.145635E-01  -0.662961E-01   0.890816E+05   0.254008E+06   0.266261E+06   0.254008E+06  -0.499890E-02   0.129355E+06   0.129336E+06   0.146402E-01
   0.432064E+00   0.261729E+06   0.260174E+06   0.139330E-01  -0.635771E-01   0.865725E+05   0.249373E+06   0.261468E+06   0.249373E+06  -0.490764E-02   0.127008E+06   0.126990E+06   0.141596E-01
   0.437218E+00   0.257032E+06   0.255510E+06   0.133348E-01  -0.609904E-01   0.841442E+05   0.244838E+06   0.256776E+06   0.244838E+06  -0.481835E-02   0.124713E+06   0.124695E+06   0.137154E-01
   0.442372E+00   0.252420E+06   0.250926E+06   0.127661E-01  -0.585251E-01   0.817891E+05   0.240386E+06   0.252169E+06   0.240386E+06  -0.473072E-02   0.122459E+06   0.122441E+06   0.133087E-01
   0.447526E+00   0.247884E+06   0.246415E+06   0.122249E-01  -0.561728E-01   0.795022E+05   0.236009E+06   0.247637E+06   0.236009E+06  -0.464455E-02   0.120242E+06   0.120225E+06   0.129353E-01
   0.452680E+00   0.243423E+06   0.241977E+06   0.117098E-01  -0.539279E-01   0.772818E+05   0.231707E+06   0.243180E+06   0.231707E+06  -0.455986E-02   0.118063E+06   0.118046E+06   0.125876E-01
   0.457834E+00   0.239056E+06   0.237631E+06   0.112201E-01  -0.517887E-01   0.751317E+05   0.227497E+06   0.238817E+06   0.227497E+06  -0.447697E-02   0.115930E+06   0.115913E+06   0.122569E-01
   0.462988E+00   0.234809E+06   0.233404E+06   0.107557E-01  -0.497556E-01   0.730584E+05   0.223403E+06   0.234573E+06   0.223403E+06  -0.439638E-02   0.113856E+06   0.113839E+06   0.119358E-01
   0.468142E+00   0.230700E+06   0.229316E+06   0.103163E-01  -0.478270E-01   0.710657E+05   0.219444E+06   0.230467E+06   0.219444E+06  -0.431843E-02   0.111850E+06   0.111833E+06   0.116189E-01
   0.473296E+00   0.226732E+06   0.225371E+06   0.990042E-02  -0.459984E-01   0.691525E+05   0.215622E+06   0.226504E+06   0.215622E+06  -0.424319E-02   0.109913E+06   0.109897E+06   0.113039E-01
   0.478450E+00   0.222901E+06   0.221563E+06   0.950671E-02  -0.442635E-01   0.673147E+05   0.211932E+06   0.222676E+06   0.211932E+06  -0.417055E-02   0.108043E+06   0.108027E+06   0.109911E-01
   0.483605E+00   0.219197E+06   0.217883E+06   0.913362E-02  -0.426161E-01   0.655481E+05   0.208366E+06   0.218976E+06   0.208366E+06  -0.410034E-02   0.106235E+06   0.106220E+06   0.106831E-01
   0.488759E+00   0.215610E+06   0.214320E+06   0.877963E-02  -0.410499E-01   0.638477E+05   0.204913E+06   0.215394E+06   0.204913E+06  -0.403238E-02   0.104485E+06   0.104470E+06   0.103837E-01
   0.493913E+00   0.212125E+06   0.210858E+06   0.844312E-02  -0.395578E-01   0.622070E+05   0.201559E+06   0.211912E+06   0.201559E+06  -0.396635E-02   0.102785E+06   0.102770E+06   0.100962E-01
   0.499067E+00   0.208722E+06   0.207477E+06   0.812245E-02  -0.381329E-01   0.606192E+05   0.198285E+06   0.208513E+06   0.198285E+06  -0.390189E-02   0.101125E+06   0.101110E+06   0.982281E-02
   0.504221E+00   0.205387E+06   0.204163E+06   0.781631E-02  -0.367694E-01   0.590788E+05   0.195078E+06   0.205181E+06   0.195078E+06  -0.383876E-02   0.994986E+05   0.994841E+05   0.956431E-02
   0.509375E+00   0.202117E+06   0.200912E+06   0.752384E-02  -0.354640E-01   0.575837E+05   0.191933E+06   0.201915E+06   0.191933E+06  -0.377686E-02   0.979039E+05   0.978897E+05   0.932011E-02
   0.514529E+00   0.198913E+06   0.197727E+06   0.724447E-02  -0.342143E-01   0.561334E+05   0.188854E+06   0.198714E+06   0.188854E+06  -0.371624E-02   0.963420E+05   0.963280E+05   0.908847E-02
   0.519683E+00   0.195779E+06   0.194610E+06   0.697766E-02  -0.330183E-01   0.547274E+05   0.185842E+06   0.195583E+06   0.185842E+06  -0.365695E-02   0.948141E+05   0.948003E+05   0.886694E-02
   0.524837E+00   0.192716E+06   0.191563E+06   0.672290E-02  -0.318739E-01   0.533653E+05   0.182899E+06   0.192523E+06   0.182899E+06  -0.359902E-02   0.933210E+05   0.933074E+05   0.865298E-02
   0.529991E+00   0.189728E+06   0.188591E+06   0.647973E-02  -0.307793E-01   0.520470E+05   0.180029E+06   0.189537E+06   0.180029E+06  -0.354252E-02   0.918646E+05   0.918512E+05   0.844461E-02
   0.535145E+00   0.186820E+06   0.185699E+06   0.624779E-02  -0.297332E-01   0.507729E+05   0.177236E+06   0.186631E+06   0.177236E+06  -0.348755E-02   0.904475E+05   0.904342E+05   0.824067E-02
   0.540300E+00   0.183993E+06   0.182890E+06   0.602663E-02  -0.287338E-01   0.495426E+05   0.174523E+06   0.183808E+06   0.174523E+06  -0.343414E-02   0.890705E+05   0.890575E+05   0.804079E-02
   0.545454E+00   0.181245E+06   0.180158E+06   0.581558E-02  -0.277783E-01   0.483538E+05   0.171884E+06   0.181062E+06   0.171884E+06  -0.338221E-02   0.877315E+05   0.877187E+05   0.784525E-02
   0.550608E+00   0.178566E+06   0.177496E+06   0.561395E-02  -0.268637E-01   0.472034E+05   0.169314E+06   0.178386E+06   0.169314E+06  -0.333161E-02   0.864268E+05   0.864142E+05   0.765470E-02
   0.555762E+00   0.175952E+06   0.174898E+06   0.542112E-02  -0.259874E-01   0.460891E+05   0.166806E+06   0.175775E+06   0.166806E+06  -0.328225E-02   0.851538E+05   0.851413E+05   0.747001E-02
   0.560916E+00   0.173399E+06   0.172361E+06   0.523660E-02  -0.251472E-01   0.450090E+05   0.164358E+06   0.173225E+06   0.164358E+06  -0.323405E-02   0.839106E+05   0.838984E+05   0.729194E-02
   0.566070E+00   0.170903E+06   0.169880E+06   0.505989E-02  -0.243410E-01   0.439613E+05   0.161964E+06   0.170731E+06   0.161964E+06  -0.318693E-02   0.826953E+05   0.826832E+05   0.712085E-02
   0.571224E+00   0.168458E+06   0.167450E+06   0.489047E-02  -0.235667E-01   0.429436E+05   0.159620E+06   0.168288E+06   0.159620E+06  -0.314080E-02   0.815050E+05   0.814931E+05   0.695664E-02
   0.576378E+00   0.166060E+06   0.165066E+06   0.472792E-02  -0.228224E-01   0.419544E+05   0.157322E+06   0.165893E+06   0.157322E+06  -0.309556E-02   0.803380E+05   0.803262E+05   0.679884E-02
   0.581532E+00   0.163711E+06   0.162730E+06   0.457197E-02  -0.221069E-01   0.409931E+05   0.155071E+06   0.163546E+06   0.155071E+06  -0.305125E-02   0.791945E+05   0.791829E+05   0.664682E-02
   0.586686E+00   0.161412E+06   0.160445E+06   0.442240E-02  -0.214195E-01   0.400598E+05   0.152868E+06   0.161249E+06   0.152868E+06  -0.300790E-02   0.780758E+05   0.780643E+05   0.649984E-02
   0.591840E+00   0.159164E+06   0.158210E+06   0.427897E-02  -0.207591E-01   0.391541E+05   0.150716E+06   0.159004E+06   0.150716E+06  -0.296553E-02   0.769821E+05   0.769708E+05   0.635718E-02
   0.596995E+00   0.156966E+06   0.156025E+06   0.414137E-02  -0.201244E-01   0.382751E+05   0.148611E+06   0.156808E+06   0.148611E+06  -0.292410E-02   0.759127E+05   0.759016E+05   0.621827E-02
   0.602149E+00   0.154817E+06   0.153888E+06   0.400934E-02  -0.195143E-01   0.374218E+05   0.146553E+06   0.154661E+06   0.146553E+06  -0.288360E-02   0.748672E+05   0.748562E+05   0.608275E-02
   0.607303E+00   0.152717E+06   0.151801E+06   0.388265E-02  -0.189279E-01   0.365939E+05   0.144543E+06   0.152563E+06   0.144543E+06  -0.284403E-02   0.738457E+05   0.738349E+05   0.595057E-02
   0.612457E+00   0.150666E+06   0.149762E+06   0.376108E-02  -0.183642E-01   0.357907E+05   0.142580E+06   0.150514E+06   0.142580E+06  -0.280540E-02   0.728481E+05   0.728375E+05   0.582180E-02
   0.659749E+00   0.133701E+06   0.132899E+06   0.284184E-02  -0.140669E-01   0.293899E+05   0.126362E+06   0.133567E+06   0.126362E+06  -0.248619E-02   0.646023E+05   0.645928E+05   0.480574E-02
   0.710693E+00   0.118567E+06   0.117855E+06   0.214646E-02  -0.107673E-01   0.240573E+05   0.111919E+06   0.118447E+06   0.111919E+06  -0.220195E-02   0.572530E+05   0.572446E+05   0.396549E-02
   0.765571E+00   0.105097E+06   0.104465E+06   0.162110E-02  -0.823749E-02   0.196355E+05   0.990882E+05   0.104991E+06   0.990882E+05  -0.194942E-02   0.507185E+05   0.507109E+05   0.327238E-02
   0.895965E+00   0.812728E+05   0.807834E+05   0.894782E-03  -0.466503E-02   0.126574E+05   0.764511E+05   0.811906E+05   0.764511E+05  -0.150396E-02   0.391762E+05   0.391704E+05   0.217778E-02
   0.125042E+01   0.467826E+05   0.465002E+05   0.253810E-03  -0.138616E-02   0.479322E+04   0.438347E+05   0.467352E+05   0.438347E+05  -0.862212E-03   0.225077E+05   0.225042E+05   0.919428E-03
   0.174510E+01   0.266796E+05   0.265181E+05   0.720435E-04  -0.407500E-03   0.172664E+04   0.249287E+05   0.266524E+05   0.249287E+05  -0.490291E-03   0.128190E+05   0.128170E+05   0.392003E-03
   0.243548E+01   0.150858E+05   0.149942E+05   0.204606E-04  -0.118634E-03   0.594694E+03   0.140693E+05   0.150704E+05   0.140693E+05  -0.276693E-03   0.724223E+04   0.724098E+04   0.171543E-03
