#          k/h    CDM            baryon         photon         nu             mass_nu        total          no_nu          total_de       Weyl           v_CDM          v_b            v_b-v_c     
   0.102076E-04   0.134357E+09   0.134357E+09   0.179097E+09   0.179096E+09   0.134357E+09   0.134357E+09   0.134357E+09   0.134401E+09   0.675541E+01   0.142231E+09   0.142231E+09   0.138781E+02
   0.112819E-04   0.134356E+09   0.134356E+09   0.179086E+09   0.179085E+09   0.134357E+09   0.134356E+09   0.134356E+09   0.134401E+09   0.675541E+01   0.142231E+09   0.142231E+09   0.153384E+02
   0.124693E-04   0.134356E+09   0.134356E+09   0.179074E+09   0.179073E+09   0.134357E+09   0.134356E+09   0.134356E+09   0.134401E+09   0.675540E+01   0.142231E+09   0.142231E+09   0.169522E+02
   0.137816E-04   0.134356E+09   0.134356E+09   0.179059E+09   0.179057E+09   0.134356E+09   0.134356E+09   0.134356E+09   0.134401E+09   0.675540E+01   0.142231E+09   0.142231E+09   0.187356E+02
   0.152321E-04   0.134356E+09   0.134356E+09   0.179040E+09   0.179039E+09   0.134356E+09   0.134356E+09   0.134356E+09   0.134401E+09   0.675539E+01   0.142231E+09   0.142231E+09   0.207065E+02
   0.168352E-04   0.134356E+09   0.134356E+09   0.179018E+09   0.179016E+09   0.134356E+09   0.134356E+09   0.134356E+09   0.134401E+09   0.675539E+01   0.142230E+09   0.142230E+09   0.228845E+02
   0.186070E-04   0.134356E+09   0.134356E+09   0.178990E+09   0.178988E+09   0.134356E+09   0.134356E+09   0.134356E+09   0.134401E+09   0.675538E+01   0.142230E+09   0.142230E+09   0.252913E+02
   0.205653E-04   0.134356E+09   0.134356E+09   0.178957E+09   0.178953E+09   0.134356E+09   0.134356E+09   0.134356E+09   0.134400E+09   0.675536E+01   0.142230E+09   0.142230E+09   0.279508E+02
   0.227297E-04   0.134356E+09   0.134356E+09   0.178916E+09   0.178912E+09   0.134356E+09   0.134356E+09   0.134356E+09   0.134400E+09   0.675535E+01   0.142230E+09   0.142230E+09   0.308894E+02
   0.251219E-04   0.134355E+09   0.134355E+09   0.178865E+09   0.178860E+09   0.134355E+09   0.134355E+09   0.134355E+09   0.134400E+09   0.675533E+01   0.142229E+09   0.142229E+09   0.341361E+02
   0.277659E-04   0.134355E+09   0.134355E+09   0.178804E+09   0.178798E+09   0.134355E+09   0.134355E+09   0.134355E+09   0.134400E+09   0.675531E+01   0.142229E+09   0.142229E+09   0.377231E+02
   0.306881E-04   0.134354E+09   0.134354E+09   0.178729E+09   0.178722E+09   0.134355E+09   0.134354E+09   0.134354E+09   0.134399E+09   0.675529E+01   0.142228E+09   0.142228E+09   0.416857E+02
   0.339179E-04   0.134354E+09   0.134354E+09   0.178638E+09   0.178629E+09   0.134354E+09   0.134354E+09   0.134354E+09   0.134399E+09   0.675526E+01   0.142228E+09   0.142228E+09   0.460626E+02
   0.374876E-04   0.134353E+09   0.134353E+09   0.178526E+09   0.178515E+09   0.134353E+09   0.134353E+09   0.134353E+09   0.134398E+09   0.675522E+01   0.142227E+09   0.142227E+09   0.508966E+02
   0.414330E-04   0.134353E+09   0.134353E+09   0.178390E+09   0.178377E+09   0.134353E+09   0.134353E+09   0.134353E+09   0.134397E+09   0.675517E+01   0.142226E+09   0.142226E+09   0.562344E+02
   0.457936E-04   0.134352E+09   0.134352E+09   0.178224E+09   0.178208E+09   0.134352E+09   0.134352E+09   0.134352E+09   0.134396E+09   0.675512E+01   0.142225E+09   0.142225E+09   0.621275E+02
   0.506132E-04   0.134350E+09   0.134350E+09   0.178021E+09   0.178002E+09   0.134351E+09   0.134351E+09   0.134350E+09   0.134395E+09   0.675505E+01   0.142223E+09   0.142223E+09   0.686320E+02
   0.559400E-04   0.134349E+09   0.134349E+09   0.177774E+09   0.177750E+09   0.134349E+09   0.134349E+09   0.134349E+09   0.134394E+09   0.675497E+01   0.142222E+09   0.142222E+09   0.758091E+02
   0.618274E-04   0.134347E+09   0.134347E+09   0.177472E+09   0.177444E+09   0.134348E+09   0.134347E+09   0.134347E+09   0.134392E+09   0.675486E+01   0.142220E+09   0.142220E+09   0.837254E+02
   0.683345E-04   0.134345E+09   0.134345E+09   0.177105E+09   0.177070E+09   0.134345E+09   0.134345E+09   0.134345E+09   0.134390E+09   0.675474E+01   0.142217E+09   0.142217E+09   0.924533E+02
   0.755264E-04   0.134343E+09   0.134343E+09   0.176658E+09   0.176615E+09   0.134343E+09   0.134343E+09   0.134343E+09   0.134387E+09   0.675459E+01   0.142214E+09   0.142214E+09   0.102071E+03
   0.834752E-04   0.134340E+09   0.134340E+09   0.176113E+09   0.176062E+09   0.134340E+09   0.134340E+09   0.134340E+09   0.134384E+09   0.675440E+01   0.142210E+09   0.142210E+09   0.112661E+03
   0.922605E-04   0.134336E+09   0.134336E+09   0.175451E+09   0.175388E+09   0.134336E+09   0.134336E+09   0.134336E+09   0.134380E+09   0.675418E+01   0.142205E+09   0.142205E+09   0.124312E+03
   0.101971E-03   0.134331E+09   0.134331E+09   0.174646E+09   0.174571E+09   0.134331E+09   0.134331E+09   0.134331E+09   0.134375E+09   0.675390E+01   0.142200E+09   0.142199E+09   0.137120E+03
   0.112702E-03   0.134326E+09   0.134326E+09   0.173669E+09   0.173579E+09   0.134326E+09   0.134326E+09   0.134326E+09   0.134369E+09   0.675357E+01   0.142193E+09   0.142192E+09   0.151179E+03
   0.124564E-03   0.134319E+09   0.134319E+09   0.172486E+09   0.172377E+09   0.134319E+09   0.134319E+09   0.134319E+09   0.134362E+09   0.675316E+01   0.142184E+09   0.142184E+09   0.166590E+03
   0.137674E-03   0.134311E+09   0.134310E+09   0.171054E+09   0.170924E+09   0.134311E+09   0.134311E+09   0.134311E+09   0.134353E+09   0.675266E+01   0.142174E+09   0.142174E+09   0.183452E+03
   0.152163E-03   0.134301E+09   0.134300E+09   0.169326E+09   0.169170E+09   0.134301E+09   0.134301E+09   0.134301E+09   0.134343E+09   0.675206E+01   0.142161E+09   0.142161E+09   0.201859E+03
   0.168178E-03   0.134288E+09   0.134288E+09   0.167245E+09   0.167061E+09   0.134288E+09   0.134288E+09   0.134288E+09   0.134330E+09   0.675132E+01   0.142146E+09   0.142146E+09   0.221897E+03
   0.185878E-03   0.134273E+09   0.134273E+09   0.164748E+09   0.164532E+09   0.134273E+09   0.134273E+09   0.134273E+09   0.134314E+09   0.675043E+01   0.142127E+09   0.142127E+09   0.243636E+03
   0.205440E-03   0.134255E+09   0.134255E+09   0.161764E+09   0.161512E+09   0.134255E+09   0.134255E+09   0.134255E+09   0.134296E+09   0.674936E+01   0.142105E+09   0.142105E+09   0.267124E+03
   0.227062E-03   0.134233E+09   0.134233E+09   0.158214E+09   0.157924E+09   0.134233E+09   0.134233E+09   0.134233E+09   0.134273E+09   0.674806E+01   0.142078E+09   0.142078E+09   0.292369E+03
   0.250959E-03   0.134207E+09   0.134206E+09   0.154015E+09   0.153688E+09   0.134207E+09   0.134207E+09   0.134207E+09   0.134245E+09   0.674649E+01   0.142045E+09   0.142045E+09   0.319331E+03
   0.277372E-03   0.134175E+09   0.134174E+09   0.149084E+09   0.148722E+09   0.134174E+09   0.134175E+09   0.134175E+09   0.134212E+09   0.674461E+01   0.142006E+09   0.142006E+09   0.347902E+03
   0.306564E-03   0.134136E+09   0.134135E+09   0.143344E+09   0.142954E+09   0.134136E+09   0.134136E+09   0.134136E+09   0.134172E+09   0.674235E+01   0.141959E+09   0.141959E+09   0.377885E+03
   0.338828E-03   0.134090E+09   0.134088E+09   0.136732E+09   0.136329E+09   0.134089E+09   0.134089E+09   0.134089E+09   0.134124E+09   0.673966E+01   0.141903E+09   0.141903E+09   0.408969E+03
   0.374488E-03   0.134034E+09   0.134033E+09   0.129212E+09   0.128821E+09   0.134034E+09   0.134034E+09   0.134034E+09   0.134066E+09   0.673645E+01   0.141836E+09   0.141836E+09   0.440709E+03
   0.413901E-03   0.133968E+09   0.133966E+09   0.120790E+09   0.120450E+09   0.133967E+09   0.133967E+09   0.133968E+09   0.133998E+09   0.673266E+01   0.141757E+09   0.141757E+09   0.472499E+03
   0.457462E-03   0.133889E+09   0.133887E+09   0.111532E+09   0.111299E+09   0.133888E+09   0.133889E+09   0.133889E+09   0.133917E+09   0.672821E+01   0.141664E+09   0.141664E+09   0.503561E+03
   0.505608E-03   0.133796E+09   0.133794E+09   0.101580E+09   0.101527E+09   0.133795E+09   0.133796E+09   0.133796E+09   0.133821E+09   0.672300E+01   0.141555E+09   0.141555E+09   0.532947E+03
   0.558821E-03   0.133687E+09   0.133684E+09   0.911577E+08   0.913785E+08   0.133686E+09   0.133686E+09   0.133686E+09   0.133709E+09   0.671696E+01   0.141429E+09   0.141428E+09   0.559561E+03
   0.617635E-03   0.133559E+09   0.133556E+09   0.805722E+08   0.811728E+08   0.133558E+09   0.133559E+09   0.133559E+09   0.133579E+09   0.670998E+01   0.141283E+09   0.141282E+09   0.582213E+03
   0.682638E-03   0.133411E+09   0.133407E+09   0.701841E+08   0.712718E+08   0.133409E+09   0.133410E+09   0.133410E+09   0.133428E+09   0.670200E+01   0.141116E+09   0.141114E+09   0.599719E+03
   0.754482E-03   0.133240E+09   0.133235E+09   0.603584E+08   0.620206E+08   0.133238E+09   0.133239E+09   0.133239E+09   0.133254E+09   0.669290E+01   0.140925E+09   0.140923E+09   0.611026E+03
   0.833888E-03   0.133044E+09   0.133038E+09   0.513944E+08   0.536689E+08   0.133041E+09   0.133043E+09   0.133043E+09   0.133056E+09   0.668259E+01   0.140708E+09   0.140706E+09   0.615351E+03
   0.921651E-03   0.132819E+09   0.132814E+09   0.434594E+08   0.463046E+08   0.132816E+09   0.132818E+09   0.132818E+09   0.132829E+09   0.667094E+01   0.140463E+09   0.140461E+09   0.612308E+03
   0.101865E-02   0.132565E+09   0.132558E+09   0.365645E+08   0.398398E+08   0.132561E+09   0.132563E+09   0.132563E+09   0.132573E+09   0.665779E+01   0.140187E+09   0.140185E+09   0.601955E+03
   0.112586E-02   0.132276E+09   0.132269E+09   0.306112E+08   0.340863E+08   0.132271E+09   0.132274E+09   0.132274E+09   0.132282E+09   0.664298E+01   0.139875E+09   0.139873E+09   0.584767E+03
   0.124435E-02   0.131948E+09   0.131941E+09   0.254911E+08   0.288918E+08   0.131943E+09   0.131947E+09   0.131947E+09   0.131953E+09   0.662628E+01   0.139524E+09   0.139522E+09   0.561529E+03
   0.137531E-02   0.131579E+09   0.131570E+09   0.211512E+08   0.242312E+08   0.131572E+09   0.131577E+09   0.131577E+09   0.131582E+09   0.660748E+01   0.139128E+09   0.139126E+09   0.533243E+03
   0.152006E-02   0.131161E+09   0.131153E+09   0.175426E+08   0.201450E+08   0.131153E+09   0.131159E+09   0.131160E+09   0.131164E+09   0.658633E+01   0.138683E+09   0.138680E+09   0.501109E+03
   0.168004E-02   0.130691E+09   0.130682E+09   0.145249E+08  -0.126689E+08   0.130681E+09   0.130689E+09   0.130689E+09   0.130690E+09   0.656252E+01   0.138181E+09   0.138179E+09   0.466516E+03
   0.185685E-02   0.130160E+09   0.130151E+09   0.119348E+08  -0.103283E+08   0.130148E+09   0.130158E+09   0.130159E+09   0.130159E+09   0.653568E+01   0.137616E+09   0.137614E+09   0.430924E+03
   0.205228E-02   0.129563E+09   0.129553E+09   0.976431E+07  -0.841582E+07   0.129548E+09   0.129560E+09   0.129561E+09   0.129561E+09   0.650553E+01   0.136982E+09   0.136979E+09   0.395659E+03
   0.226827E-02   0.128891E+09   0.128881E+09   0.803583E+07  -0.685340E+07   0.128872E+09   0.128888E+09   0.128889E+09   0.128889E+09   0.647168E+01   0.136269E+09   0.136266E+09   0.361796E+03
   0.250700E-02   0.128136E+09   0.128126E+09   0.658609E+07  -0.557733E+07   0.128114E+09   0.128133E+09   0.128134E+09   0.128134E+09   0.643369E+01   0.135469E+09   0.135466E+09   0.330102E+03
   0.277085E-02   0.127289E+09   0.127279E+09   0.535174E+07  -0.453544E+07   0.127262E+09   0.127286E+09   0.127288E+09   0.127286E+09   0.639108E+01   0.134572E+09   0.134569E+09   0.300846E+03
   0.306246E-02   0.126340E+09   0.126330E+09   0.435850E+07  -0.368505E+07   0.126307E+09   0.126336E+09   0.126338E+09   0.126337E+09   0.634335E+01   0.133567E+09   0.133564E+09   0.273825E+03
   0.338478E-02   0.125278E+09   0.125267E+09   0.351544E+07  -0.299124E+07   0.125238E+09   0.125274E+09   0.125276E+09   0.125274E+09   0.628996E+01   0.132443E+09   0.132440E+09   0.248647E+03
   0.374101E-02   0.124092E+09   0.124080E+09   0.283565E+07  -0.242546E+07   0.124043E+09   0.124087E+09   0.124090E+09   0.124087E+09   0.623031E+01   0.131187E+09   0.131184E+09   0.224991E+03
   0.413473E-02   0.122768E+09   0.122757E+09   0.228573E+07  -0.196431E+07   0.122710E+09   0.122762E+09   0.122766E+09   0.122763E+09   0.616378E+01   0.129786E+09   0.129783E+09   0.202864E+03
   0.456989E-02   0.121294E+09   0.121282E+09   0.184913E+07  -0.158869E+07   0.121224E+09   0.121287E+09   0.121292E+09   0.121288E+09   0.608969E+01   0.128226E+09   0.128223E+09   0.182475E+03
   0.505085E-02   0.119656E+09   0.119643E+09   0.149002E+07  -0.128294E+07   0.119571E+09   0.119648E+09   0.119654E+09   0.119648E+09   0.600732E+01   0.126492E+09   0.126489E+09   0.163909E+03
   0.558243E-02   0.117838E+09   0.117825E+09   0.119580E+07  -0.103426E+07   0.117736E+09   0.117829E+09   0.117836E+09   0.117829E+09   0.591594E+01   0.124567E+09   0.124565E+09   0.146962E+03
   0.616996E-02   0.115825E+09   0.115811E+09   0.962936E+06  -0.832178E+06   0.115704E+09   0.115815E+09   0.115823E+09   0.115815E+09   0.581477E+01   0.122437E+09   0.122435E+09   0.131416E+03
   0.681932E-02   0.113602E+09   0.113588E+09   0.768378E+06  -0.668139E+06   0.113458E+09   0.113590E+09   0.113599E+09   0.113590E+09   0.570300E+01   0.120084E+09   0.120081E+09   0.117281E+03
   0.753702E-02   0.111152E+09   0.111137E+09   0.613997E+06  -0.535136E+06   0.110983E+09   0.111138E+09   0.111150E+09   0.111138E+09   0.557984E+01   0.117491E+09   0.117488E+09   0.104521E+03
   0.833025E-02   0.108460E+09   0.108444E+09   0.490670E+06  -0.427444E+06   0.108261E+09   0.108444E+09   0.108458E+09   0.108444E+09   0.544451E+01   0.114641E+09   0.114639E+09   0.929036E+02
   0.920698E-02   0.105512E+09   0.105494E+09   0.395046E+06  -0.340382E+06   0.105279E+09   0.105493E+09   0.105509E+09   0.105493E+09   0.529626E+01   0.111519E+09   0.111517E+09   0.823556E+02
   0.101760E-01   0.102294E+09   0.102275E+09   0.314054E+06  -0.270128E+06   0.102024E+09   0.102272E+09   0.102291E+09   0.102272E+09   0.513446E+01   0.108113E+09   0.108111E+09   0.728833E+02
   0.112469E-01   0.987981E+08   0.987773E+08   0.251036E+06  -0.213558E+06   0.984859E+08   0.987732E+08   0.987946E+08   0.987733E+08   0.495867E+01   0.104411E+09   0.104409E+09   0.643247E+02
   0.124306E-01   0.950173E+08   0.949944E+08   0.197611E+06  -0.168116E+06   0.946596E+08   0.949890E+08   0.950134E+08   0.949890E+08   0.476854E+01   0.100408E+09   0.100406E+09   0.566332E+02
   0.137389E-01   0.909454E+08   0.909202E+08   0.155739E+06  -0.131711E+06   0.905386E+08   0.909134E+08   0.909412E+08   0.909134E+08   0.456378E+01   0.960967E+08   0.960946E+08   0.497270E+02
   0.151849E-01   0.865770E+08   0.865491E+08   0.121298E+06  -0.102628E+06   0.861178E+08   0.865409E+08   0.865723E+08   0.865409E+08   0.434410E+01   0.914711E+08   0.914691E+08   0.435343E+02
   0.167830E-01   0.820149E+08   0.819839E+08   0.945705E+05  -0.795735E+05   0.815001E+08   0.819744E+08   0.820097E+08   0.819744E+08   0.411466E+01   0.866402E+08   0.866382E+08   0.380298E+02
   0.185493E-01   0.771384E+08   0.771042E+08   0.730602E+05  -0.612555E+05   0.765665E+08   0.770935E+08   0.771327E+08   0.770935E+08   0.386942E+01   0.814765E+08   0.814747E+08   0.330876E+02
   0.205016E-01   0.720403E+08   0.720027E+08   0.559622E+05  -0.468202E+05   0.714106E+08   0.719909E+08   0.720340E+08   0.719909E+08   0.361304E+01   0.760783E+08   0.760765E+08   0.286774E+02
   0.226592E-01   0.667115E+08   0.666704E+08   0.424021E+05  -0.354832E+05   0.660254E+08   0.666576E+08   0.667046E+08   0.666577E+08   0.334507E+01   0.704361E+08   0.704344E+08   0.247250E+02
   0.250440E-01   0.613285E+08   0.612841E+08   0.318653E+05  -0.266949E+05   0.605878E+08   0.612704E+08   0.613211E+08   0.612704E+08   0.307439E+01   0.647366E+08   0.647351E+08   0.212126E+02
   0.276798E-01   0.559647E+08   0.559176E+08   0.238093E+05  -0.199342E+05   0.551722E+08   0.559025E+08   0.559568E+08   0.559025E+08   0.280468E+01   0.590577E+08   0.590562E+08   0.180821E+02
   0.305930E-01   0.506647E+08   0.506158E+08   0.175366E+05  -0.147666E+05   0.498246E+08   0.505990E+08   0.506565E+08   0.505990E+08   0.253820E+01   0.534468E+08   0.534454E+08   0.152741E+02
   0.338127E-01   0.455659E+08   0.455166E+08   0.129386E+05  -0.108660E+05   0.446821E+08   0.454971E+08   0.455576E+08   0.454971E+08   0.228185E+01   0.480493E+08   0.480480E+08   0.127566E+02
   0.373714E-01   0.408282E+08   0.407804E+08   0.950162E+04  -0.796547E+04   0.399034E+08   0.407568E+08   0.408202E+08   0.407568E+08   0.204365E+01   0.430340E+08   0.430328E+08   0.105090E+02
   0.413045E-01   0.365966E+08   0.365522E+08   0.691715E+04  -0.584074E+04   0.356276E+08   0.365226E+08   0.365891E+08   0.365226E+08   0.183086E+01   0.385535E+08   0.385525E+08   0.852192E+01
   0.454350E-01   0.330410E+08   0.330019E+08  -0.243465E+04  -0.435475E+04   0.320306E+08   0.329650E+08   0.330345E+08   0.329650E+08   0.165203E+01   0.347883E+08   0.347874E+08   0.685929E+01
   0.495654E-01   0.302702E+08   0.302372E+08  -0.187241E+04  -0.334968E+04   0.292160E+08   0.301922E+08   0.302647E+08   0.301922E+08   0.151260E+01   0.318526E+08   0.318517E+08   0.555254E+01
   0.536959E-01   0.280519E+08   0.280248E+08  -0.147702E+04  -0.264281E+04   0.269520E+08   0.279716E+08   0.280473E+08   0.279716E+08   0.140089E+01   0.295006E+08   0.294998E+08   0.453533E+01
   0.578264E-01   0.261917E+08   0.261699E+08  -0.118786E+04  -0.212582E+04   0.250470E+08   0.261091E+08   0.261880E+08   0.261091E+08   0.130716E+01   0.275272E+08   0.275266E+08   0.375516E+01
   0.619568E-01   0.245556E+08   0.245379E+08  -0.969060E+03  -0.173460E+04   0.233693E+08   0.244708E+08   0.245526E+08   0.244708E+08   0.122470E+01   0.257911E+08   0.257905E+08   0.316911E+01
   0.660873E-01   0.230254E+08   0.230104E+08  -0.797734E+03  -0.142822E+04   0.218048E+08   0.229387E+08   0.230229E+08   0.229387E+08   0.114760E+01   0.241677E+08   0.241671E+08   0.273452E+01
   0.702177E-01   0.215317E+08   0.215180E+08  -0.660023E+03  -0.118192E+04   0.202867E+08   0.214435E+08   0.215294E+08   0.214435E+08   0.107238E+01   0.225840E+08   0.225835E+08   0.241315E+01
   0.743482E-01   0.200711E+08   0.200574E+08  -0.548122E+03  -0.981746E+03   0.188126E+08   0.199820E+08   0.200688E+08   0.199820E+08   0.998896E+00   0.210368E+08   0.210363E+08   0.217351E+01
   0.784786E-01   0.186214E+08   0.186069E+08  -0.455839E+03  -0.816639E+03   0.173617E+08   0.185320E+08   0.186190E+08   0.185320E+08   0.926038E+00   0.195027E+08   0.195023E+08   0.198429E+01
   0.826091E-01   0.172362E+08   0.172206E+08  -0.380306E+03  -0.681475E+03   0.159840E+08   0.171472E+08   0.172336E+08   0.171472E+08   0.856482E+00   0.180382E+08   0.180377E+08   0.182581E+01
   0.867395E-01   0.159522E+08   0.159357E+08  -0.318838E+03  -0.571462E+03   0.147129E+08   0.158640E+08   0.159495E+08   0.158640E+08   0.792053E+00   0.166816E+08   0.166811E+08   0.168243E+01
   0.918936E-01   0.145360E+08   0.145188E+08  -0.258430E+03  -0.463328E+03   0.133147E+08   0.144489E+08   0.145331E+08   0.144489E+08   0.721015E+00   0.151858E+08   0.151853E+08   0.151050E+01
   0.970477E-01   0.133601E+08   0.133432E+08  -0.212611E+03  -0.381296E+03   0.121525E+08   0.132740E+08   0.133573E+08   0.132740E+08   0.662024E+00   0.139436E+08   0.139432E+08   0.134044E+01
   0.102202E+00   0.124322E+08   0.124165E+08  -0.178095E+03  -0.319494E+03   0.112291E+08   0.123466E+08   0.124296E+08   0.123466E+08   0.615429E+00   0.129626E+08   0.129622E+08   0.117489E+01
   0.107356E+00   0.117175E+08   0.117038E+08  -0.151873E+03  -0.272537E+03   0.105088E+08   0.116318E+08   0.117152E+08   0.116318E+08   0.579476E+00   0.122056E+08   0.122052E+08   0.102065E+01
   0.112510E+00   0.111479E+08   0.111363E+08  -0.131333E+03  -0.235753E+03   0.992650E+07   0.110616E+08   0.111459E+08   0.110616E+08   0.550756E+00   0.116009E+08   0.116006E+08   0.884594E+00
   0.117664E+00   0.106492E+08   0.106397E+08  -0.114514E+03  -0.205627E+03   0.941426E+07   0.105623E+08   0.106476E+08   0.105623E+08   0.525597E+00   0.110713E+08   0.110710E+08   0.771569E+00
   0.122818E+00   0.101646E+08   0.101566E+08  -0.100150E+03  -0.179892E+03   0.892061E+07   0.100773E+08   0.101633E+08   0.100773E+08   0.501172E+00   0.105570E+08   0.105568E+08   0.683223E+00
   0.127972E+00   0.966131E+07   0.965404E+07  -0.875251E+02  -0.157267E+03   0.841679E+07   0.957411E+07   0.966009E+07   0.957411E+07   0.475867E+00   0.100242E+08   0.100240E+08   0.617625E+00
   0.133126E+00   0.913045E+07   0.912332E+07  -0.763008E+02  -0.137144E+03   0.789559E+07   0.904394E+07   0.912926E+07   0.904394E+07   0.449252E+00   0.946380E+07   0.946358E+07   0.569953E+00
   0.138280E+00   0.858296E+07   0.857550E+07  -0.663605E+02  -0.119316E+03   0.736695E+07   0.849770E+07   0.858170E+07   0.849770E+07   0.421868E+00   0.888717E+07   0.888694E+07   0.533941E+00
   0.143435E+00   0.804207E+07   0.803410E+07  -0.576870E+02  -0.103756E+03   0.685104E+07   0.795845E+07   0.804073E+07   0.795845E+07   0.394863E+00   0.831847E+07   0.831826E+07   0.503474E+00
   0.148589E+00   0.753557E+07   0.752717E+07  -0.502787E+02  -0.904616E+02   0.637127E+07   0.745374E+07   0.753416E+07   0.745374E+07   0.369600E+00   0.778648E+07   0.778626E+07   0.473885E+00
   0.153743E+00   0.708851E+07   0.707993E+07  -0.440987E+02  -0.793693E+02   0.594801E+07   0.700829E+07   0.708707E+07   0.700829E+07   0.347305E+00   0.731695E+07   0.731674E+07   0.442645E+00
   0.158897E+00   0.671499E+07   0.670661E+07  -0.390390E+02  -0.702866E+02   0.559190E+07   0.663601E+07   0.671358E+07   0.663601E+07   0.328658E+00   0.692429E+07   0.692409E+07   0.409274E+00
   0.164051E+00   0.641287E+07   0.640501E+07  -0.349145E+02  -0.628822E+02   0.529973E+07   0.633466E+07   0.641155E+07   0.633466E+07   0.313545E+00   0.660604E+07   0.660586E+07   0.374761E+00
   0.169205E+00   0.616667E+07   0.615956E+07  -0.315040E+02  -0.567591E+02   0.505745E+07   0.608885E+07   0.616548E+07   0.608885E+07   0.301197E+00   0.634605E+07   0.634587E+07   0.340905E+00
   0.174359E+00   0.595599E+07   0.594970E+07  -0.286048E+02  -0.515534E+02   0.484735E+07   0.587834E+07   0.595493E+07   0.587834E+07   0.290608E+00   0.612311E+07   0.612295E+07   0.309708E+00
   0.179513E+00   0.576127E+07   0.575571E+07  -0.260574E+02  -0.469784E+02   0.465294E+07   0.568375E+07   0.576034E+07   0.568375E+07   0.280819E+00   0.591701E+07   0.591685E+07   0.282756E+00
   0.184667E+00   0.556574E+07   0.556071E+07  -0.237449E+02  -0.428241E+02   0.446027E+07   0.548850E+07   0.556489E+07   0.548850E+07   0.271007E+00   0.571041E+07   0.571026E+07   0.260750E+00
   0.189821E+00   0.535834E+07   0.535361E+07  -0.215971E+02  -0.389639E+02   0.426094E+07   0.528171E+07   0.535755E+07   0.528171E+07   0.260639E+00   0.549208E+07   0.549195E+07   0.243442E+00
   0.194975E+00   0.513717E+07   0.513251E+07  -0.195904E+02  -0.353557E+02   0.405346E+07   0.506150E+07   0.513639E+07   0.506150E+07   0.249621E+00   0.526006E+07   0.525992E+07   0.229916E+00
   0.200130E+00   0.490895E+07   0.490419E+07  -0.177364E+02  -0.320209E+02   0.384333E+07   0.483451E+07   0.490815E+07   0.483451E+07   0.238283E+00   0.502126E+07   0.502113E+07   0.218928E+00
   0.205284E+00   0.468391E+07   0.467901E+07  -0.160554E+02  -0.289960E+02   0.363864E+07   0.461086E+07   0.468309E+07   0.461086E+07   0.227123E+00   0.478620E+07   0.478607E+07   0.209178E+00
   0.210438E+00   0.447162E+07   0.446660E+07  -0.145600E+02  -0.263045E+02   0.344669E+07   0.439996E+07   0.447078E+07   0.439996E+07   0.216603E+00   0.456465E+07   0.456452E+07   0.199582E+00
   0.215592E+00   0.427952E+07   0.427448E+07  -0.132526E+02  -0.239507E+02   0.327292E+07   0.420912E+07   0.427867E+07   0.420912E+07   0.207084E+00   0.436415E+07   0.436403E+07   0.189501E+00
   0.220746E+00   0.411205E+07   0.410711E+07  -0.121248E+02  -0.219200E+02   0.312034E+07   0.404270E+07   0.411122E+07   0.404270E+07   0.198777E+00   0.418919E+07   0.418907E+07   0.178803E+00
   0.225900E+00   0.396922E+07   0.396450E+07  -0.111560E+02  -0.201755E+02   0.298848E+07   0.390066E+07   0.396843E+07   0.390066E+07   0.191678E+00   0.403968E+07   0.403957E+07   0.167753E+00
   0.231054E+00   0.384653E+07   0.384211E+07  -0.103161E+02  -0.186630E+02   0.287352E+07   0.377855E+07   0.384579E+07   0.377855E+07   0.185566E+00   0.391097E+07   0.391086E+07   0.156823E+00
   0.236208E+00   0.373701E+07   0.373292E+07  -0.957299E+01  -0.173247E+02   0.276994E+07   0.366950E+07   0.373633E+07   0.366950E+07   0.180103E+00   0.379592E+07   0.379582E+07   0.146532E+00
   0.241362E+00   0.363363E+07   0.362984E+07  -0.889932E+01  -0.161112E+02   0.267229E+07   0.356655E+07   0.363299E+07   0.356655E+07   0.174946E+00   0.368733E+07   0.368723E+07   0.137304E+00
   0.246516E+00   0.353061E+07   0.352705E+07  -0.827478E+01  -0.149857E+02   0.257624E+07   0.346405E+07   0.353001E+07   0.346405E+07   0.169817E+00   0.357931E+07   0.357922E+07   0.129361E+00
   0.251670E+00   0.342438E+07   0.342097E+07  -0.768706E+01  -0.139261E+02   0.247920E+07   0.335848E+07   0.342381E+07   0.335848E+07   0.164544E+00   0.346826E+07   0.346817E+07   0.122693E+00
   0.256825E+00   0.331421E+07   0.331086E+07  -0.713171E+01  -0.129245E+02   0.238066E+07   0.324912E+07   0.331365E+07   0.324912E+07   0.159091E+00   0.335343E+07   0.335334E+07   0.117098E+00
   0.261979E+00   0.320203E+07   0.319869E+07  -0.661038E+01  -0.119838E+02   0.228207E+07   0.313789E+07   0.320147E+07   0.313789E+07   0.153554E+00   0.323679E+07   0.323670E+07   0.112266E+00
   0.267133E+00   0.309122E+07   0.308787E+07  -0.612712E+01  -0.111116E+02   0.218585E+07   0.302809E+07   0.309066E+07   0.302809E+07   0.148094E+00   0.312177E+07   0.312168E+07   0.107860E+00
   0.272287E+00   0.298523E+07   0.298187E+07  -0.568534E+01  -0.103139E+02   0.209438E+07   0.292310E+07   0.298467E+07   0.292310E+07   0.142875E+00   0.301184E+07   0.301176E+07   0.103590E+00
   0.277441E+00   0.288677E+07   0.288343E+07  -0.528637E+01  -0.959345E+01   0.200946E+07   0.282558E+07   0.288621E+07   0.282558E+07   0.138028E+00   0.290973E+07   0.290965E+07   0.992692E-01
   0.282595E+00   0.279741E+07   0.279412E+07  -0.492915E+01  -0.894826E+01   0.193204E+07   0.273705E+07   0.279686E+07   0.273705E+07   0.133626E+00   0.281700E+07   0.281692E+07   0.948372E-01
   0.287749E+00   0.271730E+07   0.271411E+07  -0.461018E+01  -0.837206E+01   0.186206E+07   0.265765E+07   0.271676E+07   0.265765E+07   0.129674E+00   0.273377E+07   0.273369E+07   0.903439E-01
   0.292903E+00   0.264515E+07   0.264210E+07  -0.432395E+01  -0.785494E+01   0.179848E+07   0.258612E+07   0.264464E+07   0.258612E+07   0.126111E+00   0.265872E+07   0.265865E+07   0.859075E-01
   0.298057E+00   0.257875E+07   0.257584E+07  -0.406406E+01  -0.738534E+01   0.173968E+07   0.252027E+07   0.257826E+07   0.252027E+07   0.122830E+00   0.258960E+07   0.258952E+07   0.816675E-01
   0.303211E+00   0.251562E+07   0.251285E+07  -0.382456E+01  -0.695245E+01   0.168389E+07   0.245767E+07   0.251516E+07   0.245767E+07   0.119710E+00   0.252389E+07   0.252382E+07   0.777434E-01
   0.308365E+00   0.245367E+07   0.245101E+07  -0.360074E+01  -0.654779E+01   0.162965E+07   0.239627E+07   0.245322E+07   0.239627E+07   0.116653E+00   0.245950E+07   0.245943E+07   0.742064E-01
   0.313520E+00   0.239159E+07   0.238902E+07  -0.338959E+01  -0.616590E+01   0.157609E+07   0.233479E+07   0.239116E+07   0.233479E+07   0.113596E+00   0.239511E+07   0.239504E+07   0.710682E-01
   0.318674E+00   0.232897E+07   0.232645E+07  -0.318969E+01  -0.580420E+01   0.152292E+07   0.227283E+07   0.232855E+07   0.227283E+07   0.110520E+00   0.233030E+07   0.233023E+07   0.682859E-01
   0.323828E+00   0.226623E+07   0.226374E+07  -0.300083E+01  -0.546236E+01   0.147042E+07   0.221080E+07   0.226581E+07   0.221080E+07   0.107443E+00   0.226548E+07   0.226542E+07   0.657790E-01
   0.328982E+00   0.220431E+07   0.220185E+07  -0.282351E+01  -0.514129E+01   0.141919E+07   0.214963E+07   0.220390E+07   0.214963E+07   0.104412E+00   0.220163E+07   0.220157E+07   0.634534E-01
   0.334136E+00   0.214440E+07   0.214196E+07  -0.265838E+01  -0.484221E+01   0.136997E+07   0.209046E+07   0.214399E+07   0.209046E+07   0.101482E+00   0.213990E+07   0.213984E+07   0.612241E-01
   0.339290E+00   0.208753E+07   0.208511E+07  -0.250583E+01  -0.456583E+01   0.132336E+07   0.203431E+07   0.208713E+07   0.203431E+07   0.987020E-01   0.208132E+07   0.208126E+07   0.590320E-01
   0.344444E+00   0.203433E+07   0.203195E+07  -0.236565E+01  -0.431183E+01   0.127972E+07   0.198177E+07   0.203393E+07   0.198177E+07   0.961005E-01   0.202651E+07   0.202645E+07   0.568502E-01
   0.349598E+00   0.198487E+07   0.198255E+07  -0.223704E+01  -0.407874E+01   0.123903E+07   0.193293E+07   0.198448E+07   0.193293E+07   0.936813E-01   0.197554E+07   0.197549E+07   0.546818E-01
   0.354752E+00   0.193878E+07   0.193652E+07  -0.211873E+01  -0.386428E+01   0.120100E+07   0.188740E+07   0.193840E+07   0.188740E+07   0.914256E-01   0.192802E+07   0.192796E+07   0.525521E-01
   0.359906E+00   0.189538E+07   0.189319E+07  -0.200926E+01  -0.366581E+01   0.116514E+07   0.184454E+07   0.189501E+07   0.184454E+07   0.893014E-01   0.188327E+07   0.188321E+07   0.504978E-01
   0.365060E+00   0.185391E+07   0.185179E+07  -0.190724E+01  -0.348079E+01   0.113096E+07   0.180358E+07   0.185356E+07   0.180358E+07   0.872722E-01   0.184052E+07   0.184046E+07   0.485543E-01
   0.370215E+00   0.181365E+07   0.181159E+07  -0.181143E+01  -0.330700E+01   0.109798E+07   0.176383E+07   0.181330E+07   0.176383E+07   0.853037E-01   0.179904E+07   0.179899E+07   0.467455E-01
   0.375369E+00   0.177402E+07   0.177202E+07  -0.172089E+01  -0.314271E+01   0.106583E+07   0.172473E+07   0.177369E+07   0.172473E+07   0.833690E-01   0.175828E+07   0.175823E+07   0.450780E-01
   0.380523E+00   0.173474E+07   0.173278E+07  -0.163502E+01  -0.298683E+01   0.103433E+07   0.168599E+07   0.173441E+07   0.168599E+07   0.814539E-01   0.171793E+07   0.171788E+07   0.435421E-01
   0.385677E+00   0.169583E+07   0.169390E+07  -0.155356E+01  -0.283892E+01   0.100348E+07   0.164765E+07   0.169551E+07   0.164765E+07   0.795603E-01   0.167803E+07   0.167798E+07   0.421176E-01
   0.390831E+00   0.165760E+07   0.165569E+07  -0.147653E+01  -0.269900E+01   0.973451E+06   0.160999E+07   0.165728E+07   0.160999E+07   0.777017E-01   0.163886E+07   0.163882E+07   0.407787E-01
   0.395985E+00   0.162041E+07   0.161854E+07  -0.140398E+01  -0.256719E+01   0.944449E+06   0.157337E+07   0.162010E+07   0.157337E+07   0.758960E-01   0.160081E+07   0.160077E+07   0.394999E-01
   0.401139E+00   0.158460E+07   0.158275E+07  -0.133592E+01  -0.244348E+01   0.916635E+06   0.153811E+07   0.158429E+07   0.153811E+07   0.741575E-01   0.156418E+07   0.156414E+07   0.382605E-01
   0.406293E+00   0.155033E+07   0.154851E+07  -0.127221E+01  -0.232767E+01   0.890093E+06   0.150439E+07   0.155002E+07   0.150439E+07   0.724950E-01   0.152915E+07   0.152910E+07   0.370475E-01
   0.411447E+00   0.151770E+07   0.151591E+07  -0.121266E+01  -0.221939E+01   0.864846E+06   0.147227E+07   0.151740E+07   0.147227E+07   0.709119E-01   0.149579E+07   0.149574E+07   0.358581E-01
   0.416601E+00   0.148667E+07   0.148492E+07  -0.115698E+01  -0.211814E+01   0.840852E+06   0.144173E+07   0.148638E+07   0.144173E+07   0.694069E-01   0.146407E+07   0.146403E+07   0.346975E-01
   0.421755E+00   0.145707E+07   0.145536E+07  -0.110482E+01  -0.202324E+01   0.817986E+06   0.141261E+07   0.145678E+07   0.141261E+07   0.679712E-01   0.143382E+07   0.143378E+07   0.335747E-01
   0.426910E+00   0.142859E+07   0.142692E+07  -0.105572E+01  -0.193391E+01   0.796053E+06   0.138458E+07   0.142831E+07   0.138458E+07   0.665904E-01   0.140472E+07   0.140468E+07   0.324981E-01
   0.432064E+00   0.140094E+07   0.139930E+07  -0.100931E+01  -0.184944E+01   0.774873E+06   0.135739E+07   0.140066E+07   0.135739E+07   0.652507E-01   0.137649E+07   0.137645E+07   0.314744E-01
   0.437218E+00   0.137393E+07   0.137233E+07  -0.965293E+00  -0.176932E+01   0.754331E+06   0.133083E+07   0.137366E+07   0.133083E+07   0.639434E-01   0.134894E+07   0.134890E+07   0.305074E-01
   0.442372E+00   0.134747E+07   0.134589E+07  -0.923483E+00  -0.169318E+01   0.734362E+06   0.130482E+07   0.134720E+07   0.130482E+07   0.626639E-01   0.132198E+07   0.132194E+07   0.295962E-01
   0.447526E+00   0.132150E+07   0.131995E+07  -0.883721E+00  -0.162075E+01   0.714927E+06   0.127931E+07   0.132124E+07   0.127931E+07   0.614095E-01   0.129554E+07   0.129550E+07   0.287354E-01
   0.452680E+00   0.129602E+07   0.129450E+07  -0.845898E+00  -0.155184E+01   0.696014E+06   0.125429E+07   0.129576E+07   0.125429E+07   0.601802E-01   0.126963E+07   0.126959E+07   0.279168E-01
   0.457834E+00   0.127112E+07   0.126962E+07  -0.809970E+00  -0.148635E+01   0.677664E+06   0.122984E+07   0.127087E+07   0.122984E+07   0.589801E-01   0.124434E+07   0.124430E+07   0.271322E-01
   0.462988E+00   0.124694E+07   0.124547E+07  -0.775923E+00  -0.142428E+01   0.659939E+06   0.120612E+07   0.124670E+07   0.120612E+07   0.578154E-01   0.121979E+07   0.121975E+07   0.263751E-01
   0.468142E+00   0.122358E+07   0.122213E+07  -0.743715E+00  -0.136555E+01   0.642877E+06   0.118320E+07   0.122334E+07   0.118320E+07   0.566906E-01   0.119608E+07   0.119605E+07   0.256410E-01
   0.473296E+00   0.120105E+07   0.119962E+07  -0.713257E+00  -0.131000E+01   0.626473E+06   0.116109E+07   0.120081E+07   0.116109E+07   0.556062E-01   0.117323E+07   0.117319E+07   0.249268E-01
   0.478450E+00   0.117931E+07   0.117790E+07  -0.684435E+00  -0.125742E+01   0.610696E+06   0.113977E+07   0.117907E+07   0.113977E+07   0.545604E-01   0.115118E+07   0.115115E+07   0.242320E-01
   0.483605E+00   0.115832E+07   0.115694E+07  -0.657138E+00  -0.120761E+01   0.595510E+06   0.111918E+07   0.115809E+07   0.111918E+07   0.535509E-01   0.112991E+07   0.112987E+07   0.235582E-01
   0.488759E+00   0.113801E+07   0.113666E+07  -0.631252E+00  -0.116036E+01   0.580873E+06   0.109927E+07   0.113778E+07   0.109927E+07   0.525748E-01   0.110933E+07   0.110930E+07   0.229079E-01
   0.493913E+00   0.111830E+07   0.111697E+07  -0.606658E+00  -0.111546E+01   0.566729E+06   0.107995E+07   0.111808E+07   0.107995E+07   0.516280E-01   0.108938E+07   0.108935E+07   0.222831E-01
   0.499067E+00   0.109909E+07   0.109778E+07  -0.583237E+00  -0.107269E+01   0.553018E+06   0.106112E+07   0.109887E+07   0.106112E+07   0.507056E-01   0.106994E+07   0.106990E+07   0.216844E-01
   0.504221E+00   0.108029E+07   0.107901E+07  -0.560890E+00  -0.103187E+01   0.539694E+06   0.104271E+07   0.108008E+07   0.104271E+07   0.498041E-01   0.105093E+07   0.105090E+07   0.211114E-01
   0.509375E+00   0.106189E+07   0.106063E+07  -0.539555E+00  -0.992891E+00   0.526739E+06   0.102469E+07   0.106168E+07   0.102469E+07   0.489223E-01   0.103234E+07   0.103231E+07   0.205630E-01
   0.514529E+00   0.104390E+07   0.104265E+07  -0.519189E+00  -0.955670E+00   0.514149E+06   0.100707E+07   0.104369E+07   0.100707E+07   0.480605E-01   0.101418E+07   0.101415E+07   0.200373E-01
   0.519683E+00   0.102632E+07   0.102509E+07  -0.499750E+00  -0.920135E+00   0.501925E+06   0.989860E+06   0.102611E+07   0.989860E+06   0.472193E-01   0.996446E+06   0.996415E+06   0.195316E-01
   0.524837E+00   0.100916E+07   0.100795E+07  -0.481199E+00  -0.886215E+00   0.490064E+06   0.973072E+06   0.100896E+07   0.973072E+06   0.463989E-01   0.979152E+06   0.979122E+06   0.190431E-01
   0.529991E+00   0.992445E+06   0.991250E+06  -0.463503E+00  -0.853849E+00   0.478568E+06   0.956720E+06   0.992244E+06   0.956720E+06   0.456002E-01   0.962314E+06   0.962285E+06   0.185699E-01
   0.535145E+00   0.976196E+06   0.975019E+06  -0.446633E+00  -0.822988E+00   0.467442E+06   0.940829E+06   0.975999E+06   0.940829E+06   0.448242E-01   0.945955E+06   0.945926E+06   0.181107E-01
   0.540300E+00   0.960423E+06   0.959263E+06  -0.430555E+00  -0.793569E+00   0.456684E+06   0.925405E+06   0.960228E+06   0.925405E+06   0.440712E-01   0.930082E+06   0.930054E+06   0.176650E-01
   0.545454E+00   0.945099E+06   0.943957E+06  -0.415221E+00  -0.765504E+00   0.446275E+06   0.910424E+06   0.944908E+06   0.910424E+06   0.433401E-01   0.914669E+06   0.914641E+06   0.172325E-01
   0.550608E+00   0.930184E+06   0.929059E+06  -0.400579E+00  -0.738700E+00   0.436189E+06   0.895845E+06   0.929995E+06   0.895845E+06   0.426289E-01   0.899674E+06   0.899647E+06   0.168133E-01
   0.555762E+00   0.915645E+06   0.914538E+06  -0.386585E+00  -0.713074E+00   0.426406E+06   0.881638E+06   0.915459E+06   0.881638E+06   0.419360E-01   0.885067E+06   0.885040E+06   0.164077E-01
   0.560916E+00   0.901464E+06   0.900373E+06  -0.373200E+00  -0.688561E+00   0.416911E+06   0.867783E+06   0.901280E+06   0.867783E+06   0.412606E-01   0.870827E+06   0.870801E+06   0.160160E-01
   0.566070E+00   0.887615E+06   0.886540E+06  -0.360390E+00  -0.665092E+00   0.407688E+06   0.854257E+06   0.887435E+06   0.854257E+06   0.406014E-01   0.856931E+06   0.856904E+06   0.156383E-01
   0.571224E+00   0.874069E+06   0.873010E+06  -0.348115E+00  -0.642600E+00   0.398717E+06   0.841030E+06   0.873891E+06   0.841030E+06   0.399571E-01   0.843346E+06   0.843320E+06   0.152738E-01
   0.576378E+00   0.860804E+06   0.859759E+06  -0.336345E+00  -0.621028E+00   0.389986E+06   0.828081E+06   0.860628E+06   0.828081E+06   0.393266E-01   0.830053E+06   0.830027E+06   0.149218E-01
   0.581532E+00   0.847822E+06   0.846792E+06  -0.325060E+00  -0.600339E+00   0.381490E+06   0.815412E+06   0.847649E+06   0.815412E+06   0.387100E-01   0.817053E+06   0.817028E+06   0.145815E-01
   0.586686E+00   0.835136E+06   0.834120E+06  -0.314243E+00  -0.580503E+00   0.373232E+06   0.803034E+06   0.834966E+06   0.803034E+06   0.381078E-01   0.804356E+06   0.804331E+06   0.142522E-01
   0.591840E+00   0.822747E+06   0.821744E+06  -0.303875E+00  -0.561487E+00   0.365207E+06   0.790948E+06   0.822578E+06   0.790948E+06   0.375201E-01   0.791964E+06   0.791939E+06   0.139330E-01
   0.596995E+00   0.810646E+06   0.809656E+06  -0.293934E+00  -0.543250E+00   0.357409E+06   0.779147E+06   0.810479E+06   0.779147E+06   0.369464E-01   0.779867E+06   0.779842E+06   0.136230E-01
   0.602149E+00   0.798825E+06   0.797849E+06  -0.284400E+00  -0.525755E+00   0.349829E+06   0.767622E+06   0.798662E+06   0.767622E+06   0.363863E-01   0.768057E+06   0.768033E+06   0.133218E-01
   0.607303E+00   0.787289E+06   0.786326E+06  -0.275257E+00  -0.508974E+00   0.342465E+06   0.756376E+06   0.787127E+06   0.756376E+06   0.358400E-01   0.756537E+06   0.756514E+06   0.130291E-01
   0.612457E+00   0.776032E+06   0.775083E+06  -0.266487E+00  -0.492875E+00   0.335313E+06   0.745406E+06   0.775873E+06   0.745406E+06   0.353072E-01   0.745303E+06   0.745280E+06   0.127449E-01
   0.659749E+00   0.683448E+06   0.682605E+06  -0.200346E+00  -0.371322E+00   0.277959E+06   0.655274E+06   0.683306E+06   0.655274E+06   0.309378E-01   0.653164E+06   0.653143E+06   0.104998E-01
   0.710693E+00   0.601669E+06   0.600921E+06  -0.150561E+00  -0.279641E+00   0.229679E+06   0.575826E+06   0.601543E+06   0.575826E+06   0.270992E-01   0.572205E+06   0.572186E+06   0.864899E-02
   0.765571E+00   0.529590E+06   0.528926E+06  -0.113137E+00  -0.210576E+00   0.189229E+06   0.505948E+06   0.529478E+06   0.505948E+06   0.237345E-01   0.501230E+06   0.501214E+06   0.712620E-02
   0.895965E+00   0.403940E+06   0.403426E+06  -0.617885E-01  -0.115516E+00   0.124390E+06   0.384527E+06   0.403854E+06   0.384527E+06   0.179196E-01   0.378541E+06   0.378528E+06   0.473201E-02
   0.125042E+01   0.226982E+06   0.226685E+06  -0.171621E-01  -0.323717E-01   0.491027E+05   0.214634E+06   0.226932E+06   0.214634E+06   0.987471E-02   0.208719E+06   0.208711E+06   0.200060E-02
   0.174510E+01   0.127210E+06   0.127040E+06  -0.478566E-02  -0.909559E-02   0.184569E+05   0.119662E+06   0.127181E+06   0.119662E+06   0.544751E-02   0.115198E+06   0.115194E+06   0.863220E-03
   0.243548E+01   0.710840E+05   0.709875E+05  -0.134042E-02  -0.256280E-02   0.664312E+04   0.666124E+05   0.710678E+05   0.666124E+05   0.300819E-02   0.636376E+05   0.636347E+05   0.387743E-03
