   0.102076E-04   0.187684E+08   0.187684E+08   0.250113E+08   0.250109E+08   0.187685E+08   0.187684E+08   0.187684E+08   0.187747E+08  -0.435003E+00   0.911346E+07   0.911346E+07   0.580247E+01
   0.112819E-04   0.187684E+08   0.187684E+08   0.250083E+08   0.250079E+08   0.187685E+08   0.187684E+08   0.187684E+08   0.187747E+08  -0.435003E+00   0.911345E+07   0.911345E+07   0.641296E+01
   0.124693E-04   0.187684E+08   0.187684E+08   0.250047E+08   0.250042E+08   0.187685E+08   0.187684E+08   0.187684E+08   0.187747E+08  -0.435003E+00   0.911345E+07   0.911345E+07   0.708763E+01
   0.137816E-04   0.187684E+08   0.187684E+08   0.250004E+08   0.249996E+08   0.187685E+08   0.187684E+08   0.187684E+08   0.187746E+08  -0.435002E+00   0.911344E+07   0.911344E+07   0.783322E+01
   0.152321E-04   0.187684E+08   0.187684E+08   0.249950E+08   0.249941E+08   0.187685E+08   0.187684E+08   0.187684E+08   0.187746E+08  -0.435002E+00   0.911344E+07   0.911344E+07   0.865715E+01
   0.168352E-04   0.187684E+08   0.187684E+08   0.249884E+08   0.249874E+08   0.187685E+08   0.187684E+08   0.187684E+08   0.187746E+08  -0.435002E+00   0.911344E+07   0.911344E+07   0.956763E+01
   0.186070E-04   0.187684E+08   0.187684E+08   0.249804E+08   0.249791E+08   0.187685E+08   0.187684E+08   0.187684E+08   0.187746E+08  -0.435001E+00   0.911343E+07   0.911343E+07   0.105737E+02
   0.205653E-04   0.187683E+08   0.187683E+08   0.249707E+08   0.249691E+08   0.187684E+08   0.187684E+08   0.187683E+08   0.187746E+08  -0.435001E+00   0.911342E+07   0.911342E+07   0.116853E+02
   0.227297E-04   0.187683E+08   0.187683E+08   0.249587E+08   0.249568E+08   0.187684E+08   0.187683E+08   0.187683E+08   0.187746E+08  -0.435000E+00   0.911341E+07   0.911341E+07   0.129136E+02
   0.251219E-04   0.187683E+08   0.187683E+08   0.249442E+08   0.249418E+08   0.187684E+08   0.187683E+08   0.187683E+08   0.187745E+08  -0.435000E+00   0.911340E+07   0.911340E+07   0.142705E+02
   0.277659E-04   0.187683E+08   0.187683E+08   0.249264E+08   0.249235E+08   0.187684E+08   0.187683E+08   0.187683E+08   0.187745E+08  -0.434999E+00   0.911338E+07   0.911338E+07   0.157695E+02
   0.306881E-04   0.187682E+08   0.187682E+08   0.249047E+08   0.249011E+08   0.187683E+08   0.187682E+08   0.187682E+08   0.187745E+08  -0.434998E+00   0.911336E+07   0.911336E+07   0.174253E+02
   0.339179E-04   0.187682E+08   0.187682E+08   0.248782E+08   0.248738E+08   0.187683E+08   0.187682E+08   0.187682E+08   0.187744E+08  -0.434996E+00   0.911334E+07   0.911334E+07   0.192539E+02
   0.374876E-04   0.187681E+08   0.187681E+08   0.248458E+08   0.248405E+08   0.187682E+08   0.187681E+08   0.187681E+08   0.187743E+08  -0.434995E+00   0.911332E+07   0.911331E+07   0.212731E+02
   0.414330E-04   0.187681E+08   0.187681E+08   0.248064E+08   0.247999E+08   0.187682E+08   0.187681E+08   0.187681E+08   0.187743E+08  -0.434993E+00   0.911328E+07   0.911328E+07   0.235024E+02
   0.457936E-04   0.187680E+08   0.187680E+08   0.247583E+08   0.247504E+08   0.187681E+08   0.187680E+08   0.187680E+08   0.187742E+08  -0.434990E+00   0.911324E+07   0.911324E+07   0.259629E+02
   0.506132E-04   0.187679E+08   0.187679E+08   0.246996E+08   0.246900E+08   0.187680E+08   0.187679E+08   0.187679E+08   0.187741E+08  -0.434987E+00   0.911319E+07   0.911319E+07   0.286778E+02
   0.559400E-04   0.187678E+08   0.187677E+08   0.246281E+08   0.246164E+08   0.187678E+08   0.187678E+08   0.187678E+08   0.187739E+08  -0.434984E+00   0.911313E+07   0.911313E+07   0.316723E+02
   0.618274E-04   0.187676E+08   0.187676E+08   0.245411E+08   0.245268E+08   0.187677E+08   0.187676E+08   0.187676E+08   0.187737E+08  -0.434979E+00   0.911306E+07   0.911305E+07   0.349738E+02
   0.683345E-04   0.187674E+08   0.187674E+08   0.244351E+08   0.244177E+08   0.187675E+08   0.187674E+08   0.187674E+08   0.187735E+08  -0.434974E+00   0.911297E+07   0.911296E+07   0.386115E+02
   0.755264E-04   0.187672E+08   0.187672E+08   0.243062E+08   0.242850E+08   0.187673E+08   0.187672E+08   0.187672E+08   0.187733E+08  -0.434967E+00   0.911286E+07   0.911285E+07   0.426172E+02
   0.834752E-04   0.187669E+08   0.187669E+08   0.241496E+08   0.241239E+08   0.187670E+08   0.187669E+08   0.187669E+08   0.187730E+08  -0.434959E+00   0.911273E+07   0.911272E+07   0.470243E+02
   0.922605E-04   0.187666E+08   0.187666E+08   0.239595E+08   0.239283E+08   0.187667E+08   0.187666E+08   0.187666E+08   0.187726E+08  -0.434949E+00   0.911256E+07   0.911255E+07   0.518681E+02
   0.101971E-03   0.187662E+08   0.187661E+08   0.237292E+08   0.236913E+08   0.187663E+08   0.187662E+08   0.187662E+08   0.187721E+08  -0.434937E+00   0.911236E+07   0.911235E+07   0.571853E+02
   0.112702E-03   0.187657E+08   0.187656E+08   0.234505E+08   0.234047E+08   0.187658E+08   0.187657E+08   0.187657E+08   0.187716E+08  -0.434923E+00   0.911212E+07   0.911210E+07   0.630133E+02
   0.124564E-03   0.187651E+08   0.187650E+08   0.231142E+08   0.230588E+08   0.187652E+08   0.187651E+08   0.187651E+08   0.187709E+08  -0.434905E+00   0.911182E+07   0.911180E+07   0.693892E+02
   0.137674E-03   0.187644E+08   0.187643E+08   0.227092E+08   0.226425E+08   0.187644E+08   0.187644E+08   0.187644E+08   0.187700E+08  -0.434884E+00   0.911146E+07   0.911143E+07   0.763486E+02
   0.152163E-03   0.187635E+08   0.187633E+08   0.222233E+08   0.221432E+08   0.187635E+08   0.187635E+08   0.187635E+08   0.187690E+08  -0.434857E+00   0.911102E+07   0.911098E+07   0.839234E+02
   0.168178E-03   0.187624E+08   0.187622E+08   0.216426E+08   0.215467E+08   0.187624E+08   0.187624E+08   0.187624E+08   0.187678E+08  -0.434826E+00   0.911048E+07   0.911043E+07   0.921398E+02
   0.185878E-03   0.187611E+08   0.187609E+08   0.209520E+08   0.208377E+08   0.187611E+08   0.187610E+08   0.187610E+08   0.187663E+08  -0.434787E+00   0.910982E+07   0.910977E+07   0.101014E+03
   0.205440E-03   0.187595E+08   0.187592E+08   0.201356E+08   0.200001E+08   0.187594E+08   0.187594E+08   0.187594E+08   0.187644E+08  -0.434740E+00   0.910903E+07   0.910896E+07   0.110549E+03
   0.227062E-03   0.187575E+08   0.187572E+08   0.191778E+08   0.190184E+08   0.187574E+08   0.187574E+08   0.187574E+08   0.187622E+08  -0.434684E+00   0.910806E+07   0.910797E+07   0.120726E+03
   0.250959E-03   0.187551E+08   0.187547E+08   0.180643E+08   0.178783E+08   0.187550E+08   0.187550E+08   0.187550E+08   0.187595E+08  -0.434615E+00   0.910688E+07   0.910678E+07   0.131503E+03
   0.277372E-03   0.187522E+08   0.187518E+08   0.167845E+08   0.165697E+08   0.187521E+08   0.187521E+08   0.187521E+08   0.187563E+08  -0.434533E+00   0.910545E+07   0.910533E+07   0.142799E+03
   0.306564E-03   0.187487E+08   0.187482E+08   0.153343E+08   0.150895E+08   0.187486E+08   0.187486E+08   0.187486E+08   0.187524E+08  -0.434434E+00   0.910371E+07   0.910357E+07   0.154492E+03
   0.338828E-03   0.187445E+08   0.187438E+08   0.137198E+08   0.134452E+08   0.187443E+08   0.187444E+08   0.187444E+08   0.187478E+08  -0.434316E+00   0.910161E+07   0.910144E+07   0.166403E+03
   0.374488E-03   0.187394E+08   0.187386E+08   0.119616E+08   0.116598E+08   0.187391E+08   0.187392E+08   0.187392E+08   0.187422E+08  -0.434175E+00   0.909907E+07   0.909888E+07   0.178291E+03
   0.413901E-03   0.187332E+08   0.187323E+08   0.100997E+08   0.977615E+07   0.187328E+08   0.187330E+08   0.187330E+08   0.187355E+08  -0.434007E+00   0.909602E+07   0.909578E+07   0.189843E+03
   0.457462E-03   0.187258E+08   0.187247E+08   0.819665E+07   0.786061E+07   0.187253E+08   0.187256E+08   0.187256E+08   0.187276E+08  -0.433809E+00   0.909235E+07   0.909207E+07   0.200676E+03
   0.505608E-03   0.187169E+08   0.187157E+08   0.633834E+07   0.600305E+07   0.187164E+08   0.187167E+08   0.187167E+08   0.187182E+08  -0.433576E+00   0.908795E+07   0.908763E+07   0.210344E+03
   0.558821E-03   0.187064E+08   0.187049E+08   0.462858E+07   0.431088E+07   0.187056E+08   0.187061E+08   0.187061E+08   0.187072E+08  -0.433303E+00   0.908270E+07   0.908233E+07   0.218361E+03
   0.617635E-03   0.186938E+08   0.186920E+08   0.317534E+07   0.289383E+07   0.186929E+08   0.186934E+08   0.186935E+08   0.186942E+08  -0.432985E+00   0.907645E+07   0.907604E+07   0.224236E+03
   0.682638E-03   0.186789E+08   0.186769E+08   0.206666E+07   0.183836E+07   0.186778E+08   0.186785E+08   0.186785E+08   0.186790E+08  -0.432615E+00   0.906907E+07   0.906860E+07   0.227532E+03
   0.754482E-03   0.186613E+08   0.186590E+08   0.133971E+07   0.117525E+07   0.186599E+08   0.186608E+08   0.186609E+08   0.186612E+08  -0.432188E+00   0.906037E+07   0.905985E+07   0.227921E+03
   0.833888E-03   0.186406E+08   0.186381E+08   0.953934E+06   0.852526E+06   0.186389E+08   0.186401E+08   0.186402E+08   0.186404E+08  -0.431693E+00   0.905017E+07   0.904961E+07   0.225250E+03
   0.921651E-03   0.186165E+08   0.186136E+08   0.788075E+06   0.735022E+06   0.186144E+08   0.186159E+08   0.186160E+08   0.186161E+08  -0.431121E+00   0.903828E+07   0.903767E+07   0.219558E+03
   0.101865E-02   0.185883E+08   0.185852E+08   0.681465E+06   0.651241E+06   0.185858E+08   0.185877E+08   0.185878E+08   0.185878E+08  -0.430460E+00   0.902445E+07   0.902380E+07   0.211061E+03
   0.112586E-02   0.185556E+08   0.185522E+08   0.517695E+06   0.483974E+06   0.185525E+08   0.185549E+08   0.185551E+08   0.185550E+08  -0.429696E+00   0.900843E+07   0.900776E+07   0.200091E+03
   0.124435E-02   0.185178E+08   0.185141E+08   0.300825E+06   0.249354E+06   0.185139E+08   0.185169E+08   0.185172E+08   0.185170E+08  -0.428812E+00   0.898992E+07   0.898922E+07   0.187037E+03
   0.137531E-02   0.184740E+08   0.184702E+08   0.137262E+06   0.718988E+05   0.184692E+08   0.184731E+08   0.184734E+08   0.184731E+08  -0.427792E+00   0.896857E+07   0.896786E+07   0.172355E+03
   0.152006E-02   0.184236E+08   0.184197E+08   0.959636E+05   0.306022E+05   0.184177E+08   0.184226E+08   0.184230E+08   0.184226E+08  -0.426620E+00   0.894401E+07   0.894330E+07   0.156640E+03
   0.168004E-02   0.183658E+08   0.183618E+08   0.970194E+05  -0.368516E+06   0.183585E+08   0.183646E+08   0.183651E+08   0.183646E+08  -0.425274E+00   0.891583E+07   0.891512E+07   0.140671E+03
   0.185685E-02   0.182994E+08   0.182955E+08   0.349012E+05  -0.300573E+06   0.182906E+08   0.182982E+08   0.182988E+08   0.182982E+08  -0.423734E+00   0.888353E+07   0.888283E+07   0.125286E+03
   0.205228E-02   0.182236E+08   0.182196E+08  -0.247372E+05  -0.245027E+06   0.182129E+08   0.182222E+08   0.182229E+08   0.182222E+08  -0.421973E+00   0.884662E+07   0.884594E+07   0.111182E+03
   0.226827E-02   0.181371E+08   0.181332E+08  -0.517019E+04  -0.199627E+06   0.181241E+08   0.181356E+08   0.181365E+08   0.181356E+08  -0.419966E+00   0.880454E+07   0.880387E+07   0.988365E+02
   0.250700E-02   0.180388E+08   0.180347E+08  -0.117630E+05  -0.162529E+06   0.180229E+08   0.180371E+08   0.180381E+08   0.180370E+08  -0.417683E+00   0.875668E+07   0.875602E+07   0.884686E+02
   0.277085E-02   0.179272E+08   0.179230E+08  -0.305216E+05  -0.132223E+06   0.179079E+08   0.179252E+08   0.179265E+08   0.179252E+08  -0.415093E+00   0.870238E+07   0.870172E+07   0.798764E+02
   0.306246E-02   0.178010E+08   0.177965E+08  -0.174486E+05  -0.107476E+06   0.177775E+08   0.177986E+08   0.178002E+08   0.177986E+08  -0.412161E+00   0.864094E+07   0.864027E+07   0.725191E+02
   0.338478E-02   0.176585E+08   0.176538E+08  -0.303479E+05  -0.872759E+05   0.176301E+08   0.176558E+08   0.176577E+08   0.176558E+08  -0.408852E+00   0.857158E+07   0.857091E+07   0.658036E+02
   0.374101E-02   0.174981E+08   0.174931E+08  -0.244393E+05  -0.707955E+05   0.174638E+08   0.174949E+08   0.174972E+08   0.174949E+08  -0.405127E+00   0.849351E+07   0.849285E+07   0.593545E+02
   0.413473E-02   0.173180E+08   0.173127E+08  -0.226481E+05  -0.573570E+05   0.172768E+08   0.173143E+08   0.173171E+08   0.173143E+08  -0.400944E+00   0.840586E+07   0.840520E+07   0.532322E+02
   0.456989E-02   0.171164E+08   0.171108E+08  -0.192735E+05  -0.464059E+05   0.170668E+08   0.171121E+08   0.171154E+08   0.171121E+08  -0.396261E+00   0.830771E+07   0.830706E+07   0.477301E+02
   0.505085E-02   0.168912E+08   0.168851E+08  -0.134469E+05  -0.374882E+05   0.168319E+08   0.168862E+08   0.168902E+08   0.168862E+08  -0.391030E+00   0.819809E+07   0.819744E+07   0.429766E+02
   0.558243E-02   0.166405E+08   0.166338E+08  -0.118039E+05  -0.302321E+05   0.165696E+08   0.166345E+08   0.166393E+08   0.166345E+08  -0.385202E+00   0.807597E+07   0.807532E+07   0.387631E+02
   0.616996E-02   0.163620E+08   0.163546E+08  -0.101813E+05  -0.243336E+05   0.162777E+08   0.163550E+08   0.163607E+08   0.163550E+08  -0.378729E+00   0.794033E+07   0.793968E+07   0.348511E+02
   0.681932E-02   0.160535E+08   0.160453E+08  -0.947580E+04  -0.195437E+05   0.159539E+08   0.160453E+08   0.160521E+08   0.160453E+08  -0.371558E+00   0.779008E+07   0.778944E+07   0.312952E+02
   0.753702E-02   0.157129E+08   0.157037E+08  -0.825143E+04  -0.156588E+05   0.155957E+08   0.157034E+08   0.157114E+08   0.157034E+08  -0.363639E+00   0.762415E+07   0.762352E+07   0.281769E+02
   0.833025E-02   0.153380E+08   0.153276E+08  -0.564353E+04  -0.125122E+05   0.152011E+08   0.153269E+08   0.153363E+08   0.153269E+08  -0.354922E+00   0.744151E+07   0.744088E+07   0.253662E+02
   0.920698E-02   0.149268E+08   0.149150E+08  -0.676221E+04  -0.996754E+04   0.147679E+08   0.149140E+08   0.149248E+08   0.149140E+08  -0.345359E+00   0.724116E+07   0.724053E+07   0.228321E+02
   0.101760E-01   0.144775E+08   0.144640E+08  -0.463920E+04  -0.791352E+04   0.142945E+08   0.144627E+08   0.144752E+08   0.144627E+08  -0.334910E+00   0.702223E+07   0.702161E+07   0.205890E+02
   0.112469E-01   0.139886E+08   0.139732E+08  -0.411479E+04  -0.625898E+04   0.137796E+08   0.139718E+08   0.139861E+08   0.139718E+08  -0.323541E+00   0.678404E+07   0.678341E+07   0.185753E+02
   0.124306E-01   0.134593E+08   0.134416E+08  -0.344709E+04  -0.492944E+04   0.132226E+08   0.134401E+08   0.134563E+08   0.134401E+08  -0.311230E+00   0.652612E+07   0.652549E+07   0.167884E+02
   0.137389E-01   0.128891E+08   0.128688E+08  -0.278447E+04  -0.386404E+04   0.126234E+08   0.128675E+08   0.128857E+08   0.128675E+08  -0.297970E+00   0.624831E+07   0.624768E+07   0.151931E+02
   0.151849E-01   0.122785E+08   0.122553E+08  -0.192423E+04  -0.301304E+04   0.119830E+08   0.122544E+08   0.122746E+08   0.122544E+08  -0.283773E+00   0.595087E+07   0.595024E+07   0.137719E+02
   0.167830E-01   0.116407E+08   0.116142E+08  -0.170686E+04  -0.233817E+04   0.113148E+08   0.116140E+08   0.116362E+08   0.116140E+08  -0.268943E+00   0.564019E+07   0.563956E+07   0.125078E+02
   0.185493E-01   0.109570E+08   0.109270E+08  -0.128122E+04  -0.180145E+04   0.106012E+08   0.109277E+08   0.109520E+08   0.109277E+08  -0.253051E+00   0.530725E+07   0.530662E+07   0.113595E+02
   0.205016E-01   0.102420E+08   0.102083E+08  -0.857718E+03  -0.137831E+04   0.985769E+07   0.102102E+08   0.102364E+08   0.102102E+08  -0.236435E+00   0.495914E+07   0.495850E+07   0.103105E+02
   0.226592E-01   0.949428E+07   0.945681E+07  -0.711070E+03  -0.104580E+04   0.908403E+07   0.946006E+07   0.948799E+07   0.946006E+07  -0.219065E+00   0.459520E+07   0.459457E+07   0.933146E+01
   0.250440E-01   0.873866E+07   0.869765E+07  -0.536267E+03  -0.787875E+03   0.830547E+07   0.870229E+07   0.873178E+07   0.870229E+07  -0.201517E+00   0.422756E+07   0.422693E+07   0.840523E+01
   0.276798E-01   0.798540E+07   0.794139E+07  -0.366988E+03  -0.589302E+03   0.753274E+07   0.794722E+07   0.797801E+07   0.794722E+07  -0.184032E+00   0.386121E+07   0.386059E+07   0.750523E+01
   0.305930E-01   0.724066E+07   0.719458E+07  -0.348014E+03  -0.437374E+03   0.677235E+07   0.720107E+07   0.723292E+07   0.720107E+07  -0.166754E+00   0.349917E+07   0.349857E+07   0.660889E+01
   0.338127E-01   0.652378E+07   0.647703E+07  -0.242560E+03  -0.322567E+03   0.604332E+07   0.648325E+07   0.651593E+07   0.648325E+07  -0.150132E+00   0.315087E+07   0.315029E+07   0.570382E+01
   0.373714E-01   0.585744E+07   0.581184E+07  -0.165964E+03  -0.237080E+03   0.536753E+07   0.581643E+07   0.584978E+07   0.581643E+07  -0.134690E+00   0.282731E+07   0.282678E+07   0.479002E+01
   0.413045E-01   0.526282E+07   0.522048E+07  -0.119299E+03  -0.174382E+03   0.476315E+07   0.522165E+07   0.525571E+07   0.522165E+07  -0.120917E+00   0.253872E+07   0.253824E+07   0.388289E+01
   0.454350E-01   0.476325E+07   0.472595E+07  -0.372476E+01  -0.130457E+03   0.425608E+07   0.472234E+07   0.475698E+07   0.472234E+07  -0.109355E+00   0.229647E+07   0.229606E+07   0.304954E+01
   0.495654E-01   0.437436E+07   0.434295E+07  -0.294328E+01  -0.100695E+03   0.385857E+07   0.433378E+07   0.436908E+07   0.433378E+07  -0.100357E+00   0.210799E+07   0.210764E+07   0.235243E+01
   0.536959E-01   0.406366E+07   0.403816E+07  -0.238511E+01  -0.797293E+02   0.353834E+07   0.402334E+07   0.405938E+07   0.402334E+07  -0.931686E-01   0.195745E+07   0.195716E+07   0.179719E+01
   0.578264E-01   0.380358E+07   0.378329E+07  -0.197021E+01  -0.643675E+02   0.326903E+07   0.376344E+07   0.380018E+07   0.376344E+07  -0.871502E-01   0.183143E+07   0.183119E+07   0.138058E+01
   0.619568E-01   0.357503E+07   0.355873E+07  -0.165082E+01  -0.527188E+02   0.303272E+07   0.353498E+07   0.357229E+07   0.353498E+07  -0.818596E-01   0.172065E+07   0.172045E+07   0.109070E+01
   0.660873E-01   0.336099E+07   0.334726E+07  -0.139571E+01  -0.435733E+02   0.281398E+07   0.332102E+07   0.335869E+07   0.332102E+07  -0.769050E-01   0.161690E+07   0.161672E+07   0.906894E+00
   0.702177E-01   0.315141E+07   0.313882E+07  -0.118607E+01  -0.361998E+02   0.260382E+07   0.311157E+07   0.314930E+07   0.311157E+07  -0.720550E-01   0.151529E+07   0.151512E+07   0.804129E+00
   0.743482E-01   0.294573E+07   0.293312E+07  -0.101141E+01  -0.301878E+02   0.240183E+07   0.290615E+07   0.294362E+07   0.290615E+07  -0.672981E-01   0.141560E+07   0.141543E+07   0.756534E+00
   0.784786E-01   0.274065E+07   0.272723E+07  -0.863453E+00  -0.252112E+02   0.220513E+07   0.270152E+07   0.273840E+07   0.270152E+07  -0.625595E-01   0.131624E+07   0.131607E+07   0.738460E+00
   0.826091E-01   0.254400E+07   0.252942E+07  -0.739207E+00  -0.211231E+02   0.201992E+07   0.250548E+07   0.254156E+07   0.250548E+07  -0.580199E-01   0.122102E+07   0.122084E+07   0.729964E+00
   0.867395E-01   0.236122E+07   0.234556E+07  -0.635599E+00  -0.177849E+02   0.185012E+07   0.232343E+07   0.235860E+07   0.232343E+07  -0.538042E-01   0.113258E+07   0.113239E+07   0.716190E+00
   0.918936E-01   0.215920E+07   0.214279E+07  -0.531181E+00  -0.144927E+02   0.166422E+07   0.212241E+07   0.215645E+07   0.212241E+07  -0.491491E-01   0.103490E+07   0.103471E+07   0.679070E+00
   0.970477E-01   0.199138E+07   0.197519E+07  -0.450024E+00  -0.119872E+02   0.151008E+07   0.195556E+07   0.198866E+07   0.195556E+07  -0.452855E-01   0.953824E+06   0.953644E+06   0.616521E+00
   0.102202E+00   0.185925E+07   0.184426E+07  -0.387704E+00  -0.100950E+02   0.138740E+07   0.182427E+07   0.185673E+07   0.182427E+07  -0.422453E-01   0.890047E+06   0.889883E+06   0.534908E+00
   0.107356E+00   0.175802E+07   0.174493E+07  -0.339647E+00  -0.865469E+01   0.129118E+07   0.172369E+07   0.175582E+07   0.172369E+07  -0.399161E-01   0.841214E+06   0.841070E+06   0.446111E+00
   0.112510E+00   0.167781E+07   0.166689E+07  -0.301448E+00  -0.752411E+01   0.121303E+07   0.164396E+07   0.167598E+07   0.164396E+07  -0.380699E-01   0.802531E+06   0.802408E+06   0.362741E+00
   0.117664E+00   0.160775E+07   0.159880E+07  -0.269580E+00  -0.659542E+01   0.114437E+07   0.157431E+07   0.160625E+07   0.157431E+07  -0.364569E-01   0.768742E+06   0.768638E+06   0.294624E+00
   0.122818E+00   0.153936E+07   0.153186E+07  -0.241686E+00  -0.579866E+01   0.107878E+07   0.150634E+07   0.153810E+07   0.150634E+07  -0.348830E-01   0.735755E+06   0.735664E+06   0.246833E+00
   0.127972E+00   0.146772E+07   0.146099E+07  -0.216441E+00  -0.509447E+01   0.101274E+07   0.143521E+07   0.146659E+07   0.143521E+07  -0.332358E-01   0.701204E+06   0.701119E+06   0.219316E+00
   0.133126E+00   0.139146E+07   0.138484E+07  -0.193273E+00  -0.446451E+01   0.945369E+06   0.135958E+07   0.139035E+07   0.135958E+07  -0.314845E-01   0.664435E+06   0.664352E+06   0.207890E+00
   0.138280E+00   0.131219E+07   0.130522E+07  -0.172108E+00  -0.390321E+01   0.877856E+06   0.128106E+07   0.131102E+07   0.128106E+07  -0.296662E-01   0.626230E+06   0.626145E+06   0.206081E+00
   0.143435E+00   0.123340E+07   0.122588E+07  -0.153106E+00  -0.341072E+01   0.812566E+06   0.120312E+07   0.123213E+07   0.120312E+07  -0.278613E-01   0.588286E+06   0.588197E+06   0.207136E+00
   0.148589E+00   0.115934E+07   0.115136E+07  -0.136473E+00  -0.298808E+01   0.752216E+06   0.112994E+07   0.115800E+07   0.112994E+07  -0.261667E-01   0.552648E+06   0.552556E+06   0.205679E+00
   0.153743E+00   0.109390E+07   0.108573E+07  -0.122324E+00  -0.263424E+01   0.699116E+06   0.106532E+07   0.109253E+07   0.106532E+07  -0.246703E-01   0.521179E+06   0.521087E+06   0.198656E+00
   0.158897E+00   0.103934E+07   0.103134E+07  -0.110579E+00  -0.234386E+01   0.654396E+06   0.101147E+07   0.103800E+07   0.101147E+07  -0.234232E-01   0.494958E+06   0.494869E+06   0.185494E+00
   0.164051E+00   0.995431E+06   0.987936E+06  -0.100910E+00  -0.210680E+01   0.617563E+06   0.968128E+06   0.994172E+06   0.968128E+06  -0.224196E-01   0.473867E+06   0.473785E+06   0.167626E+00
   0.169205E+00   0.959886E+06   0.953126E+06  -0.928444E-01  -0.191051E+01   0.586875E+06   0.933033E+06   0.958751E+06   0.933033E+06  -0.216069E-01   0.456801E+06   0.456726E+06   0.147657E+00
   0.174359E+00   0.929623E+06   0.923668E+06  -0.859125E-01  -0.174329E+01   0.560204E+06   0.903145E+06   0.928623E+06   0.903145E+06  -0.209148E-01   0.442274E+06   0.442207E+06   0.128454E+00
   0.179513E+00   0.901657E+06   0.896423E+06  -0.797253E-01  -0.159585E+01   0.535593E+06   0.875523E+06   0.900778E+06   0.875523E+06  -0.202752E-01   0.428849E+06   0.428789E+06   0.112343E+00
   0.184667E+00   0.873400E+06   0.868691E+06  -0.739949E-01  -0.146136E+01   0.511409E+06   0.847630E+06   0.872610E+06   0.847630E+06  -0.196293E-01   0.415284E+06   0.415229E+06   0.100602E+00
   0.189821E+00   0.843119E+06   0.838691E+06  -0.685197E-01  -0.133562E+01   0.486691E+06   0.817778E+06   0.842375E+06   0.817778E+06  -0.189380E-01   0.400751E+06   0.400698E+06   0.933434E-01
   0.194975E+00   0.810497E+06   0.806125E+06  -0.632612E-01  -0.121735E+01   0.461261E+06   0.785662E+06   0.809763E+06   0.785662E+06  -0.181943E-01   0.385101E+06   0.385049E+06   0.897195E-01
   0.200130E+00   0.776574E+06   0.772101E+06  -0.582784E-01  -0.110741E+01   0.435749E+06   0.752305E+06   0.775823E+06   0.752305E+06  -0.174218E-01   0.368835E+06   0.368782E+06   0.883196E-01
   0.205284E+00   0.742954E+06   0.738317E+06  -0.536611E-01  -0.100720E+01   0.411062E+06   0.719277E+06   0.742175E+06   0.719277E+06  -0.166570E-01   0.352721E+06   0.352667E+06   0.876017E-01
   0.210438E+00   0.711147E+06   0.706379E+06  -0.494793E-01  -0.917681E+00   0.388007E+06   0.688055E+06   0.710347E+06   0.688055E+06  -0.159340E-01   0.337484E+06   0.337430E+06   0.862803E-01
   0.215592E+00   0.682349E+06   0.677547E+06  -0.457712E-01  -0.839159E+00   0.367173E+06   0.659802E+06   0.681543E+06   0.659802E+06  -0.152797E-01   0.323697E+06   0.323643E+06   0.835846E-01
   0.220746E+00   0.657291E+06   0.652584E+06  -0.425395E-01  -0.771277E+00   0.348870E+06   0.635226E+06   0.656501E+06   0.635226E+06  -0.147106E-01   0.311706E+06   0.311654E+06   0.793377E-01
   0.225900E+00   0.636008E+06   0.631515E+06  -0.397429E-01  -0.712882E+00   0.333017E+06   0.614352E+06   0.635253E+06   0.614352E+06  -0.142272E-01   0.301526E+06   0.301476E+06   0.738654E-01
   0.231054E+00   0.617813E+06   0.613616E+06  -0.373013E-01  -0.662182E+00   0.319162E+06   0.596504E+06   0.617109E+06   0.596504E+06  -0.138139E-01   0.292826E+06   0.292779E+06   0.678028E-01
   0.236208E+00   0.601622E+06   0.597747E+06  -0.351210E-01  -0.617229E+00   0.306671E+06   0.580619E+06   0.600972E+06   0.580619E+06  -0.134460E-01   0.285086E+06   0.285042E+06   0.618720E-01
   0.241362E+00   0.586322E+06   0.582742E+06  -0.331177E-01  -0.576331E+00   0.294930E+06   0.565611E+06   0.585721E+06   0.565611E+06  -0.130985E-01   0.277773E+06   0.277732E+06   0.566852E-01
   0.246516E+00   0.570997E+06   0.567644E+06  -0.312277E-01  -0.538234E+00   0.283452E+06   0.550588E+06   0.570434E+06   0.550588E+06  -0.127506E-01   0.270448E+06   0.270409E+06   0.526104E-01
   0.251670E+00   0.555073E+06   0.551861E+06  -0.294125E-01  -0.502178E+00   0.271949E+06   0.534991E+06   0.554534E+06   0.534991E+06  -0.123894E-01   0.262838E+06   0.262800E+06   0.497235E-01
   0.256825E+00   0.538427E+06   0.535275E+06  -0.276608E-01  -0.467905E+00   0.260365E+06   0.518705E+06   0.537898E+06   0.518705E+06  -0.120123E-01   0.254885E+06   0.254849E+06   0.478435E-01
   0.261979E+00   0.521369E+06   0.518218E+06  -0.259836E-01  -0.435551E+00   0.248857E+06   0.502031E+06   0.520840E+06   0.502031E+06  -0.116261E-01   0.246739E+06   0.246702E+06   0.466245E-01
   0.267133E+00   0.504444E+06   0.501269E+06  -0.244022E-01  -0.405416E+00   0.237682E+06   0.485500E+06   0.503911E+06   0.485500E+06  -0.112433E-01   0.238659E+06   0.238622E+06   0.456679E-01
   0.272287E+00   0.488214E+06   0.485021E+06  -0.229356E-01  -0.377758E+00   0.227097E+06   0.469657E+06   0.487677E+06   0.469657E+06  -0.108764E-01   0.230913E+06   0.230877E+06   0.446249E-01
   0.277441E+00   0.473124E+06   0.469944E+06  -0.215958E-01  -0.352704E+00   0.217288E+06   0.454935E+06   0.472590E+06   0.454935E+06  -0.105355E-01   0.223716E+06   0.223680E+06   0.432679E-01
   0.282595E+00   0.459442E+06   0.456318E+06  -0.203853E-01  -0.330218E+00   0.208350E+06   0.441589E+06   0.458917E+06   0.441589E+06  -0.102264E-01   0.217192E+06   0.217156E+06   0.415207E-01
   0.287749E+00   0.447201E+06   0.444175E+06  -0.192961E-01  -0.310102E+00   0.200268E+06   0.429651E+06   0.446692E+06   0.429651E+06  -0.994999E-02   0.211357E+06   0.211323E+06   0.394451E-01
   0.292903E+00   0.436203E+06   0.433306E+06  -0.183115E-01  -0.292015E+00   0.192924E+06   0.418926E+06   0.435717E+06   0.418926E+06  -0.970164E-02   0.206117E+06   0.206084E+06   0.371965E-01
   0.298057E+00   0.426093E+06   0.423336E+06  -0.174097E-01  -0.275554E+00   0.186135E+06   0.409068E+06   0.425630E+06   0.409068E+06  -0.947334E-02   0.201301E+06   0.201269E+06   0.349665E-01
   0.303211E+00   0.416471E+06   0.413846E+06  -0.165694E-01  -0.260334E+00   0.179709E+06   0.399687E+06   0.416030E+06   0.399687E+06  -0.925611E-02   0.196717E+06   0.196688E+06   0.329275E-01
   0.308365E+00   0.406997E+06   0.404483E+06  -0.157737E-01  -0.246052E+00   0.173488E+06   0.390456E+06   0.406575E+06   0.390456E+06  -0.904233E-02   0.192206E+06   0.192177E+06   0.311936E-01
   0.313520E+00   0.397456E+06   0.395023E+06  -0.150116E-01  -0.232515E+00   0.167375E+06   0.381164E+06   0.397048E+06   0.381164E+06  -0.882717E-02   0.187662E+06   0.187634E+06   0.298032E-01
   0.318674E+00   0.387781E+06   0.385400E+06  -0.142788E-01  -0.219637E+00   0.161338E+06   0.371749E+06   0.387382E+06   0.371749E+06  -0.860914E-02   0.183056E+06   0.183029E+06   0.287228E-01
   0.323828E+00   0.378041E+06   0.375688E+06  -0.135761E-01  -0.207412E+00   0.155406E+06   0.362276E+06   0.377646E+06   0.362276E+06  -0.838977E-02   0.178420E+06   0.178393E+06   0.278674E-01
   0.328982E+00   0.368393E+06   0.366058E+06  -0.129072E-01  -0.195884E+00   0.149641E+06   0.352900E+06   0.368001E+06   0.352900E+06  -0.817263E-02   0.173829E+06   0.173803E+06   0.271294E-01
   0.334136E+00   0.359035E+06   0.356715E+06  -0.122770E-01  -0.185110E+00   0.144118E+06   0.343809E+06   0.358645E+06   0.343809E+06  -0.796211E-02   0.169378E+06   0.169351E+06   0.264076E-01
   0.339290E+00   0.350140E+06   0.347845E+06  -0.116888E-01  -0.175124E+00   0.138900E+06   0.335173E+06   0.349755E+06   0.335173E+06  -0.776211E-02   0.165148E+06   0.165122E+06   0.256300E-01
   0.344444E+00   0.341817E+06   0.339560E+06  -0.111437E-01  -0.165925E+00   0.134019E+06   0.327094E+06   0.341438E+06   0.327094E+06  -0.757502E-02   0.161191E+06   0.161166E+06   0.247637E-01
   0.349598E+00   0.334084E+06   0.331879E+06  -0.106397E-01  -0.157465E+00   0.129472E+06   0.319589E+06   0.333714E+06   0.319589E+06  -0.740123E-02   0.157516E+06   0.157491E+06   0.238149E-01
   0.354752E+00   0.326881E+06   0.324738E+06  -0.101724E-01  -0.149665E+00   0.125225E+06   0.312600E+06   0.326521E+06   0.312600E+06  -0.723937E-02   0.154094E+06   0.154069E+06   0.228190E-01
   0.359906E+00   0.320097E+06   0.318022E+06  -0.973658E-02  -0.142428E+00   0.121227E+06   0.306020E+06   0.319749E+06   0.306020E+06  -0.708699E-02   0.150871E+06   0.150848E+06   0.218261E-01
   0.365060E+00   0.313609E+06   0.311601E+06  -0.932664E-02  -0.135664E+00   0.117423E+06   0.299728E+06   0.313272E+06   0.299728E+06  -0.694128E-02   0.147790E+06   0.147767E+06   0.208861E-01
   0.370215E+00   0.307296E+06   0.305348E+06  -0.893776E-02  -0.129291E+00   0.113763E+06   0.293608E+06   0.306969E+06   0.293608E+06  -0.679955E-02   0.144792E+06   0.144770E+06   0.200361E-01
   0.375369E+00   0.301065E+06   0.299167E+06  -0.856616E-02  -0.123245E+00   0.110206E+06   0.287569E+06   0.300746E+06   0.287569E+06  -0.665972E-02   0.141834E+06   0.141812E+06   0.192926E-01
   0.380523E+00   0.294866E+06   0.293007E+06  -0.820959E-02  -0.117487E+00   0.106734E+06   0.281565E+06   0.294553E+06   0.281565E+06  -0.652066E-02   0.138891E+06   0.138870E+06   0.186517E-01
   0.385677E+00   0.288705E+06   0.286877E+06  -0.786750E-02  -0.112004E+00   0.103346E+06   0.275601E+06   0.288398E+06   0.275601E+06  -0.638255E-02   0.135967E+06   0.135946E+06   0.180936E-01
   0.390831E+00   0.282634E+06   0.280830E+06  -0.754050E-02  -0.106800E+00   0.100057E+06   0.269725E+06   0.282331E+06   0.269725E+06  -0.624649E-02   0.133086E+06   0.133065E+06   0.175897E-01
   0.395985E+00   0.276717E+06   0.274936E+06  -0.722955E-02  -0.101882E+00   0.968892E+05   0.264002E+06   0.276418E+06   0.264002E+06  -0.611395E-02   0.130279E+06   0.130259E+06   0.171105E-01
   0.401139E+00   0.271009E+06   0.269252E+06  -0.693521E-02  -0.972544E-01   0.938572E+05   0.258483E+06   0.270714E+06   0.258483E+06  -0.598614E-02   0.127572E+06   0.127552E+06   0.166321E-01
   0.406293E+00   0.265542E+06   0.263813E+06  -0.665746E-02  -0.929106E-01   0.909686E+05   0.253199E+06   0.265252E+06   0.253199E+06  -0.586377E-02   0.124979E+06   0.124960E+06   0.161406E-01
   0.411447E+00   0.260333E+06   0.258635E+06  -0.639584E-02  -0.888397E-01   0.882246E+05   0.248165E+06   0.260048E+06   0.248165E+06  -0.574720E-02   0.122510E+06   0.122490E+06   0.156335E-01
   0.416601E+00   0.255378E+06   0.253716E+06  -0.614950E-02  -0.850245E-01   0.856202E+05   0.243379E+06   0.255099E+06   0.243379E+06  -0.563635E-02   0.120161E+06   0.120142E+06   0.151178E-01
   0.421755E+00   0.250648E+06   0.249024E+06  -0.591697E-02  -0.814404E-01   0.831414E+05   0.238810E+06   0.250376E+06   0.238810E+06  -0.553055E-02   0.117920E+06   0.117902E+06   0.146061E-01
   0.426910E+00   0.246092E+06   0.244505E+06  -0.569643E-02  -0.780581E-01   0.807678E+05   0.234411E+06   0.245826E+06   0.234411E+06  -0.542868E-02   0.115761E+06   0.115743E+06   0.141119E-01
   0.432064E+00   0.241662E+06   0.240110E+06  -0.548619E-02  -0.748509E-01   0.784804E+05   0.230134E+06   0.241401E+06   0.230134E+06  -0.532963E-02   0.113663E+06   0.113645E+06   0.136468E-01
   0.437218E+00   0.237325E+06   0.235806E+06  -0.528511E-02  -0.718000E-01   0.762670E+05   0.225949E+06   0.237070E+06   0.225949E+06  -0.523272E-02   0.111609E+06   0.111591E+06   0.132176E-01
   0.442372E+00   0.233067E+06   0.231577E+06  -0.509242E-02  -0.688925E-01   0.741204E+05   0.221842E+06   0.232817E+06   0.221842E+06  -0.513761E-02   0.109592E+06   0.109575E+06   0.128254E-01
   0.447526E+00   0.228879E+06   0.227414E+06  -0.490756E-02  -0.661184E-01   0.720363E+05   0.217803E+06   0.228633E+06   0.217803E+06  -0.504407E-02   0.107609E+06   0.107592E+06   0.124660E-01
   0.452680E+00   0.224761E+06   0.223318E+06  -0.473019E-02  -0.634712E-01   0.700131E+05   0.213833E+06   0.224518E+06   0.213833E+06  -0.495214E-02   0.105659E+06   0.105643E+06   0.121318E-01
   0.457834E+00   0.220728E+06   0.219306E+06  -0.456031E-02  -0.609488E-01   0.680543E+05   0.209948E+06   0.220490E+06   0.209948E+06  -0.486215E-02   0.103751E+06   0.103734E+06   0.118142E-01
   0.462988E+00   0.216807E+06   0.215405E+06  -0.439809E-02  -0.585517E-01   0.661657E+05   0.206170E+06   0.216571E+06   0.206170E+06  -0.477466E-02   0.101895E+06   0.101879E+06   0.115056E-01
   0.468142E+00   0.213013E+06   0.211632E+06  -0.424354E-02  -0.562781E-01   0.643509E+05   0.202516E+06   0.212781E+06   0.202516E+06  -0.469005E-02   0.100099E+06   0.100084E+06   0.112007E-01
   0.473296E+00   0.209350E+06   0.207991E+06  -0.409637E-02  -0.541225E-01   0.626086E+05   0.198989E+06   0.209122E+06   0.198989E+06  -0.460838E-02   0.983665E+05   0.983511E+05   0.108972E-01
   0.478450E+00   0.205812E+06   0.204477E+06  -0.395617E-02  -0.520775E-01   0.609355E+05   0.195584E+06   0.205588E+06   0.195584E+06  -0.452952E-02   0.966932E+05   0.966781E+05   0.105954E-01
   0.483605E+00   0.202393E+06   0.201081E+06  -0.382249E-02  -0.501359E-01   0.593274E+05   0.192294E+06   0.202172E+06   0.192294E+06  -0.445332E-02   0.950761E+05   0.950612E+05   0.102981E-01
   0.488759E+00   0.199081E+06   0.197794E+06  -0.369487E-02  -0.482900E-01   0.577800E+05   0.189108E+06   0.198865E+06   0.189108E+06  -0.437955E-02   0.935105E+05   0.934958E+05   0.100089E-01
   0.493913E+00   0.195864E+06   0.194599E+06  -0.357280E-02  -0.465316E-01   0.562871E+05   0.186013E+06   0.195651E+06   0.186013E+06  -0.430788E-02   0.919892E+05   0.919748E+05   0.973112E-02
   0.499067E+00   0.192722E+06   0.191479E+06  -0.345572E-02  -0.448525E-01   0.548425E+05   0.182992E+06   0.192513E+06   0.182992E+06  -0.423791E-02   0.905040E+05   0.904898E+05   0.946716E-02
   0.504221E+00   0.189643E+06   0.188421E+06  -0.334322E-02  -0.432460E-01   0.534414E+05   0.180033E+06   0.189438E+06   0.180033E+06  -0.416938E-02   0.890489E+05   0.890350E+05   0.921780E-02
   0.509375E+00   0.186624E+06   0.185421E+06  -0.323505E-02  -0.417079E-01   0.520816E+05   0.177131E+06   0.186422E+06   0.177131E+06  -0.410219E-02   0.876221E+05   0.876084E+05   0.898244E-02
   0.514529E+00   0.183666E+06   0.182482E+06  -0.313107E-02  -0.402356E-01   0.507627E+05   0.174290E+06   0.183467E+06   0.174290E+06  -0.403638E-02   0.862245E+05   0.862110E+05   0.875936E-02
   0.519683E+00   0.180772E+06   0.179605E+06  -0.303115E-02  -0.388266E-01   0.494843E+05   0.171510E+06   0.180576E+06   0.171510E+06  -0.397201E-02   0.848574E+05   0.848441E+05   0.854611E-02
   0.524837E+00   0.177944E+06   0.176793E+06  -0.293516E-02  -0.374785E-01   0.482459E+05   0.168795E+06   0.177751E+06   0.168795E+06  -0.390912E-02   0.835214E+05   0.835083E+05   0.834016E-02
   0.529991E+00   0.175185E+06   0.174051E+06  -0.284301E-02  -0.361892E-01   0.470476E+05   0.166146E+06   0.174994E+06   0.166146E+06  -0.384779E-02   0.822182E+05   0.822053E+05   0.813952E-02
   0.535145E+00   0.172500E+06   0.171382E+06  -0.275462E-02  -0.349572E-01   0.458896E+05   0.163569E+06   0.172312E+06   0.163569E+06  -0.378811E-02   0.809502E+05   0.809375E+05   0.794303E-02
   0.540300E+00   0.169890E+06   0.168789E+06  -0.266988E-02  -0.337801E-01   0.447714E+05   0.161065E+06   0.169705E+06   0.161065E+06  -0.373012E-02   0.797181E+05   0.797056E+05   0.775035E-02
   0.545454E+00   0.167352E+06   0.166268E+06  -0.258858E-02  -0.326549E-01   0.436910E+05   0.158631E+06   0.167170E+06   0.158631E+06  -0.367375E-02   0.785201E+05   0.785077E+05   0.756175E-02
   0.550608E+00   0.164879E+06   0.163811E+06  -0.251049E-02  -0.315779E-01   0.426456E+05   0.156259E+06   0.164700E+06   0.156259E+06  -0.361882E-02   0.773527E+05   0.773405E+05   0.737790E-02
   0.555762E+00   0.162466E+06   0.161414E+06  -0.243540E-02  -0.305461E-01   0.416332E+05   0.153945E+06   0.162289E+06   0.153945E+06  -0.356523E-02   0.762136E+05   0.762016E+05   0.719969E-02
   0.560916E+00   0.160109E+06   0.159073E+06  -0.236317E-02  -0.295568E-01   0.406520E+05   0.151686E+06   0.159935E+06   0.151686E+06  -0.351291E-02   0.751013E+05   0.750895E+05   0.702789E-02
   0.566070E+00   0.157804E+06   0.156784E+06  -0.229363E-02  -0.286077E-01   0.397003E+05   0.149477E+06   0.157633E+06   0.149477E+06  -0.346176E-02   0.740139E+05   0.740022E+05   0.686287E-02
   0.571224E+00   0.155547E+06   0.154541E+06  -0.222660E-02  -0.276961E-01   0.387762E+05   0.147314E+06   0.155378E+06   0.147314E+06  -0.341167E-02   0.729488E+05   0.729373E+05   0.670455E-02
   0.576378E+00   0.153333E+06   0.152341E+06  -0.216195E-02  -0.268199E-01   0.378782E+05   0.145194E+06   0.153166E+06   0.145194E+06  -0.336256E-02   0.719046E+05   0.718932E+05   0.655247E-02
   0.581532E+00   0.151164E+06   0.150186E+06  -0.209960E-02  -0.259777E-01   0.370057E+05   0.143116E+06   0.150999E+06   0.143116E+06  -0.331445E-02   0.708814E+05   0.708702E+05   0.640599E-02
   0.586686E+00   0.149041E+06   0.148076E+06  -0.203950E-02  -0.251686E-01   0.361589E+05   0.141084E+06   0.148879E+06   0.141084E+06  -0.326738E-02   0.698804E+05   0.698693E+05   0.626438E-02
   0.591840E+00   0.146966E+06   0.146014E+06  -0.198158E-02  -0.243913E-01   0.353372E+05   0.139097E+06   0.146806E+06   0.139097E+06  -0.322138E-02   0.689017E+05   0.688909E+05   0.612694E-02
   0.596995E+00   0.144937E+06   0.143997E+06  -0.192575E-02  -0.236443E-01   0.345397E+05   0.137155E+06   0.144779E+06   0.137155E+06  -0.317640E-02   0.679449E+05   0.679341E+05   0.599308E-02
   0.602149E+00   0.142952E+06   0.142025E+06  -0.187191E-02  -0.229263E-01   0.337656E+05   0.135256E+06   0.142796E+06   0.135256E+06  -0.313243E-02   0.670093E+05   0.669987E+05   0.586246E-02
   0.607303E+00   0.141013E+06   0.140099E+06  -0.182001E-02  -0.222362E-01   0.330147E+05   0.133402E+06   0.140860E+06   0.133402E+06  -0.308947E-02   0.660953E+05   0.660849E+05   0.573502E-02
   0.612457E+00   0.139119E+06   0.138217E+06  -0.176998E-02  -0.215729E-01   0.322862E+05   0.131590E+06   0.138968E+06   0.131590E+06  -0.304753E-02   0.652027E+05   0.651924E+05   0.561085E-02
   0.659749E+00   0.123456E+06   0.122656E+06  -0.138330E-02  -0.165178E-01   0.264808E+05   0.116625E+06   0.123322E+06   0.116625E+06  -0.270095E-02   0.578242E+05   0.578150E+05   0.463130E-02
   0.710693E+00   0.109482E+06   0.108772E+06  -0.107900E-02  -0.126381E-01   0.216512E+05   0.103297E+06   0.109363E+06   0.103297E+06  -0.239230E-02   0.512477E+05   0.512395E+05   0.382127E-02
   0.765571E+00   0.970458E+05   0.964153E+05  -0.840215E-03  -0.966492E-02   0.176515E+05   0.914567E+05   0.969400E+05   0.914567E+05  -0.211809E-02   0.454000E+05   0.453928E+05   0.315313E-02
   0.895965E+00   0.750481E+05   0.745598E+05  -0.492108E-03  -0.546918E-02   0.113479E+05   0.705665E+05   0.749661E+05   0.705665E+05  -0.163429E-02   0.350705E+05   0.350649E+05   0.209802E-02
   0.125042E+01   0.432013E+05   0.429194E+05  -0.154629E-03  -0.162291E-02   0.427139E+04   0.404650E+05   0.431540E+05   0.404650E+05  -0.937162E-03   0.201515E+05   0.201482E+05   0.885134E-03
   0.174510E+01   0.246379E+05   0.244768E+05  -0.472370E-04  -0.476619E-03   0.152824E+04   0.230146E+05   0.246109E+05   0.230146E+05  -0.533018E-03   0.114783E+05   0.114763E+05   0.376895E-03
   0.243548E+01   0.139317E+05   0.138403E+05  -0.141045E-04  -0.138659E-03   0.522504E+03   0.129901E+05   0.139163E+05   0.129901E+05  -0.300852E-03   0.648526E+04   0.648406E+04   0.164563E-03
