#           k/h    P           
    0.10000E-03    0.76216E+03
    0.10202E-03    0.77693E+03
    0.10408E-03    0.79199E+03
    0.10618E-03    0.80733E+03
    0.10833E-03    0.82298E+03
    0.11052E-03    0.83892E+03
    0.11275E-03    0.85518E+03
    0.11503E-03    0.87175E+03
    0.11735E-03    0.88864E+03
    0.11972E-03    0.90585E+03
    0.12214E-03    0.92340E+03
    0.12461E-03    0.94129E+03
    0.12712E-03    0.95953E+03
    0.12969E-03    0.97812E+03
    0.13231E-03    0.99706E+03
    0.13499E-03    0.10164E+04
    0.13771E-03    0.10361E+04
    0.14049E-03    0.10561E+04
    0.14333E-03    0.10766E+04
    0.14623E-03    0.10974E+04
    0.14918E-03    0.11187E+04
    0.15220E-03    0.11404E+04
    0.15527E-03    0.11624E+04
    0.15841E-03    0.11850E+04
    0.16161E-03    0.12079E+04
    0.16487E-03    0.12313E+04
    0.16820E-03    0.12551E+04
    0.17160E-03    0.12794E+04
    0.17507E-03    0.13042E+04
    0.17860E-03    0.13295E+04
    0.18221E-03    0.13552E+04
    0.18589E-03    0.13814E+04
    0.18965E-03    0.14082E+04
    0.19348E-03    0.14354E+04
    0.19739E-03    0.14632E+04
    0.20138E-03    0.14915E+04
    0.20544E-03    0.15204E+04
    0.20959E-03    0.15498E+04
    0.21383E-03    0.15798E+04
    0.21815E-03    0.16104E+04
    0.22255E-03    0.16415E+04
    0.22705E-03    0.16733E+04
    0.23164E-03    0.17057E+04
    0.23632E-03    0.17387E+04
    0.24109E-03    0.17723E+04
    0.24596E-03    0.18066E+04
    0.25093E-03    0.18415E+04
    0.25600E-03    0.18771E+04
    0.26117E-03    0.19134E+04
    0.26645E-03    0.19504E+04
    0.27183E-03    0.19881E+04
    0.27732E-03    0.20265E+04
    0.28292E-03    0.20657E+04
    0.28864E-03    0.21056E+04
    0.29447E-03    0.21463E+04
    0.30042E-03    0.21877E+04
    0.30649E-03    0.22300E+04
    0.31268E-03    0.22730E+04
    0.31899E-03    0.23169E+04
    0.32544E-03    0.23617E+04
    0.33201E-03    0.24072E+04
    0.33872E-03    0.24537E+04
    0.34556E-03    0.25010E+04
    0.35254E-03    0.25493E+04
    0.35966E-03    0.25985E+04
    0.36693E-03    0.26486E+04
    0.37434E-03    0.26996E+04
    0.38190E-03    0.27517E+04
    0.38962E-03    0.28047E+04
    0.39749E-03    0.28588E+04
    0.40552E-03    0.29138E+04
    0.41371E-03    0.29700E+04
    0.42207E-03    0.30272E+04
    0.43060E-03    0.30854E+04
    0.43929E-03    0.31448E+04
    0.44817E-03    0.32053E+04
    0.45722E-03    0.32670E+04
    0.46646E-03    0.33298E+04
    0.47588E-03    0.33938E+04
    0.48550E-03    0.34590E+04
    0.49530E-03    0.35255E+04
    0.50531E-03    0.35932E+04
    0.51552E-03    0.36622E+04
    0.52593E-03    0.37324E+04
    0.53656E-03    0.38041E+04
    0.54739E-03    0.38770E+04
    0.55845E-03    0.39513E+04
    0.56973E-03    0.40270E+04
    0.58124E-03    0.41042E+04
    0.59299E-03    0.41827E+04
    0.60496E-03    0.42628E+04
    0.61719E-03    0.43443E+04
    0.62965E-03    0.44274E+04
    0.64237E-03    0.45120E+04
    0.65535E-03    0.45982E+04
    0.66859E-03    0.46860E+04
    0.68210E-03    0.47754E+04
    0.69588E-03    0.48664E+04
    0.70993E-03    0.49592E+04
    0.72427E-03    0.50536E+04
    0.73891E-03    0.51498E+04
    0.75383E-03    0.52478E+04
    0.76906E-03    0.53476E+04
    0.78460E-03    0.54492E+04
    0.80045E-03    0.55526E+04
    0.81662E-03    0.56580E+04
    0.83311E-03    0.57653E+04
    0.84994E-03    0.58745E+04
    0.86711E-03    0.59857E+04
    0.88463E-03    0.60989E+04
    0.90250E-03    0.62142E+04
    0.92073E-03    0.63315E+04
    0.93933E-03    0.64510E+04
    0.95831E-03    0.65726E+04
    0.97767E-03    0.66964E+04
    0.99742E-03    0.68224E+04
    0.10176E-02    0.69506E+04
    0.10381E-02    0.70812E+04
    0.10591E-02    0.72140E+04
    0.10805E-02    0.73492E+04
    0.11023E-02    0.74868E+04
    0.11246E-02    0.76268E+04
    0.11473E-02    0.77692E+04
    0.11705E-02    0.79142E+04
    0.11941E-02    0.80616E+04
    0.12182E-02    0.82117E+04
    0.12429E-02    0.83643E+04
    0.12680E-02    0.85195E+04
    0.12936E-02    0.86774E+04
    0.13197E-02    0.88380E+04
    0.13464E-02    0.90014E+04
    0.13736E-02    0.91675E+04
    0.14013E-02    0.93364E+04
    0.14296E-02    0.95081E+04
    0.14585E-02    0.96828E+04
    0.14880E-02    0.98603E+04
    0.15180E-02    0.10041E+05
    0.15487E-02    0.10224E+05
    0.15800E-02    0.10411E+05
    0.16119E-02    0.10600E+05
    0.16445E-02    0.10793E+05
    0.16777E-02    0.10988E+05
    0.17116E-02    0.11187E+05
    0.17462E-02    0.11389E+05
    0.17814E-02    0.11594E+05
    0.18174E-02    0.11803E+05
    0.18541E-02    0.12014E+05
    0.18916E-02    0.12229E+05
    0.19298E-02    0.12448E+05
    0.19688E-02    0.12669E+05
    0.20086E-02    0.12894E+05
    0.20491E-02    0.13122E+05
    0.20905E-02    0.13354E+05
    0.21328E-02    0.13589E+05
    0.21758E-02    0.13828E+05
    0.22198E-02    0.14070E+05
    0.22646E-02    0.14315E+05
    0.23104E-02    0.14564E+05
    0.23571E-02    0.14817E+05
    0.24047E-02    0.15072E+05
    0.24533E-02    0.15332E+05
    0.25028E-02    0.15595E+05
    0.25534E-02    0.15861E+05
    0.26050E-02    0.16131E+05
    0.26576E-02    0.16405E+05
    0.27113E-02    0.16682E+05
    0.27660E-02    0.16962E+05
    0.28219E-02    0.17246E+05
    0.28789E-02    0.17534E+05
    0.29371E-02    0.17824E+05
    0.29964E-02    0.18119E+05
    0.30569E-02    0.18417E+05
    0.31187E-02    0.18718E+05
    0.31817E-02    0.19022E+05
    0.32460E-02    0.19330E+05
    0.33115E-02    0.19641E+05
    0.33784E-02    0.19955E+05
    0.34467E-02    0.20273E+05
    0.35163E-02    0.20593E+05
    0.35874E-02    0.20917E+05
    0.36598E-02    0.21244E+05
    0.37338E-02    0.21573E+05
    0.38092E-02    0.21906E+05
    0.38861E-02    0.22241E+05
    0.39646E-02    0.22579E+05
    0.40447E-02    0.22920E+05
    0.41264E-02    0.23263E+05
    0.42098E-02    0.23609E+05
    0.42948E-02    0.23956E+05
    0.43816E-02    0.24307E+05
    0.44701E-02    0.24659E+05
    0.45604E-02    0.25013E+05
    0.46525E-02    0.25369E+05
    0.47465E-02    0.25727E+05
    0.48424E-02    0.26087E+05
    0.49402E-02    0.26448E+05
    0.50400E-02    0.26810E+05
    0.51419E-02    0.27173E+05
    0.52457E-02    0.27537E+05
    0.53517E-02    0.27902E+05
    0.54598E-02    0.28268E+05
    0.55701E-02    0.28634E+05
    0.56826E-02    0.29000E+05
    0.57974E-02    0.29367E+05
    0.59145E-02    0.29733E+05
    0.60340E-02    0.30099E+05
    0.61559E-02    0.30464E+05
    0.62803E-02    0.30828E+05
    0.64072E-02    0.31191E+05
    0.65366E-02    0.31553E+05
    0.66686E-02    0.31913E+05
    0.68033E-02    0.32272E+05
    0.69408E-02    0.32628E+05
    0.70810E-02    0.32982E+05
    0.72240E-02    0.33333E+05
    0.73700E-02    0.33681E+05
    0.75189E-02    0.34026E+05
    0.76708E-02    0.34367E+05
    0.78257E-02    0.34704E+05
    0.79838E-02    0.35036E+05
    0.81451E-02    0.35364E+05
    0.83096E-02    0.35687E+05
    0.84775E-02    0.36004E+05
    0.86488E-02    0.36315E+05
    0.88235E-02    0.36620E+05
    0.90017E-02    0.36918E+05
    0.91836E-02    0.37209E+05
    0.93691E-02    0.37493E+05
    0.95583E-02    0.37768E+05
    0.97514E-02    0.38035E+05
    0.99484E-02    0.38293E+05
    0.10149E-01    0.38541E+05
    0.10354E-01    0.38779E+05
    0.10564E-01    0.39007E+05
    0.10777E-01    0.39224E+05
    0.10995E-01    0.39429E+05
    0.11217E-01    0.39623E+05
    0.11443E-01    0.39804E+05
    0.11675E-01    0.39971E+05
    0.11910E-01    0.40126E+05
    0.12151E-01    0.40267E+05
    0.12397E-01    0.40393E+05
    0.12647E-01    0.40506E+05
    0.12902E-01    0.40602E+05
    0.13163E-01    0.40683E+05
    0.13429E-01    0.40746E+05
    0.13700E-01    0.40790E+05
    0.13977E-01    0.40816E+05
    0.14259E-01    0.40823E+05
    0.14547E-01    0.40813E+05
    0.14841E-01    0.40788E+05
    0.15141E-01    0.40749E+05
    0.15447E-01    0.40698E+05
    0.15759E-01    0.40632E+05
    0.16077E-01    0.40549E+05
    0.16402E-01    0.40446E+05
    0.16734E-01    0.40321E+05
    0.17072E-01    0.40170E+05
    0.17416E-01    0.39996E+05
    0.17768E-01    0.39799E+05
    0.18127E-01    0.39581E+05
    0.18493E-01    0.39343E+05
    0.18867E-01    0.39088E+05
    0.19248E-01    0.38813E+05
    0.19637E-01    0.38518E+05
    0.20034E-01    0.38200E+05
    0.20438E-01    0.37860E+05
    0.20851E-01    0.37494E+05
    0.21272E-01    0.37106E+05
    0.21702E-01    0.36697E+05
    0.22141E-01    0.36270E+05
    0.22588E-01    0.35827E+05
    0.23044E-01    0.35371E+05
    0.23510E-01    0.34901E+05
    0.23985E-01    0.34420E+05
    0.24469E-01    0.33926E+05
    0.24964E-01    0.33421E+05
    0.25468E-01    0.32904E+05
    0.25982E-01    0.32376E+05
    0.26507E-01    0.31838E+05
    0.27043E-01    0.31289E+05
    0.27589E-01    0.30730E+05
    0.28146E-01    0.30160E+05
    0.28715E-01    0.29583E+05
    0.29295E-01    0.28998E+05
    0.29887E-01    0.28409E+05
    0.30490E-01    0.27816E+05
    0.31106E-01    0.27222E+05
    0.31735E-01    0.26627E+05
    0.32376E-01    0.26034E+05
    0.33030E-01    0.25443E+05
    0.33697E-01    0.24856E+05
    0.34378E-01    0.24275E+05
    0.35072E-01    0.23701E+05
    0.35781E-01    0.23138E+05
    0.36504E-01    0.22586E+05
    0.37241E-01    0.22048E+05
    0.37993E-01    0.21525E+05
    0.38761E-01    0.21018E+05
    0.39544E-01    0.20524E+05
    0.40343E-01    0.20045E+05
    0.41158E-01    0.19577E+05
    0.41989E-01    0.19122E+05
    0.42838E-01    0.18680E+05
    0.43703E-01    0.18255E+05
    0.44586E-01    0.17847E+05
    0.45486E-01    0.17459E+05
    0.46405E-01    0.17091E+05
    0.47343E-01    0.16743E+05
    0.48299E-01    0.16412E+05
    0.49275E-01    0.16098E+05
    0.50270E-01    0.15799E+05
    0.51286E-01    0.15514E+05
    0.52322E-01    0.15241E+05
    0.53379E-01    0.14978E+05
    0.54457E-01    0.14724E+05
    0.55557E-01    0.14478E+05
    0.56680E-01    0.14238E+05
    0.57825E-01    0.14003E+05
    0.58993E-01    0.13771E+05
    0.60184E-01    0.13540E+05
    0.61400E-01    0.13308E+05
    0.62641E-01    0.13072E+05
    0.63906E-01    0.12829E+05
    0.65197E-01    0.12577E+05
    0.66514E-01    0.12314E+05
    0.67858E-01    0.12039E+05
    0.69229E-01    0.11752E+05
    0.70627E-01    0.11455E+05
    0.72054E-01    0.11149E+05
    0.73510E-01    0.10830E+05
    0.74994E-01    0.10496E+05
    0.76509E-01    0.10148E+05
    0.78055E-01    0.97905E+04
    0.79632E-01    0.94289E+04
    0.81241E-01    0.90662E+04
    0.82882E-01    0.87048E+04
    0.84556E-01    0.83476E+04
    0.86264E-01    0.79979E+04
    0.88007E-01    0.76586E+04
    0.89785E-01    0.73330E+04
    0.91598E-01    0.70238E+04
    0.93449E-01    0.67334E+04
    0.95337E-01    0.64640E+04
    0.97263E-01    0.62176E+04
    0.99227E-01    0.59954E+04
    0.10123E+00    0.57974E+04
    0.10328E+00    0.56231E+04
    0.10536E+00    0.54708E+04
    0.10749E+00    0.53374E+04
    0.10966E+00    0.52198E+04
    0.11188E+00    0.51137E+04
    0.11414E+00    0.50147E+04
    0.11644E+00    0.49184E+04
    0.11880E+00    0.48204E+04
    0.12120E+00    0.47170E+04
    0.12365E+00    0.46051E+04
    0.12614E+00    0.44821E+04
    0.12869E+00    0.43468E+04
    0.13129E+00    0.41990E+04
    0.13394E+00    0.40397E+04
    0.13665E+00    0.38710E+04
    0.13941E+00    0.36960E+04
    0.14223E+00    0.35187E+04
    0.14510E+00    0.33435E+04
    0.14803E+00    0.31750E+04
    0.15102E+00    0.30176E+04
    0.15407E+00    0.28750E+04
    0.15718E+00    0.27497E+04
    0.16036E+00    0.26423E+04
    0.16360E+00    0.25519E+04
    0.16690E+00    0.24761E+04
    0.17028E+00    0.24115E+04
    0.17371E+00    0.23541E+04
    0.17722E+00    0.23001E+04
    0.18080E+00    0.22451E+04
    0.18446E+00    0.21853E+04
    0.18818E+00    0.21176E+04
    0.19198E+00    0.20407E+04
    0.19586E+00    0.19556E+04
    0.19982E+00    0.18650E+04
    0.20386E+00    0.17728E+04
    0.20797E+00    0.16827E+04
    0.21218E+00    0.15981E+04
    0.21646E+00    0.15219E+04
    0.22083E+00    0.14559E+04
    0.22530E+00    0.14003E+04
    0.22985E+00    0.13536E+04
    0.23449E+00    0.13131E+04
    0.23923E+00    0.12754E+04
    0.24406E+00    0.12373E+04
    0.24899E+00    0.11962E+04
    0.25402E+00    0.11507E+04
    0.25915E+00    0.11012E+04
    0.26439E+00    0.10496E+04
    0.26973E+00    0.99851E+03
    0.27518E+00    0.95030E+03
    0.28074E+00    0.90686E+03
    0.28641E+00    0.86901E+03
    0.29219E+00    0.83629E+03
    0.29810E+00    0.80711E+03
    0.30412E+00    0.77936E+03
    0.31026E+00    0.75117E+03
    0.31653E+00    0.72147E+03
    0.32292E+00    0.69028E+03
    0.32945E+00    0.65861E+03
    0.33610E+00    0.62792E+03
    0.34289E+00    0.59952E+03
    0.34982E+00    0.57399E+03
    0.35689E+00    0.55103E+03
    0.36409E+00    0.52977E+03
    0.37145E+00    0.50917E+03
    0.37895E+00    0.48839E+03
    0.38661E+00    0.46726E+03
    0.39442E+00    0.44630E+03
    0.40239E+00    0.42622E+03
    0.41052E+00    0.40750E+03
    0.41881E+00    0.39026E+03
    0.42727E+00    0.37419E+03
    0.43590E+00    0.35868E+03
    0.44471E+00    0.34343E+03
    0.45369E+00    0.32838E+03
    0.46286E+00    0.31375E+03
    0.47221E+00    0.29989E+03
    0.48174E+00    0.28687E+03
    0.49148E+00    0.27458E+03
    0.50141E+00    0.26279E+03
    0.51153E+00    0.25133E+03
    0.52187E+00    0.24022E+03
    0.53241E+00    0.22954E+03
    0.54317E+00    0.21942E+03
    0.55414E+00    0.20980E+03
    0.56533E+00    0.20060E+03
    0.57675E+00    0.19173E+03
    0.58840E+00    0.18320E+03
    0.60029E+00    0.17503E+03
    0.61242E+00    0.16724E+03
    0.62479E+00    0.15979E+03
    0.63741E+00    0.15266E+03
    0.65029E+00    0.14584E+03
    0.66342E+00    0.13930E+03
    0.67683E+00    0.13304E+03
    0.69050E+00    0.12706E+03
    0.70445E+00    0.12134E+03
    0.71868E+00    0.11587E+03
    0.73320E+00    0.11064E+03
    0.74801E+00    0.10564E+03
    0.76312E+00    0.10086E+03
    0.77854E+00    0.96282E+02
    0.79426E+00    0.91907E+02
    0.81031E+00    0.87723E+02
    0.82668E+00    0.83722E+02
    0.84338E+00    0.79897E+02
    0.86041E+00    0.76241E+02
    0.87780E+00    0.72747E+02
    0.89553E+00    0.69409E+02
    0.91362E+00    0.66219E+02
    0.93208E+00    0.63173E+02
    0.95091E+00    0.60262E+02
    0.97011E+00    0.57483E+02
    0.98971E+00    0.54828E+02
    0.10097E+01    0.52293E+02
    0.10301E+01    0.49871E+02
    0.10509E+01    0.47559E+02
    0.10721E+01    0.45352E+02
    0.10938E+01    0.43245E+02
    0.11159E+01    0.41233E+02
    0.11384E+01    0.39312E+02
    0.11614E+01    0.37478E+02
    0.11849E+01    0.35729E+02
    0.12088E+01    0.34058E+02
    0.12333E+01    0.32464E+02
    0.12582E+01    0.30943E+02
    0.12836E+01    0.29492E+02
    0.13095E+01    0.28107E+02
    0.13360E+01    0.26785E+02
    0.13630E+01    0.25524E+02
    0.13905E+01    0.24321E+02
    0.14186E+01    0.23174E+02
    0.14472E+01    0.22079E+02
    0.14765E+01    0.21034E+02
    0.15063E+01    0.20038E+02
    0.15367E+01    0.19088E+02
    0.15678E+01    0.18181E+02
    0.15994E+01    0.17317E+02
    0.16318E+01    0.16492E+02
    0.16647E+01    0.15706E+02
    0.16984E+01    0.14956E+02
    0.17327E+01    0.14241E+02
    0.17677E+01    0.13560E+02
    0.18034E+01    0.12910E+02
    0.18398E+01    0.12290E+02
    0.18770E+01    0.11700E+02
    0.19149E+01    0.11137E+02
    0.19536E+01    0.10601E+02
    0.19930E+01    0.10090E+02
    0.20333E+01    0.96034E+01
    0.20744E+01    0.91400E+01
    0.21163E+01    0.86986E+01
    0.21590E+01    0.82783E+01
    0.22026E+01    0.78781E+01
    0.22471E+01    0.74970E+01
    0.22925E+01    0.71343E+01
    0.23388E+01    0.67891E+01
    0.23861E+01    0.64605E+01
    0.24343E+01    0.61478E+01
