  0.102076E-04  0.152429E+08  0.152429E+08  0.203128E+08  0.203125E+08  0.152430E+08  0.152429E+08  0.152429E+08  0.152480E+08 -0.410477E+00  0.702773E+07  0.702773E+07  0.491053E+01
  0.112819E-04  0.152429E+08  0.152429E+08  0.203104E+08  0.203100E+08  0.152430E+08  0.152429E+08  0.152429E+08  0.152480E+08 -0.410477E+00  0.702773E+07  0.702773E+07  0.542718E+01
  0.124693E-04  0.152429E+08  0.152429E+08  0.203074E+08  0.203069E+08  0.152430E+08  0.152429E+08  0.152429E+08  0.152480E+08 -0.410477E+00  0.702772E+07  0.702772E+07  0.599814E+01
  0.137816E-04  0.152429E+08  0.152429E+08  0.203037E+08  0.203031E+08  0.152430E+08  0.152429E+08  0.152429E+08  0.152480E+08 -0.410477E+00  0.702772E+07  0.702772E+07  0.662911E+01
  0.152321E-04  0.152429E+08  0.152429E+08  0.202992E+08  0.202985E+08  0.152430E+08  0.152429E+08  0.152429E+08  0.152480E+08 -0.410476E+00  0.702772E+07  0.702772E+07  0.732638E+01
  0.168352E-04  0.152429E+08  0.152429E+08  0.202938E+08  0.202929E+08  0.152430E+08  0.152429E+08  0.152429E+08  0.152480E+08 -0.410476E+00  0.702772E+07  0.702772E+07  0.809689E+01
  0.186070E-04  0.152429E+08  0.152429E+08  0.202871E+08  0.202860E+08  0.152430E+08  0.152429E+08  0.152429E+08  0.152480E+08 -0.410476E+00  0.702771E+07  0.702771E+07  0.894830E+01
  0.205653E-04  0.152429E+08  0.152429E+08  0.202790E+08  0.202776E+08  0.152430E+08  0.152429E+08  0.152429E+08  0.152480E+08 -0.410476E+00  0.702771E+07  0.702771E+07  0.988905E+01
  0.227297E-04  0.152429E+08  0.152429E+08  0.202690E+08  0.202673E+08  0.152430E+08  0.152429E+08  0.152429E+08  0.152480E+08 -0.410475E+00  0.702770E+07  0.702770E+07  0.109285E+02
  0.251219E-04  0.152429E+08  0.152429E+08  0.202568E+08  0.202548E+08  0.152430E+08  0.152429E+08  0.152429E+08  0.152479E+08 -0.410475E+00  0.702770E+07  0.702770E+07  0.120768E+02
  0.277659E-04  0.152429E+08  0.152429E+08  0.202420E+08  0.202395E+08  0.152429E+08  0.152429E+08  0.152429E+08  0.152479E+08 -0.410474E+00  0.702769E+07  0.702769E+07  0.133453E+02
  0.306881E-04  0.152428E+08  0.152428E+08  0.202239E+08  0.202208E+08  0.152429E+08  0.152428E+08  0.152428E+08  0.152479E+08 -0.410473E+00  0.702768E+07  0.702768E+07  0.147465E+02
  0.339179E-04  0.152428E+08  0.152428E+08  0.202018E+08  0.201980E+08  0.152429E+08  0.152428E+08  0.152428E+08  0.152479E+08 -0.410472E+00  0.702767E+07  0.702767E+07  0.162939E+02
  0.374876E-04  0.152428E+08  0.152428E+08  0.201748E+08  0.201702E+08  0.152429E+08  0.152428E+08  0.152428E+08  0.152478E+08 -0.410471E+00  0.702765E+07  0.702765E+07  0.180027E+02
  0.414330E-04  0.152427E+08  0.152427E+08  0.201419E+08  0.201363E+08  0.152428E+08  0.152427E+08  0.152427E+08  0.152478E+08 -0.410470E+00  0.702764E+07  0.702763E+07  0.198891E+02
  0.457936E-04  0.152427E+08  0.152427E+08  0.201017E+08  0.200950E+08  0.152428E+08  0.152427E+08  0.152427E+08  0.152477E+08 -0.410468E+00  0.702761E+07  0.702761E+07  0.219712E+02
  0.506132E-04  0.152426E+08  0.152426E+08  0.200528E+08  0.200446E+08  0.152427E+08  0.152426E+08  0.152426E+08  0.152477E+08 -0.410466E+00  0.702759E+07  0.702758E+07  0.242685E+02
  0.559400E-04  0.152426E+08  0.152426E+08  0.199932E+08  0.199831E+08  0.152426E+08  0.152426E+08  0.152426E+08  0.152476E+08 -0.410464E+00  0.702755E+07  0.702755E+07  0.268023E+02
  0.618274E-04  0.152425E+08  0.152425E+08  0.199205E+08  0.199083E+08  0.152426E+08  0.152425E+08  0.152425E+08  0.152475E+08 -0.410461E+00  0.702752E+07  0.702751E+07  0.295958E+02
  0.683345E-04  0.152424E+08  0.152424E+08  0.198321E+08  0.198172E+08  0.152425E+08  0.152424E+08  0.152424E+08  0.152473E+08 -0.410457E+00  0.702747E+07  0.702746E+07  0.326737E+02
  0.755264E-04  0.152422E+08  0.152422E+08  0.197246E+08  0.197065E+08  0.152423E+08  0.152422E+08  0.152422E+08  0.152472E+08 -0.410452E+00  0.702741E+07  0.702740E+07  0.360627E+02
  0.834752E-04  0.152421E+08  0.152421E+08  0.195940E+08  0.195719E+08  0.152422E+08  0.152421E+08  0.152421E+08  0.152470E+08 -0.410447E+00  0.702734E+07  0.702733E+07  0.397911E+02
  0.922605E-04  0.152419E+08  0.152419E+08  0.194354E+08  0.194087E+08  0.152420E+08  0.152419E+08  0.152419E+08  0.152468E+08 -0.410440E+00  0.702725E+07  0.702724E+07  0.438886E+02
  0.101971E-03  0.152417E+08  0.152416E+08  0.192434E+08  0.192109E+08  0.152417E+08  0.152417E+08  0.152417E+08  0.152465E+08 -0.410432E+00  0.702714E+07  0.702713E+07  0.483862E+02
  0.112702E-03  0.152414E+08  0.152413E+08  0.190110E+08  0.189718E+08  0.152414E+08  0.152414E+08  0.152414E+08  0.152461E+08 -0.410422E+00  0.702701E+07  0.702699E+07  0.533154E+02
  0.124564E-03  0.152410E+08  0.152410E+08  0.187306E+08  0.186832E+08  0.152411E+08  0.152410E+08  0.152410E+08  0.152457E+08 -0.410410E+00  0.702685E+07  0.702683E+07  0.587071E+02
  0.137674E-03  0.152406E+08  0.152405E+08  0.183932E+08  0.183360E+08  0.152406E+08  0.152406E+08  0.152406E+08  0.152452E+08 -0.410395E+00  0.702665E+07  0.702663E+07  0.645913E+02
  0.152163E-03  0.152401E+08  0.152400E+08  0.179883E+08  0.179196E+08  0.152401E+08  0.152401E+08  0.152401E+08  0.152446E+08 -0.410377E+00  0.702641E+07  0.702638E+07  0.709946E+02
  0.168178E-03  0.152395E+08  0.152393E+08  0.175046E+08  0.174224E+08  0.152395E+08  0.152394E+08  0.152394E+08  0.152438E+08 -0.410355E+00  0.702612E+07  0.702608E+07  0.779383E+02
  0.185878E-03  0.152387E+08  0.152385E+08  0.169297E+08  0.168316E+08  0.152387E+08  0.152387E+08  0.152387E+08  0.152429E+08 -0.410328E+00  0.702577E+07  0.702572E+07  0.854356E+02
  0.205440E-03  0.152377E+08  0.152375E+08  0.162503E+08  0.161341E+08  0.152377E+08  0.152377E+08  0.152377E+08  0.152418E+08 -0.410296E+00  0.702533E+07  0.702528E+07  0.934875E+02
  0.227062E-03  0.152366E+08  0.152363E+08  0.154538E+08  0.153169E+08  0.152366E+08  0.152366E+08  0.152366E+08  0.152404E+08 -0.410257E+00  0.702480E+07  0.702473E+07  0.102078E+03
  0.250959E-03  0.152352E+08  0.152349E+08  0.145286E+08  0.143687E+08  0.152351E+08  0.152352E+08  0.152352E+08  0.152388E+08 -0.410209E+00  0.702416E+07  0.702407E+07  0.111169E+03
  0.277372E-03  0.152335E+08  0.152331E+08  0.134663E+08  0.132815E+08  0.152334E+08  0.152334E+08  0.152334E+08  0.152368E+08 -0.410152E+00  0.702337E+07  0.702327E+07  0.120691E+03
  0.306564E-03  0.152314E+08  0.152310E+08  0.122641E+08  0.120532E+08  0.152313E+08  0.152314E+08  0.152314E+08  0.152344E+08 -0.410084E+00  0.702241E+07  0.702229E+07  0.130537E+03
  0.338828E-03  0.152289E+08  0.152284E+08  0.109278E+08  0.106909E+08  0.152288E+08  0.152288E+08  0.152289E+08  0.152316E+08 -0.410001E+00  0.702124E+07  0.702110E+07  0.140554E+03
  0.374488E-03  0.152259E+08  0.152253E+08  0.947549E+07  0.921457E+07  0.152257E+08  0.152258E+08  0.152258E+08  0.152281E+08 -0.409903E+00  0.701982E+07  0.701965E+07  0.150534E+03
  0.413901E-03  0.152222E+08  0.152215E+08  0.794155E+07  0.766110E+07  0.152219E+08  0.152221E+08  0.152221E+08  0.152241E+08 -0.409785E+00  0.701809E+07  0.701789E+07  0.160210E+03
  0.457462E-03  0.152178E+08  0.152169E+08  0.637911E+07  0.608680E+07  0.152174E+08  0.152176E+08  0.152176E+08  0.152192E+08 -0.409645E+00  0.701599E+07  0.701576E+07  0.169255E+03
  0.505608E-03  0.152124E+08  0.152114E+08  0.486037E+07  0.456736E+07  0.152119E+08  0.152122E+08  0.152123E+08  0.152134E+08 -0.409480E+00  0.701346E+07  0.701319E+07  0.177290E+03
  0.558821E-03  0.152060E+08  0.152047E+08  0.347189E+07  0.319246E+07  0.152053E+08  0.152057E+08  0.152058E+08  0.152066E+08 -0.409285E+00  0.701040E+07  0.701009E+07  0.183900E+03
  0.617635E-03  0.151983E+08  0.151968E+08  0.230250E+07  0.205264E+07  0.151974E+08  0.151980E+08  0.151980E+08  0.151985E+08 -0.409056E+00  0.700673E+07  0.700638E+07  0.188674E+03
  0.682638E-03  0.151890E+08  0.151873E+08  0.142298E+07  0.121759E+07  0.151880E+08  0.151887E+08  0.151887E+08  0.151890E+08 -0.408788E+00  0.700232E+07  0.700193E+07  0.191242E+03
  0.754482E-03  0.151779E+08  0.151760E+08  0.860296E+06  0.709141E+06  0.151767E+08  0.151776E+08  0.151776E+08  0.151778E+08 -0.408474E+00  0.699707E+07  0.699664E+07  0.191336E+03
  0.833888E-03  0.151648E+08  0.151626E+08  0.576129E+06  0.479513E+06  0.151632E+08  0.151644E+08  0.151644E+08  0.151645E+08 -0.408107E+00  0.699084E+07  0.699037E+07  0.188832E+03
  0.921651E-03  0.151492E+08  0.151468E+08  0.466440E+06  0.412753E+06  0.151473E+08  0.151487E+08  0.151488E+08  0.151488E+08 -0.407677E+00  0.698348E+07  0.698298E+07  0.183773E+03
  0.101865E-02  0.151308E+08  0.151282E+08  0.398200E+06  0.366025E+06  0.151285E+08  0.151303E+08  0.151304E+08  0.151304E+08 -0.407173E+00  0.697483E+07  0.697429E+07  0.176350E+03
  0.112586E-02  0.151092E+08  0.151063E+08  0.279749E+06  0.245880E+06  0.151062E+08  0.151085E+08  0.151087E+08  0.151086E+08 -0.406582E+00  0.696468E+07  0.696412E+07  0.166856E+03
  0.124435E-02  0.150837E+08  0.150806E+08  0.120609E+06  0.710760E+05  0.150801E+08  0.150830E+08  0.150832E+08  0.150830E+08 -0.405890E+00  0.695281E+07  0.695222E+07  0.155635E+03
  0.137531E-02  0.150539E+08  0.150507E+08  0.925526E+04 -0.543092E+05  0.150495E+08  0.150531E+08  0.150534E+08  0.150531E+08 -0.405081E+00  0.693893E+07  0.693834E+07  0.143099E+03
  0.152006E-02  0.150191E+08  0.150158E+08 -0.551760E+04 -0.709419E+05  0.150136E+08  0.150182E+08  0.150185E+08  0.150182E+08 -0.404138E+00  0.692274E+07  0.692215E+07  0.129783E+03
  0.168004E-02  0.149784E+08  0.149751E+08  0.446246E+04 -0.509079E+06  0.149718E+08  0.149775E+08  0.149779E+08  0.149774E+08 -0.403039E+00  0.690391E+07  0.690332E+07  0.116376E+03
  0.185685E-02  0.149312E+08  0.149279E+08 -0.378252E+05 -0.415414E+06  0.149231E+08  0.149301E+08  0.149306E+08  0.149301E+08 -0.401762E+00  0.688201E+07  0.688144E+07  0.103597E+03
  0.205228E-02  0.148764E+08  0.148730E+08 -0.689472E+05 -0.338807E+06  0.148665E+08  0.148752E+08  0.148758E+08  0.148751E+08 -0.400282E+00  0.685663E+07  0.685607E+07  0.920243E+02
  0.226827E-02  0.148130E+08  0.148095E+08 -0.424009E+05 -0.276164E+06  0.148009E+08  0.148116E+08  0.148124E+08  0.148116E+08 -0.398570E+00  0.682728E+07  0.682672E+07  0.820333E+02
  0.250700E-02  0.147397E+08  0.147362E+08 -0.471995E+05 -0.224950E+06  0.147250E+08  0.147382E+08  0.147391E+08  0.147381E+08 -0.396593E+00  0.679340E+07  0.679285E+07  0.737401E+02
  0.277085E-02  0.146554E+08  0.146518E+08 -0.489838E+05 -0.183091E+06  0.146376E+08  0.146536E+08  0.146548E+08  0.146536E+08 -0.394317E+00  0.675442E+07  0.675386E+07  0.668725E+02
  0.306246E-02  0.145587E+08  0.145548E+08 -0.376629E+05 -0.148889E+06  0.145370E+08  0.145566E+08  0.145580E+08  0.145566E+08 -0.391706E+00  0.670969E+07  0.670913E+07  0.608930E+02
  0.338478E-02  0.144480E+08  0.144439E+08 -0.446035E+05 -0.120954E+06  0.144218E+08  0.144456E+08  0.144473E+08  0.144456E+08 -0.388719E+00  0.665853E+07  0.665797E+07  0.552638E+02
  0.374101E-02  0.143219E+08  0.143175E+08 -0.333829E+05 -0.981491E+05  0.142903E+08  0.143191E+08  0.143212E+08  0.143190E+08 -0.385314E+00  0.660023E+07  0.659967E+07  0.497254E+02
  0.413473E-02  0.141788E+08  0.141741E+08 -0.285356E+05 -0.795418E+05  0.141407E+08  0.141754E+08  0.141780E+08  0.141754E+08 -0.381450E+00  0.653406E+07  0.653351E+07  0.444636E+02
  0.456989E-02  0.140170E+08  0.140120E+08 -0.278811E+05 -0.643698E+05  0.139712E+08  0.140131E+08  0.140162E+08  0.140131E+08 -0.377082E+00  0.645928E+07  0.645873E+07  0.398470E+02
  0.505085E-02  0.138351E+08  0.138295E+08 -0.168240E+05 -0.520087E+05  0.137802E+08  0.138304E+08  0.138342E+08  0.138304E+08 -0.372167E+00  0.637514E+07  0.637460E+07  0.359913E+02
  0.558243E-02  0.136314E+08  0.136252E+08 -0.131682E+05 -0.419471E+05  0.135660E+08  0.136259E+08  0.136304E+08  0.136259E+08 -0.366666E+00  0.628097E+07  0.628042E+07  0.326138E+02
  0.616996E-02  0.134047E+08  0.133978E+08 -0.144601E+05 -0.337661E+05  0.133270E+08  0.133982E+08  0.134035E+08  0.133982E+08 -0.360540E+00  0.617610E+07  0.617556E+07  0.294054E+02
  0.681932E-02  0.131535E+08  0.131458E+08 -0.116348E+05 -0.271224E+05  0.130617E+08  0.131459E+08  0.131522E+08  0.131459E+08 -0.353753E+00  0.605993E+07  0.605939E+07  0.264293E+02
  0.753702E-02  0.128766E+08  0.128679E+08 -0.109798E+05 -0.217343E+05  0.127687E+08  0.128678E+08  0.128751E+08  0.128677E+08 -0.346269E+00  0.593184E+07  0.593130E+07  0.238435E+02
  0.833025E-02  0.125725E+08  0.125626E+08 -0.688383E+04 -0.173709E+05  0.124467E+08  0.125623E+08  0.125709E+08  0.125623E+08 -0.338052E+00  0.579119E+07  0.579066E+07  0.215543E+02
  0.920698E-02  0.122398E+08  0.122284E+08 -0.657467E+04 -0.138428E+05  0.120940E+08  0.122279E+08  0.122379E+08  0.122279E+08 -0.329058E+00  0.563726E+07  0.563672E+07  0.194928E+02
  0.101760E-01  0.118765E+08  0.118635E+08 -0.497614E+04 -0.109948E+05  0.117090E+08  0.118629E+08  0.118743E+08  0.118629E+08 -0.319239E+00  0.546921E+07  0.546867E+07  0.176565E+02
  0.112469E-01  0.114809E+08  0.114659E+08 -0.432972E+04 -0.869990E+04  0.112899E+08  0.114653E+08  0.114783E+08  0.114653E+08 -0.308544E+00  0.528618E+07  0.528564E+07  0.160160E+02
  0.124306E-01  0.110514E+08  0.110341E+08 -0.424681E+04 -0.685479E+04  0.108358E+08  0.110338E+08  0.110485E+08  0.110338E+08 -0.296936E+00  0.508753E+07  0.508699E+07  0.145685E+02
  0.137389E-01  0.105881E+08  0.105683E+08 -0.300200E+04 -0.537561E+04  0.103470E+08  0.105683E+08  0.105848E+08  0.105683E+08 -0.284416E+00  0.487326E+07  0.487271E+07  0.132718E+02
  0.151849E-01  0.100927E+08  0.100699E+08 -0.198980E+04 -0.419413E+04  0.982540E+07  0.100707E+08  0.100889E+08  0.100707E+08 -0.271028E+00  0.464416E+07  0.464360E+07  0.121217E+02
  0.167830E-01  0.957552E+07  0.954941E+07 -0.199415E+04 -0.325698E+04  0.928176E+07  0.955112E+07  0.957113E+07  0.955112E+07 -0.257053E+00  0.440499E+07  0.440443E+07  0.110969E+02
  0.185493E-01  0.901989E+07  0.899022E+07 -0.142408E+04 -0.251112E+04  0.870048E+07  0.899316E+07  0.901491E+07  0.899316E+07 -0.242044E+00  0.414814E+07  0.414757E+07  0.101625E+02
  0.205016E-01  0.843830E+07  0.840488E+07 -0.980885E+03 -0.192277E+04  0.809462E+07  0.840931E+07  0.843268E+07  0.840931E+07 -0.226339E+00  0.387934E+07  0.387877E+07  0.930216E+01
  0.226592E-01  0.782917E+07  0.779198E+07 -0.895433E+03 -0.146012E+04  0.746385E+07  0.779809E+07  0.782292E+07  0.779809E+07 -0.209897E+00  0.359794E+07  0.359736E+07  0.848940E+01
  0.250440E-01  0.721320E+07  0.717245E+07 -0.655845E+03 -0.110102E+04  0.682910E+07  0.718027E+07  0.720636E+07  0.718027E+07 -0.193277E+00  0.331347E+07  0.331289E+07  0.770742E+01
  0.276798E-01  0.659865E+07  0.655487E+07 -0.449813E+03 -0.824365E+03  0.619896E+07  0.656417E+07  0.659130E+07  0.656417E+07 -0.176703E+00  0.302979E+07  0.302921E+07  0.693147E+01
  0.305930E-01  0.599022E+07  0.594435E+07 -0.390464E+03 -0.612498E+03  0.557831E+07  0.595457E+07  0.598252E+07  0.595457E+07 -0.160304E+00  0.274907E+07  0.274851E+07  0.614094E+01
  0.338127E-01  0.540406E+07  0.535750E+07 -0.298804E+03 -0.452260E+03  0.498290E+07  0.536766E+07  0.539624E+07  0.536766E+07 -0.144514E+00  0.247879E+07  0.247825E+07  0.532457E+01
  0.373714E-01  0.485858E+07  0.481315E+07 -0.222866E+03 -0.332814E+03  0.443044E+07  0.482187E+07  0.485095E+07  0.482187E+07 -0.129831E+00  0.222743E+07  0.222693E+07  0.448401E+01
  0.413045E-01  0.437168E+07  0.432949E+07 -0.101930E+03 -0.245129E+03  0.393627E+07  0.433498E+07  0.436460E+07  0.433498E+07 -0.116733E+00  0.200321E+07  0.200276E+07  0.363594E+01
  0.454350E-01  0.396168E+07  0.392452E+07 -0.834599E+02 -0.183597E+03  0.352082E+07  0.392538E+07  0.395544E+07  0.392538E+07 -0.105714E+00  0.181461E+07  0.181422E+07  0.284759E+01
  0.495654E-01  0.364228E+07  0.361100E+07 -0.645202E+02 -0.141857E+03  0.319489E+07  0.360645E+07  0.363703E+07  0.360645E+07 -0.971353E-01  0.166780E+07  0.166748E+07  0.218334E+01
  0.536959E-01  0.338709E+07  0.336171E+07 -0.511626E+02 -0.112428E+03  0.293227E+07  0.335167E+07  0.338283E+07  0.335167E+07 -0.902827E-01  0.155057E+07  0.155030E+07  0.165292E+01
  0.578264E-01  0.317352E+07  0.315333E+07 -0.413652E+02 -0.908499E+02  0.271145E+07  0.313841E+07  0.317013E+07  0.313841E+07 -0.845471E-01  0.145246E+07  0.145224E+07  0.125580E+01
  0.619568E-01  0.298586E+07  0.296966E+07 -0.339292E+02 -0.744774E+02  0.251775E+07  0.295096E+07  0.298314E+07  0.295096E+07 -0.795058E-01  0.136623E+07  0.136605E+07  0.981768E+00
  0.660873E-01  0.281007E+07  0.279643E+07 -0.280859E+02 -0.616162E+02  0.233844E+07  0.277532E+07  0.280778E+07  0.277532E+07 -0.747820E-01  0.128542E+07  0.128526E+07  0.811385E+00
  0.702177E-01  0.263780E+07  0.262530E+07 -0.233702E+02 -0.512410E+02  0.216609E+07  0.260322E+07  0.263570E+07  0.260322E+07 -0.701525E-01  0.120618E+07  0.120603E+07  0.720315E+00
  0.743482E-01  0.246858E+07  0.245605E+07 -0.195212E+02 -0.427765E+02  0.200029E+07  0.243424E+07  0.246648E+07  0.243424E+07 -0.656059E-01  0.112833E+07  0.112818E+07  0.682989E+00
  0.784786E-01  0.229955E+07  0.228621E+07 -0.163308E+02 -0.357640E+02  0.183858E+07  0.226559E+07  0.229731E+07  0.226559E+07 -0.610674E-01  0.105058E+07  0.105042E+07  0.674048E+00
  0.826091E-01  0.213720E+07  0.212269E+07 -0.137061E+02 -0.299976E+02  0.168604E+07  0.210373E+07  0.213476E+07  0.210373E+07 -0.567109E-01  0.975908E+06  0.975741E+06  0.673527E+00
  0.867395E-01  0.198603E+07  0.197043E+07 -0.115592E+02 -0.252836E+02  0.154592E+07  0.195315E+07  0.198341E+07  0.195315E+07 -0.526577E-01  0.906417E+06  0.906244E+06  0.666614E+00
  0.918936E-01  0.181864E+07  0.180229E+07 -0.943793E+01 -0.206285E+02  0.139218E+07  0.178659E+07  0.181590E+07  0.178659E+07 -0.481738E-01  0.829528E+06  0.829352E+06  0.636590E+00
  0.970477E-01  0.167934E+07  0.166320E+07 -0.782018E+01 -0.170804E+02  0.126440E+07  0.164812E+07  0.167663E+07  0.164812E+07 -0.444461E-01  0.765604E+06  0.765435E+06  0.579657E+00
  0.102202E+00  0.156951E+07  0.155457E+07 -0.659596E+01 -0.143968E+02  0.116247E+07  0.153903E+07  0.156700E+07  0.153903E+07 -0.415096E-01  0.715264E+06  0.715110E+06  0.502394E+00
  0.107356E+00  0.148530E+07  0.147226E+07 -0.566247E+01 -0.123513E+02  0.108237E+07  0.145539E+07  0.148311E+07  0.145539E+07 -0.392590E-01  0.676709E+06  0.676574E+06  0.416962E+00
  0.112510E+00  0.141855E+07  0.140767E+07 -0.492875E+01 -0.107441E+02  0.101722E+07  0.138910E+07  0.141673E+07  0.138910E+07 -0.374754E-01  0.646176E+06  0.646063E+06  0.336287E+00
  0.117664E+00  0.136026E+07  0.135135E+07 -0.432549E+01 -0.942325E+01  0.959943E+06  0.133118E+07  0.135876E+07  0.133118E+07 -0.359175E-01  0.619512E+06  0.619417E+06  0.270463E+00
  0.122818E+00  0.130334E+07  0.129588E+07 -0.380753E+01 -0.828974E+01  0.905238E+06  0.127465E+07  0.130209E+07  0.127465E+07 -0.343963E-01  0.593463E+06  0.593380E+06  0.224749E+00
  0.127972E+00  0.124367E+07  0.123698E+07 -0.334938E+01 -0.728771E+01  0.850167E+06  0.121541E+07  0.124255E+07  0.121541E+07 -0.328020E-01  0.566133E+06  0.566057E+06  0.199188E+00
  0.133126E+00  0.118008E+07  0.117349E+07 -0.293914E+01 -0.639108E+01  0.793992E+06  0.115235E+07  0.117897E+07  0.115235E+07 -0.311038E-01  0.536992E+06  0.536916E+06  0.189629E+00
  0.138280E+00  0.111387E+07  0.110694E+07 -0.257319E+01 -0.559179E+01  0.737685E+06  0.108677E+07  0.111271E+07  0.108677E+07 -0.293374E-01  0.506653E+06  0.506574E+06  0.189583E+00
  0.143435E+00  0.104798E+07  0.104050E+07 -0.225166E+01 -0.489000E+01  0.683209E+06  0.102158E+07  0.104672E+07  0.102158E+07 -0.275809E-01  0.476464E+06  0.476381E+06  0.192262E+00
  0.148589E+00  0.985941E+06  0.977991E+06 -0.197528E+01 -0.428716E+01  0.632815E+06  0.960277E+06  0.984606E+06  0.960277E+06 -0.259288E-01  0.448058E+06  0.447972E+06  0.192248E+00
  0.153743E+00  0.931041E+06  0.922896E+06 -0.174352E+01 -0.378191E+01  0.588439E+06  0.906075E+06  0.929673E+06  0.906075E+06 -0.244681E-01  0.422940E+06  0.422854E+06  0.186460E+00
  0.158897E+00  0.885210E+06  0.877233E+06 -0.155303E+01 -0.336679E+01  0.551036E+06  0.860853E+06  0.883870E+06  0.860853E+06 -0.232495E-01  0.401991E+06  0.401908E+06  0.174321E+00
  0.164051E+00  0.848288E+06  0.840818E+06 -0.139728E+01 -0.302751E+01  0.520204E+06  0.824431E+06  0.847034E+06  0.824431E+06 -0.222683E-01  0.385132E+06  0.385055E+06  0.157289E+00
  0.169205E+00  0.818375E+06  0.811639E+06 -0.126816E+01 -0.274631E+01  0.494500E+06  0.794924E+06  0.817244E+06  0.794924E+06 -0.214735E-01  0.371488E+06  0.371418E+06  0.138013E+00
  0.174359E+00  0.792898E+06  0.786967E+06 -0.115806E+01 -0.250662E+01  0.472152E+06  0.769790E+06  0.791903E+06  0.769790E+06 -0.207968E-01  0.359876E+06  0.359813E+06  0.119406E+00
  0.179513E+00  0.769358E+06  0.764147E+06 -0.106094E+01 -0.229526E+01  0.451531E+06  0.746564E+06  0.768483E+06  0.746564E+06 -0.201714E-01  0.349145E+06  0.349089E+06  0.103833E+00
  0.184667E+00  0.745575E+06  0.740888E+06 -0.972312E+00 -0.210247E+01  0.431270E+06  0.723106E+06  0.744788E+06  0.723106E+06 -0.195396E-01  0.338298E+06  0.338247E+06  0.926052E-01
  0.189821E+00  0.720077E+06  0.715671E+06 -0.889408E+00 -0.192224E+01  0.410561E+06  0.697984E+06  0.719337E+06  0.697984E+06 -0.188627E-01  0.326663E+06  0.326614E+06  0.858505E-01
  0.194975E+00  0.692590E+06  0.688238E+06 -0.811383E+00 -0.175272E+01  0.389251E+06  0.670932E+06  0.691859E+06  0.670932E+06 -0.181334E-01  0.314115E+06  0.314066E+06  0.827254E-01
  0.200130E+00  0.663983E+06  0.659529E+06 -0.738796E+00 -0.159512E+01  0.367862E+06  0.642808E+06  0.663235E+06  0.642808E+06 -0.173751E-01  0.301054E+06  0.301005E+06  0.818098E-01
  0.205284E+00  0.635606E+06  0.630988E+06 -0.672571E+00 -0.145141E+01  0.347151E+06  0.614936E+06  0.634831E+06  0.614936E+06 -0.166233E-01  0.288101E+06  0.288051E+06  0.815481E-01
  0.210438E+00  0.608734E+06  0.603982E+06 -0.613344E+00 -0.132294E+01  0.327793E+06  0.588562E+06  0.607936E+06  0.588562E+06 -0.159119E-01  0.275840E+06  0.275789E+06  0.806437E-01
  0.215592E+00  0.584377E+06  0.579592E+06 -0.561334E+00 -0.121019E+01  0.310280E+06  0.564674E+06  0.583574E+06  0.564674E+06 -0.152675E-01  0.264734E+06  0.264683E+06  0.783188E-01
  0.220746E+00  0.563163E+06  0.558472E+06 -0.516320E+00 -0.111263E+01  0.294875E+06  0.543876E+06  0.562375E+06  0.543876E+06 -0.147066E-01  0.255067E+06  0.255018E+06  0.743940E-01
  0.225900E+00  0.545129E+06  0.540652E+06 -0.477555E+00 -0.102864E+01  0.281514E+06  0.526199E+06  0.544377E+06  0.526199E+06 -0.142299E-01  0.246857E+06  0.246810E+06  0.691985E-01
  0.231054E+00  0.529702E+06  0.525521E+06 -0.443869E+00 -0.955665E+00  0.269824E+06  0.511076E+06  0.529000E+06  0.511076E+06 -0.138222E-01  0.239839E+06  0.239795E+06  0.633763E-01
  0.236208E+00  0.515969E+06  0.512109E+06 -0.413979E+00 -0.890937E+00  0.259279E+06  0.497614E+06  0.515321E+06  0.497614E+06 -0.134593E-01  0.233594E+06  0.233553E+06  0.576602E-01
  0.241362E+00  0.502991E+06  0.499425E+06 -0.386773E+00 -0.832041E+00  0.249366E+06  0.484894E+06  0.502392E+06  0.484894E+06 -0.131164E-01  0.227693E+06  0.227654E+06  0.526726E-01
  0.246516E+00  0.489992E+06  0.486652E+06 -0.361419E+00 -0.777181E+00  0.239681E+06  0.472159E+06  0.489431E+06  0.472159E+06 -0.127730E-01  0.221780E+06  0.221744E+06  0.487891E-01
  0.251670E+00  0.476483E+06  0.473284E+06 -0.337415E+00 -0.725265E+00  0.229981E+06  0.458936E+06  0.475946E+06  0.458936E+06 -0.124163E-01  0.215633E+06  0.215598E+06  0.460901E-01
  0.256825E+00  0.462357E+06  0.459218E+06 -0.314586E+00 -0.675920E+00  0.220219E+06  0.445121E+06  0.461830E+06  0.445121E+06 -0.120436E-01  0.209204E+06  0.209170E+06  0.443954E-01
  0.261979E+00  0.447876E+06  0.444738E+06 -0.293023E+00 -0.629337E+00  0.210523E+06  0.430971E+06  0.447349E+06  0.430971E+06 -0.116617E-01  0.202612E+06  0.202578E+06  0.433571E-01
  0.267133E+00  0.433499E+06  0.430336E+06 -0.272926E+00 -0.585939E+00  0.201108E+06  0.416933E+06  0.432968E+06  0.416933E+06 -0.112828E-01  0.196069E+06  0.196035E+06  0.425733E-01
  0.272287E+00  0.419703E+06  0.416522E+06 -0.254466E+00 -0.546095E+00  0.192187E+06  0.403471E+06  0.419169E+06  0.403471E+06 -0.109193E-01  0.189792E+06  0.189758E+06  0.416915E-01
  0.277441E+00  0.406867E+06  0.403699E+06 -0.237730E+00 -0.509984E+00  0.183915E+06  0.390953E+06  0.406335E+06  0.390953E+06 -0.105814E-01  0.183954E+06  0.183921E+06  0.404824E-01
  0.282595E+00  0.395220E+06  0.392107E+06 -0.222698E+00 -0.477558E+00  0.176372E+06  0.379599E+06  0.394697E+06  0.379599E+06 -0.102749E-01  0.178660E+06  0.178627E+06  0.388686E-01
  0.287749E+00  0.384792E+06  0.381778E+06 -0.209238E+00 -0.448534E+00  0.169547E+06  0.369435E+06  0.384286E+06  0.369435E+06 -0.100005E-01  0.173923E+06  0.173891E+06  0.369126E-01
  0.292903E+00  0.375419E+06  0.372532E+06 -0.197129E+00 -0.422426E+00  0.163341E+06  0.360301E+06  0.374934E+06  0.360301E+06 -0.975399E-02  0.169667E+06  0.169637E+06  0.347720E-01
  0.298057E+00  0.366799E+06  0.364052E+06 -0.186102E+00 -0.398658E+00  0.157602E+06  0.351902E+06  0.366338E+06  0.351902E+06 -0.952731E-02  0.165755E+06  0.165726E+06  0.326411E-01
  0.303211E+00  0.358594E+06  0.355979E+06 -0.175901E+00 -0.376679E+00  0.152168E+06  0.343909E+06  0.358155E+06  0.343909E+06 -0.931158E-02  0.162031E+06  0.162003E+06  0.306949E-01
  0.308365E+00  0.350514E+06  0.348010E+06 -0.166327E+00 -0.356057E+00  0.146906E+06  0.336042E+06  0.350094E+06  0.336042E+06 -0.909922E-02  0.158364E+06  0.158337E+06  0.290501E-01
  0.313520E+00  0.342377E+06  0.339954E+06 -0.157248E+00 -0.336510E+00  0.141735E+06  0.328123E+06  0.341970E+06  0.328123E+06 -0.888540E-02  0.154670E+06  0.154644E+06  0.277462E-01
  0.318674E+00  0.334125E+06  0.331753E+06 -0.148608E+00 -0.317915E+00  0.136628E+06  0.320096E+06  0.333727E+06  0.320096E+06 -0.866865E-02  0.150924E+06  0.150898E+06  0.267503E-01
  0.323828E+00  0.325815E+06  0.323472E+06 -0.140403E+00 -0.300265E+00  0.131608E+06  0.312018E+06  0.325422E+06  0.312018E+06 -0.845047E-02  0.147150E+06  0.147125E+06  0.259771E-01
  0.328982E+00  0.317581E+06  0.315255E+06 -0.132663E+00 -0.283619E+00  0.126728E+06  0.304019E+06  0.317191E+06  0.304019E+06 -0.823438E-02  0.143412E+06  0.143387E+06  0.253182E-01
  0.334136E+00  0.309590E+06  0.307280E+06 -0.125423E+00 -0.268057E+00  0.122051E+06  0.296260E+06  0.309202E+06  0.296260E+06 -0.802475E-02  0.139785E+06  0.139760E+06  0.246715E-01
  0.339290E+00  0.301992E+06  0.299705E+06 -0.118710E+00 -0.253630E+00  0.117630E+06  0.288885E+06  0.301608E+06  0.288885E+06 -0.782550E-02  0.136336E+06  0.136312E+06  0.239642E-01
  0.344444E+00  0.294878E+06  0.292629E+06 -0.112522E+00 -0.240335E+00  0.113494E+06  0.281983E+06  0.294501E+06  0.281983E+06 -0.763903E-02  0.133109E+06  0.133085E+06  0.231633E-01
  0.349598E+00  0.288265E+06  0.286068E+06 -0.106828E+00 -0.228105E+00  0.109639E+06  0.275569E+06  0.287896E+06  0.275569E+06 -0.746574E-02  0.130110E+06  0.130087E+06  0.222749E-01
  0.354752E+00  0.282102E+06  0.279967E+06 -0.101574E+00 -0.216824E+00  0.106038E+06  0.269593E+06  0.281744E+06  0.269593E+06 -0.730428E-02  0.127316E+06  0.127294E+06  0.213350E-01
  0.359906E+00  0.276297E+06  0.274229E+06 -0.966979E-01 -0.206357E+00  0.102648E+06  0.263965E+06  0.275949E+06  0.263965E+06 -0.715223E-02  0.124685E+06  0.124663E+06  0.203946E-01
  0.365060E+00  0.270742E+06  0.268741E+06 -0.921381E-01 -0.196571E+00  0.994232E+05  0.258582E+06  0.270406E+06  0.258582E+06 -0.700680E-02  0.122168E+06  0.122147E+06  0.195042E-01
  0.370215E+00  0.265338E+06  0.263397E+06 -0.878401E-01 -0.187350E+00  0.963207E+05  0.253346E+06  0.265012E+06  0.253346E+06 -0.686533E-02  0.119719E+06  0.119698E+06  0.187016E-01
  0.375369E+00  0.260002E+06  0.258111E+06 -0.837618E-01 -0.178603E+00  0.933083E+05  0.248179E+06  0.259685E+06  0.248179E+06 -0.672570E-02  0.117301E+06  0.117281E+06  0.180039E-01
  0.380523E+00  0.254693E+06  0.252841E+06 -0.798766E-01 -0.170273E+00  0.903679E+05  0.243040E+06  0.254382E+06  0.243040E+06 -0.658681E-02  0.114896E+06  0.114876E+06  0.174074E-01
  0.385677E+00  0.249417E+06  0.247596E+06 -0.761757E-01 -0.162341E+00  0.874999E+05  0.237935E+06  0.249111E+06  0.237935E+06 -0.644882E-02  0.112504E+06  0.112485E+06  0.168924E-01
  0.390831E+00  0.244216E+06  0.242419E+06 -0.726614E-01 -0.154811E+00  0.847170E+05  0.232904E+06  0.243914E+06  0.232904E+06 -0.631283E-02  0.110147E+06  0.110128E+06  0.164301E-01
  0.395985E+00  0.239145E+06  0.237371E+06 -0.693395E-01 -0.147695E+00  0.820360E+05  0.228003E+06  0.238848E+06  0.228003E+06 -0.618032E-02  0.107850E+06  0.107831E+06  0.159906E-01
  0.401139E+00  0.234252E+06  0.232502E+06 -0.662118E-01 -0.140998E+00  0.794693E+05  0.223274E+06  0.233958E+06  0.223274E+06 -0.605247E-02  0.105634E+06  0.105615E+06  0.155500E-01
  0.406293E+00  0.229565E+06  0.227841E+06 -0.632750E-01 -0.134710E+00  0.770229E+05  0.218746E+06  0.229275E+06  0.218746E+06 -0.593003E-02  0.103510E+06  0.103492E+06  0.150944E-01
  0.411447E+00  0.225096E+06  0.223404E+06 -0.605215E-01 -0.128816E+00  0.746977E+05  0.214430E+06  0.224812E+06  0.214430E+06 -0.581334E-02  0.101487E+06  0.101469E+06  0.146211E-01
  0.416601E+00  0.220844E+06  0.219188E+06 -0.579399E-01 -0.123292E+00  0.724893E+05  0.210325E+06  0.220566E+06  0.210325E+06 -0.570235E-02  0.995622E+05  0.995445E+05  0.141374E-01
  0.421755E+00  0.216784E+06  0.215165E+06 -0.555139E-01 -0.118102E+00  0.703862E+05  0.206406E+06  0.216512E+06  0.206406E+06 -0.559638E-02  0.977246E+05  0.977073E+05  0.136560E-01
  0.426910E+00  0.212872E+06  0.211291E+06 -0.532236E-01 -0.113203E+00  0.683716E+05  0.202632E+06  0.212607E+06  0.202632E+06 -0.549432E-02  0.959545E+05  0.959376E+05  0.131907E-01
  0.432064E+00  0.209067E+06  0.207522E+06 -0.510512E-01 -0.108557E+00  0.664299E+05  0.198962E+06  0.208808E+06  0.198962E+06 -0.539507E-02  0.942329E+05  0.942163E+05  0.127534E-01
  0.437218E+00  0.205343E+06  0.203830E+06 -0.489840E-01 -0.104138E+00  0.645507E+05  0.195370E+06  0.205089E+06  0.195370E+06 -0.529794E-02  0.925476E+05  0.925315E+05  0.123508E-01
  0.442372E+00  0.201686E+06  0.200201E+06 -0.470135E-01 -0.999266E-01  0.627284E+05  0.191844E+06  0.201437E+06  0.191844E+06 -0.520258E-02  0.908929E+05  0.908770E+05  0.119844E-01
  0.447526E+00  0.198088E+06  0.196628E+06 -0.451329E-01 -0.959082E-01  0.609591E+05  0.188377E+06  0.197843E+06  0.188377E+06 -0.510879E-02  0.892649E+05  0.892493E+05  0.116499E-01
  0.452680E+00  0.194550E+06  0.193112E+06 -0.433377E-01 -0.920734E-01  0.592416E+05  0.184968E+06  0.194309E+06  0.184968E+06 -0.501657E-02  0.876640E+05  0.876486E+05  0.113398E-01
  0.457834E+00  0.191085E+06  0.189668E+06 -0.416267E-01 -0.884191E-01  0.575786E+05  0.181631E+06  0.190847E+06  0.181631E+06 -0.492629E-02  0.860964E+05  0.860812E+05  0.110454E-01
  0.462988E+00  0.187714E+06  0.186318E+06 -0.400000E-01 -0.849461E-01  0.559752E+05  0.178385E+06  0.187480E+06  0.178385E+06 -0.483849E-02  0.845715E+05  0.845566E+05  0.107591E-01
  0.468142E+00  0.184452E+06  0.183077E+06 -0.384567E-01 -0.816516E-01  0.544344E+05  0.175246E+06  0.184221E+06  0.175246E+06 -0.475355E-02  0.830962E+05  0.830815E+05  0.104756E-01
  0.473296E+00  0.181302E+06  0.179949E+06 -0.369929E-01 -0.785277E-01  0.529552E+05  0.172215E+06  0.181075E+06  0.172215E+06 -0.467154E-02  0.816717E+05  0.816572E+05  0.101925E-01
  0.478450E+00  0.178259E+06  0.176929E+06 -0.356038E-01 -0.755638E-01  0.515349E+05  0.169288E+06  0.178036E+06  0.169288E+06 -0.459234E-02  0.802957E+05  0.802815E+05  0.991032E-02
  0.483605E+00  0.175317E+06  0.174010E+06 -0.342845E-01 -0.727493E-01  0.501699E+05  0.166458E+06  0.175098E+06  0.166458E+06 -0.451578E-02  0.789656E+05  0.789516E+05  0.963168E-02
  0.488759E+00  0.172468E+06  0.171185E+06 -0.330298E-01 -0.700735E-01  0.488566E+05  0.163719E+06  0.172252E+06  0.163719E+06 -0.444165E-02  0.776776E+05  0.776638E+05  0.936039E-02
  0.493913E+00  0.169698E+06  0.168438E+06 -0.318343E-01 -0.675243E-01  0.475897E+05  0.161057E+06  0.169487E+06  0.161057E+06 -0.436961E-02  0.764257E+05  0.764122E+05  0.909991E-02
  0.499067E+00  0.166994E+06  0.165756E+06 -0.306924E-01 -0.650899E-01  0.463638E+05  0.158458E+06  0.166786E+06  0.158458E+06 -0.429928E-02  0.752033E+05  0.751900E+05  0.885261E-02
  0.504221E+00  0.164343E+06  0.163126E+06 -0.295996E-01 -0.627607E-01  0.451749E+05  0.155912E+06  0.164139E+06  0.155912E+06 -0.423036E-02  0.740054E+05  0.739923E+05  0.861935E-02
  0.509375E+00  0.161743E+06  0.160546E+06 -0.285531E-01 -0.605307E-01  0.440212E+05  0.153415E+06  0.161542E+06  0.153415E+06 -0.416279E-02  0.728305E+05  0.728177E+05  0.839958E-02
  0.514529E+00  0.159196E+06  0.158016E+06 -0.275511E-01 -0.583960E-01  0.429021E+05  0.150970E+06  0.158998E+06  0.150970E+06 -0.409660E-02  0.716795E+05  0.716669E+05  0.819158E-02
  0.519683E+00  0.156704E+06  0.155541E+06 -0.265920E-01 -0.563530E-01  0.418176E+05  0.148577E+06  0.156509E+06  0.148577E+06 -0.403184E-02  0.705533E+05  0.705409E+05  0.799290E-02
  0.524837E+00  0.154268E+06  0.153121E+06 -0.256741E-01 -0.543981E-01  0.407670E+05  0.146239E+06  0.154075E+06  0.146239E+06 -0.396855E-02  0.694525E+05  0.694402E+05  0.780104E-02
  0.529991E+00  0.151891E+06  0.150760E+06 -0.247959E-01 -0.525284E-01  0.397503E+05  0.143959E+06  0.151701E+06  0.143959E+06 -0.390681E-02  0.683785E+05  0.683664E+05  0.761400E-02
  0.535145E+00  0.149577E+06  0.148463E+06 -0.239566E-01 -0.507416E-01  0.387678E+05  0.141739E+06  0.149390E+06  0.141739E+06 -0.384672E-02  0.673332E+05  0.673213E+05  0.743061E-02
  0.540300E+00  0.147328E+06  0.146230E+06 -0.231545E-01 -0.490345E-01  0.378190E+05  0.139583E+06  0.147143E+06  0.139583E+06 -0.378834E-02  0.663173E+05  0.663056E+05  0.725055E-02
  0.545454E+00  0.145140E+06  0.144059E+06 -0.223876E-01 -0.474025E-01  0.369020E+05  0.137486E+06  0.144958E+06  0.137486E+06 -0.373155E-02  0.653292E+05  0.653177E+05  0.707411E-02
  0.550608E+00  0.143008E+06  0.141944E+06 -0.216533E-01 -0.458402E-01  0.360147E+05  0.135442E+06  0.142829E+06  0.135442E+06 -0.367622E-02  0.643663E+05  0.643549E+05  0.690201E-02
  0.555762E+00  0.140926E+06  0.139879E+06 -0.209496E-01 -0.443434E-01  0.351553E+05  0.133448E+06  0.140751E+06  0.133448E+06 -0.362222E-02  0.634265E+05  0.634153E+05  0.673514E-02
  0.560916E+00  0.138894E+06  0.137862E+06 -0.202749E-01 -0.429084E-01  0.343225E+05  0.131501E+06  0.138720E+06  0.131501E+06 -0.356949E-02  0.625086E+05  0.624976E+05  0.657431E-02
  0.566070E+00  0.136906E+06  0.135889E+06 -0.196274E-01 -0.415315E-01  0.335151E+05  0.129597E+06  0.136735E+06  0.129597E+06 -0.351793E-02  0.616111E+05  0.616002E+05  0.641992E-02
  0.571224E+00  0.134958E+06  0.133956E+06 -0.190053E-01 -0.402090E-01  0.327313E+05  0.127732E+06  0.134790E+06  0.127732E+06 -0.346744E-02  0.607319E+05  0.607212E+05  0.627189E-02
  0.576378E+00  0.133049E+06  0.132061E+06 -0.184073E-01 -0.389377E-01  0.319699E+05  0.125904E+06  0.132883E+06  0.125904E+06 -0.341792E-02  0.598697E+05  0.598591E+05  0.612980E-02
  0.581532E+00  0.131177E+06  0.130202E+06 -0.178323E-01 -0.377158E-01  0.312305E+05  0.124113E+06  0.131013E+06  0.124113E+06 -0.336941E-02  0.590248E+05  0.590143E+05  0.599300E-02
  0.586686E+00  0.129345E+06  0.128384E+06 -0.172798E-01 -0.365419E-01  0.305130E+05  0.122360E+06  0.129184E+06  0.122360E+06 -0.332194E-02  0.581979E+05  0.581876E+05  0.586078E-02
  0.591840E+00  0.127554E+06  0.126606E+06 -0.167489E-01 -0.354140E-01  0.298169E+05  0.120647E+06  0.127395E+06  0.120647E+06 -0.327553E-02  0.573895E+05  0.573793E+05  0.573243E-02
  0.596995E+00  0.125802E+06  0.124867E+06 -0.162387E-01 -0.343302E-01  0.291413E+05  0.118971E+06  0.125645E+06  0.118971E+06 -0.323015E-02  0.565989E+05  0.565889E+05  0.560737E-02
  0.602149E+00  0.124089E+06  0.123166E+06 -0.157481E-01 -0.332883E-01  0.284855E+05  0.117333E+06  0.123934E+06  0.117333E+06 -0.318577E-02  0.558257E+05  0.558158E+05  0.548529E-02
  0.607303E+00  0.122415E+06  0.121504E+06 -0.152765E-01 -0.322869E-01  0.278491E+05  0.115733E+06  0.122262E+06  0.115733E+06 -0.314241E-02  0.550703E+05  0.550605E+05  0.536611E-02
  0.612457E+00  0.120780E+06  0.119881E+06 -0.148231E-01 -0.313243E-01  0.272316E+05  0.114170E+06  0.120629E+06  0.114170E+06 -0.310007E-02  0.543324E+05  0.543227E+05  0.524995E-02
  0.659749E+00  0.107247E+06  0.106449E+06 -0.113648E-01 -0.239874E-01  0.223062E+05  0.101248E+06  0.107113E+06  0.101248E+06 -0.274993E-02  0.482278E+05  0.482193E+05  0.433379E-02
  0.710693E+00  0.951611E+05  0.944530E+05 -0.870629E-02 -0.183551E-01  0.182151E+05  0.897291E+05  0.950422E+05  0.897291E+05 -0.243770E-02  0.427791E+05  0.427715E+05  0.357599E-02
  0.765571E+00  0.843951E+05  0.837669E+05 -0.666579E-02 -0.140379E-01  0.148306E+05  0.794861E+05  0.842896E+05  0.794861E+05 -0.215995E-02  0.379278E+05  0.379211E+05  0.295084E-02
  0.895965E+00  0.653280E+05  0.648415E+05 -0.378028E-02 -0.794435E-02  0.949987E+04  0.613911E+05  0.652463E+05  0.613911E+05 -0.166903E-02  0.293422E+05  0.293370E+05  0.196331E-02
  0.125042E+01  0.376634E+05  0.373826E+05 -0.112569E-02 -0.235712E-02  0.354402E+04  0.352599E+05  0.376162E+05  0.352599E+05 -0.959397E-03  0.169012E+05  0.168980E+05  0.827613E-03
  0.174510E+01  0.215007E+05  0.213402E+05 -0.331351E-03 -0.692055E-03  0.125502E+04  0.200755E+05  0.214737E+05  0.200755E+05 -0.546561E-03  0.964252E+04  0.964068E+04  0.351642E-03
  0.243548E+01  0.121650E+05  0.120741E+05 -0.965334E-04 -0.201274E-03  0.424693E+03  0.113389E+05  0.121498E+05  0.113389E+05 -0.308827E-03  0.545369E+04  0.545257E+04  0.152916E-03
