#          k/h    CDM            baryon         photon         nu             mass_nu        total          no_nu          total_de       Weyl           v_CDM          v_b            v_b-v_c     
   0.102076E-04   0.230904E+08   0.230904E+08   0.307715E+08   0.307710E+08   0.230905E+08   0.230904E+08   0.230904E+08   0.230981E+08  -0.347396E+00   0.119678E+08   0.119678E+08   0.678510E+01
   0.112819E-04   0.230904E+08   0.230904E+08   0.307680E+08   0.307674E+08   0.230905E+08   0.230904E+08   0.230904E+08   0.230981E+08  -0.347396E+00   0.119678E+08   0.119678E+08   0.749897E+01
   0.124693E-04   0.230904E+08   0.230904E+08   0.307637E+08   0.307630E+08   0.230905E+08   0.230904E+08   0.230904E+08   0.230981E+08  -0.347396E+00   0.119678E+08   0.119678E+08   0.828790E+01
   0.137816E-04   0.230904E+08   0.230904E+08   0.307585E+08   0.307577E+08   0.230905E+08   0.230904E+08   0.230904E+08   0.230981E+08  -0.347396E+00   0.119678E+08   0.119678E+08   0.915975E+01
   0.152321E-04   0.230904E+08   0.230904E+08   0.307521E+08   0.307511E+08   0.230905E+08   0.230904E+08   0.230904E+08   0.230981E+08  -0.347395E+00   0.119678E+08   0.119678E+08   0.101232E+02
   0.168352E-04   0.230904E+08   0.230904E+08   0.307444E+08   0.307431E+08   0.230905E+08   0.230904E+08   0.230904E+08   0.230981E+08  -0.347395E+00   0.119677E+08   0.119677E+08   0.111879E+02
   0.186070E-04   0.230904E+08   0.230904E+08   0.307349E+08   0.307333E+08   0.230905E+08   0.230904E+08   0.230904E+08   0.230980E+08  -0.347395E+00   0.119677E+08   0.119677E+08   0.123644E+02
   0.205653E-04   0.230903E+08   0.230903E+08   0.307232E+08   0.307214E+08   0.230904E+08   0.230903E+08   0.230903E+08   0.230980E+08  -0.347394E+00   0.119677E+08   0.119677E+08   0.136643E+02
   0.227297E-04   0.230903E+08   0.230903E+08   0.307091E+08   0.307068E+08   0.230904E+08   0.230903E+08   0.230903E+08   0.230980E+08  -0.347394E+00   0.119677E+08   0.119677E+08   0.151005E+02
   0.251219E-04   0.230903E+08   0.230903E+08   0.306918E+08   0.306890E+08   0.230904E+08   0.230903E+08   0.230903E+08   0.230980E+08  -0.347393E+00   0.119677E+08   0.119677E+08   0.166873E+02
   0.277659E-04   0.230902E+08   0.230902E+08   0.306706E+08   0.306673E+08   0.230903E+08   0.230902E+08   0.230902E+08   0.230979E+08  -0.347392E+00   0.119677E+08   0.119677E+08   0.184402E+02
   0.306881E-04   0.230902E+08   0.230902E+08   0.306449E+08   0.306407E+08   0.230903E+08   0.230902E+08   0.230902E+08   0.230979E+08  -0.347391E+00   0.119676E+08   0.119676E+08   0.203764E+02
   0.339179E-04   0.230901E+08   0.230901E+08   0.306134E+08   0.306084E+08   0.230902E+08   0.230901E+08   0.230901E+08   0.230978E+08  -0.347390E+00   0.119676E+08   0.119676E+08   0.225148E+02
   0.374876E-04   0.230901E+08   0.230900E+08   0.305750E+08   0.305688E+08   0.230901E+08   0.230901E+08   0.230900E+08   0.230977E+08  -0.347389E+00   0.119676E+08   0.119676E+08   0.248762E+02
   0.414330E-04   0.230900E+08   0.230900E+08   0.305281E+08   0.305206E+08   0.230900E+08   0.230900E+08   0.230900E+08   0.230976E+08  -0.347387E+00   0.119675E+08   0.119675E+08   0.274831E+02
   0.457936E-04   0.230898E+08   0.230898E+08   0.304710E+08   0.304618E+08   0.230899E+08   0.230899E+08   0.230898E+08   0.230975E+08  -0.347385E+00   0.119675E+08   0.119675E+08   0.303606E+02
   0.506132E-04   0.230897E+08   0.230897E+08   0.304013E+08   0.303902E+08   0.230898E+08   0.230897E+08   0.230897E+08   0.230973E+08  -0.347382E+00   0.119674E+08   0.119674E+08   0.335356E+02
   0.559400E-04   0.230895E+08   0.230895E+08   0.303164E+08   0.303028E+08   0.230896E+08   0.230896E+08   0.230895E+08   0.230971E+08  -0.347379E+00   0.119673E+08   0.119673E+08   0.370377E+02
   0.618274E-04   0.230893E+08   0.230893E+08   0.302129E+08   0.301964E+08   0.230894E+08   0.230893E+08   0.230893E+08   0.230969E+08  -0.347375E+00   0.119672E+08   0.119672E+08   0.408988E+02
   0.683345E-04   0.230891E+08   0.230891E+08   0.300870E+08   0.300669E+08   0.230892E+08   0.230891E+08   0.230891E+08   0.230966E+08  -0.347370E+00   0.119670E+08   0.119670E+08   0.451535E+02
   0.755264E-04   0.230888E+08   0.230888E+08   0.299339E+08   0.299094E+08   0.230889E+08   0.230888E+08   0.230888E+08   0.230963E+08  -0.347364E+00   0.119669E+08   0.119669E+08   0.498387E+02
   0.834752E-04   0.230884E+08   0.230884E+08   0.297478E+08   0.297180E+08   0.230885E+08   0.230884E+08   0.230884E+08   0.230959E+08  -0.347357E+00   0.119667E+08   0.119667E+08   0.549937E+02
   0.922605E-04   0.230880E+08   0.230879E+08   0.295219E+08   0.294858E+08   0.230880E+08   0.230880E+08   0.230880E+08   0.230953E+08  -0.347348E+00   0.119664E+08   0.119664E+08   0.606599E+02
   0.101971E-03   0.230874E+08   0.230874E+08   0.292481E+08   0.292043E+08   0.230875E+08   0.230874E+08   0.230874E+08   0.230947E+08  -0.347338E+00   0.119661E+08   0.119661E+08   0.668804E+02
   0.112702E-03   0.230868E+08   0.230867E+08   0.289168E+08   0.288638E+08   0.230868E+08   0.230867E+08   0.230867E+08   0.230940E+08  -0.347325E+00   0.119658E+08   0.119658E+08   0.736992E+02
   0.124564E-03   0.230859E+08   0.230858E+08   0.285169E+08   0.284529E+08   0.230860E+08   0.230859E+08   0.230859E+08   0.230930E+08  -0.347309E+00   0.119653E+08   0.119653E+08   0.811599E+02
   0.137674E-03   0.230849E+08   0.230848E+08   0.280353E+08   0.279582E+08   0.230850E+08   0.230849E+08   0.230849E+08   0.230919E+08  -0.347290E+00   0.119648E+08   0.119648E+08   0.893047E+02
   0.152163E-03   0.230837E+08   0.230836E+08   0.274573E+08   0.273646E+08   0.230837E+08   0.230837E+08   0.230837E+08   0.230905E+08  -0.347267E+00   0.119641E+08   0.119641E+08   0.981715E+02
   0.168178E-03   0.230822E+08   0.230820E+08   0.267661E+08   0.266553E+08   0.230822E+08   0.230822E+08   0.230822E+08   0.230889E+08  -0.347239E+00   0.119633E+08   0.119633E+08   0.107792E+03
   0.185878E-03   0.230804E+08   0.230802E+08   0.259438E+08   0.258118E+08   0.230804E+08   0.230804E+08   0.230804E+08   0.230869E+08  -0.347204E+00   0.119624E+08   0.119623E+08   0.118185E+03
   0.205440E-03   0.230782E+08   0.230780E+08   0.249712E+08   0.248148E+08   0.230782E+08   0.230782E+08   0.230782E+08   0.230844E+08  -0.347163E+00   0.119612E+08   0.119611E+08   0.129356E+03
   0.227062E-03   0.230756E+08   0.230752E+08   0.238292E+08   0.236453E+08   0.230755E+08   0.230755E+08   0.230755E+08   0.230815E+08  -0.347113E+00   0.119597E+08   0.119596E+08   0.141285E+03
   0.250959E-03   0.230723E+08   0.230719E+08   0.225004E+08   0.222861E+08   0.230722E+08   0.230723E+08   0.230723E+08   0.230779E+08  -0.347052E+00   0.119580E+08   0.119579E+08   0.153924E+03
   0.277372E-03   0.230684E+08   0.230679E+08   0.209715E+08   0.207243E+08   0.230683E+08   0.230683E+08   0.230683E+08   0.230735E+08  -0.346980E+00   0.119559E+08   0.119557E+08   0.167183E+03
   0.306564E-03   0.230637E+08   0.230631E+08   0.192365E+08   0.189551E+08   0.230635E+08   0.230636E+08   0.230636E+08   0.230683E+08  -0.346892E+00   0.119533E+08   0.119532E+08   0.180919E+03
   0.338828E-03   0.230579E+08   0.230572E+08   0.173014E+08   0.169864E+08   0.230577E+08   0.230578E+08   0.230578E+08   0.230621E+08  -0.346788E+00   0.119502E+08   0.119500E+08   0.194928E+03
   0.374488E-03   0.230510E+08   0.230502E+08   0.151891E+08   0.148437E+08   0.230507E+08   0.230509E+08   0.230509E+08   0.230546E+08  -0.346663E+00   0.119465E+08   0.119463E+08   0.208931E+03
   0.413901E-03   0.230427E+08   0.230417E+08   0.129454E+08   0.125763E+08   0.230423E+08   0.230425E+08   0.230426E+08   0.230458E+08  -0.346516E+00   0.119421E+08   0.119418E+08   0.222567E+03
   0.457462E-03   0.230328E+08   0.230316E+08   0.106426E+08   0.102610E+08   0.230323E+08   0.230326E+08   0.230326E+08   0.230352E+08  -0.346342E+00   0.119368E+08   0.119365E+08   0.235393E+03
   0.505608E-03   0.230209E+08   0.230194E+08   0.838124E+07   0.800304E+07   0.230203E+08   0.230206E+08   0.230207E+08   0.230227E+08  -0.346137E+00   0.119304E+08   0.119301E+08   0.246889E+03
   0.558821E-03   0.230068E+08   0.230051E+08   0.628397E+07   0.592917E+07   0.230060E+08   0.230065E+08   0.230065E+08   0.230080E+08  -0.345899E+00   0.119229E+08   0.119225E+08   0.256488E+03
   0.617635E-03   0.229900E+08   0.229880E+08   0.447987E+07   0.417048E+07   0.229891E+08   0.229897E+08   0.229897E+08   0.229908E+08  -0.345622E+00   0.119141E+08   0.119136E+08   0.263616E+03
   0.682638E-03   0.229703E+08   0.229680E+08   0.307668E+07   0.283265E+07   0.229691E+08   0.229698E+08   0.229699E+08   0.229706E+08  -0.345302E+00   0.119036E+08   0.119031E+08   0.267756E+03
   0.754482E-03   0.229471E+08   0.229444E+08   0.212427E+07   0.195778E+07   0.229456E+08   0.229466E+08   0.229467E+08   0.229471E+08  -0.344933E+00   0.118914E+08   0.118908E+08   0.268520E+03
   0.833888E-03   0.229200E+08   0.229170E+08   0.158191E+07   0.149150E+07   0.229181E+08   0.229194E+08   0.229195E+08   0.229198E+08  -0.344510E+00   0.118771E+08   0.118764E+08   0.265715E+03
   0.921651E-03   0.228884E+08   0.228850E+08   0.131252E+07   0.128013E+07   0.228861E+08   0.228877E+08   0.228878E+08   0.228880E+08  -0.344023E+00   0.118605E+08   0.118598E+08   0.259376E+03
   0.101865E-02   0.228517E+08   0.228480E+08   0.112821E+07   0.112303E+07   0.228489E+08   0.228509E+08   0.228511E+08   0.228512E+08  -0.343463E+00   0.118413E+08   0.118406E+08   0.249742E+03
   0.112586E-02   0.228092E+08   0.228053E+08   0.887548E+06   0.877969E+06   0.228058E+08   0.228084E+08   0.228086E+08   0.228086E+08  -0.342819E+00   0.118192E+08   0.118184E+08   0.237189E+03
   0.124435E-02   0.227603E+08   0.227561E+08   0.588539E+06   0.557103E+06   0.227561E+08   0.227593E+08   0.227596E+08   0.227595E+08  -0.342078E+00   0.117937E+08   0.117928E+08   0.222155E+03
   0.137531E-02   0.227040E+08   0.226995E+08   0.354559E+06   0.304508E+06   0.226988E+08   0.227029E+08   0.227032E+08   0.227030E+08  -0.341226E+00   0.117643E+08   0.117635E+08   0.205147E+03
   0.152006E-02   0.226393E+08   0.226348E+08   0.272843E+06   0.218204E+06   0.226329E+08   0.226382E+08   0.226386E+08   0.226382E+08  -0.340249E+00   0.117307E+08   0.117299E+08   0.186827E+03
   0.168004E-02   0.225653E+08   0.225607E+08   0.252749E+06  -0.268901E+06   0.225575E+08   0.225641E+08   0.225646E+08   0.225641E+08  -0.339132E+00   0.116923E+08   0.116915E+08   0.168075E+03
   0.185685E-02   0.224809E+08   0.224762E+08   0.159150E+06  -0.219290E+06   0.224713E+08   0.224795E+08   0.224801E+08   0.224795E+08  -0.337859E+00   0.116484E+08   0.116476E+08   0.149858E+03
   0.205228E-02   0.223846E+08   0.223800E+08   0.619730E+05  -0.178737E+06   0.223730E+08   0.223831E+08   0.223838E+08   0.223831E+08  -0.336409E+00   0.115984E+08   0.115976E+08   0.133000E+03
   0.226827E-02   0.222752E+08   0.222706E+08   0.688572E+05  -0.145597E+06   0.222610E+08   0.222735E+08   0.222744E+08   0.222735E+08  -0.334760E+00   0.115416E+08   0.115408E+08   0.118089E+03
   0.250700E-02   0.221511E+08   0.221465E+08   0.542874E+05  -0.118520E+06   0.221339E+08   0.221492E+08   0.221503E+08   0.221492E+08  -0.332892E+00   0.114772E+08   0.114764E+08   0.105456E+03
   0.277085E-02   0.220108E+08   0.220060E+08   0.125849E+05  -0.964053E+05   0.219898E+08   0.220086E+08   0.220100E+08   0.220086E+08  -0.330777E+00   0.114043E+08   0.114035E+08   0.949706E+02
   0.306246E-02   0.218524E+08   0.218474E+08   0.241164E+05  -0.783494E+05   0.218270E+08   0.218498E+08   0.218515E+08   0.218498E+08  -0.328391E+00   0.113220E+08   0.113212E+08   0.860852E+02
   0.338478E-02   0.216740E+08   0.216688E+08   0.435446E+03  -0.636135E+05   0.216433E+08   0.216711E+08   0.216732E+08   0.216711E+08  -0.325704E+00   0.112294E+08   0.112286E+08   0.781436E+02
   0.374101E-02   0.214738E+08   0.214682E+08  -0.147445E+04  -0.515930E+05   0.214367E+08   0.214704E+08   0.214729E+08   0.214704E+08  -0.322687E+00   0.111254E+08   0.111246E+08   0.706426E+02
   0.413473E-02   0.212495E+08   0.212436E+08  -0.528060E+04  -0.417931E+05   0.212048E+08   0.212455E+08   0.212485E+08   0.212455E+08  -0.319306E+00   0.110089E+08   0.110081E+08   0.635097E+02
   0.456989E-02   0.209988E+08   0.209926E+08  -0.904487E+03  -0.338084E+05   0.209451E+08   0.209941E+08   0.209978E+08   0.209941E+08  -0.315528E+00   0.108787E+08   0.108779E+08   0.569634E+02
   0.505085E-02   0.207194E+08   0.207127E+08  -0.207709E+04  -0.273074E+05   0.206550E+08   0.207139E+08   0.207183E+08   0.207139E+08  -0.311316E+00   0.107335E+08   0.107328E+08   0.511555E+02
   0.558243E-02   0.204087E+08   0.204014E+08  -0.435686E+04  -0.220187E+05   0.203318E+08   0.204022E+08   0.204074E+08   0.204022E+08  -0.306631E+00   0.105721E+08   0.105713E+08   0.459658E+02
   0.616996E-02   0.200640E+08   0.200561E+08  -0.508498E+03  -0.177202E+05   0.199726E+08   0.200565E+08   0.200627E+08   0.200565E+08  -0.301434E+00   0.103930E+08   0.103922E+08   0.412336E+02
   0.681932E-02   0.196828E+08   0.196741E+08  -0.297811E+04  -0.142301E+05   0.195746E+08   0.196740E+08   0.196814E+08   0.196740E+08  -0.295684E+00   0.101948E+08   0.101941E+08   0.369994E+02
   0.753702E-02   0.192623E+08   0.192525E+08  -0.176437E+04  -0.113999E+05   0.191348E+08   0.192519E+08   0.192606E+08   0.192519E+08  -0.289341E+00   0.997624E+07   0.997549E+07   0.332557E+02
   0.833025E-02   0.187998E+08   0.187888E+08  -0.144272E+04  -0.910779E+04   0.186506E+08   0.187878E+08   0.187979E+08   0.187878E+08  -0.282363E+00   0.973580E+07   0.973506E+07   0.298347E+02
   0.920698E-02   0.182928E+08   0.182805E+08  -0.473880E+04  -0.725451E+04   0.181194E+08   0.182789E+08   0.182907E+08   0.182789E+08  -0.274714E+00   0.947222E+07   0.947148E+07   0.267508E+02
   0.101760E-01   0.177393E+08   0.177253E+08  -0.241946E+04  -0.575877E+04   0.175391E+08   0.177232E+08   0.177369E+08   0.177232E+08  -0.266362E+00   0.918443E+07   0.918370E+07   0.240352E+02
   0.112469E-01   0.171377E+08   0.171218E+08  -0.242273E+04  -0.455420E+04   0.169086E+08   0.171194E+08   0.171351E+08   0.171194E+08  -0.257285E+00   0.887167E+07   0.887095E+07   0.215873E+02
   0.124306E-01   0.164872E+08   0.164691E+08  -0.137440E+04  -0.358649E+04   0.162271E+08   0.164664E+08   0.164842E+08   0.164664E+08  -0.247470E+00   0.853346E+07   0.853274E+07   0.194054E+02
   0.137389E-01   0.157865E+08   0.157658E+08  -0.166550E+04  -0.281107E+04   0.154937E+08   0.157630E+08   0.157831E+08   0.157630E+08  -0.236897E+00   0.816918E+07   0.816846E+07   0.174618E+02
   0.151849E-01   0.150340E+08   0.150104E+08  -0.114605E+04  -0.219140E+04   0.147073E+08   0.150077E+08   0.150301E+08   0.150077E+08  -0.225544E+00   0.777798E+07   0.777727E+07   0.157229E+02
   0.167830E-01   0.142477E+08   0.142209E+08  -0.832940E+03  -0.170001E+04   0.138861E+08   0.142185E+08   0.142432E+08   0.142185E+08  -0.213680E+00   0.736922E+07   0.736851E+07   0.141784E+02
   0.185493E-01   0.134075E+08   0.133772E+08  -0.688402E+03  -0.130953E+04   0.130114E+08   0.133754E+08   0.134024E+08   0.133754E+08  -0.201006E+00   0.693255E+07   0.693184E+07   0.127801E+02
   0.205016E-01   0.125290E+08   0.124949E+08  -0.386178E+03  -0.100172E+04   0.120994E+08   0.124940E+08   0.125233E+08   0.124940E+08  -0.187757E+00   0.647604E+07   0.647533E+07   0.115103E+02
   0.226592E-01   0.116105E+08   0.115727E+08  -0.248386E+03  -0.759873E+03   0.111501E+08   0.115727E+08   0.116041E+08   0.115727E+08  -0.173910E+00   0.599888E+07   0.599818E+07   0.103359E+02
   0.250440E-01   0.106824E+08   0.106411E+08  -0.209024E+03  -0.572304E+03   0.101943E+08   0.106422E+08   0.106755E+08   0.106422E+08  -0.159922E+00   0.551692E+07   0.551622E+07   0.924003E+01
   0.276798E-01   0.975744E+07   0.971315E+07  -0.128815E+03  -0.427924E+03   0.924544E+07   0.971511E+07   0.975000E+07   0.971511E+07  -0.145987E+00   0.503672E+07   0.503604E+07   0.819376E+01
   0.305930E-01   0.884317E+07   0.879684E+07  -0.195534E+03  -0.317485E+03   0.831152E+07   0.879917E+07   0.883540E+07   0.879916E+07  -0.132219E+00   0.456229E+07   0.456163E+07   0.717223E+01
   0.338127E-01   0.796334E+07   0.791637E+07  -0.100114E+03  -0.234051E+03   0.741607E+07   0.791815E+07   0.795546E+07   0.791815E+07  -0.118977E+00   0.410594E+07   0.410531E+07   0.616194E+01
   0.373714E-01   0.714571E+07   0.709992E+07  -0.420072E+02  -0.171944E+03   0.658600E+07   0.709985E+07   0.713802E+07   0.709985E+07  -0.106677E+00   0.368206E+07   0.368149E+07   0.516093E+01
   0.413045E-01   0.641584E+07   0.637332E+07  -0.984546E+02  -0.126400E+03   0.584330E+07   0.636960E+07   0.640870E+07   0.636960E+07  -0.957000E-01   0.330381E+07   0.330330E+07   0.418321E+01
   0.454350E-01   0.580273E+07   0.576527E+07   0.702983E+02  -0.945074E+02   0.522016E+07   0.575658E+07   0.579644E+07   0.575658E+07  -0.864855E-01   0.298631E+07   0.298586E+07   0.329572E+01
   0.495654E-01   0.532552E+07   0.529397E+07   0.541189E+02  -0.729085E+02   0.473177E+07   0.527953E+07   0.532022E+07   0.527953E+07  -0.793142E-01   0.273925E+07   0.273887E+07   0.255894E+01
   0.536959E-01   0.494414E+07   0.491850E+07   0.427379E+02  -0.576988E+02   0.433826E+07   0.489823E+07   0.493984E+07   0.489823E+07  -0.735822E-01   0.254182E+07   0.254150E+07   0.197367E+01
   0.578264E-01   0.462484E+07   0.460442E+07   0.344116E+02  -0.465584E+02   0.400726E+07   0.457894E+07   0.462141E+07   0.457894E+07  -0.687821E-01   0.237652E+07   0.237625E+07   0.153345E+01
   0.619568E-01   0.434426E+07   0.432785E+07   0.281084E+02  -0.381141E+02   0.371675E+07   0.429830E+07   0.434151E+07   0.429830E+07  -0.645631E-01   0.223123E+07   0.223100E+07   0.122435E+01
   0.660873E-01   0.408167E+07   0.406783E+07   0.231692E+02  -0.314872E+02   0.344785E+07   0.403568E+07   0.407935E+07   0.403568E+07  -0.606150E-01   0.209524E+07   0.209504E+07   0.102430E+01
   0.702177E-01   0.382480E+07   0.381211E+07   0.191956E+02  -0.261466E+02   0.318958E+07   0.377889E+07   0.382267E+07   0.377889E+07  -0.567550E-01   0.196225E+07   0.196206E+07   0.907395E+00
   0.743482E-01   0.357298E+07   0.356028E+07   0.159636E+02  -0.217942E+02   0.294145E+07   0.352732E+07   0.357085E+07   0.352732E+07  -0.529739E-01   0.183193E+07   0.183174E+07   0.847395E+00
   0.784786E-01   0.332220E+07   0.330869E+07   0.132953E+02  -0.181932E+02   0.269995E+07   0.327706E+07   0.331993E+07   0.327706E+07  -0.492126E-01   0.170224E+07   0.170204E+07   0.818280E+00
   0.826091E-01   0.308197E+07   0.306730E+07   0.111089E+02  -0.152365E+02   0.247271E+07   0.303754E+07   0.307951E+07   0.303754E+07  -0.456133E-01   0.157809E+07   0.157789E+07   0.800121E+00
   0.867395E-01   0.285886E+07   0.284312E+07   0.932790E+01  -0.128231E+02   0.226450E+07   0.281529E+07   0.285621E+07   0.281529E+07  -0.422736E-01   0.146287E+07   0.146266E+07   0.778007E+00
   0.918936E-01   0.261242E+07   0.259593E+07   0.757587E+01  -0.104442E+02   0.203673E+07   0.257003E+07   0.260965E+07   0.257003E+07  -0.385881E-01   0.133570E+07   0.133550E+07   0.732222E+00
   0.970477E-01   0.240778E+07   0.239152E+07   0.624584E+01  -0.863453E+01   0.184800E+07   0.236652E+07   0.240505E+07   0.236652E+07  -0.355302E-01   0.123018E+07   0.122999E+07   0.662772E+00
   0.102202E+00   0.224665E+07   0.223160E+07   0.524336E+01  -0.726840E+01   0.169790E+07   0.220635E+07   0.224412E+07   0.220635E+07  -0.331232E-01   0.114715E+07   0.114697E+07   0.575778E+00
   0.107356E+00   0.212314E+07   0.211000E+07   0.448147E+01  -0.622886E+01   0.158026E+07   0.208354E+07   0.212093E+07   0.208354E+07  -0.312776E-01   0.108351E+07   0.108335E+07   0.482790E+00
   0.112510E+00   0.202522E+07   0.201424E+07   0.388438E+01  -0.541316E+01   0.148478E+07   0.198613E+07   0.202338E+07   0.198613E+07  -0.298133E-01   0.103305E+07   0.103292E+07   0.396051E+00
   0.117664E+00   0.193970E+07   0.193070E+07   0.339491E+01  -0.474340E+01   0.140092E+07   0.190103E+07   0.193819E+07   0.190103E+07  -0.285341E-01   0.988982E+06   0.988867E+06   0.325066E+00
   0.122818E+00   0.185631E+07   0.184876E+07   0.297610E+01  -0.416906E+01   0.132083E+07   0.181810E+07   0.185504E+07   0.181810E+07  -0.272876E-01   0.946018E+06   0.945917E+06   0.274688E+00
   0.127972E+00   0.176910E+07   0.176232E+07   0.260714E+01  -0.366168E+01   0.124018E+07   0.173147E+07   0.176797E+07   0.173147E+07  -0.259857E-01   0.901112E+06   0.901018E+06   0.244744E+00
   0.133126E+00   0.167643E+07   0.166976E+07   0.227821E+01  -0.320801E+01   0.115789E+07   0.163952E+07   0.167531E+07   0.163952E+07  -0.246043E-01   0.853422E+06   0.853330E+06   0.231010E+00
   0.138280E+00   0.158021E+07   0.157320E+07   0.198612E+01  -0.280397E+01   0.107539E+07   0.154420E+07   0.157903E+07   0.154420E+07  -0.231724E-01   0.803955E+06   0.803861E+06   0.227023E+00
   0.143435E+00   0.148468E+07   0.147713E+07   0.173065E+01  -0.244959E+01   0.995586E+06   0.144968E+07   0.148342E+07   0.144968E+07  -0.217527E-01   0.754885E+06   0.754788E+06   0.226072E+00
   0.148589E+00   0.139497E+07   0.138695E+07   0.151202E+01  -0.214557E+01   0.921798E+06   0.136099E+07   0.139362E+07   0.136099E+07  -0.204206E-01   0.708832E+06   0.708733E+06   0.222826E+00
   0.153743E+00   0.131572E+07   0.130751E+07   0.132938E+01  -0.189113E+01   0.856855E+06   0.128270E+07   0.131434E+07   0.128270E+07  -0.192448E-01   0.668179E+06   0.668080E+06   0.214263E+00
   0.158897E+00   0.124964E+07   0.124161E+07   0.117973E+01  -0.168235E+01   0.802149E+06   0.121744E+07   0.124830E+07   0.121744E+07  -0.182646E-01   0.634297E+06   0.634202E+06   0.199817E+00
   0.164051E+00   0.119646E+07   0.118893E+07   0.105769E+01  -0.151194E+01   0.757083E+06   0.116489E+07   0.119519E+07   0.116489E+07  -0.174753E-01   0.607026E+06   0.606937E+06   0.180892E+00
   0.169205E+00   0.115338E+07   0.114659E+07   0.956743E+00  -0.137085E+01   0.719530E+06   0.112231E+07   0.115224E+07   0.112231E+07  -0.168355E-01   0.584938E+06   0.584856E+06   0.160043E+00
   0.174359E+00   0.111669E+07   0.111071E+07   0.870861E+00  -0.125067E+01   0.686889E+06   0.108603E+07   0.111568E+07   0.108603E+07  -0.162904E-01   0.566124E+06   0.566051E+06   0.140080E+00
   0.179513E+00   0.108279E+07   0.107753E+07   0.795283E+00  -0.114473E+01   0.656768E+06   0.105251E+07   0.108191E+07   0.105251E+07  -0.157866E-01   0.548740E+06   0.548674E+06   0.123283E+00
   0.184667E+00   0.104857E+07   0.104383E+07   0.726511E+00  -0.104812E+01   0.627171E+06   0.101868E+07   0.104777E+07   0.101868E+07  -0.152785E-01   0.531194E+06   0.531133E+06   0.110891E+00
   0.189821E+00   0.101193E+07   0.100748E+07   0.662426E+00  -0.957804E+00   0.596919E+06   0.982533E+06   0.101118E+07   0.982533E+06  -0.147355E-01   0.512428E+06   0.512369E+06   0.102995E+00
   0.194975E+00   0.972507E+06   0.968109E+06   0.602352E+00  -0.872876E+00   0.565796E+06   0.943693E+06   0.971768E+06   0.943693E+06  -0.141522E-01   0.492250E+06   0.492192E+06   0.987415E-01
   0.200130E+00   0.931545E+06   0.927047E+06   0.546679E+00  -0.793946E+00   0.534570E+06   0.903389E+06   0.930790E+06   0.903389E+06  -0.135471E-01   0.471302E+06   0.471244E+06   0.967313E-01
   0.205284E+00   0.890974E+06   0.886313E+06   0.496070E+00  -0.722015E+00   0.504356E+06   0.863508E+06   0.890191E+06   0.863508E+06  -0.129484E-01   0.450567E+06   0.450508E+06   0.954380E-01
   0.210438E+00   0.852606E+06   0.847815E+06   0.450959E+00  -0.657766E+00   0.476142E+06   0.825822E+06   0.851802E+06   0.825822E+06  -0.123827E-01   0.430970E+06   0.430911E+06   0.935892E-01
   0.215592E+00   0.817875E+06   0.813051E+06   0.411462E+00  -0.601420E+00   0.450652E+06   0.791725E+06   0.817065E+06   0.791725E+06  -0.118708E-01   0.413238E+06   0.413180E+06   0.904227E-01
   0.220746E+00   0.787655E+06   0.782926E+06   0.377361E+00  -0.552714E+00   0.428264E+06   0.762062E+06   0.786861E+06   0.762062E+06  -0.114255E-01   0.397815E+06   0.397758E+06   0.857646E-01
   0.225900E+00   0.761982E+06   0.757469E+06   0.348054E+00  -0.510819E+00   0.408883E+06   0.736857E+06   0.761224E+06   0.736857E+06  -0.110470E-01   0.384715E+06   0.384660E+06   0.799370E-01
   0.231054E+00   0.740030E+06   0.735813E+06   0.322633E+00  -0.474450E+00   0.391951E+06   0.715299E+06   0.739322E+06   0.715299E+06  -0.107233E-01   0.373513E+06   0.373462E+06   0.735645E-01
   0.236208E+00   0.720493E+06   0.716599E+06   0.300120E+00  -0.442206E+00   0.376690E+06   0.696108E+06   0.719839E+06   0.696108E+06  -0.104351E-01   0.363544E+06   0.363496E+06   0.673561E-01
   0.241362E+00   0.702035E+06   0.698436E+06   0.279673E+00  -0.412874E+00   0.362344E+06   0.677981E+06   0.701431E+06   0.677981E+06  -0.101629E-01   0.354127E+06   0.354082E+06   0.619119E-01
   0.246516E+00   0.683556E+06   0.680184E+06   0.260668E+00  -0.385556E+00   0.348314E+06   0.659845E+06   0.682990E+06   0.659845E+06  -0.989061E-02   0.344702E+06   0.344660E+06   0.575905E-01
   0.251670E+00   0.664368E+06   0.661138E+06   0.242729E+00  -0.359704E+00   0.334243E+06   0.641033E+06   0.663825E+06   0.641033E+06  -0.960819E-02   0.334921E+06   0.334880E+06   0.544623E-01
   0.256825E+00   0.644323E+06   0.641154E+06   0.225723E+00  -0.335133E+00   0.320063E+06   0.621403E+06   0.643791E+06   0.621403E+06  -0.931354E-02   0.324709E+06   0.324669E+06   0.523447E-01
   0.261979E+00   0.623793E+06   0.620626E+06   0.209712E+00  -0.311942E+00   0.305968E+06   0.601319E+06   0.623262E+06   0.601319E+06  -0.901212E-02   0.314257E+06   0.314217E+06   0.508944E-01
   0.267133E+00   0.603433E+06   0.600242E+06   0.194832E+00  -0.290343E+00   0.292278E+06   0.581416E+06   0.602897E+06   0.581416E+06  -0.871345E-02   0.303896E+06   0.303856E+06   0.497167E-01
   0.272287E+00   0.583913E+06   0.580704E+06   0.181201E+00  -0.270521E+00   0.279307E+06   0.562346E+06   0.583374E+06   0.562346E+06  -0.842729E-02   0.293967E+06   0.293927E+06   0.484667E-01
   0.277441E+00   0.565768E+06   0.562573E+06   0.168873E+00  -0.252565E+00   0.267287E+06   0.544627E+06   0.565232E+06   0.544627E+06  -0.816141E-02   0.284741E+06   0.284702E+06   0.469196E-01
   0.282595E+00   0.549315E+06   0.546177E+06   0.157822E+00  -0.236452E+00   0.256334E+06   0.528564E+06   0.548789E+06   0.528564E+06  -0.792036E-02   0.276378E+06   0.276340E+06   0.450002E-01
   0.287749E+00   0.534596E+06   0.531556E+06   0.147946E+00  -0.222038E+00   0.246432E+06   0.514192E+06   0.534085E+06   0.514192E+06  -0.770469E-02   0.268897E+06   0.268860E+06   0.427694E-01
   0.292903E+00   0.521371E+06   0.518460E+06   0.139076E+00  -0.209078E+00   0.237436E+06   0.501280E+06   0.520882E+06   0.501280E+06  -0.751090E-02   0.262177E+06   0.262141E+06   0.403806E-01
   0.298057E+00   0.509213E+06   0.506442E+06   0.131012E+00  -0.197284E+00   0.229120E+06   0.489409E+06   0.508747E+06   0.489409E+06  -0.733275E-02   0.255999E+06   0.255966E+06   0.380216E-01
   0.303211E+00   0.497643E+06   0.495005E+06   0.123568E+00  -0.186380E+00   0.221249E+06   0.478116E+06   0.497200E+06   0.478116E+06  -0.716326E-02   0.250122E+06   0.250089E+06   0.358616E-01
   0.308365E+00   0.486254E+06   0.483727E+06   0.116596E+00  -0.176149E+00   0.213629E+06   0.467006E+06   0.485830E+06   0.467006E+06  -0.699653E-02   0.244338E+06   0.244307E+06   0.340119E-01
   0.313520E+00   0.474789E+06   0.472344E+06   0.110001E+00  -0.166452E+00   0.206140E+06   0.455828E+06   0.474379E+06   0.455828E+06  -0.682881E-02   0.238518E+06   0.238488E+06   0.325090E-01
   0.318674E+00   0.463168E+06   0.460775E+06   0.103740E+00  -0.157227E+00   0.198746E+06   0.444508E+06   0.462766E+06   0.444508E+06  -0.665896E-02   0.232621E+06   0.232591E+06   0.313190E-01
   0.323828E+00   0.451472E+06   0.449108E+06   0.978097E-01  -0.148470E+00   0.191480E+06   0.433122E+06   0.451075E+06   0.433122E+06  -0.648816E-02   0.226688E+06   0.226659E+06   0.303570E-01
   0.328982E+00   0.439891E+06   0.437544E+06   0.922285E-01  -0.140214E+00   0.184419E+06   0.421857E+06   0.439497E+06   0.421857E+06  -0.631917E-02   0.220817E+06   0.220788E+06   0.295165E-01
   0.334136E+00   0.428660E+06   0.426330E+06   0.870204E-01  -0.132497E+00   0.177653E+06   0.410937E+06   0.428269E+06   0.410937E+06  -0.615537E-02   0.215125E+06   0.215096E+06   0.286974E-01
   0.339290E+00   0.417987E+06   0.415681E+06   0.822008E-01  -0.125347E+00   0.171261E+06   0.400564E+06   0.417600E+06   0.400564E+06  -0.599979E-02   0.209717E+06   0.209689E+06   0.278283E-01
   0.344444E+00   0.408002E+06   0.405734E+06   0.777661E-01  -0.118759E+00   0.165281E+06   0.390861E+06   0.407621E+06   0.390861E+06  -0.585425E-02   0.204659E+06   0.204631E+06   0.268769E-01
   0.349598E+00   0.398724E+06   0.396508E+06   0.736923E-01  -0.112702E+00   0.159711E+06   0.381849E+06   0.398352E+06   0.381849E+06  -0.571906E-02   0.199961E+06   0.199934E+06   0.258492E-01
   0.354752E+00   0.390082E+06   0.387929E+06   0.699400E-01  -0.107117E+00   0.154507E+06   0.373454E+06   0.389721E+06   0.373454E+06  -0.559314E-02   0.195586E+06   0.195559E+06   0.247799E-01
   0.359906E+00   0.381946E+06   0.379861E+06   0.664633E-01  -0.101936E+00   0.149607E+06   0.365552E+06   0.381595E+06   0.365552E+06  -0.547460E-02   0.191466E+06   0.191441E+06   0.237183E-01
   0.365060E+00   0.374164E+06   0.372145E+06   0.632177E-01  -0.970931E-01   0.144942E+06   0.357996E+06   0.373825E+06   0.357996E+06  -0.536127E-02   0.187528E+06   0.187503E+06   0.227134E-01
   0.370215E+00   0.366593E+06   0.364635E+06   0.601639E-01  -0.925303E-01   0.140452E+06   0.350648E+06   0.366265E+06   0.350648E+06  -0.525105E-02   0.183697E+06   0.183673E+06   0.218012E-01
   0.375369E+00   0.359123E+06   0.357215E+06   0.572718E-01  -0.882022E-01   0.136088E+06   0.343400E+06   0.358803E+06   0.343400E+06  -0.514235E-02   0.179918E+06   0.179894E+06   0.209978E-01
   0.380523E+00   0.351692E+06   0.349824E+06   0.545222E-01  -0.840806E-01   0.131824E+06   0.336195E+06   0.351378E+06   0.336195E+06  -0.503428E-02   0.176160E+06   0.176136E+06   0.202989E-01
   0.385677E+00   0.344310E+06   0.342472E+06   0.519083E-01  -0.801560E-01   0.127662E+06   0.329040E+06   0.344001E+06   0.329040E+06  -0.492698E-02   0.172427E+06   0.172404E+06   0.196845E-01
   0.390831E+00   0.337035E+06   0.335222E+06   0.494310E-01  -0.764306E-01   0.123620E+06   0.321993E+06   0.336731E+06   0.321993E+06  -0.482131E-02   0.168750E+06   0.168728E+06   0.191263E-01
   0.395985E+00   0.329947E+06   0.328158E+06   0.470936E-01  -0.729107E-01   0.119726E+06   0.315129E+06   0.329647E+06   0.315129E+06  -0.471840E-02   0.165169E+06   0.165147E+06   0.185951E-01
   0.401139E+00   0.323110E+06   0.321345E+06   0.448968E-01  -0.695980E-01   0.115999E+06   0.308511E+06   0.322814E+06   0.308511E+06  -0.461917E-02   0.161715E+06   0.161693E+06   0.180671E-01
   0.406293E+00   0.316564E+06   0.314826E+06   0.428374E-01  -0.664889E-01   0.112449E+06   0.302176E+06   0.316272E+06   0.302176E+06  -0.452418E-02   0.158408E+06   0.158387E+06   0.175286E-01
   0.411447E+00   0.310325E+06   0.308619E+06   0.409097E-01  -0.635750E-01   0.109077E+06   0.296141E+06   0.310039E+06   0.296141E+06  -0.443369E-02   0.155259E+06   0.155238E+06   0.169771E-01
   0.416601E+00   0.304392E+06   0.302722E+06   0.391051E-01  -0.608442E-01   0.105877E+06   0.290403E+06   0.304112E+06   0.290403E+06  -0.434765E-02   0.152263E+06   0.152243E+06   0.164194E-01
   0.421755E+00   0.298729E+06   0.297096E+06   0.374117E-01  -0.582789E-01   0.102833E+06   0.284926E+06   0.298455E+06   0.284926E+06  -0.426554E-02   0.149405E+06   0.149385E+06   0.158678E-01
   0.426910E+00   0.293275E+06   0.291680E+06   0.358155E-01  -0.558580E-01   0.999180E+05   0.279654E+06   0.293007E+06   0.279654E+06  -0.418649E-02   0.146652E+06   0.146633E+06   0.153357E-01
   0.432064E+00   0.287971E+06   0.286412E+06   0.343038E-01  -0.535625E-01   0.971091E+05   0.274528E+06   0.287709E+06   0.274528E+06  -0.410964E-02   0.143977E+06   0.143957E+06   0.148341E-01
   0.437218E+00   0.282780E+06   0.281254E+06   0.328676E-01  -0.513790E-01   0.943907E+05   0.269513E+06   0.282524E+06   0.269513E+06  -0.403446E-02   0.141358E+06   0.141340E+06   0.143698E-01
   0.442372E+00   0.277685E+06   0.276187E+06   0.315008E-01  -0.492981E-01   0.917542E+05   0.264592E+06   0.277433E+06   0.264592E+06  -0.396069E-02   0.138789E+06   0.138770E+06   0.139437E-01
   0.447526E+00   0.272673E+06   0.271201E+06   0.301984E-01  -0.473128E-01   0.891938E+05   0.259754E+06   0.272426E+06   0.259754E+06  -0.388816E-02   0.136262E+06   0.136244E+06   0.135515E-01
   0.452680E+00   0.267746E+06   0.266296E+06   0.289572E-01  -0.454183E-01   0.867079E+05   0.255000E+06   0.267503E+06   0.255000E+06  -0.381689E-02   0.133778E+06   0.133761E+06   0.131856E-01
   0.457834E+00   0.262923E+06   0.261494E+06   0.277760E-01  -0.436132E-01   0.843008E+05   0.250347E+06   0.262683E+06   0.250347E+06  -0.374715E-02   0.131348E+06   0.131330E+06   0.128374E-01
   0.462988E+00   0.258232E+06   0.256824E+06   0.266548E-01  -0.418978E-01   0.819795E+05   0.245823E+06   0.257996E+06   0.245823E+06  -0.367935E-02   0.128985E+06   0.128967E+06   0.124994E-01
   0.468142E+00   0.253695E+06   0.252308E+06   0.255925E-01  -0.402708E-01   0.797485E+05   0.241449E+06   0.253462E+06   0.241449E+06  -0.361378E-02   0.126699E+06   0.126682E+06   0.121664E-01
   0.473296E+00   0.249315E+06   0.247950E+06   0.245863E-01  -0.387282E-01   0.776062E+05   0.237227E+06   0.249086E+06   0.237227E+06  -0.355050E-02   0.124493E+06   0.124476E+06   0.118359E-01
   0.478450E+00   0.245085E+06   0.243743E+06   0.236329E-01  -0.372649E-01   0.755484E+05   0.233151E+06   0.244860E+06   0.233151E+06  -0.348941E-02   0.122363E+06   0.122346E+06   0.115083E-01
   0.483605E+00   0.240997E+06   0.239679E+06   0.227285E-01  -0.358756E-01   0.735701E+05   0.229212E+06   0.240776E+06   0.229212E+06  -0.343038E-02   0.120305E+06   0.120289E+06   0.111863E-01
   0.488759E+00   0.237038E+06   0.235744E+06   0.218696E-01  -0.345548E-01   0.716658E+05   0.225400E+06   0.236821E+06   0.225400E+06  -0.337324E-02   0.118312E+06   0.118296E+06   0.108733E-01
   0.493913E+00   0.233192E+06   0.231921E+06   0.210523E-01  -0.332966E-01   0.698283E+05   0.221696E+06   0.232978E+06   0.221696E+06  -0.331773E-02   0.116376E+06   0.116361E+06   0.105727E-01
   0.499067E+00   0.229436E+06   0.228188E+06   0.202726E-01  -0.320951E-01   0.680498E+05   0.218080E+06   0.229227E+06   0.218080E+06  -0.326355E-02   0.114487E+06   0.114471E+06   0.102868E-01
   0.504221E+00   0.225757E+06   0.224530E+06   0.195275E-01  -0.309456E-01   0.663244E+05   0.214539E+06   0.225551E+06   0.214539E+06  -0.321048E-02   0.112636E+06   0.112621E+06   0.100161E-01
   0.509375E+00   0.222149E+06   0.220941E+06   0.188150E-01  -0.298451E-01   0.646497E+05   0.211068E+06   0.221946E+06   0.211068E+06  -0.315847E-02   0.110821E+06   0.110806E+06   0.976011E-02
   0.514529E+00   0.218615E+06   0.217425E+06   0.181336E-01  -0.287916E-01   0.630249E+05   0.207669E+06   0.218415E+06   0.207669E+06  -0.310753E-02   0.109044E+06   0.109029E+06   0.951707E-02
   0.519683E+00   0.215158E+06   0.213985E+06   0.174823E-01  -0.277835E-01   0.614499E+05   0.204345E+06   0.214961E+06   0.204345E+06  -0.305771E-02   0.107305E+06   0.107291E+06   0.928453E-02
   0.524837E+00   0.211779E+06   0.210623E+06   0.168597E-01  -0.268189E-01   0.599239E+05   0.201097E+06   0.211585E+06   0.201097E+06  -0.300905E-02   0.105607E+06   0.105593E+06   0.905994E-02
   0.529991E+00   0.208483E+06   0.207344E+06   0.162649E-01  -0.258964E-01   0.584470E+05   0.197929E+06   0.208292E+06   0.197929E+06  -0.296159E-02   0.103950E+06   0.103936E+06   0.884131E-02
   0.535145E+00   0.205276E+06   0.204153E+06   0.156970E-01  -0.250148E-01   0.570196E+05   0.194848E+06   0.205088E+06   0.194848E+06  -0.291542E-02   0.102339E+06   0.102325E+06   0.862747E-02
   0.540300E+00   0.202160E+06   0.201053E+06   0.151551E-01  -0.241727E-01   0.556413E+05   0.191854E+06   0.201974E+06   0.191854E+06  -0.287056E-02   0.100773E+06   0.100759E+06   0.841807E-02
   0.545454E+00   0.199129E+06   0.198040E+06   0.146375E-01  -0.233676E-01   0.543096E+05   0.188944E+06   0.198946E+06   0.188944E+06  -0.282696E-02   0.992503E+05   0.992369E+05   0.821334E-02
   0.550608E+00   0.196176E+06   0.195103E+06   0.141425E-01  -0.225970E-01   0.530210E+05   0.186108E+06   0.195996E+06   0.186108E+06  -0.278448E-02   0.977670E+05   0.977538E+05   0.801392E-02
   0.555762E+00   0.193294E+06   0.192238E+06   0.136687E-01  -0.218587E-01   0.517728E+05   0.183342E+06   0.193117E+06   0.183342E+06  -0.274303E-02   0.963198E+05   0.963068E+05   0.782067E-02
   0.560916E+00   0.190480E+06   0.189440E+06   0.132149E-01  -0.211509E-01   0.505628E+05   0.180641E+06   0.190306E+06   0.180641E+06  -0.270257E-02   0.949068E+05   0.948939E+05   0.763431E-02
   0.566070E+00   0.187729E+06   0.186704E+06   0.127799E-01  -0.204719E-01   0.493889E+05   0.178002E+06   0.187557E+06   0.178002E+06  -0.266303E-02   0.935255E+05   0.935128E+05   0.745520E-02
   0.571224E+00   0.185034E+06   0.184024E+06   0.123625E-01  -0.198196E-01   0.482485E+05   0.175417E+06   0.184865E+06   0.175417E+06  -0.262430E-02   0.921728E+05   0.921603E+05   0.728322E-02
   0.576378E+00   0.182392E+06   0.181396E+06   0.119617E-01  -0.191927E-01   0.471397E+05   0.172883E+06   0.182225E+06   0.172883E+06  -0.258634E-02   0.908467E+05   0.908344E+05   0.711788E-02
   0.581532E+00   0.179803E+06   0.178820E+06   0.115767E-01  -0.185902E-01   0.460621E+05   0.170400E+06   0.179638E+06   0.170400E+06  -0.254916E-02   0.895475E+05   0.895353E+05   0.695855E-02
   0.586686E+00   0.177270E+06   0.176300E+06   0.112072E-01  -0.180113E-01   0.450158E+05   0.167972E+06   0.177107E+06   0.167972E+06  -0.251278E-02   0.882765E+05   0.882645E+05   0.680448E-02
   0.591840E+00   0.174794E+06   0.173837E+06   0.108526E-01  -0.174552E-01   0.440003E+05   0.165599E+06   0.174633E+06   0.165599E+06  -0.247723E-02   0.870341E+05   0.870223E+05   0.665497E-02
   0.596995E+00   0.172372E+06   0.171428E+06   0.105121E-01  -0.169207E-01   0.430146E+05   0.163279E+06   0.172214E+06   0.163279E+06  -0.244248E-02   0.858195E+05   0.858079E+05   0.650941E-02
   0.602149E+00   0.170004E+06   0.169073E+06   0.101851E-01  -0.164070E-01   0.420578E+05   0.161010E+06   0.169848E+06   0.161010E+06  -0.240850E-02   0.846320E+05   0.846205E+05   0.636745E-02
   0.607303E+00   0.167691E+06   0.166772E+06   0.987107E-02  -0.159132E-01   0.411296E+05   0.158795E+06   0.167537E+06   0.158795E+06  -0.237532E-02   0.834720E+05   0.834607E+05   0.622902E-02
   0.612457E+00   0.165432E+06   0.164525E+06   0.956947E-02  -0.154386E-01   0.402292E+05   0.156631E+06   0.165280E+06   0.156631E+06  -0.234291E-02   0.823393E+05   0.823281E+05   0.609421E-02
   0.659749E+00   0.146752E+06   0.145947E+06   0.728010E-02  -0.118216E-01   0.330562E+05   0.138763E+06   0.146617E+06   0.138763E+06  -0.207532E-02   0.729802E+05   0.729702E+05   0.503030E-02
   0.710693E+00   0.130096E+06   0.129382E+06   0.553559E-02  -0.904578E-02   0.270752E+05   0.122860E+06   0.129977E+06   0.122860E+06  -0.183720E-02   0.646455E+05   0.646366E+05   0.415061E-02
   0.765571E+00   0.115281E+06   0.114648E+06   0.420808E-02  -0.691831E-02   0.221129E+05   0.108739E+06   0.115175E+06   0.108739E+06  -0.162580E-02   0.572402E+05   0.572323E+05   0.342504E-02
   0.895965E+00   0.890965E+05   0.886059E+05   0.235338E-02  -0.391580E-02   0.142788E+05   0.838457E+05   0.890141E+05   0.838457E+05  -0.125325E-02   0.441742E+05   0.441681E+05   0.227938E-02
   0.125042E+01   0.512386E+05   0.509554E+05   0.683885E-03  -0.116258E-02   0.542935E+04   0.480263E+05   0.511910E+05   0.480263E+05  -0.717488E-03   0.253414E+05   0.253378E+05   0.962782E-03
   0.174510E+01   0.292030E+05   0.290411E+05   0.197763E-03  -0.341611E-03   0.196503E+04   0.272940E+05   0.291758E+05   0.272940E+05  -0.407603E-03   0.144182E+05   0.144161E+05   0.411023E-03
   0.243548E+01   0.165064E+05   0.164145E+05   0.569170E-04  -0.994275E-04   0.680114E+03   0.153975E+05   0.164909E+05   0.153975E+05  -0.229882E-03   0.814029E+04   0.813897E+04   0.180296E-03
