    0.10000E-03    0.32926E+03
    0.10202E-03    0.33564E+03
    0.10408E-03    0.34215E+03
    0.10618E-03    0.34878E+03
    0.10833E-03    0.35554E+03
    0.11052E-03    0.36243E+03
    0.11275E-03    0.36945E+03
    0.11503E-03    0.37661E+03
    0.11735E-03    0.38390E+03
    0.11972E-03    0.39134E+03
    0.12214E-03    0.39892E+03
    0.12461E-03    0.40665E+03
    0.12712E-03    0.41453E+03
    0.12969E-03    0.42256E+03
    0.13231E-03    0.43075E+03
    0.13499E-03    0.43909E+03
    0.13771E-03    0.44760E+03
    0.14049E-03    0.45627E+03
    0.14333E-03    0.46511E+03
    0.14623E-03    0.47412E+03
    0.14918E-03    0.48330E+03
    0.15220E-03    0.49267E+03
    0.15527E-03    0.50221E+03
    0.15841E-03    0.51193E+03
    0.16161E-03    0.52185E+03
    0.16487E-03    0.53196E+03
    0.16820E-03    0.54226E+03
    0.17160E-03    0.55276E+03
    0.17507E-03    0.56346E+03
    0.17860E-03    0.57437E+03
    0.18221E-03    0.58550E+03
    0.18589E-03    0.59683E+03
    0.18965E-03    0.60839E+03
    0.19348E-03    0.62017E+03
    0.19739E-03    0.63217E+03
    0.20138E-03    0.64441E+03
    0.20544E-03    0.65688E+03
    0.20959E-03    0.66960E+03
    0.21383E-03    0.68256E+03
    0.21815E-03    0.69577E+03
    0.22255E-03    0.70923E+03
    0.22705E-03    0.72295E+03
    0.23164E-03    0.73694E+03
    0.23632E-03    0.75120E+03
    0.24109E-03    0.76573E+03
    0.24596E-03    0.78055E+03
    0.25093E-03    0.79564E+03
    0.25600E-03    0.81103E+03
    0.26117E-03    0.82672E+03
    0.26645E-03    0.84271E+03
    0.27183E-03    0.85900E+03
    0.27732E-03    0.87561E+03
    0.28292E-03    0.89253E+03
    0.28864E-03    0.90979E+03
    0.29447E-03    0.92737E+03
    0.30042E-03    0.94529E+03
    0.30649E-03    0.96356E+03
    0.31268E-03    0.98217E+03
    0.31899E-03    0.10011E+04
    0.32544E-03    0.10205E+04
    0.33201E-03    0.10402E+04
    0.33872E-03    0.10603E+04
    0.34556E-03    0.10807E+04
    0.35254E-03    0.11016E+04
    0.35966E-03    0.11229E+04
    0.36693E-03    0.11445E+04
    0.37434E-03    0.11666E+04
    0.38190E-03    0.11891E+04
    0.38962E-03    0.12121E+04
    0.39749E-03    0.12354E+04
    0.40552E-03    0.12592E+04
    0.41371E-03    0.12835E+04
    0.42207E-03    0.13083E+04
    0.43060E-03    0.13335E+04
    0.43929E-03    0.13591E+04
    0.44817E-03    0.13853E+04
    0.45722E-03    0.14120E+04
    0.46646E-03    0.14392E+04
    0.47588E-03    0.14668E+04
    0.48550E-03    0.14951E+04
    0.49530E-03    0.15238E+04
    0.50531E-03    0.15531E+04
    0.51552E-03    0.15829E+04
    0.52593E-03    0.16134E+04
    0.53656E-03    0.16443E+04
    0.54739E-03    0.16759E+04
    0.55845E-03    0.17081E+04
    0.56973E-03    0.17408E+04
    0.58124E-03    0.17742E+04
    0.59299E-03    0.18082E+04
    0.60496E-03    0.18429E+04
    0.61719E-03    0.18782E+04
    0.62965E-03    0.19141E+04
    0.64237E-03    0.19508E+04
    0.65535E-03    0.19881E+04
    0.66859E-03    0.20261E+04
    0.68210E-03    0.20648E+04
    0.69588E-03    0.21042E+04
    0.70993E-03    0.21444E+04
    0.72427E-03    0.21853E+04
    0.73891E-03    0.22270E+04
    0.75383E-03    0.22694E+04
    0.76906E-03    0.23126E+04
    0.78460E-03    0.23567E+04
    0.80045E-03    0.24015E+04
    0.81662E-03    0.24471E+04
    0.83311E-03    0.24936E+04
    0.84994E-03    0.25409E+04
    0.86711E-03    0.25891E+04
    0.88463E-03    0.26382E+04
    0.90250E-03    0.26882E+04
    0.92073E-03    0.27390E+04
    0.93933E-03    0.27908E+04
    0.95831E-03    0.28435E+04
    0.97767E-03    0.28972E+04
    0.99742E-03    0.29519E+04
    0.10176E-02    0.30075E+04
    0.10381E-02    0.30641E+04
    0.10591E-02    0.31217E+04
    0.10805E-02    0.31803E+04
    0.11023E-02    0.32400E+04
    0.11246E-02    0.33008E+04
    0.11473E-02    0.33626E+04
    0.11705E-02    0.34255E+04
    0.11941E-02    0.34894E+04
    0.12182E-02    0.35546E+04
    0.12429E-02    0.36208E+04
    0.12680E-02    0.36882E+04
    0.12936E-02    0.37567E+04
    0.13197E-02    0.38265E+04
    0.13464E-02    0.38974E+04
    0.13736E-02    0.39695E+04
    0.14013E-02    0.40429E+04
    0.14296E-02    0.41175E+04
    0.14585E-02    0.41933E+04
    0.14880E-02    0.42704E+04
    0.15180E-02    0.43488E+04
    0.15487E-02    0.44286E+04
    0.15800E-02    0.45096E+04
    0.16119E-02    0.45919E+04
    0.16445E-02    0.46756E+04
    0.16777E-02    0.47607E+04
    0.17116E-02    0.48471E+04
    0.17462E-02    0.49349E+04
    0.17814E-02    0.50242E+04
    0.18174E-02    0.51148E+04
    0.18541E-02    0.52068E+04
    0.18916E-02    0.53003E+04
    0.19298E-02    0.53953E+04
    0.19688E-02    0.54917E+04
    0.20086E-02    0.55895E+04
    0.20491E-02    0.56889E+04
    0.20905E-02    0.57897E+04
    0.21328E-02    0.58920E+04
    0.21758E-02    0.59959E+04
    0.22198E-02    0.61012E+04
    0.22646E-02    0.62081E+04
    0.23104E-02    0.63165E+04
    0.23571E-02    0.64265E+04
    0.24047E-02    0.65379E+04
    0.24533E-02    0.66510E+04
    0.25028E-02    0.67655E+04
    0.25534E-02    0.68816E+04
    0.26050E-02    0.69993E+04
    0.26576E-02    0.71185E+04
    0.27113E-02    0.72392E+04
    0.27660E-02    0.73615E+04
    0.28219E-02    0.74853E+04
    0.28789E-02    0.76107E+04
    0.29371E-02    0.77375E+04
    0.29964E-02    0.78659E+04
    0.30569E-02    0.79958E+04
    0.31187E-02    0.81272E+04
    0.31817E-02    0.82601E+04
    0.32460E-02    0.83944E+04
    0.33115E-02    0.85302E+04
    0.33784E-02    0.86674E+04
    0.34467E-02    0.88060E+04
    0.35163E-02    0.89460E+04
    0.35874E-02    0.90874E+04
    0.36598E-02    0.92301E+04
    0.37338E-02    0.93741E+04
    0.38092E-02    0.95194E+04
    0.38861E-02    0.96660E+04
    0.39646E-02    0.98137E+04
    0.40447E-02    0.99627E+04
    0.41264E-02    0.10113E+05
    0.42098E-02    0.10264E+05
    0.42948E-02    0.10416E+05
    0.43816E-02    0.10569E+05
    0.44701E-02    0.10723E+05
    0.45604E-02    0.10878E+05
    0.46525E-02    0.11034E+05
    0.47465E-02    0.11191E+05
    0.48424E-02    0.11348E+05
    0.49402E-02    0.11506E+05
    0.50400E-02    0.11665E+05
    0.51419E-02    0.11824E+05
    0.52457E-02    0.11984E+05
    0.53517E-02    0.12144E+05
    0.54598E-02    0.12304E+05
    0.55701E-02    0.12464E+05
    0.56826E-02    0.12625E+05
    0.57974E-02    0.12786E+05
    0.59145E-02    0.12946E+05
    0.60340E-02    0.13107E+05
    0.61559E-02    0.13267E+05
    0.62803E-02    0.13427E+05
    0.64072E-02    0.13586E+05
    0.65366E-02    0.13745E+05
    0.66686E-02    0.13903E+05
    0.68033E-02    0.14060E+05
    0.69408E-02    0.14217E+05
    0.70810E-02    0.14372E+05
    0.72240E-02    0.14526E+05
    0.73700E-02    0.14679E+05
    0.75189E-02    0.14831E+05
    0.76708E-02    0.14981E+05
    0.78257E-02    0.15129E+05
    0.79838E-02    0.15275E+05
    0.81451E-02    0.15419E+05
    0.83096E-02    0.15561E+05
    0.84775E-02    0.15700E+05
    0.86488E-02    0.15837E+05
    0.88235E-02    0.15972E+05
    0.90017E-02    0.16103E+05
    0.91836E-02    0.16231E+05
    0.93691E-02    0.16356E+05
    0.95583E-02    0.16477E+05
    0.97514E-02    0.16595E+05
    0.99484E-02    0.16708E+05
    0.10149E-01    0.16818E+05
    0.10354E-01    0.16923E+05
    0.10564E-01    0.17024E+05
    0.10777E-01    0.17119E+05
    0.10995E-01    0.17210E+05
    0.11217E-01    0.17295E+05
    0.11443E-01    0.17375E+05
    0.11675E-01    0.17449E+05
    0.11910E-01    0.17517E+05
    0.12151E-01    0.17579E+05
    0.12397E-01    0.17635E+05
    0.12647E-01    0.17685E+05
    0.12902E-01    0.17728E+05
    0.13163E-01    0.17763E+05
    0.13429E-01    0.17792E+05
    0.13700E-01    0.17813E+05
    0.13977E-01    0.17826E+05
    0.14259E-01    0.17831E+05
    0.14547E-01    0.17830E+05
    0.14841E-01    0.17822E+05
    0.15141E-01    0.17808E+05
    0.15447E-01    0.17789E+05
    0.15759E-01    0.17764E+05
    0.16077E-01    0.17731E+05
    0.16402E-01    0.17689E+05
    0.16734E-01    0.17637E+05
    0.17072E-01    0.17573E+05
    0.17416E-01    0.17499E+05
    0.17768E-01    0.17414E+05
    0.18127E-01    0.17320E+05
    0.18493E-01    0.17218E+05
    0.18867E-01    0.17108E+05
    0.19248E-01    0.16989E+05
    0.19637E-01    0.16862E+05
    0.20034E-01    0.16725E+05
    0.20438E-01    0.16578E+05
    0.20851E-01    0.16420E+05
    0.21272E-01    0.16252E+05
    0.21702E-01    0.16075E+05
    0.22141E-01    0.15890E+05
    0.22588E-01    0.15698E+05
    0.23044E-01    0.15501E+05
    0.23510E-01    0.15297E+05
    0.23985E-01    0.15088E+05
    0.24469E-01    0.14874E+05
    0.24964E-01    0.14655E+05
    0.25468E-01    0.14431E+05
    0.25982E-01    0.14202E+05
    0.26507E-01    0.13969E+05
    0.27043E-01    0.13730E+05
    0.27589E-01    0.13487E+05
    0.28146E-01    0.13240E+05
    0.28715E-01    0.12989E+05
    0.29295E-01    0.12735E+05
    0.29887E-01    0.12479E+05
    0.30490E-01    0.12221E+05
    0.31106E-01    0.11963E+05
    0.31735E-01    0.11704E+05
    0.32376E-01    0.11446E+05
    0.33030E-01    0.11189E+05
    0.33697E-01    0.10934E+05
    0.34378E-01    0.10681E+05
    0.35072E-01    0.10431E+05
    0.35781E-01    0.10186E+05
    0.36504E-01    0.99457E+04
    0.37241E-01    0.97117E+04
    0.37993E-01    0.94844E+04
    0.38761E-01    0.92638E+04
    0.39544E-01    0.90495E+04
    0.40343E-01    0.88410E+04
    0.41158E-01    0.86379E+04
    0.41989E-01    0.84402E+04
    0.42838E-01    0.82485E+04
    0.43703E-01    0.80636E+04
    0.44586E-01    0.78865E+04
    0.45486E-01    0.77179E+04
    0.46405E-01    0.75583E+04
    0.47343E-01    0.74072E+04
    0.48299E-01    0.72638E+04
    0.49275E-01    0.71277E+04
    0.50270E-01    0.69983E+04
    0.51286E-01    0.68749E+04
    0.52322E-01    0.67567E+04
    0.53379E-01    0.66431E+04
    0.54457E-01    0.65334E+04
    0.55557E-01    0.64270E+04
    0.56680E-01    0.63234E+04
    0.57825E-01    0.62218E+04
    0.58993E-01    0.61218E+04
    0.60184E-01    0.60221E+04
    0.61400E-01    0.59217E+04
    0.62641E-01    0.58196E+04
    0.63906E-01    0.57144E+04
    0.65197E-01    0.56051E+04
    0.66514E-01    0.54907E+04
    0.67858E-01    0.53706E+04
    0.69229E-01    0.52454E+04
    0.70627E-01    0.51158E+04
    0.72054E-01    0.49817E+04
    0.73510E-01    0.48418E+04
    0.74994E-01    0.46950E+04
    0.76509E-01    0.45417E+04
    0.78055E-01    0.43843E+04
    0.79632E-01    0.42247E+04
    0.81241E-01    0.40644E+04
    0.82882E-01    0.39047E+04
    0.84556E-01    0.37466E+04
    0.86264E-01    0.35917E+04
    0.88007E-01    0.34413E+04
    0.89785E-01    0.32969E+04
    0.91598E-01    0.31598E+04
    0.93449E-01    0.30309E+04
    0.95337E-01    0.29114E+04
    0.97263E-01    0.28021E+04
    0.99227E-01    0.27036E+04
    0.10123E+00    0.26159E+04
    0.10328E+00    0.25388E+04
    0.10536E+00    0.24716E+04
    0.10749E+00    0.24128E+04
    0.10966E+00    0.23612E+04
    0.11188E+00    0.23146E+04
    0.11414E+00    0.22712E+04
    0.11644E+00    0.22289E+04
    0.11880E+00    0.21859E+04
    0.12120E+00    0.21403E+04
    0.12365E+00    0.20907E+04
    0.12614E+00    0.20361E+04
    0.12869E+00    0.19758E+04
    0.13129E+00    0.19097E+04
    0.13394E+00    0.18383E+04
    0.13665E+00    0.17625E+04
    0.13941E+00    0.16837E+04
    0.14223E+00    0.16038E+04
    0.14510E+00    0.15248E+04
    0.14803E+00    0.14487E+04
    0.15102E+00    0.13776E+04
    0.15407E+00    0.13132E+04
    0.15718E+00    0.12567E+04
    0.16036E+00    0.12083E+04
    0.16360E+00    0.11676E+04
    0.16690E+00    0.11335E+04
    0.17028E+00    0.11045E+04
    0.17371E+00    0.10789E+04
    0.17722E+00    0.10547E+04
    0.18080E+00    0.10300E+04
    0.18446E+00    0.10031E+04
    0.18818E+00    0.97256E+03
    0.19198E+00    0.93771E+03
    0.19586E+00    0.89905E+03
    0.19982E+00    0.85785E+03
    0.20386E+00    0.81583E+03
    0.20797E+00    0.77474E+03
    0.21218E+00    0.73615E+03
    0.21646E+00    0.70138E+03
    0.22083E+00    0.67127E+03
    0.22530E+00    0.64595E+03
    0.22985E+00    0.62473E+03
    0.23449E+00    0.60632E+03
    0.23923E+00    0.58920E+03
    0.24406E+00    0.57187E+03
    0.24899E+00    0.55312E+03
    0.25402E+00    0.53233E+03
    0.25915E+00    0.50967E+03
    0.26439E+00    0.48601E+03
    0.26973E+00    0.46253E+03
    0.27518E+00    0.44039E+03
    0.28074E+00    0.42044E+03
    0.28641E+00    0.40307E+03
    0.29219E+00    0.38806E+03
    0.29810E+00    0.37469E+03
    0.30412E+00    0.36196E+03
    0.31026E+00    0.34902E+03
    0.31653E+00    0.33535E+03
    0.32292E+00    0.32099E+03
    0.32945E+00    0.30638E+03
    0.33610E+00    0.29222E+03
    0.34289E+00    0.27911E+03
    0.34982E+00    0.26733E+03
    0.35689E+00    0.25674E+03
    0.36409E+00    0.24693E+03
    0.37145E+00    0.23741E+03
    0.37895E+00    0.22781E+03
    0.38661E+00    0.21803E+03
    0.39442E+00    0.20833E+03
    0.40239E+00    0.19902E+03
    0.41052E+00    0.19035E+03
    0.41881E+00    0.18236E+03
    0.42727E+00    0.17491E+03
    0.43590E+00    0.16772E+03
    0.44471E+00    0.16064E+03
    0.45369E+00    0.15365E+03
    0.46286E+00    0.14685E+03
    0.47221E+00    0.14041E+03
    0.48174E+00    0.13435E+03
    0.49148E+00    0.12864E+03
    0.50141E+00    0.12315E+03
    0.51153E+00    0.11782E+03
    0.52187E+00    0.11264E+03
    0.53241E+00    0.10766E+03
    0.54317E+00    0.10294E+03
    0.55414E+00    0.98458E+02
    0.56533E+00    0.94165E+02
    0.57675E+00    0.90029E+02
    0.58840E+00    0.86043E+02
    0.60029E+00    0.82227E+02
    0.61242E+00    0.78588E+02
    0.62479E+00    0.75109E+02
    0.63741E+00    0.71775E+02
    0.65029E+00    0.68581E+02
    0.66342E+00    0.65522E+02
    0.67683E+00    0.62594E+02
    0.69050E+00    0.59792E+02
    0.70445E+00    0.57112E+02
    0.71868E+00    0.54549E+02
    0.73320E+00    0.52099E+02
    0.74801E+00    0.49755E+02
    0.76312E+00    0.47512E+02
    0.77854E+00    0.45366E+02
    0.79426E+00    0.43313E+02
    0.81031E+00    0.41349E+02
    0.82668E+00    0.39471E+02
    0.84338E+00    0.37674E+02
    0.86041E+00    0.35957E+02
    0.87780E+00    0.34315E+02
    0.89553E+00    0.32746E+02
    0.91362E+00    0.31247E+02
    0.93208E+00    0.29814E+02
    0.95091E+00    0.28445E+02
    0.97011E+00    0.27137E+02
    0.98971E+00    0.25888E+02
    0.10097E+01    0.24694E+02
    0.10301E+01    0.23554E+02
    0.10509E+01    0.22466E+02
    0.10721E+01    0.21426E+02
    0.10938E+01    0.20433E+02
    0.11159E+01    0.19485E+02
    0.11384E+01    0.18580E+02
    0.11614E+01    0.17716E+02
    0.11849E+01    0.16890E+02
    0.12088E+01    0.16103E+02
    0.12333E+01    0.15351E+02
    0.12582E+01    0.14633E+02
    0.12836E+01    0.13949E+02
    0.13095E+01    0.13295E+02
    0.13360E+01    0.12671E+02
    0.13630E+01    0.12076E+02
    0.13905E+01    0.11508E+02
    0.14186E+01    0.10966E+02
    0.14472E+01    0.10449E+02
    0.14765E+01    0.99555E+01
    0.15063E+01    0.94848E+01
    0.15367E+01    0.90358E+01
    0.15678E+01    0.86074E+01
    0.15994E+01    0.81988E+01
    0.16318E+01    0.78091E+01
    0.16647E+01    0.74374E+01
    0.16984E+01    0.70829E+01
    0.17327E+01    0.67448E+01
    0.17677E+01    0.64224E+01
    0.18034E+01    0.61150E+01
    0.18398E+01    0.58219E+01
    0.18770E+01    0.55426E+01
    0.19149E+01    0.52763E+01
    0.19536E+01    0.50226E+01
    0.19930E+01    0.47809E+01
    0.20333E+01    0.45506E+01
    0.20744E+01    0.43312E+01
    0.21163E+01    0.41223E+01
    0.21590E+01    0.39233E+01
    0.22026E+01    0.37338E+01
    0.22471E+01    0.35534E+01
    0.22925E+01    0.33817E+01
    0.23388E+01    0.32182E+01
    0.23861E+01    0.30626E+01
    0.24343E+01    0.29145E+01
