#          k/h    CDM            baryon         photon         nu             mass_nu        total          no_nu          total_de       Weyl           v_CDM          v_b            v_b-v_c     
   0.102076E-04   0.213519E+08   0.213519E+08   0.284557E+08   0.284553E+08   0.213520E+08   0.213519E+08   0.213519E+08   0.213590E+08  -0.443372E+00   0.935728E+07   0.935728E+07   0.584542E+01
   0.112819E-04   0.213518E+08   0.213518E+08   0.284526E+08   0.284521E+08   0.213519E+08   0.213518E+08   0.213518E+08   0.213589E+08  -0.443371E+00   0.935730E+07   0.935730E+07   0.646042E+01
   0.124693E-04   0.213517E+08   0.213517E+08   0.284489E+08   0.284483E+08   0.213518E+08   0.213517E+08   0.213517E+08   0.213588E+08  -0.443370E+00   0.935734E+07   0.935734E+07   0.714009E+01
   0.137816E-04   0.213516E+08   0.213516E+08   0.284443E+08   0.284435E+08   0.213517E+08   0.213516E+08   0.213516E+08   0.213587E+08  -0.443369E+00   0.935738E+07   0.935738E+07   0.789119E+01
   0.152321E-04   0.213515E+08   0.213515E+08   0.284386E+08   0.284378E+08   0.213515E+08   0.213515E+08   0.213515E+08   0.213586E+08  -0.443367E+00   0.935742E+07   0.935742E+07   0.872122E+01
   0.168352E-04   0.213513E+08   0.213513E+08   0.284318E+08   0.284307E+08   0.213514E+08   0.213513E+08   0.213513E+08   0.213584E+08  -0.443365E+00   0.935748E+07   0.935748E+07   0.963843E+01
   0.186070E-04   0.213511E+08   0.213511E+08   0.284234E+08   0.284221E+08   0.213512E+08   0.213511E+08   0.213511E+08   0.213582E+08  -0.443363E+00   0.935756E+07   0.935756E+07   0.106520E+02
   0.205653E-04   0.213508E+08   0.213508E+08   0.284132E+08   0.284116E+08   0.213509E+08   0.213509E+08   0.213508E+08   0.213580E+08  -0.443360E+00   0.935765E+07   0.935765E+07   0.117718E+02
   0.227297E-04   0.213506E+08   0.213506E+08   0.284007E+08   0.283988E+08   0.213506E+08   0.213506E+08   0.213506E+08   0.213577E+08  -0.443356E+00   0.935776E+07   0.935776E+07   0.130092E+02
   0.251219E-04   0.213502E+08   0.213502E+08   0.283855E+08   0.283831E+08   0.213503E+08   0.213502E+08   0.213502E+08   0.213573E+08  -0.443352E+00   0.935789E+07   0.935789E+07   0.143761E+02
   0.277659E-04   0.213497E+08   0.213497E+08   0.283669E+08   0.283640E+08   0.213498E+08   0.213498E+08   0.213497E+08   0.213568E+08  -0.443347E+00   0.935806E+07   0.935806E+07   0.158862E+02
   0.306881E-04   0.213492E+08   0.213492E+08   0.283442E+08   0.283406E+08   0.213493E+08   0.213492E+08   0.213492E+08   0.213563E+08  -0.443340E+00   0.935826E+07   0.935826E+07   0.175543E+02
   0.339179E-04   0.213485E+08   0.213485E+08   0.283165E+08   0.283121E+08   0.213486E+08   0.213486E+08   0.213485E+08   0.213556E+08  -0.443332E+00   0.935850E+07   0.935850E+07   0.193964E+02
   0.374876E-04   0.213477E+08   0.213477E+08   0.282827E+08   0.282773E+08   0.213478E+08   0.213477E+08   0.213477E+08   0.213548E+08  -0.443322E+00   0.935880E+07   0.935880E+07   0.214306E+02
   0.414330E-04   0.213468E+08   0.213467E+08   0.282414E+08   0.282349E+08   0.213468E+08   0.213468E+08   0.213468E+08   0.213538E+08  -0.443310E+00   0.935916E+07   0.935916E+07   0.236764E+02
   0.457936E-04   0.213456E+08   0.213455E+08   0.281911E+08   0.281832E+08   0.213456E+08   0.213456E+08   0.213456E+08   0.213526E+08  -0.443296E+00   0.935960E+07   0.935960E+07   0.261551E+02
   0.506132E-04   0.213441E+08   0.213441E+08   0.281297E+08   0.281201E+08   0.213442E+08   0.213441E+08   0.213441E+08   0.213511E+08  -0.443278E+00   0.936014E+07   0.936014E+07   0.288902E+02
   0.559400E-04   0.213423E+08   0.213423E+08   0.280550E+08   0.280432E+08   0.213424E+08   0.213423E+08   0.213423E+08   0.213493E+08  -0.443256E+00   0.936080E+07   0.936080E+07   0.319069E+02
   0.618274E-04   0.213401E+08   0.213401E+08   0.279639E+08   0.279496E+08   0.213402E+08   0.213401E+08   0.213401E+08   0.213471E+08  -0.443230E+00   0.936161E+07   0.936160E+07   0.352329E+02
   0.683345E-04   0.213374E+08   0.213374E+08   0.278530E+08   0.278356E+08   0.213375E+08   0.213374E+08   0.213374E+08   0.213444E+08  -0.443198E+00   0.936259E+07   0.936258E+07   0.388977E+02
   0.755264E-04   0.213342E+08   0.213342E+08   0.277182E+08   0.276969E+08   0.213343E+08   0.213342E+08   0.213342E+08   0.213411E+08  -0.443158E+00   0.936378E+07   0.936378E+07   0.429331E+02
   0.834752E-04   0.213302E+08   0.213302E+08   0.275543E+08   0.275285E+08   0.213303E+08   0.213302E+08   0.213302E+08   0.213371E+08  -0.443110E+00   0.936524E+07   0.936523E+07   0.473730E+02
   0.922605E-04   0.213254E+08   0.213254E+08   0.273554E+08   0.273240E+08   0.213255E+08   0.213254E+08   0.213254E+08   0.213322E+08  -0.443052E+00   0.936701E+07   0.936700E+07   0.522530E+02
   0.101971E-03   0.213195E+08   0.213195E+08   0.271143E+08   0.270762E+08   0.213196E+08   0.213195E+08   0.213195E+08   0.213263E+08  -0.442981E+00   0.936916E+07   0.936914E+07   0.576099E+02
   0.112702E-03   0.213124E+08   0.213123E+08   0.268225E+08   0.267765E+08   0.213124E+08   0.213124E+08   0.213124E+08   0.213191E+08  -0.442895E+00   0.937177E+07   0.937175E+07   0.634815E+02
   0.124564E-03   0.213037E+08   0.213036E+08   0.264703E+08   0.264147E+08   0.213037E+08   0.213037E+08   0.213037E+08   0.213103E+08  -0.442790E+00   0.937494E+07   0.937491E+07   0.699053E+02
   0.137674E-03   0.212931E+08   0.212930E+08   0.260460E+08   0.259790E+08   0.212932E+08   0.212931E+08   0.212931E+08   0.212996E+08  -0.442662E+00   0.937877E+07   0.937874E+07   0.769170E+02
   0.152163E-03   0.212803E+08   0.212802E+08   0.255368E+08   0.254563E+08   0.212803E+08   0.212803E+08   0.212803E+08   0.212866E+08  -0.442508E+00   0.938341E+07   0.938337E+07   0.845491E+02
   0.168178E-03   0.212648E+08   0.212646E+08   0.249278E+08   0.248315E+08   0.212648E+08   0.212648E+08   0.212648E+08   0.212710E+08  -0.442321E+00   0.938899E+07   0.938894E+07   0.928278E+02
   0.185878E-03   0.212460E+08   0.212458E+08   0.242031E+08   0.240883E+08   0.212460E+08   0.212460E+08   0.212460E+08   0.212520E+08  -0.442096E+00   0.939570E+07   0.939564E+07   0.101770E+03
   0.205440E-03   0.212234E+08   0.212232E+08   0.233457E+08   0.232097E+08   0.212234E+08   0.212234E+08   0.212234E+08   0.212292E+08  -0.441825E+00   0.940372E+07   0.940366E+07   0.111378E+03
   0.227062E-03   0.211962E+08   0.211959E+08   0.223387E+08   0.221786E+08   0.211962E+08   0.211961E+08   0.211961E+08   0.212017E+08  -0.441500E+00   0.941329E+07   0.941321E+07   0.121634E+03
   0.250959E-03   0.211636E+08   0.211632E+08   0.211664E+08   0.209797E+08   0.211635E+08   0.211635E+08   0.211635E+08   0.211688E+08  -0.441111E+00   0.942463E+07   0.942453E+07   0.132495E+03
   0.277372E-03   0.211247E+08   0.211242E+08   0.198168E+08   0.196013E+08   0.211246E+08   0.211246E+08   0.211246E+08   0.211295E+08  -0.440649E+00   0.943798E+07   0.943786E+07   0.143882E+03
   0.306564E-03   0.210785E+08   0.210779E+08   0.182842E+08   0.180386E+08   0.210783E+08   0.210784E+08   0.210784E+08   0.210829E+08  -0.440102E+00   0.945356E+07   0.945342E+07   0.155669E+03
   0.338828E-03   0.210239E+08   0.210233E+08   0.165730E+08   0.162977E+08   0.210237E+08   0.210238E+08   0.210238E+08   0.210279E+08  -0.439460E+00   0.947157E+07   0.947140E+07   0.167678E+03
   0.374488E-03   0.209600E+08   0.209593E+08   0.147025E+08   0.144000E+08   0.209597E+08   0.209599E+08   0.209599E+08   0.209635E+08  -0.438712E+00   0.949212E+07   0.949191E+07   0.179667E+03
   0.413901E-03   0.208858E+08   0.208849E+08   0.127116E+08   0.123874E+08   0.208854E+08   0.208856E+08   0.208856E+08   0.208888E+08  -0.437849E+00   0.951521E+07   0.951498E+07   0.191320E+03
   0.457462E-03   0.208005E+08   0.207995E+08   0.106621E+08   0.103257E+08   0.208001E+08   0.208003E+08   0.208004E+08   0.208030E+08  -0.436865E+00   0.954069E+07   0.954041E+07   0.202253E+03
   0.505608E-03   0.207038E+08   0.207025E+08   0.864035E+07   0.830508E+07   0.207032E+08   0.207036E+08   0.207036E+08   0.207057E+08  -0.435759E+00   0.956814E+07   0.956782E+07   0.212016E+03
   0.558821E-03   0.205957E+08   0.205942E+08   0.675157E+07   0.643444E+07   0.205950E+08   0.205954E+08   0.205954E+08   0.205971E+08  -0.434535E+00   0.959688E+07   0.959651E+07   0.220119E+03
   0.617635E-03   0.204770E+08   0.204752E+08   0.510666E+07   0.482645E+07   0.204761E+08   0.204766E+08   0.204767E+08   0.204779E+08  -0.433204E+00   0.962592E+07   0.962550E+07   0.226068E+03
   0.682638E-03   0.203491E+08   0.203471E+08   0.379818E+07   0.357202E+07   0.203480E+08   0.203487E+08   0.203488E+08   0.203497E+08  -0.431784E+00   0.965401E+07   0.965354E+07   0.229420E+03
   0.754482E-03   0.202146E+08   0.202123E+08   0.286930E+07   0.270781E+07   0.202132E+08   0.202141E+08   0.202142E+08   0.202148E+08  -0.430299E+00   0.967970E+07   0.967918E+07   0.229846E+03
   0.833888E-03   0.200762E+08   0.200736E+08   0.228642E+07   0.218860E+07   0.200745E+08   0.200757E+08   0.200758E+08   0.200763E+08  -0.428774E+00   0.970163E+07   0.970106E+07   0.227187E+03
   0.921651E-03   0.199374E+08   0.199345E+08   0.193519E+07   0.188583E+07   0.199353E+08   0.199368E+08   0.199369E+08   0.199373E+08  -0.427230E+00   0.971871E+07   0.971810E+07   0.221482E+03
   0.101865E-02   0.198010E+08   0.197978E+08   0.166054E+07   0.163329E+07   0.197984E+08   0.198003E+08   0.198004E+08   0.198007E+08  -0.425677E+00   0.973039E+07   0.972974E+07   0.212947E+03
   0.112586E-02   0.196689E+08   0.196654E+08   0.134915E+07   0.131667E+07   0.196657E+08   0.196681E+08   0.196683E+08   0.196685E+08  -0.424109E+00   0.973668E+07   0.973600E+07   0.201915E+03
   0.124435E-02   0.195418E+08   0.195381E+08   0.100525E+07   0.952333E+06   0.195379E+08   0.195410E+08   0.195412E+08   0.195412E+08  -0.422508E+00   0.973796E+07   0.973725E+07   0.188781E+03
   0.137531E-02   0.194190E+08   0.194151E+08   0.733160E+06   0.663174E+06   0.194141E+08   0.194180E+08   0.194183E+08   0.194182E+08  -0.420849E+00   0.973445E+07   0.973373E+07   0.174004E+03
   0.152006E-02   0.192989E+08   0.192949E+08   0.599081E+06   0.526158E+06   0.192930E+08   0.192978E+08   0.192982E+08   0.192980E+08  -0.419107E+00   0.972598E+07   0.972526E+07   0.158185E+03
   0.168004E-02   0.191798E+08   0.191758E+08   0.520871E+06   0.113784E+07   0.191726E+08   0.191787E+08   0.191791E+08   0.191789E+08  -0.417260E+00   0.971204E+07   0.971133E+07   0.142106E+03
   0.185685E-02   0.190601E+08   0.190562E+08   0.391420E+06   0.829831E+06   0.190513E+08   0.190589E+08   0.190595E+08   0.190590E+08  -0.415281E+00   0.969229E+07   0.969158E+07   0.126609E+03
   0.205228E-02   0.189379E+08   0.189339E+08   0.274762E+06   0.607161E+06   0.189272E+08   0.189366E+08   0.189373E+08   0.189367E+08  -0.413141E+00   0.966637E+07   0.966568E+07   0.112393E+03
   0.226827E-02   0.188111E+08   0.188071E+08   0.246021E+06   0.445732E+06   0.187980E+08   0.188096E+08   0.188104E+08   0.188097E+08  -0.410807E+00   0.963373E+07   0.963305E+07   0.999391E+02
   0.250700E-02   0.186777E+08   0.186736E+08   0.198551E+06   0.328603E+06   0.186617E+08   0.186759E+08   0.186770E+08   0.186760E+08  -0.408248E+00   0.959366E+07   0.959299E+07   0.894676E+02
   0.277085E-02   0.185355E+08   0.185312E+08   0.145185E+06   0.243363E+06   0.185161E+08   0.185335E+08   0.185348E+08   0.185335E+08  -0.405429E+00   0.954558E+07   0.954490E+07   0.807783E+02
   0.306246E-02   0.183824E+08   0.183779E+08   0.129005E+06   0.181076E+06   0.183589E+08   0.183801E+08   0.183816E+08   0.183801E+08  -0.402312E+00   0.948865E+07   0.948798E+07   0.733314E+02
   0.338478E-02   0.182162E+08   0.182116E+08   0.914706E+05   0.135470E+06   0.181879E+08   0.182136E+08   0.182155E+08   0.182136E+08  -0.398860E+00   0.942207E+07   0.942140E+07   0.665338E+02
   0.374101E-02   0.180349E+08   0.180299E+08   0.766429E+05   0.101875E+06   0.180006E+08   0.180317E+08   0.180340E+08   0.180317E+08  -0.395032E+00   0.934500E+07   0.934432E+07   0.600101E+02
   0.413473E-02   0.178359E+08   0.178307E+08   0.610679E+05   0.770524E+05   0.177946E+08   0.178323E+08   0.178351E+08   0.178323E+08  -0.390785E+00   0.925644E+07   0.925577E+07   0.538199E+02
   0.456989E-02   0.176172E+08   0.176115E+08   0.499081E+05   0.585851E+05   0.175675E+08   0.176129E+08   0.176162E+08   0.176129E+08  -0.386074E+00   0.915544E+07   0.915477E+07   0.482557E+02
   0.505085E-02   0.173762E+08   0.173701E+08   0.435338E+05   0.447833E+05   0.173167E+08   0.173712E+08   0.173752E+08   0.173712E+08  -0.380851E+00   0.904093E+07   0.904027E+07   0.434457E+02
   0.558243E-02   0.171106E+08   0.171039E+08   0.349707E+05   0.344004E+05   0.170396E+08   0.171047E+08   0.171095E+08   0.171047E+08  -0.375067E+00   0.891182E+07   0.891117E+07   0.391808E+02
   0.616996E-02   0.168179E+08   0.168105E+08   0.280984E+05   0.265385E+05   0.167335E+08   0.168109E+08   0.168167E+08   0.168109E+08  -0.368671E+00   0.876701E+07   0.876636E+07   0.352224E+02
   0.681932E-02   0.164957E+08   0.164874E+08   0.217162E+05   0.205494E+05   0.163959E+08   0.164875E+08   0.164943E+08   0.164875E+08  -0.361612E+00   0.860535E+07   0.860470E+07   0.316247E+02
   0.753702E-02   0.161414E+08   0.161322E+08   0.170741E+05   0.159591E+05   0.160241E+08   0.161319E+08   0.161399E+08   0.161319E+08  -0.353839E+00   0.842570E+07   0.842505E+07   0.284686E+02
   0.833025E-02   0.157528E+08   0.157424E+08   0.148331E+05   0.124204E+05   0.156156E+08   0.157417E+08   0.157510E+08   0.157417E+08  -0.345300E+00   0.822694E+07   0.822630E+07   0.256236E+02
   0.920698E-02   0.153276E+08   0.153158E+08   0.964591E+04   0.967811E+04   0.151684E+08   0.153147E+08   0.153256E+08   0.153147E+08  -0.335950E+00   0.800805E+07   0.800741E+07   0.230586E+02
   0.101760E-01   0.148639E+08   0.148504E+08   0.850757E+04   0.754337E+04   0.146805E+08   0.148491E+08   0.148616E+08   0.148491E+08  -0.325746E+00   0.776811E+07   0.776748E+07   0.207876E+02
   0.112469E-01   0.143601E+08   0.143446E+08   0.634087E+04   0.587599E+04   0.141506E+08   0.143432E+08   0.143575E+08   0.143432E+08  -0.314655E+00   0.750640E+07   0.750577E+07   0.187488E+02
   0.124306E-01   0.138151E+08   0.137974E+08   0.484557E+04   0.456986E+04   0.135779E+08   0.137959E+08   0.138121E+08   0.137959E+08  -0.302655E+00   0.722247E+07   0.722184E+07   0.169393E+02
   0.137389E-01   0.132285E+08   0.132082E+08   0.374231E+04   0.354524E+04   0.129623E+08   0.132069E+08   0.132251E+08   0.132069E+08  -0.289738E+00   0.691619E+07   0.691556E+07   0.153238E+02
   0.151849E-01   0.126007E+08   0.125775E+08   0.318963E+04   0.274094E+04   0.123046E+08   0.125766E+08   0.125968E+08   0.125766E+08  -0.275914E+00   0.658787E+07   0.658724E+07   0.138844E+02
   0.167830E-01   0.119453E+08   0.119188E+08   0.227429E+04   0.211205E+04   0.116187E+08   0.119186E+08   0.119409E+08   0.119186E+08  -0.261480E+00   0.624464E+07   0.624400E+07   0.126042E+02
   0.185493E-01   0.112430E+08   0.112130E+08   0.179369E+04   0.161770E+04   0.108864E+08   0.112136E+08   0.112380E+08   0.112136E+08  -0.246016E+00   0.587654E+07   0.587591E+07   0.114415E+02
   0.205016E-01   0.105087E+08   0.104750E+08   0.150167E+04   0.123162E+04   0.101235E+08   0.104768E+08   0.105030E+08   0.104768E+08  -0.229851E+00   0.549147E+07   0.549084E+07   0.103798E+02
   0.226592E-01   0.974094E+07   0.970345E+07   0.108352E+04   0.930565E+03   0.932966E+07   0.970664E+07   0.973464E+07   0.970664E+07  -0.212955E+00   0.508873E+07   0.508810E+07   0.938947E+01
   0.250440E-01   0.896520E+07   0.892417E+07   0.818067E+03   0.698491E+03   0.853087E+07   0.892875E+07   0.895831E+07   0.892875E+07  -0.195890E+00   0.468177E+07   0.468113E+07   0.845346E+01
   0.276798E-01   0.819197E+07   0.814795E+07   0.647346E+03   0.520741E+03   0.773806E+07   0.815370E+07   0.818458E+07   0.815370E+07  -0.178886E+00   0.427614E+07   0.427551E+07   0.754504E+01
   0.305930E-01   0.742757E+07   0.738148E+07   0.405478E+03   0.385331E+03   0.695789E+07   0.738789E+07   0.741983E+07   0.738789E+07  -0.162085E+00   0.387522E+07   0.387462E+07   0.664149E+01
   0.338127E-01   0.669183E+07   0.664507E+07   0.313599E+03   0.283382E+03   0.620988E+07   0.665119E+07   0.668398E+07   0.665120E+07  -0.145923E+00   0.348947E+07   0.348889E+07   0.573034E+01
   0.373714E-01   0.600800E+07   0.596240E+07   0.242970E+03   0.207711E+03   0.551650E+07   0.596688E+07   0.600035E+07   0.596688E+07  -0.130910E+00   0.313108E+07   0.313055E+07   0.481152E+01
   0.413045E-01   0.539780E+07   0.535546E+07   0.181288E+03   0.152365E+03   0.489641E+07   0.535651E+07   0.539070E+07   0.535651E+07  -0.117519E+00   0.281140E+07   0.281092E+07   0.390032E+01
   0.454350E-01   0.488517E+07   0.484787E+07   0.254118E+03   0.113685E+03   0.437616E+07   0.484414E+07   0.487891E+07   0.484414E+07  -0.106277E+00   0.254304E+07   0.254263E+07   0.306387E+01
   0.495654E-01   0.448612E+07   0.445471E+07   0.195835E+03   0.875310E+02   0.396836E+07   0.444541E+07   0.448085E+07   0.444541E+07  -0.975296E-01   0.233423E+07   0.233388E+07   0.236447E+01
   0.536959E-01   0.416731E+07   0.414180E+07   0.154823E+03   0.691404E+02   0.363988E+07   0.412685E+07   0.416303E+07   0.412685E+07  -0.905406E-01   0.216744E+07   0.216714E+07   0.180749E+01
   0.578264E-01   0.390044E+07   0.388014E+07   0.124805E+03   0.556888E+02   0.336366E+07   0.386014E+07   0.389703E+07   0.386014E+07  -0.846893E-01   0.202780E+07   0.202756E+07   0.138952E+01
   0.619568E-01   0.366591E+07   0.364961E+07   0.102068E+03   0.455065E+02   0.312125E+07   0.362570E+07   0.366317E+07   0.362570E+07  -0.795457E-01   0.190506E+07   0.190485E+07   0.109852E+01
   0.660873E-01   0.344629E+07   0.343255E+07   0.842377E+02   0.375273E+02   0.289681E+07   0.340614E+07   0.344398E+07   0.340614E+07  -0.747288E-01   0.179009E+07   0.178991E+07   0.913775E+00
   0.702177E-01   0.323125E+07   0.321866E+07   0.698800E+02   0.311068E+02   0.268112E+07   0.319124E+07   0.322913E+07   0.319124E+07  -0.700138E-01   0.167751E+07   0.167734E+07   0.810189E+00
   0.743482E-01   0.302023E+07   0.300761E+07   0.581894E+02   0.258830E+02   0.247372E+07   0.298046E+07   0.301811E+07   0.298046E+07  -0.653896E-01   0.156706E+07   0.156689E+07   0.761873E+00
   0.784786E-01   0.280983E+07   0.279640E+07   0.485262E+02   0.215685E+02   0.227167E+07   0.277051E+07   0.280757E+07   0.277051E+07  -0.607834E-01   0.145699E+07   0.145682E+07   0.743155E+00
   0.826091E-01   0.260810E+07   0.259352E+07   0.405989E+02   0.180317E+02   0.208136E+07   0.256939E+07   0.260565E+07   0.256939E+07  -0.563710E-01   0.135152E+07   0.135134E+07   0.734095E+00
   0.867395E-01   0.242061E+07   0.240494E+07   0.341340E+02   0.151492E+02   0.190685E+07   0.238263E+07   0.241798E+07   0.238263E+07  -0.522735E-01   0.125355E+07   0.125336E+07   0.719834E+00
   0.918936E-01   0.221338E+07   0.219697E+07   0.277665E+02   0.123121E+02   0.171576E+07   0.217640E+07   0.221063E+07   0.217640E+07  -0.477490E-01   0.114536E+07   0.114517E+07   0.682207E+00
   0.970477E-01   0.204124E+07   0.202505E+07   0.229269E+02   0.101571E+02   0.155731E+07   0.200525E+07   0.203852E+07   0.200525E+07  -0.439939E-01   0.105556E+07   0.105538E+07   0.619254E+00
   0.102202E+00   0.190572E+07   0.189073E+07   0.192756E+02   0.853194E+01   0.143121E+07   0.187056E+07   0.190320E+07   0.187056E+07  -0.410390E-01   0.984919E+06   0.984754E+06   0.537327E+00
   0.107356E+00   0.180189E+07   0.178880E+07   0.164983E+02   0.729631E+01   0.133235E+07   0.176737E+07   0.179969E+07   0.176737E+07  -0.387751E-01   0.930822E+06   0.930678E+06   0.448284E+00
   0.112510E+00   0.171961E+07   0.170869E+07   0.143201E+02   0.632757E+01   0.125208E+07   0.168557E+07   0.171778E+07   0.168557E+07  -0.369805E-01   0.887964E+06   0.887841E+06   0.364717E+00
   0.117664E+00   0.164775E+07   0.163880E+07   0.125327E+02   0.553311E+01   0.118156E+07   0.161411E+07   0.164625E+07   0.161411E+07  -0.354126E-01   0.850527E+06   0.850422E+06   0.296431E+00
   0.122818E+00   0.157760E+07   0.157010E+07   0.110014E+02   0.485301E+01   0.111416E+07   0.154438E+07   0.157634E+07   0.154438E+07  -0.338827E-01   0.813982E+06   0.813890E+06   0.248488E+00
   0.127972E+00   0.150412E+07   0.149739E+07   0.965037E+01   0.425352E+01   0.104626E+07   0.147141E+07   0.150299E+07   0.147141E+07  -0.322818E-01   0.775710E+06   0.775626E+06   0.220828E+00
   0.133126E+00   0.142591E+07   0.141929E+07   0.844398E+01   0.371877E+01   0.976948E+06   0.139383E+07   0.142480E+07   0.139383E+07  -0.305798E-01   0.734990E+06   0.734907E+06   0.209266E+00
   0.138280E+00   0.134462E+07   0.133764E+07   0.737104E+01   0.324364E+01   0.907441E+06   0.131329E+07   0.134345E+07   0.131329E+07  -0.288129E-01   0.692688E+06   0.692602E+06   0.207327E+00
   0.143435E+00   0.126383E+07   0.125631E+07   0.643122E+01   0.282783E+01   0.840192E+06   0.123335E+07   0.126256E+07   0.123335E+07  -0.270591E-01   0.650677E+06   0.650588E+06   0.208264E+00
   0.148589E+00   0.118789E+07   0.117991E+07   0.562588E+01   0.247179E+01   0.778013E+06   0.115830E+07   0.118655E+07   0.115830E+07  -0.254125E-01   0.611224E+06   0.611131E+06   0.206701E+00
   0.153743E+00   0.112080E+07   0.111263E+07   0.495244E+01   0.217423E+01   0.723299E+06   0.109203E+07   0.111943E+07   0.109203E+07  -0.239586E-01   0.576387E+06   0.576295E+06   0.199586E+00
   0.158897E+00   0.106486E+07   0.105685E+07   0.440022E+01   0.193033E+01   0.677226E+06   0.103680E+07   0.106352E+07   0.103680E+07  -0.227468E-01   0.547357E+06   0.547269E+06   0.186348E+00
   0.164051E+00   0.101984E+07   0.101234E+07   0.394965E+01   0.173137E+01   0.639291E+06   0.992351E+06   0.101858E+07   0.992351E+06  -0.217716E-01   0.524006E+06   0.523923E+06   0.168417E+00
   0.169205E+00   0.983394E+06   0.976633E+06   0.357675E+01   0.156675E+01   0.607697E+06   0.956355E+06   0.982259E+06   0.956355E+06  -0.209819E-01   0.505108E+06   0.505033E+06   0.148395E+00
   0.174359E+00   0.952363E+06   0.946407E+06   0.325931E+01   0.142665E+01   0.580245E+06   0.925698E+06   0.951363E+06   0.925698E+06  -0.203093E-01   0.489020E+06   0.488953E+06   0.129147E+00
   0.179513E+00   0.923687E+06   0.918452E+06   0.297970E+01   0.130332E+01   0.554911E+06   0.897366E+06   0.922808E+06   0.897366E+06  -0.196877E-01   0.474153E+06   0.474092E+06   0.112995E+00
   0.184667E+00   0.894715E+06   0.890005E+06   0.272499E+01   0.119106E+01   0.530005E+06   0.868757E+06   0.893924E+06   0.868757E+06  -0.190600E-01   0.459132E+06   0.459076E+06   0.101216E+00
   0.189821E+00   0.863670E+06   0.859241E+06   0.248728E+01   0.108639E+01   0.504530E+06   0.838141E+06   0.862926E+06   0.838141E+06  -0.183883E-01   0.443043E+06   0.442989E+06   0.939191E-01
   0.194975E+00   0.830228E+06   0.825855E+06   0.226412E+01   0.988234E+00   0.478303E+06   0.805207E+06   0.829494E+06   0.805207E+06  -0.176658E-01   0.425720E+06   0.425668E+06   0.902577E-01
   0.200130E+00   0.795455E+06   0.790981E+06   0.205702E+01   0.897225E+00   0.451974E+06   0.771002E+06   0.794704E+06   0.771002E+06  -0.169154E-01   0.407718E+06   0.407665E+06   0.888213E-01
   0.205284E+00   0.760994E+06   0.756357E+06   0.186852E+01   0.814458E+00   0.426487E+06   0.737136E+06   0.760216E+06   0.737136E+06  -0.161724E-01   0.389886E+06   0.389832E+06   0.880691E-01
   0.210438E+00   0.728394E+06   0.723624E+06   0.170033E+01   0.740654E+00   0.402679E+06   0.705123E+06   0.727593E+06   0.705123E+06  -0.154700E-01   0.373027E+06   0.372972E+06   0.867162E-01
   0.215592E+00   0.698878E+06   0.694074E+06   0.155295E+01   0.676010E+00   0.381163E+06   0.676155E+06   0.698071E+06   0.676155E+06  -0.148345E-01   0.357771E+06   0.357717E+06   0.839924E-01
   0.220746E+00   0.673195E+06   0.668487E+06   0.142563E+01   0.620182E+00   0.362263E+06   0.650956E+06   0.672404E+06   0.650956E+06  -0.142816E-01   0.344503E+06   0.344450E+06   0.797210E-01
   0.225900E+00   0.651380E+06   0.646887E+06   0.131615E+01   0.572190E+00   0.345897E+06   0.629552E+06   0.650626E+06   0.629552E+06  -0.138120E-01   0.333237E+06   0.333187E+06   0.742275E-01
   0.231054E+00   0.632732E+06   0.628534E+06   0.122115E+01   0.530552E+00   0.331598E+06   0.611250E+06   0.632027E+06   0.611250E+06  -0.134105E-01   0.323608E+06   0.323561E+06   0.681465E-01
   0.236208E+00   0.616136E+06   0.612260E+06   0.113697E+01   0.493669E+00   0.318709E+06   0.594961E+06   0.615485E+06   0.594961E+06  -0.130531E-01   0.315041E+06   0.314997E+06   0.621991E-01
   0.241362E+00   0.600454E+06   0.596873E+06   0.106045E+01   0.460162E+00   0.306591E+06   0.579572E+06   0.599853E+06   0.579572E+06  -0.127155E-01   0.306947E+06   0.306906E+06   0.569969E-01
   0.246516E+00   0.584747E+06   0.581393E+06   0.989266E+00   0.429012E+00   0.294741E+06   0.564167E+06   0.584184E+06   0.564167E+06  -0.123775E-01   0.298841E+06   0.298801E+06   0.529074E-01
   0.251670E+00   0.568427E+06   0.565214E+06   0.921993E+00   0.399598E+00   0.282858E+06   0.548176E+06   0.567887E+06   0.548176E+06  -0.120267E-01   0.290420E+06   0.290383E+06   0.500061E-01
   0.256825E+00   0.551368E+06   0.548215E+06   0.858146E+00   0.371706E+00   0.270883E+06   0.531478E+06   0.550839E+06   0.531478E+06  -0.116603E-01   0.281622E+06   0.281585E+06   0.481119E-01
   0.261979E+00   0.533888E+06   0.530736E+06   0.797961E+00   0.345435E+00   0.258980E+06   0.514384E+06   0.533359E+06   0.514384E+06  -0.112853E-01   0.272610E+06   0.272573E+06   0.468791E-01
   0.267133E+00   0.516545E+06   0.513369E+06   0.741974E+00   0.321013E+00   0.247418E+06   0.497437E+06   0.516012E+06   0.497437E+06  -0.109135E-01   0.263672E+06   0.263636E+06   0.459093E-01
   0.272287E+00   0.499914E+06   0.496720E+06   0.690644E+00   0.298635E+00   0.236463E+06   0.481196E+06   0.499378E+06   0.481196E+06  -0.105572E-01   0.255106E+06   0.255069E+06   0.448539E-01
   0.277441E+00   0.484453E+06   0.481272E+06   0.644184E+00   0.278389E+00   0.226311E+06   0.466104E+06   0.483919E+06   0.466104E+06  -0.102261E-01   0.247144E+06   0.247108E+06   0.434856E-01
   0.282595E+00   0.470433E+06   0.467309E+06   0.602517E+00   0.260238E+00   0.217060E+06   0.452422E+06   0.469909E+06   0.452422E+06  -0.992589E-02   0.239928E+06   0.239893E+06   0.417281E-01
   0.287749E+00   0.457890E+06   0.454864E+06   0.565259E+00   0.244012E+00   0.208697E+06   0.440184E+06   0.457382E+06   0.440184E+06  -0.965739E-02   0.233475E+06   0.233440E+06   0.396432E-01
   0.292903E+00   0.446622E+06   0.443724E+06   0.531780E+00   0.229436E+00   0.201098E+06   0.429190E+06   0.446136E+06   0.429190E+06  -0.941618E-02   0.227678E+06   0.227645E+06   0.373863E-01
   0.298057E+00   0.436263E+06   0.433505E+06   0.501329E+00   0.216183E+00   0.194074E+06   0.419083E+06   0.435800E+06   0.419083E+06  -0.919445E-02   0.222350E+06   0.222319E+06   0.351486E-01
   0.303211E+00   0.426404E+06   0.423778E+06   0.473198E+00   0.203945E+00   0.187424E+06   0.409467E+06   0.425963E+06   0.409467E+06  -0.898347E-02   0.217281E+06   0.217251E+06   0.331023E-01
   0.308365E+00   0.416697E+06   0.414182E+06   0.446829E+00   0.192480E+00   0.180984E+06   0.400003E+06   0.416275E+06   0.400003E+06  -0.877584E-02   0.212290E+06   0.212261E+06   0.313615E-01
   0.313520E+00   0.406922E+06   0.404488E+06   0.421864E+00   0.181634E+00   0.174653E+06   0.390478E+06   0.406513E+06   0.390478E+06  -0.856688E-02   0.207265E+06   0.207237E+06   0.299644E-01
   0.318674E+00   0.397010E+06   0.394628E+06   0.398141E+00   0.171333E+00   0.168400E+06   0.380828E+06   0.396610E+06   0.380828E+06  -0.835514E-02   0.202172E+06   0.202144E+06   0.288775E-01
   0.323828E+00   0.387030E+06   0.384678E+06   0.375649E+00   0.161574E+00   0.162251E+06   0.371118E+06   0.386635E+06   0.371118E+06  -0.814211E-02   0.197045E+06   0.197018E+06   0.280157E-01
   0.328982E+00   0.377147E+06   0.374811E+06   0.354462E+00   0.152386E+00   0.156274E+06   0.361507E+06   0.376755E+06   0.361507E+06  -0.793126E-02   0.191969E+06   0.191942E+06   0.272716E-01
   0.334136E+00   0.367560E+06   0.365240E+06   0.334678E+00   0.143811E+00   0.150546E+06   0.352189E+06   0.367170E+06   0.352189E+06  -0.772684E-02   0.187047E+06   0.187020E+06   0.265440E-01
   0.339290E+00   0.358448E+06   0.356153E+06   0.316357E+00   0.135874E+00   0.145133E+06   0.343337E+06   0.358063E+06   0.343337E+06  -0.753263E-02   0.182370E+06   0.182344E+06   0.257609E-01
   0.344444E+00   0.349922E+06   0.347665E+06   0.299491E+00   0.128569E+00   0.140070E+06   0.335057E+06   0.349543E+06   0.335057E+06  -0.735096E-02   0.177995E+06   0.177970E+06   0.248896E-01
   0.349598E+00   0.342001E+06   0.339795E+06   0.283989E+00   0.121858E+00   0.135354E+06   0.327365E+06   0.341631E+06   0.327365E+06  -0.718221E-02   0.173932E+06   0.173907E+06   0.239361E-01
   0.354752E+00   0.334622E+06   0.332478E+06   0.269704E+00   0.115675E+00   0.130948E+06   0.320201E+06   0.334262E+06   0.320201E+06  -0.702504E-02   0.170148E+06   0.170124E+06   0.229357E-01
   0.359906E+00   0.327673E+06   0.325598E+06   0.256461E+00   0.109945E+00   0.126801E+06   0.313457E+06   0.327325E+06   0.313457E+06  -0.687707E-02   0.166585E+06   0.166562E+06   0.219387E-01
   0.365060E+00   0.321027E+06   0.319018E+06   0.244091E+00   0.104596E+00   0.122854E+06   0.307008E+06   0.320690E+06   0.307008E+06  -0.673558E-02   0.163178E+06   0.163156E+06   0.209949E-01
   0.370215E+00   0.314560E+06   0.312612E+06   0.232445E+00   0.995612E-01   0.119055E+06   0.300735E+06   0.314233E+06   0.300735E+06  -0.659797E-02   0.159864E+06   0.159842E+06   0.201411E-01
   0.375369E+00   0.308178E+06   0.306279E+06   0.221408E+00   0.947925E-01   0.115364E+06   0.294547E+06   0.307859E+06   0.294547E+06  -0.646219E-02   0.156594E+06   0.156572E+06   0.193941E-01
   0.380523E+00   0.301828E+06   0.299968E+06   0.210907E+00   0.902578E-01   0.111758E+06   0.288393E+06   0.301516E+06   0.288393E+06  -0.632717E-02   0.153340E+06   0.153319E+06   0.187497E-01
   0.385677E+00   0.295518E+06   0.293689E+06   0.200916E+00   0.859461E-01   0.108238E+06   0.282281E+06   0.295211E+06   0.282281E+06  -0.619308E-02   0.150108E+06   0.150087E+06   0.181883E-01
   0.390831E+00   0.289299E+06   0.287495E+06   0.191441E+00   0.818587E-01   0.104821E+06   0.276260E+06   0.288996E+06   0.276260E+06  -0.606098E-02   0.146924E+06   0.146903E+06   0.176812E-01
   0.395985E+00   0.283239E+06   0.281458E+06   0.182496E+00   0.780015E-01   0.101529E+06   0.270394E+06   0.282940E+06   0.270394E+06  -0.593230E-02   0.143821E+06   0.143801E+06   0.171988E-01
   0.401139E+00   0.277393E+06   0.275635E+06   0.174083E+00   0.743756E-01   0.983772E+05   0.264738E+06   0.277098E+06   0.264738E+06  -0.580821E-02   0.140829E+06   0.140809E+06   0.167174E-01
   0.406293E+00   0.271794E+06   0.270064E+06   0.166192E+00   0.709758E-01   0.953741E+05   0.259323E+06   0.271504E+06   0.259323E+06  -0.568941E-02   0.137964E+06   0.137944E+06   0.162231E-01
   0.411447E+00   0.266459E+06   0.264761E+06   0.158801E+00   0.677926E-01   0.925211E+05   0.254165E+06   0.266174E+06   0.254165E+06  -0.557623E-02   0.135234E+06   0.135215E+06   0.157134E-01
   0.416601E+00   0.261385E+06   0.259722E+06   0.151879E+00   0.648123E-01   0.898130E+05   0.249260E+06   0.261106E+06   0.249260E+06  -0.546861E-02   0.132639E+06   0.132620E+06   0.151952E-01
   0.421755E+00   0.256541E+06   0.254915E+06   0.145381E+00   0.620151E-01   0.872352E+05   0.244578E+06   0.256268E+06   0.244578E+06  -0.536590E-02   0.130161E+06   0.130143E+06   0.146811E-01
   0.426910E+00   0.251875E+06   0.250287E+06   0.139252E+00   0.593780E-01   0.847665E+05   0.240070E+06   0.251608E+06   0.240070E+06  -0.526700E-02   0.127776E+06   0.127758E+06   0.141847E-01
   0.432064E+00   0.247337E+06   0.245785E+06   0.133444E+00   0.568801E-01   0.823871E+05   0.235687E+06   0.247076E+06   0.235687E+06  -0.517084E-02   0.125456E+06   0.125439E+06   0.137174E-01
   0.437218E+00   0.242896E+06   0.241377E+06   0.127923E+00   0.545067E-01   0.800839E+05   0.231399E+06   0.242641E+06   0.231399E+06  -0.507676E-02   0.123186E+06   0.123169E+06   0.132861E-01
   0.442372E+00   0.238535E+06   0.237045E+06   0.122666E+00   0.522475E-01   0.778499E+05   0.227190E+06   0.238285E+06   0.227190E+06  -0.498442E-02   0.120958E+06   0.120941E+06   0.128919E-01
   0.447526E+00   0.234246E+06   0.232781E+06   0.117654E+00   0.500945E-01   0.756802E+05   0.223051E+06   0.234000E+06   0.223051E+06  -0.489362E-02   0.118767E+06   0.118750E+06   0.125305E-01
   0.452680E+00   0.230029E+06   0.228586E+06   0.112874E+00   0.480422E-01   0.735734E+05   0.218984E+06   0.229787E+06   0.218984E+06  -0.480438E-02   0.116612E+06   0.116596E+06   0.121944E-01
   0.457834E+00   0.225900E+06   0.224478E+06   0.108323E+00   0.460889E-01   0.715332E+05   0.215002E+06   0.225661E+06   0.215002E+06  -0.471703E-02   0.114503E+06   0.114487E+06   0.118750E-01
   0.462988E+00   0.221884E+06   0.220482E+06   0.104000E+00   0.442345E-01   0.695657E+05   0.211131E+06   0.221649E+06   0.211131E+06  -0.463210E-02   0.112452E+06   0.112436E+06   0.115646E-01
   0.468142E+00   0.217999E+06   0.216618E+06   0.999034E-01   0.424773E-01   0.676748E+05   0.207388E+06   0.217767E+06   0.207388E+06  -0.454996E-02   0.110469E+06   0.110453E+06   0.112581E-01
   0.473296E+00   0.214248E+06   0.212890E+06   0.960212E-01   0.408128E-01   0.658592E+05   0.203774E+06   0.214020E+06   0.203774E+06  -0.447068E-02   0.108554E+06   0.108539E+06   0.109530E-01
   0.478450E+00   0.210626E+06   0.209290E+06   0.923405E-01   0.392352E-01   0.641154E+05   0.200285E+06   0.210402E+06   0.200285E+06  -0.439414E-02   0.106706E+06   0.106690E+06   0.106497E-01
   0.483605E+00   0.207124E+06   0.205813E+06   0.888477E-01   0.377386E-01   0.624392E+05   0.196913E+06   0.206904E+06   0.196913E+06  -0.432017E-02   0.104919E+06   0.104904E+06   0.103509E-01
   0.488759E+00   0.203734E+06   0.202446E+06   0.855290E-01   0.363171E-01   0.608259E+05   0.193650E+06   0.203518E+06   0.193650E+06  -0.424856E-02   0.103189E+06   0.103174E+06   0.100602E-01
   0.493913E+00   0.200439E+06   0.199174E+06   0.823695E-01   0.349643E-01   0.592693E+05   0.190479E+06   0.200227E+06   0.190479E+06  -0.417899E-02   0.101508E+06   0.101494E+06   0.978111E-02
   0.499067E+00   0.197222E+06   0.195979E+06   0.793543E-01   0.336736E-01   0.577627E+05   0.187383E+06   0.197013E+06   0.187383E+06  -0.411108E-02   0.998677E+05   0.998535E+05   0.951584E-02
   0.504221E+00   0.194069E+06   0.192848E+06   0.764712E-01   0.324400E-01   0.563011E+05   0.184351E+06   0.193864E+06   0.184351E+06  -0.404456E-02   0.982602E+05   0.982462E+05   0.926521E-02
   0.509375E+00   0.190978E+06   0.189776E+06   0.737126E-01   0.312600E-01   0.548823E+05   0.181378E+06   0.190776E+06   0.181378E+06  -0.397934E-02   0.966840E+05   0.966702E+05   0.902862E-02
   0.514529E+00   0.187950E+06   0.186765E+06   0.710735E-01   0.301316E-01   0.535058E+05   0.178467E+06   0.187751E+06   0.178467E+06  -0.391547E-02   0.951402E+05   0.951266E+05   0.880435E-02
   0.519683E+00   0.184987E+06   0.183819E+06   0.685495E-01   0.290527E-01   0.521714E+05   0.175619E+06   0.184791E+06   0.175619E+06  -0.385299E-02   0.936299E+05   0.936166E+05   0.858995E-02
   0.524837E+00   0.182091E+06   0.180940E+06   0.661358E-01   0.280214E-01   0.508785E+05   0.172837E+06   0.181898E+06   0.172837E+06  -0.379195E-02   0.921542E+05   0.921410E+05   0.838290E-02
   0.529991E+00   0.179266E+06   0.178132E+06   0.638288E-01   0.270359E-01   0.496271E+05   0.170124E+06   0.179076E+06   0.170124E+06  -0.373242E-02   0.907148E+05   0.907018E+05   0.818118E-02
   0.535145E+00   0.176517E+06   0.175399E+06   0.616254E-01   0.260949E-01   0.484177E+05   0.167483E+06   0.176329E+06   0.167483E+06  -0.367449E-02   0.893141E+05   0.893013E+05   0.798366E-02
   0.540300E+00   0.173845E+06   0.172744E+06   0.595214E-01   0.251968E-01   0.472497E+05   0.164918E+06   0.173661E+06   0.164918E+06  -0.361822E-02   0.879532E+05   0.879406E+05   0.778999E-02
   0.545454E+00   0.171247E+06   0.170163E+06   0.575112E-01   0.243388E-01   0.461209E+05   0.162424E+06   0.171065E+06   0.162424E+06  -0.356350E-02   0.866300E+05   0.866175E+05   0.760042E-02
   0.550608E+00   0.168715E+06   0.167647E+06   0.555880E-01   0.235183E-01   0.450286E+05   0.159995E+06   0.168536E+06   0.159995E+06  -0.351019E-02   0.853406E+05   0.853284E+05   0.741565E-02
   0.555762E+00   0.166244E+06   0.165193E+06   0.537464E-01   0.227328E-01   0.439704E+05   0.157624E+06   0.166068E+06   0.157624E+06  -0.345818E-02   0.840825E+05   0.840705E+05   0.723654E-02
   0.560916E+00   0.163831E+06   0.162795E+06   0.519818E-01   0.219804E-01   0.429448E+05   0.155309E+06   0.163657E+06   0.155309E+06  -0.340740E-02   0.828540E+05   0.828421E+05   0.706387E-02
   0.566070E+00   0.161472E+06   0.160451E+06   0.502896E-01   0.212591E-01   0.419498E+05   0.153047E+06   0.161300E+06   0.153047E+06  -0.335776E-02   0.816530E+05   0.816413E+05   0.689802E-02
   0.571224E+00   0.159161E+06   0.158155E+06   0.486652E-01   0.205668E-01   0.409834E+05   0.150831E+06   0.158992E+06   0.150831E+06  -0.330914E-02   0.804768E+05   0.804652E+05   0.673889E-02
   0.576378E+00   0.156895E+06   0.155903E+06   0.471046E-01   0.199020E-01   0.400441E+05   0.148659E+06   0.156728E+06   0.148659E+06  -0.326149E-02   0.793235E+05   0.793121E+05   0.658602E-02
   0.581532E+00   0.154674E+06   0.153695E+06   0.456054E-01   0.192635E-01   0.391314E+05   0.146530E+06   0.154510E+06   0.146530E+06  -0.321479E-02   0.781935E+05   0.781823E+05   0.643877E-02
   0.586686E+00   0.152501E+06   0.151536E+06   0.441657E-01   0.186505E-01   0.382453E+05   0.144449E+06   0.152339E+06   0.144449E+06  -0.316912E-02   0.770881E+05   0.770770E+05   0.629642E-02
   0.591840E+00   0.150376E+06   0.149424E+06   0.427834E-01   0.180622E-01   0.373854E+05   0.142414E+06   0.150217E+06   0.142414E+06  -0.312447E-02   0.760074E+05   0.759964E+05   0.615826E-02
   0.596995E+00   0.148299E+06   0.147359E+06   0.414556E-01   0.174972E-01   0.365506E+05   0.140424E+06   0.148141E+06   0.140424E+06  -0.308082E-02   0.749507E+05   0.749399E+05   0.602370E-02
   0.602149E+00   0.146268E+06   0.145341E+06   0.401799E-01   0.169545E-01   0.357403E+05   0.138479E+06   0.146112E+06   0.138479E+06  -0.303815E-02   0.739176E+05   0.739069E+05   0.589241E-02
   0.607303E+00   0.144283E+06   0.143368E+06   0.389544E-01   0.164333E-01   0.349539E+05   0.136579E+06   0.144129E+06   0.136579E+06  -0.299646E-02   0.729083E+05   0.728978E+05   0.576431E-02
   0.612457E+00   0.142344E+06   0.141442E+06   0.377769E-01   0.159327E-01   0.341909E+05   0.134724E+06   0.142193E+06   0.134724E+06  -0.295576E-02   0.719227E+05   0.719123E+05   0.563951E-02
   0.659749E+00   0.126311E+06   0.125510E+06   0.288229E-01   0.121304E-01   0.281056E+05   0.119394E+06   0.126176E+06   0.119394E+06  -0.261944E-02   0.637758E+05   0.637666E+05   0.465495E-02
   0.710693E+00   0.112008E+06   0.111297E+06   0.219784E-01   0.923078E-02   0.230342E+05   0.105744E+06   0.111889E+06   0.105744E+06  -0.231996E-02   0.565157E+05   0.565076E+05   0.384078E-02
   0.765571E+00   0.992796E+05   0.986490E+05   0.167531E-01   0.702224E-02   0.188263E+05   0.936172E+05   0.991737E+05   0.936172E+05  -0.205391E-02   0.500613E+05   0.500541E+05   0.316923E-02
   0.895965E+00   0.767683E+05   0.762798E+05   0.941977E-02   0.393282E-02   0.121745E+05   0.722249E+05   0.766862E+05   0.722249E+05  -0.158457E-02   0.386627E+05   0.386570E+05   0.210872E-02
   0.125042E+01   0.441844E+05   0.439026E+05   0.276380E-02   0.114573E-02   0.465229E+04   0.414065E+05   0.441371E+05   0.414065E+05  -0.908435E-03   0.222069E+05   0.222036E+05   0.889708E-03
   0.174510E+01   0.251959E+05   0.250347E+05   0.127128E-02   0.798359E-03   0.169684E+04   0.235456E+05   0.251688E+05   0.235456E+05  -0.516561E-03   0.126472E+05   0.126452E+05   0.378895E-03
   0.243548E+01   0.142461E+05   0.141548E+05   0.854603E-04  -0.516822E-04   0.594067E+03   0.132877E+05   0.142308E+05   0.132877E+05  -0.291513E-03   0.714468E+04   0.714347E+04   0.165485E-03
