#          k/h    CDM            baryon         photon         nu             mass_nu        total          no_nu          total_de       Weyl           v_CDM          v_b            v_b-v_c     
   0.102076E-04   0.251680E+08   0.251680E+08   0.335431E+08   0.335427E+08   0.251681E+08   0.251680E+08   0.251680E+08   0.251764E+08  -0.446553E+00   0.811897E+07   0.811897E+07   0.604604E+01
   0.112819E-04   0.251677E+08   0.251677E+08   0.335395E+08   0.335391E+08   0.251678E+08   0.251677E+08   0.251677E+08   0.251760E+08  -0.446539E+00   0.811894E+07   0.811894E+07   0.668216E+01
   0.124693E-04   0.251673E+08   0.251673E+08   0.335352E+08   0.335346E+08   0.251674E+08   0.251673E+08   0.251673E+08   0.251757E+08  -0.446522E+00   0.811891E+07   0.811891E+07   0.738515E+01
   0.137816E-04   0.251668E+08   0.251668E+08   0.335299E+08   0.335292E+08   0.251669E+08   0.251668E+08   0.251668E+08   0.251752E+08  -0.446500E+00   0.811886E+07   0.811886E+07   0.816202E+01
   0.152321E-04   0.251663E+08   0.251663E+08   0.335234E+08   0.335226E+08   0.251664E+08   0.251663E+08   0.251663E+08   0.251747E+08  -0.446475E+00   0.811882E+07   0.811882E+07   0.902053E+01
   0.168352E-04   0.251656E+08   0.251656E+08   0.335155E+08   0.335145E+08   0.251657E+08   0.251656E+08   0.251656E+08   0.251740E+08  -0.446443E+00   0.811875E+07   0.811875E+07   0.996922E+01
   0.186070E-04   0.251648E+08   0.251648E+08   0.335059E+08   0.335046E+08   0.251648E+08   0.251648E+08   0.251648E+08   0.251731E+08  -0.446405E+00   0.811868E+07   0.811868E+07   0.110175E+02
   0.205653E-04   0.251637E+08   0.251637E+08   0.334941E+08   0.334925E+08   0.251638E+08   0.251638E+08   0.251637E+08   0.251721E+08  -0.446358E+00   0.811859E+07   0.811859E+07   0.121758E+02
   0.227297E-04   0.251625E+08   0.251625E+08   0.334797E+08   0.334777E+08   0.251626E+08   0.251625E+08   0.251625E+08   0.251709E+08  -0.446300E+00   0.811848E+07   0.811848E+07   0.134556E+02
   0.251219E-04   0.251610E+08   0.251610E+08   0.334622E+08   0.334597E+08   0.251611E+08   0.251610E+08   0.251610E+08   0.251694E+08  -0.446230E+00   0.811834E+07   0.811834E+07   0.148694E+02
   0.277659E-04   0.251591E+08   0.251591E+08   0.334407E+08   0.334378E+08   0.251592E+08   0.251591E+08   0.251591E+08   0.251675E+08  -0.446145E+00   0.811818E+07   0.811817E+07   0.164313E+02
   0.306881E-04   0.251569E+08   0.251569E+08   0.334145E+08   0.334109E+08   0.251570E+08   0.251569E+08   0.251569E+08   0.251652E+08  -0.446040E+00   0.811797E+07   0.811797E+07   0.181565E+02
   0.339179E-04   0.251541E+08   0.251541E+08   0.333826E+08   0.333782E+08   0.251542E+08   0.251541E+08   0.251541E+08   0.251625E+08  -0.445913E+00   0.811772E+07   0.811772E+07   0.200618E+02
   0.374876E-04   0.251508E+08   0.251507E+08   0.333435E+08   0.333382E+08   0.251508E+08   0.251508E+08   0.251508E+08   0.251591E+08  -0.445757E+00   0.811742E+07   0.811742E+07   0.221657E+02
   0.414330E-04   0.251466E+08   0.251466E+08   0.332960E+08   0.332894E+08   0.251467E+08   0.251466E+08   0.251466E+08   0.251550E+08  -0.445567E+00   0.811705E+07   0.811705E+07   0.244884E+02
   0.457936E-04   0.251416E+08   0.251416E+08   0.332379E+08   0.332299E+08   0.251417E+08   0.251416E+08   0.251416E+08   0.251499E+08  -0.445335E+00   0.811660E+07   0.811659E+07   0.270520E+02
   0.506132E-04   0.251355E+08   0.251355E+08   0.331671E+08   0.331574E+08   0.251356E+08   0.251355E+08   0.251355E+08   0.251438E+08  -0.445052E+00   0.811605E+07   0.811604E+07   0.298806E+02
   0.559400E-04   0.251280E+08   0.251280E+08   0.330809E+08   0.330690E+08   0.251281E+08   0.251280E+08   0.251280E+08   0.251363E+08  -0.444707E+00   0.811537E+07   0.811536E+07   0.330004E+02
   0.618274E-04   0.251189E+08   0.251189E+08   0.329758E+08   0.329613E+08   0.251190E+08   0.251189E+08   0.251189E+08   0.251271E+08  -0.444286E+00   0.811454E+07   0.811454E+07   0.364400E+02
   0.683345E-04   0.251078E+08   0.251077E+08   0.328478E+08   0.328302E+08   0.251078E+08   0.251078E+08   0.251078E+08   0.251160E+08  -0.443774E+00   0.811353E+07   0.811353E+07   0.402298E+02
   0.755264E-04   0.250942E+08   0.250941E+08   0.326922E+08   0.326708E+08   0.250943E+08   0.250942E+08   0.250942E+08   0.251024E+08  -0.443149E+00   0.811230E+07   0.811229E+07   0.444027E+02
   0.834752E-04   0.250776E+08   0.250776E+08   0.325030E+08   0.324770E+08   0.250777E+08   0.250776E+08   0.250776E+08   0.250858E+08  -0.442388E+00   0.811079E+07   0.811078E+07   0.489935E+02
   0.922605E-04   0.250575E+08   0.250574E+08   0.322733E+08   0.322417E+08   0.250576E+08   0.250575E+08   0.250575E+08   0.250655E+08  -0.441463E+00   0.810894E+07   0.810892E+07   0.540390E+02
   0.101971E-03   0.250329E+08   0.250329E+08   0.319947E+08   0.319564E+08   0.250330E+08   0.250329E+08   0.250329E+08   0.250409E+08  -0.440337E+00   0.810668E+07   0.810666E+07   0.595772E+02
   0.112702E-03   0.250031E+08   0.250030E+08   0.316576E+08   0.316112E+08   0.250031E+08   0.250031E+08   0.250031E+08   0.250110E+08  -0.438971E+00   0.810391E+07   0.810388E+07   0.656468E+02
   0.124564E-03   0.249668E+08   0.249667E+08   0.312503E+08   0.311942E+08   0.249668E+08   0.249668E+08   0.249668E+08   0.249746E+08  -0.437315E+00   0.810051E+07   0.810049E+07   0.722863E+02
   0.137674E-03   0.249227E+08   0.249226E+08   0.307594E+08   0.306919E+08   0.249228E+08   0.249227E+08   0.249227E+08   0.249304E+08  -0.435309E+00   0.809636E+07   0.809632E+07   0.795324E+02
   0.152163E-03   0.248693E+08   0.248691E+08   0.301698E+08   0.300886E+08   0.248693E+08   0.248692E+08   0.248692E+08   0.248768E+08  -0.432886E+00   0.809126E+07   0.809122E+07   0.874179E+02
   0.168178E-03   0.248046E+08   0.248044E+08   0.294641E+08   0.293669E+08   0.248046E+08   0.248045E+08   0.248045E+08   0.248119E+08  -0.429966E+00   0.808500E+07   0.808495E+07   0.959692E+02
   0.185878E-03   0.247263E+08   0.247261E+08   0.286232E+08   0.285073E+08   0.247264E+08   0.247263E+08   0.247263E+08   0.247335E+08  -0.426456E+00   0.807732E+07   0.807726E+07   0.105203E+03
   0.205440E-03   0.246321E+08   0.246318E+08   0.276270E+08   0.274896E+08   0.246321E+08   0.246320E+08   0.246320E+08   0.246389E+08  -0.422254E+00   0.806788E+07   0.806781E+07   0.115120E+03
   0.227062E-03   0.245187E+08   0.245184E+08   0.264549E+08   0.262931E+08   0.245187E+08   0.245187E+08   0.245187E+08   0.245253E+08  -0.417245E+00   0.805627E+07   0.805618E+07   0.125700E+03
   0.250959E-03   0.243830E+08   0.243826E+08   0.250875E+08   0.248985E+08   0.243829E+08   0.243829E+08   0.243829E+08   0.243892E+08  -0.411306E+00   0.804198E+07   0.804188E+07   0.136897E+03
   0.277372E-03   0.242211E+08   0.242207E+08   0.235088E+08   0.232903E+08   0.242210E+08   0.242210E+08   0.242210E+08   0.242269E+08  -0.404311E+00   0.802440E+07   0.802428E+07   0.148625E+03
   0.306564E-03   0.240290E+08   0.240285E+08   0.217098E+08   0.214601E+08   0.240288E+08   0.240289E+08   0.240289E+08   0.240343E+08  -0.396138E+00   0.800275E+07   0.800261E+07   0.160752E+03
   0.338828E-03   0.238025E+08   0.238019E+08   0.196923E+08   0.194114E+08   0.238023E+08   0.238024E+08   0.238024E+08   0.238073E+08  -0.386683E+00   0.797612E+07   0.797594E+07   0.173087E+03
   0.374488E-03   0.235375E+08   0.235368E+08   0.174745E+08   0.171641E+08   0.235373E+08   0.235374E+08   0.235374E+08   0.235417E+08  -0.375874E+00   0.794338E+07   0.794318E+07   0.185373E+03
   0.413901E-03   0.232303E+08   0.232294E+08   0.150964E+08   0.147612E+08   0.232300E+08   0.232302E+08   0.232302E+08   0.232339E+08  -0.363698E+00   0.790327E+07   0.790303E+07   0.197278E+03
   0.457462E-03   0.228781E+08   0.228770E+08   0.126247E+08   0.122725E+08   0.228776E+08   0.228779E+08   0.228779E+08   0.228810E+08  -0.350222E+00   0.785433E+07   0.785404E+07   0.208394E+03
   0.505608E-03   0.224796E+08   0.224783E+08   0.101547E+08   0.979658E+07   0.224790E+08   0.224793E+08   0.224794E+08   0.224818E+08  -0.335624E+00   0.779502E+07   0.779469E+07   0.218246E+03
   0.558821E-03   0.220357E+08   0.220342E+08   0.780626E+07   0.745580E+07   0.220350E+08   0.220354E+08   0.220355E+08   0.220374E+08  -0.320211E+00   0.772387E+07   0.772349E+07   0.226314E+03
   0.617635E-03   0.215504E+08   0.215486E+08   0.571028E+07   0.538147E+07   0.215495E+08   0.215501E+08   0.215501E+08   0.215515E+08  -0.304429E+00   0.763969E+07   0.763926E+07   0.232077E+03
   0.682638E-03   0.210310E+08   0.210290E+08   0.398403E+07   0.368746E+07   0.210299E+08   0.210306E+08   0.210307E+08   0.210316E+08  -0.288837E+00   0.754195E+07   0.754147E+07   0.235066E+03
   0.754482E-03   0.204885E+08   0.204862E+08   0.269719E+07   0.243520E+07   0.204871E+08   0.204881E+08   0.204881E+08   0.204887E+08  -0.274038E+00   0.743119E+07   0.743066E+07   0.234937E+03
   0.833888E-03   0.199367E+08   0.199341E+08   0.183964E+07   0.160186E+07   0.199350E+08   0.199362E+08   0.199363E+08   0.199366E+08  -0.260577E+00   0.730940E+07   0.730883E+07   0.231528E+03
   0.921651E-03   0.193909E+08   0.193880E+08   0.131125E+07   0.107377E+07   0.193888E+08   0.193903E+08   0.193904E+08   0.193906E+08  -0.248805E+00   0.718021E+07   0.717959E+07   0.224895E+03
   0.101865E-02   0.188654E+08   0.188621E+08   0.956102E+06   0.687877E+06   0.188628E+08   0.188647E+08   0.188648E+08   0.188649E+08  -0.238781E+00   0.704844E+07   0.704778E+07   0.215290E+03
   0.112586E-02   0.183708E+08   0.183673E+08   0.643151E+06   0.320685E+06   0.183676E+08   0.183700E+08   0.183702E+08   0.183702E+08  -0.230272E+00   0.691907E+07   0.691838E+07   0.203103E+03
   0.124435E-02   0.179128E+08   0.179091E+08   0.347100E+06  -0.282636E+05   0.179089E+08   0.179120E+08   0.179122E+08   0.179120E+08  -0.222895E+00   0.679572E+07   0.679501E+07   0.188790E+03
   0.137531E-02   0.174921E+08   0.174883E+08   0.142630E+06  -0.252691E+06   0.174873E+08   0.174912E+08   0.174915E+08   0.174912E+08  -0.216338E+00   0.667960E+07   0.667888E+07   0.172872E+03
   0.152006E-02   0.171065E+08   0.171025E+08   0.777731E+05  -0.287550E+06   0.171006E+08   0.171055E+08   0.171058E+08   0.171054E+08  -0.210490E+00   0.656991E+07   0.656920E+07   0.155998E+03
   0.168004E-02   0.167529E+08   0.167490E+08   0.659790E+05  -0.370950E+06   0.167457E+08   0.167518E+08   0.167523E+08   0.167518E+08  -0.205329E+00   0.646569E+07   0.646499E+07   0.138981E+03
   0.185685E-02   0.164285E+08   0.164245E+08   0.637350E+03  -0.300819E+06   0.164196E+08   0.164272E+08   0.164278E+08   0.164272E+08  -0.200745E+00   0.636691E+07   0.636623E+07   0.122689E+03
   0.205228E-02   0.161294E+08   0.161255E+08  -0.567406E+05  -0.243981E+06   0.161187E+08   0.161280E+08   0.161287E+08   0.161280E+08  -0.196583E+00   0.627342E+07   0.627275E+07   0.107836E+03
   0.226827E-02   0.158517E+08   0.158478E+08  -0.339150E+05  -0.197787E+06   0.158387E+08   0.158502E+08   0.158510E+08   0.158502E+08  -0.192806E+00   0.618389E+07   0.618324E+07   0.949132E+02
   0.250700E-02   0.155917E+08   0.155877E+08  -0.366181E+05  -0.159912E+06   0.155758E+08   0.155899E+08   0.155910E+08   0.155899E+08  -0.189365E+00   0.609749E+07   0.609686E+07   0.841426E+02
   0.277085E-02   0.153454E+08   0.153414E+08  -0.502156E+05  -0.129418E+06   0.153262E+08   0.153435E+08   0.153448E+08   0.153435E+08  -0.186119E+00   0.601390E+07   0.601327E+07   0.753150E+02
   0.306246E-02   0.151091E+08   0.151048E+08  -0.307943E+05  -0.104704E+06   0.150858E+08   0.151068E+08   0.151084E+08   0.151068E+08  -0.183066E+00   0.593147E+07   0.593085E+07   0.678736E+02
   0.338478E-02   0.148792E+08   0.148746E+08  -0.373272E+05  -0.845591E+05   0.148510E+08   0.148765E+08   0.148784E+08   0.148765E+08  -0.180133E+00   0.584951E+07   0.584889E+07   0.612008E+02
   0.374101E-02   0.146518E+08   0.146470E+08  -0.263202E+05  -0.683577E+05   0.146178E+08   0.146487E+08   0.146510E+08   0.146487E+08  -0.177253E+00   0.576692E+07   0.576631E+07   0.548915E+02
   0.413473E-02   0.144235E+08   0.144184E+08  -0.221118E+05  -0.551426E+05   0.143826E+08   0.144199E+08   0.144227E+08   0.144199E+08  -0.174396E+00   0.568250E+07   0.568190E+07   0.489763E+02
   0.456989E-02   0.141909E+08   0.141854E+08  -0.175929E+05  -0.444872E+05   0.141417E+08   0.141866E+08   0.141899E+08   0.141866E+08  -0.171503E+00   0.559518E+07   0.559458E+07   0.437225E+02
   0.505085E-02   0.139504E+08   0.139445E+08  -0.117282E+05  -0.358381E+05   0.138916E+08   0.139454E+08   0.139494E+08   0.139454E+08  -0.168525E+00   0.550385E+07   0.550326E+07   0.392416E+02
   0.558243E-02   0.136990E+08   0.136925E+08  -0.101769E+05  -0.288252E+05   0.136288E+08   0.136931E+08   0.136979E+08   0.136931E+08  -0.165432E+00   0.540729E+07   0.540670E+07   0.353148E+02
   0.616996E-02   0.134332E+08   0.134261E+08  -0.835635E+04  -0.231555E+05   0.133499E+08   0.134264E+08   0.134320E+08   0.134264E+08  -0.162174E+00   0.530443E+07   0.530385E+07   0.316968E+02
   0.681932E-02   0.131503E+08   0.131423E+08  -0.770923E+04  -0.185671E+05   0.130518E+08   0.131422E+08   0.131489E+08   0.131422E+08  -0.158713E+00   0.519420E+07   0.519362E+07   0.284334E+02
   0.753702E-02   0.128472E+08   0.128382E+08  -0.659924E+04  -0.148549E+05   0.127314E+08   0.128378E+08   0.128457E+08   0.128378E+08  -0.155013E+00   0.507553E+07   0.507495E+07   0.255967E+02
   0.833025E-02   0.125213E+08   0.125111E+08  -0.432853E+04  -0.118550E+05   0.123860E+08   0.125103E+08   0.125195E+08   0.125103E+08  -0.151040E+00   0.494742E+07   0.494685E+07   0.230519E+02
   0.920698E-02   0.121700E+08   0.121584E+08  -0.636959E+04  -0.943447E+04   0.120131E+08   0.121574E+08   0.121681E+08   0.121574E+08  -0.146764E+00   0.480897E+07   0.480840E+07   0.207706E+02
   0.101760E-01   0.117914E+08   0.117781E+08  -0.423198E+04  -0.748447E+04   0.116108E+08   0.117768E+08   0.117891E+08   0.117768E+08  -0.142158E+00   0.465937E+07   0.465880E+07   0.187624E+02
   0.112469E-01   0.113835E+08   0.113683E+08  -0.403453E+04  -0.591512E+04   0.111774E+08   0.113669E+08   0.113809E+08   0.113669E+08  -0.137201E+00   0.449796E+07   0.449739E+07   0.169660E+02
   0.124306E-01   0.109451E+08   0.109277E+08  -0.330934E+04  -0.465601E+04   0.107119E+08   0.109263E+08   0.109422E+08   0.109263E+08  -0.131876E+00   0.432429E+07   0.432372E+07   0.153779E+02
   0.137389E-01   0.104755E+08   0.104555E+08  -0.280104E+04  -0.364782E+04   0.102139E+08   0.104543E+08   0.104722E+08   0.104543E+08  -0.126174E+00   0.413811E+07   0.413753E+07   0.139647E+02
   0.151849E-01   0.997473E+07   0.995171E+07  -0.192392E+04  -0.284317E+04   0.968402E+07   0.995103E+07   0.997086E+07   0.995103E+07  -0.120095E+00   0.393943E+07   0.393885E+07   0.127083E+02
   0.167830E-01   0.945313E+07   0.942684E+07  -0.172984E+04  -0.220550E+04   0.913281E+07   0.942687E+07   0.944872E+07   0.942687E+07  -0.113766E+00   0.373242E+07   0.373184E+07   0.115923E+02
   0.185493E-01   0.889546E+07   0.886562E+07  -0.132360E+04  -0.169866E+04   0.854617E+07   0.886664E+07   0.889045E+07   0.886664E+07  -0.107003E+00   0.351108E+07   0.351049E+07   0.105776E+02
   0.205016E-01   0.831324E+07   0.827966E+07  -0.886342E+03  -0.129928E+04   0.793633E+07   0.828192E+07   0.830760E+07   0.828192E+07  -0.999443E-01   0.327999E+07   0.327940E+07   0.964765E+01
   0.226592E-01   0.770510E+07   0.766776E+07  -0.723090E+03  -0.985567E+03   0.730329E+07   0.767147E+07   0.769883E+07   0.767147E+07  -0.925760E-01   0.303868E+07   0.303808E+07   0.877443E+01
   0.250440E-01   0.709109E+07   0.705021E+07  -0.543789E+03  -0.742287E+03   0.666743E+07   0.705540E+07   0.708423E+07   0.705540E+07  -0.851404E-01   0.279509E+07   0.279450E+07   0.794065E+01
   0.276798E-01   0.647940E+07   0.643550E+07  -0.372069E+03  -0.555073E+03   0.603739E+07   0.644197E+07   0.647203E+07   0.644197E+07  -0.777371E-01   0.255252E+07   0.255193E+07   0.712064E+01
   0.305930E-01   0.587489E+07   0.582892E+07  -0.351864E+03  -0.411861E+03   0.541840E+07   0.583614E+07   0.586717E+07   0.583614E+07  -0.704257E-01   0.231291E+07   0.231234E+07   0.629307E+01
   0.338127E-01   0.529318E+07   0.524653E+07  -0.243584E+03  -0.303668E+03   0.482571E+07   0.525356E+07   0.528535E+07   0.525356E+07  -0.633952E-01   0.208248E+07   0.208193E+07   0.544618E+01
   0.373714E-01   0.475258E+07   0.470707E+07  -0.165046E+03  -0.223129E+03   0.427688E+07   0.471257E+07   0.474494E+07   0.471257E+07  -0.568666E-01   0.186848E+07   0.186797E+07   0.458059E+01
   0.413045E-01   0.427021E+07   0.422795E+07  -0.122339E+03  -0.164072E+03   0.378610E+07   0.423013E+07   0.426311E+07   0.423013E+07  -0.510448E-01   0.167764E+07   0.167718E+07   0.371253E+01
   0.454350E-01   0.386492E+07   0.382770E+07  -0.389670E+02  -0.122709E+03   0.337469E+07   0.382520E+07   0.385867E+07   0.382520E+07  -0.461584E-01   0.151748E+07   0.151708E+07   0.290927E+01
   0.495654E-01   0.354942E+07   0.351808E+07  -0.300977E+02  -0.946873E+02   0.305199E+07   0.351012E+07   0.354416E+07   0.351012E+07  -0.423562E-01   0.139288E+07   0.139254E+07   0.223429E+01
   0.536959E-01   0.329736E+07   0.327192E+07  -0.238458E+02  -0.749498E+02   0.279184E+07   0.325842E+07   0.329309E+07   0.325842E+07  -0.393189E-01   0.129336E+07   0.129309E+07   0.169584E+01
   0.578264E-01   0.308638E+07   0.306614E+07  -0.192633E+02  -0.604905E+02   0.257308E+07   0.304772E+07   0.308298E+07   0.304772E+07  -0.367763E-01   0.121007E+07   0.120985E+07   0.129246E+01
   0.619568E-01   0.290100E+07   0.288475E+07  -0.157882E+02  -0.495295E+02   0.238132E+07   0.286252E+07   0.289827E+07   0.286252E+07  -0.345415E-01   0.113686E+07   0.113668E+07   0.101337E+01
   0.660873E-01   0.272743E+07   0.271374E+07  -0.130595E+02  -0.409265E+02   0.220429E+07   0.268911E+07   0.272513E+07   0.268911E+07  -0.324490E-01   0.106830E+07   0.106813E+07   0.838722E+00
   0.702177E-01   0.255750E+07   0.254496E+07  -0.108581E+02  -0.339917E+02   0.203482E+07   0.251939E+07   0.255539E+07   0.251939E+07  -0.304010E-01   0.100117E+07   0.100101E+07   0.743958E+00
   0.743482E-01   0.239076E+07   0.237819E+07  -0.906148E+01  -0.283382E+02   0.187256E+07   0.235296E+07   0.238865E+07   0.235296E+07  -0.283926E-01   0.935297E+06   0.935140E+06   0.703410E+00
   0.784786E-01   0.222451E+07   0.221112E+07  -0.757301E+01  -0.236594E+02   0.171522E+07   0.218719E+07   0.222226E+07   0.218719E+07  -0.263923E-01   0.869655E+06   0.869492E+06   0.691635E+00
   0.826091E-01   0.206509E+07   0.205055E+07  -0.634974E+01  -0.198172E+02   0.156755E+07   0.202841E+07   0.206265E+07   0.202841E+07  -0.244763E-01   0.806750E+06   0.806580E+06   0.688673E+00
   0.867395E-01   0.191691E+07   0.190128E+07  -0.535056E+01  -0.166809E+02   0.143252E+07   0.188097E+07   0.191428E+07   0.188097E+07  -0.226972E-01   0.748320E+06   0.748144E+06   0.679692E+00
   0.918936E-01   0.175311E+07   0.173673E+07  -0.436404E+01  -0.135883E+02   0.128498E+07   0.171817E+07   0.175036E+07   0.171817E+07  -0.207327E-01   0.683792E+06   0.683614E+06   0.647569E+00
   0.970477E-01   0.161701E+07   0.160085E+07  -0.361311E+01  -0.112358E+02   0.116276E+07   0.158307E+07   0.161429E+07   0.158307E+07  -0.191025E-01   0.630238E+06   0.630067E+06   0.589011E+00
   0.102202E+00   0.150984E+07   0.149488E+07  -0.304530E+01  -0.945915E+01   0.106540E+07   0.147676E+07   0.150732E+07   0.147676E+07  -0.178197E-01   0.588113E+06   0.587957E+06   0.510517E+00
   0.107356E+00   0.142772E+07   0.141465E+07  -0.261255E+01  -0.810668E+01   0.988872E+06   0.139533E+07   0.142552E+07   0.139533E+07  -0.168370E-01   0.555862E+06   0.555726E+06   0.424151E+00
   0.112510E+00   0.136264E+07   0.135174E+07  -0.227296E+01  -0.704549E+01   0.926577E+06   0.133078E+07   0.136081E+07   0.133078E+07  -0.160582E-01   0.530318E+06   0.530202E+06   0.342739E+00
   0.117664E+00   0.130580E+07   0.129687E+07  -0.199403E+01  -0.617414E+01   0.871858E+06   0.127439E+07   0.130430E+07   0.127439E+07  -0.153778E-01   0.508007E+06   0.507910E+06   0.276293E+00
   0.122818E+00   0.125032E+07   0.124284E+07  -0.175436E+01  -0.542657E+01   0.819784E+06   0.121938E+07   0.124906E+07   0.121938E+07  -0.147139E-01   0.486227E+06   0.486142E+06   0.230016E+00
   0.127972E+00   0.119221E+07   0.118550E+07  -0.154232E+01  -0.476599E+01   0.767653E+06   0.116180E+07   0.119109E+07   0.116180E+07  -0.140192E-01   0.463412E+06   0.463333E+06   0.203926E+00
   0.133126E+00   0.113036E+07   0.112376E+07  -0.135269E+01  -0.417547E+01   0.714798E+06   0.110059E+07   0.112926E+07   0.110059E+07  -0.132805E-01   0.439130E+06   0.439052E+06   0.193865E+00
   0.138280E+00   0.106607E+07   0.105911E+07  -0.118363E+01  -0.364953E+01   0.662114E+06   0.103704E+07   0.106490E+07   0.103704E+07  -0.125137E-01   0.413898E+06   0.413818E+06   0.193348E+00
   0.143435E+00   0.100216E+07   0.994663E+06  -0.103501E+01  -0.318805E+01   0.611376E+06   0.973961E+06   0.100090E+07   0.973961E+06  -0.117525E-01   0.388836E+06   0.388752E+06   0.195599E+00
   0.148589E+00   0.942083E+06   0.934121E+06  -0.907372E+00  -0.279214E+01   0.564606E+06   0.914734E+06   0.940746E+06   0.914734E+06  -0.110378E-01   0.365296E+06   0.365209E+06   0.195212E+00
   0.153743E+00   0.888993E+06   0.880836E+06  -0.800561E+00  -0.246088E+01   0.523500E+06   0.862442E+06   0.887623E+06   0.862442E+06  -0.104068E-01   0.344511E+06   0.344424E+06   0.189111E+00
   0.158897E+00   0.844720E+06   0.836732E+06  -0.712826E+00  -0.218904E+01   0.488861E+06   0.818862E+06   0.843379E+06   0.818862E+06  -0.988097E-02   0.327194E+06   0.327109E+06   0.176720E+00
   0.164051E+00   0.809086E+06   0.801606E+06  -0.641077E+00  -0.196705E+01   0.460272E+06   0.783794E+06   0.807830E+06   0.783794E+06  -0.945781E-02   0.313266E+06   0.313188E+06   0.159485E+00
   0.169205E+00   0.780235E+06   0.773490E+06  -0.581675E+00  -0.178328E+01   0.436395E+06   0.755402E+06   0.779102E+06   0.755402E+06  -0.911522E-02   0.301998E+06   0.301927E+06   0.140045E+00
   0.174359E+00   0.755670E+06   0.749729E+06  -0.531116E+00  -0.162682E+01   0.415616E+06   0.731225E+06   0.754673E+06   0.731225E+06  -0.882348E-02   0.292408E+06   0.292345E+06   0.121299E+00
   0.179513E+00   0.732970E+06   0.727750E+06  -0.486475E+00  -0.148885E+01   0.396465E+06   0.708883E+06   0.732094E+06   0.708883E+06  -0.855388E-02   0.283546E+06   0.283489E+06   0.105602E+00
   0.184667E+00   0.710036E+06   0.705340E+06  -0.445688E+00  -0.136298E+01   0.377724E+06   0.686320E+06   0.709247E+06   0.686320E+06  -0.828163E-02   0.274591E+06   0.274539E+06   0.942542E-01
   0.189821E+00   0.685459E+06   0.681044E+06  -0.407577E+00  -0.124540E+01   0.358680E+06   0.662170E+06   0.684718E+06   0.662170E+06  -0.799021E-02   0.264994E+06   0.264944E+06   0.873814E-01
   0.194975E+00   0.658983E+06   0.654623E+06  -0.371736E+00  -0.113487E+01   0.339203E+06   0.636187E+06   0.658251E+06   0.636187E+06  -0.767668E-02   0.254658E+06   0.254609E+06   0.841395E-01
   0.200130E+00   0.631449E+06   0.626987E+06  -0.338349E+00  -0.103211E+01   0.319757E+06   0.609196E+06   0.630700E+06   0.609196E+06  -0.735099E-02   0.243913E+06   0.243863E+06   0.831108E-01
   0.205284E+00   0.604159E+06   0.599534E+06  -0.307881E+00  -0.938457E+00   0.301005E+06   0.582471E+06   0.603383E+06   0.582471E+06  -0.702851E-02   0.233268E+06   0.233217E+06   0.827437E-01
   0.210438E+00   0.578339E+06   0.573581E+06  -0.280687E+00  -0.854851E+00   0.283530E+06   0.557208E+06   0.577540E+06   0.557208E+06  -0.672366E-02   0.223202E+06   0.223151E+06   0.817442E-01
   0.215592E+00   0.554958E+06   0.550166E+06  -0.256827E+00  -0.781539E+00   0.267754E+06   0.534347E+06   0.554154E+06   0.534347E+06  -0.644781E-02   0.214094E+06   0.214042E+06   0.793362E-01
   0.220746E+00   0.534612E+06   0.529914E+06  -0.236156E+00  -0.718134E+00   0.253889E+06   0.514464E+06   0.533823E+06   0.514464E+06  -0.620788E-02   0.206173E+06   0.206123E+06   0.753407E-01
   0.225900E+00   0.517328E+06   0.512845E+06  -0.218367E+00  -0.663595E+00   0.241866E+06   0.497577E+06   0.516575E+06   0.497577E+06  -0.600412E-02   0.199449E+06   0.199402E+06   0.700858E-01
   0.231054E+00   0.502552E+06   0.498364E+06  -0.202947E+00  -0.616276E+00   0.231343E+06   0.483141E+06   0.501848E+06   0.483141E+06  -0.582992E-02   0.193704E+06   0.193659E+06   0.642128E-01
   0.236208E+00   0.489401E+06   0.485535E+06  -0.189262E+00  -0.574319E+00   0.221854E+06   0.470294E+06   0.488752E+06   0.470294E+06  -0.567490E-02   0.188593E+06   0.188551E+06   0.584519E-01
   0.241362E+00   0.476975E+06   0.473403E+06  -0.176783E+00  -0.536129E+00   0.212947E+06   0.458157E+06   0.476375E+06   0.458157E+06  -0.552845E-02   0.183763E+06   0.183725E+06   0.534228E-01
   0.246516E+00   0.464528E+06   0.461183E+06  -0.165164E+00  -0.500576E+00   0.204268E+06   0.446006E+06   0.463966E+06   0.446006E+06  -0.538183E-02   0.178926E+06   0.178889E+06   0.494993E-01
   0.251670E+00   0.451595E+06   0.448391E+06  -0.154182E+00  -0.466956E+00   0.195607E+06   0.433391E+06   0.451057E+06   0.433391E+06  -0.522960E-02   0.173900E+06   0.173864E+06   0.467608E-01
   0.256825E+00   0.438075E+06   0.434931E+06  -0.143722E+00  -0.434994E+00   0.186925E+06   0.420215E+06   0.437547E+06   0.420215E+06  -0.507061E-02   0.168646E+06   0.168611E+06   0.450271E-01
   0.261979E+00   0.424220E+06   0.421077E+06  -0.133829E+00  -0.404817E+00   0.178331E+06   0.406724E+06   0.423692E+06   0.406724E+06  -0.490782E-02   0.163263E+06   0.163229E+06   0.439508E-01
   0.267133E+00   0.410472E+06   0.407305E+06  -0.124625E+00  -0.376732E+00   0.170012E+06   0.393348E+06   0.409941E+06   0.393348E+06  -0.474641E-02   0.157924E+06   0.157889E+06   0.431308E-01
   0.272287E+00   0.397288E+06   0.394102E+06  -0.116183E+00  -0.350969E+00   0.162146E+06   0.380528E+06   0.396753E+06   0.380528E+06  -0.459172E-02   0.152806E+06   0.152771E+06   0.422157E-01
   0.277441E+00   0.385029E+06   0.381856E+06  -0.108517E+00  -0.327621E+00   0.154865E+06   0.368616E+06   0.384497E+06   0.368616E+06  -0.444798E-02   0.148049E+06   0.148015E+06   0.409764E-01
   0.282595E+00   0.373912E+06   0.370796E+06  -0.101629E+00  -0.306664E+00   0.148232E+06   0.357818E+06   0.373389E+06   0.357818E+06  -0.431768E-02   0.143738E+06   0.143705E+06   0.393358E-01
   0.287749E+00   0.363966E+06   0.360947E+06  -0.954787E-01  -0.287930E+00   0.142234E+06   0.348160E+06   0.363459E+06   0.348160E+06  -0.420114E-02   0.139883E+06   0.139851E+06   0.373562E-01
   0.292903E+00   0.355030E+06   0.352138E+06  -0.899487E-01  -0.271091E+00   0.136781E+06   0.339484E+06   0.354544E+06   0.339484E+06  -0.409646E-02   0.136421E+06   0.136390E+06   0.351946E-01
   0.298057E+00   0.346814E+06   0.344062E+06  -0.849016E-01  -0.255754E+00   0.131743E+06   0.331510E+06   0.346352E+06   0.331510E+06  -0.400023E-02   0.133239E+06   0.133209E+06   0.330446E-01
   0.303211E+00   0.338994E+06   0.336375E+06  -0.802344E-01  -0.241576E+00   0.126980E+06   0.323923E+06   0.338554E+06   0.323923E+06  -0.390868E-02   0.130211E+06   0.130183E+06   0.310806E-01
   0.308365E+00   0.331295E+06   0.328786E+06  -0.758645E-01  -0.228287E+00   0.122380E+06   0.316455E+06   0.330874E+06   0.316455E+06  -0.381857E-02   0.127230E+06   0.127203E+06   0.294186E-01
   0.313520E+00   0.323541E+06   0.321114E+06  -0.717176E-01  -0.215691E+00   0.117873E+06   0.308938E+06   0.323133E+06   0.308938E+06  -0.372786E-02   0.124228E+06   0.124201E+06   0.280981E-01
   0.318674E+00   0.315678E+06   0.313303E+06  -0.677614E-01  -0.203701E+00   0.113437E+06   0.301321E+06   0.315279E+06   0.301321E+06  -0.363594E-02   0.121184E+06   0.121158E+06   0.270859E-01
   0.323828E+00   0.307761E+06   0.305415E+06  -0.640092E-01  -0.192326E+00   0.109091E+06   0.293655E+06   0.307367E+06   0.293655E+06  -0.354345E-02   0.118120E+06   0.118094E+06   0.262968E-01
   0.328982E+00   0.299920E+06   0.297591E+06  -0.604770E-01  -0.181611E+00   0.104877E+06   0.286068E+06   0.299529E+06   0.286068E+06  -0.345189E-02   0.115085E+06   0.115060E+06   0.256226E-01
   0.334136E+00   0.292313E+06   0.290000E+06  -0.571686E-01  -0.171591E+00   0.100847E+06   0.278711E+06   0.291925E+06   0.278711E+06  -0.336312E-02   0.112142E+06   0.112117E+06   0.249616E-01
   0.339290E+00   0.285083E+06   0.282794E+06  -0.540961E-01  -0.162301E+00   0.970445E+05   0.271721E+06   0.284699E+06   0.271721E+06  -0.327878E-02   0.109346E+06   0.109322E+06   0.242410E-01
   0.344444E+00   0.278318E+06   0.276065E+06  -0.512706E-01  -0.153751E+00   0.934906E+05   0.265184E+06   0.277939E+06   0.265184E+06  -0.319989E-02   0.106731E+06   0.106707E+06   0.234279E-01
   0.349598E+00   0.272031E+06   0.269830E+06  -0.486750E-01  -0.145891E+00   0.901815E+05   0.259111E+06   0.271662E+06   0.259111E+06  -0.312661E-02   0.104302E+06   0.104278E+06   0.225283E-01
   0.354752E+00   0.266174E+06   0.264036E+06  -0.462747E-01  -0.138639E+00   0.870923E+05   0.253455E+06   0.265815E+06   0.253455E+06  -0.305837E-02   0.102039E+06   0.102016E+06   0.215782E-01
   0.359906E+00   0.260659E+06   0.258589E+06  -0.440456E-01  -0.131910E+00   0.841864E+05   0.248131E+06   0.260311E+06   0.248131E+06  -0.299412E-02   0.999095E+05   0.998872E+05   0.206282E-01
   0.365060E+00   0.255383E+06   0.253380E+06  -0.419673E-01  -0.125628E+00   0.814246E+05   0.243040E+06   0.255047E+06   0.243040E+06  -0.293269E-02   0.978727E+05   0.978511E+05   0.197289E-01
   0.370215E+00   0.250250E+06   0.248307E+06  -0.400089E-01  -0.119709E+00   0.787712E+05   0.238088E+06   0.249924E+06   0.238088E+06  -0.287293E-02   0.958912E+05   0.958702E+05   0.189177E-01
   0.375369E+00   0.245184E+06   0.243290E+06  -0.381450E-01  -0.114091E+00   0.761988E+05   0.233202E+06   0.244866E+06   0.233202E+06  -0.281397E-02   0.939354E+05   0.939149E+05   0.182118E-01
   0.380523E+00   0.240143E+06   0.238288E+06  -0.363702E-01  -0.108742E+00   0.736925E+05   0.228342E+06   0.239831E+06   0.228342E+06  -0.275533E-02   0.919897E+05   0.919696E+05   0.176073E-01
   0.385677E+00   0.235133E+06   0.233309E+06  -0.346845E-01  -0.103654E+00   0.712523E+05   0.223515E+06   0.234827E+06   0.223515E+06  -0.269708E-02   0.900566E+05   0.900368E+05   0.170845E-01
   0.390831E+00   0.230196E+06   0.228396E+06  -0.330823E-01  -0.988239E-01   0.688885E+05   0.218759E+06   0.229894E+06   0.218759E+06  -0.263970E-02   0.881515E+05   0.881320E+05   0.166147E-01
   0.395985E+00   0.225384E+06   0.223607E+06  -0.315638E-01  -0.942565E-01   0.666151E+05   0.214127E+06   0.225086E+06   0.214127E+06  -0.258380E-02   0.862953E+05   0.862761E+05   0.161681E-01
   0.401139E+00   0.220742E+06   0.218989E+06  -0.301366E-01  -0.899611E-01   0.644421E+05   0.209659E+06   0.220448E+06   0.209659E+06  -0.252989E-02   0.845049E+05   0.844860E+05   0.157208E-01
   0.406293E+00   0.216296E+06   0.214570E+06  -0.288000E-01  -0.859333E-01   0.623742E+05   0.205382E+06   0.216006E+06   0.205382E+06  -0.247828E-02   0.827908E+05   0.827722E+05   0.152588E-01
   0.411447E+00   0.212059E+06   0.210365E+06  -0.275442E-01  -0.821562E-01   0.604118E+05   0.201307E+06   0.211775E+06   0.201307E+06  -0.242911E-02   0.811576E+05   0.811394E+05   0.147797E-01
   0.416601E+00   0.208029E+06   0.206370E+06  -0.263645E-01  -0.786143E-01   0.585508E+05   0.197432E+06   0.207751E+06   0.197432E+06  -0.238236E-02   0.796047E+05   0.795868E+05   0.142905E-01
   0.421755E+00   0.204182E+06   0.202561E+06  -0.252591E-01  -0.752904E-01   0.567812E+05   0.193735E+06   0.203909E+06   0.193735E+06  -0.233774E-02   0.781224E+05   0.781050E+05   0.138038E-01
   0.426910E+00   0.200476E+06   0.198892E+06  -0.242174E-01  -0.721557E-01   0.550888E+05   0.190174E+06   0.200210E+06   0.190174E+06  -0.229477E-02   0.766950E+05   0.766780E+05   0.133336E-01
   0.432064E+00   0.196871E+06   0.195324E+06  -0.232261E-01  -0.691805E-01   0.534600E+05   0.186712E+06   0.196611E+06   0.186712E+06  -0.225299E-02   0.753070E+05   0.752902E+05   0.128915E-01
   0.437218E+00   0.193344E+06   0.191828E+06  -0.222820E-01  -0.663499E-01   0.518864E+05   0.183324E+06   0.193089E+06   0.183324E+06  -0.221211E-02   0.739485E+05   0.739322E+05   0.124844E-01
   0.442372E+00   0.189880E+06   0.188393E+06  -0.213853E-01  -0.636559E-01   0.503628E+05   0.179999E+06   0.189630E+06   0.179999E+06  -0.217199E-02   0.726149E+05   0.725988E+05   0.121136E-01
   0.447526E+00   0.186472E+06   0.185011E+06  -0.205296E-01  -0.610861E-01   0.488859E+05   0.176729E+06   0.186227E+06   0.176729E+06  -0.213253E-02   0.713031E+05   0.712873E+05   0.117749E-01
   0.452680E+00   0.183122E+06   0.181682E+06  -0.197099E-01  -0.586312E-01   0.474546E+05   0.173515E+06   0.182880E+06   0.173515E+06  -0.209375E-02   0.700134E+05   0.699979E+05   0.114607E-01
   0.457834E+00   0.179841E+06   0.178423E+06  -0.189292E-01  -0.562929E-01   0.460708E+05   0.170368E+06   0.179603E+06   0.170368E+06  -0.205578E-02   0.687509E+05   0.687355E+05   0.111624E-01
   0.462988E+00   0.176651E+06   0.175252E+06  -0.181897E-01  -0.540736E-01   0.447384E+05   0.167309E+06   0.176416E+06   0.167309E+06  -0.201887E-02   0.675231E+05   0.675080E+05   0.108723E-01
   0.468142E+00   0.173564E+06   0.172186E+06  -0.174871E-01  -0.519679E-01   0.434594E+05   0.164351E+06   0.173332E+06   0.164351E+06  -0.198317E-02   0.663355E+05   0.663207E+05   0.105852E-01
   0.473296E+00   0.170583E+06   0.169228E+06  -0.168187E-01  -0.499697E-01   0.422329E+05   0.161495E+06   0.170356E+06   0.161495E+06  -0.194871E-02   0.651891E+05   0.651745E+05   0.102988E-01
   0.478450E+00   0.167705E+06   0.166372E+06  -0.161858E-01  -0.480755E-01   0.410563E+05   0.158738E+06   0.167481E+06   0.158738E+06  -0.191544E-02   0.640822E+05   0.640678E+05   0.100133E-01
   0.483605E+00   0.164922E+06   0.163614E+06  -0.155865E-01  -0.462790E-01   0.399266E+05   0.156073E+06   0.164702E+06   0.156073E+06  -0.188329E-02   0.630123E+05   0.629982E+05   0.973159E-02
   0.488759E+00   0.162227E+06   0.160943E+06  -0.150150E-01  -0.445697E-01   0.388406E+05   0.153494E+06   0.162012E+06   0.153494E+06  -0.185216E-02   0.619765E+05   0.619627E+05   0.945735E-02
   0.493913E+00   0.159609E+06   0.158347E+06  -0.144693E-01  -0.429403E-01   0.377942E+05   0.150987E+06   0.159397E+06   0.150987E+06  -0.182192E-02   0.609700E+05   0.609564E+05   0.919405E-02
   0.499067E+00   0.157052E+06   0.155812E+06  -0.139498E-01  -0.413864E-01   0.367829E+05   0.148541E+06   0.156844E+06   0.148541E+06  -0.179240E-02   0.599874E+05   0.599740E+05   0.894403E-02
   0.504221E+00   0.154546E+06   0.153328E+06  -0.134534E-01  -0.399006E-01   0.358033E+05   0.146144E+06   0.154342E+06   0.146144E+06  -0.176347E-02   0.590246E+05   0.590114E+05   0.870815E-02
   0.509375E+00   0.152089E+06   0.150890E+06  -0.129764E-01  -0.384765E-01   0.348538E+05   0.143794E+06   0.151888E+06   0.143794E+06  -0.173512E-02   0.580805E+05   0.580676E+05   0.848585E-02
   0.514529E+00   0.149682E+06   0.148500E+06  -0.125192E-01  -0.371131E-01   0.339342E+05   0.141493E+06   0.149484E+06   0.141493E+06  -0.170735E-02   0.571558E+05   0.571430E+05   0.827540E-02
   0.519683E+00   0.147327E+06   0.146162E+06  -0.120834E-01  -0.358103E-01   0.330439E+05   0.139241E+06   0.147131E+06   0.139241E+06  -0.168018E-02   0.562511E+05   0.562385E+05   0.807437E-02
   0.524837E+00   0.145025E+06   0.143877E+06  -0.116663E-01  -0.345638E-01   0.321825E+05   0.137042E+06   0.144832E+06   0.137042E+06  -0.165364E-02   0.553670E+05   0.553546E+05   0.788023E-02
   0.529991E+00   0.142779E+06   0.141647E+06  -0.112657E-01  -0.333703E-01   0.313499E+05   0.134896E+06   0.142589E+06   0.134896E+06  -0.162775E-02   0.545046E+05   0.544924E+05   0.769100E-02
   0.535145E+00   0.140593E+06   0.139478E+06  -0.108832E-01  -0.322303E-01   0.305462E+05   0.132809E+06   0.140406E+06   0.132809E+06  -0.160256E-02   0.536654E+05   0.536534E+05   0.750552E-02
   0.540300E+00   0.138469E+06   0.137371E+06  -0.105192E-01  -0.311427E-01   0.297710E+05   0.130780E+06   0.138285E+06   0.130780E+06  -0.157809E-02   0.528500E+05   0.528381E+05   0.732345E-02
   0.545454E+00   0.136404E+06   0.135321E+06  -0.101705E-01  -0.301025E-01   0.290227E+05   0.128808E+06   0.136222E+06   0.128808E+06  -0.155429E-02   0.520571E+05   0.520454E+05   0.714507E-02
   0.550608E+00   0.134390E+06   0.133325E+06  -0.983541E-02  -0.291057E-01   0.282995E+05   0.126887E+06   0.134211E+06   0.126887E+06  -0.153111E-02   0.512845E+05   0.512730E+05   0.697111E-02
   0.555762E+00   0.132426E+06   0.131376E+06  -0.951520E-02  -0.281517E-01   0.275998E+05   0.125012E+06   0.132249E+06   0.125012E+06  -0.150848E-02   0.505306E+05   0.505193E+05   0.680245E-02
   0.560916E+00   0.130507E+06   0.129473E+06  -0.920913E-02  -0.272381E-01   0.269224E+05   0.123182E+06   0.130333E+06   0.123182E+06  -0.148640E-02   0.497944E+05   0.497832E+05   0.663989E-02
   0.566070E+00   0.128630E+06   0.127612E+06  -0.891442E-02  -0.263607E-01   0.262662E+05   0.121392E+06   0.128460E+06   0.121392E+06  -0.146480E-02   0.490746E+05   0.490636E+05   0.648383E-02
   0.571224E+00   0.126793E+06   0.125789E+06  -0.863063E-02  -0.255174E-01   0.256296E+05   0.119640E+06   0.126624E+06   0.119640E+06  -0.144366E-02   0.483696E+05   0.483588E+05   0.633419E-02
   0.576378E+00   0.124990E+06   0.124001E+06  -0.835889E-02  -0.247080E-01   0.250117E+05   0.117922E+06   0.124824E+06   0.117922E+06  -0.142292E-02   0.476784E+05   0.476677E+05   0.619053E-02
   0.581532E+00   0.123224E+06   0.122248E+06  -0.809809E-02  -0.239305E-01   0.244121E+05   0.116238E+06   0.123060E+06   0.116238E+06  -0.140261E-02   0.470011E+05   0.469905E+05   0.605222E-02
   0.586686E+00   0.121496E+06   0.120533E+06  -0.784638E-02  -0.231825E-01   0.238307E+05   0.114592E+06   0.121335E+06   0.114592E+06  -0.138274E-02   0.463384E+05   0.463280E+05   0.591854E-02
   0.591840E+00   0.119807E+06   0.118857E+06  -0.760438E-02  -0.224639E-01   0.232671E+05   0.112982E+06   0.119647E+06   0.112982E+06  -0.136332E-02   0.456906E+05   0.456803E+05   0.578878E-02
   0.596995E+00   0.118154E+06   0.117217E+06  -0.737285E-02  -0.217744E-01   0.227207E+05   0.111408E+06   0.117997E+06   0.111408E+06  -0.134432E-02   0.450571E+05   0.450470E+05   0.566236E-02
   0.602149E+00   0.116538E+06   0.115614E+06  -0.715019E-02  -0.211116E-01   0.221909E+05   0.109869E+06   0.116383E+06   0.109869E+06  -0.132576E-02   0.444377E+05   0.444277E+05   0.553895E-02
   0.607303E+00   0.114960E+06   0.114047E+06  -0.693517E-02  -0.204738E-01   0.216775E+05   0.108366E+06   0.114806E+06   0.108366E+06  -0.130762E-02   0.438326E+05   0.438227E+05   0.541850E-02
   0.612457E+00   0.113418E+06   0.112518E+06  -0.672875E-02  -0.198609E-01   0.211798E+05   0.106898E+06   0.113266E+06   0.106898E+06  -0.128991E-02   0.432416E+05   0.432319E+05   0.530111E-02
   0.659749E+00   0.100662E+06   0.998630E+05  -0.515704E-02  -0.151953E-01   0.172339E+05   0.947676E+05   0.100528E+06   0.947676E+05  -0.114353E-02   0.383558E+05   0.383472E+05   0.437533E-02
   0.710693E+00   0.892799E+05   0.885708E+05  -0.394934E-02  -0.116177E-01   0.139802E+05   0.839616E+05   0.891608E+05   0.839616E+05  -0.101314E-02   0.340001E+05   0.339924E+05   0.360976E-02
   0.765571E+00   0.791479E+05   0.785189E+05  -0.302224E-02  -0.887765E-02   0.113094E+05   0.743581E+05   0.790423E+05   0.743581E+05  -0.897257E-03   0.301261E+05   0.301193E+05   0.297834E-02
   0.895965E+00   0.612217E+05   0.607345E+05  -0.171269E-02  -0.501633E-02   0.715612E+04   0.574066E+05   0.611399E+05   0.574066E+05  -0.692708E-03   0.232804E+05   0.232750E+05   0.198117E-02
   0.125042E+01   0.352562E+05   0.349750E+05  -0.510579E-03  -0.148583E-02   0.261198E+04   0.329547E+05   0.352090E+05   0.329547E+05  -0.397654E-03   0.133858E+05   0.133826E+05   0.834968E-03
   0.174510E+01   0.201123E+05   0.199516E+05   0.691391E-03   0.405781E-03   0.910226E+03   0.187593E+05   0.200854E+05   0.187593E+05  -0.226772E-03   0.762464E+04   0.762279E+04   0.354813E-03
   0.243548E+01   0.113747E+05   0.112836E+05   0.138183E-02   0.129906E-02   0.304241E+03   0.105948E+05   0.113594E+05   0.105948E+05  -0.127737E-03   0.431240E+04   0.431127E+04   0.154370E-03
