#          k/h    CDM            baryon         photon         nu             mass_nu        total          no_nu          total_de       Weyl           v_CDM          v_b            v_b-v_c     
   0.102076E-04   0.297958E+08   0.297958E+08   0.397138E+08   0.397134E+08   0.297959E+08   0.297958E+08   0.297958E+08   0.298057E+08  -0.384171E+00   0.564767E+07   0.564767E+07   0.593145E+01
   0.112819E-04   0.297954E+08   0.297954E+08   0.397102E+08   0.397097E+08   0.297955E+08   0.297954E+08   0.297954E+08   0.298054E+08  -0.384160E+00   0.564788E+07   0.564788E+07   0.655551E+01
   0.124693E-04   0.297950E+08   0.297950E+08   0.397058E+08   0.397052E+08   0.297951E+08   0.297950E+08   0.297950E+08   0.298049E+08  -0.384147E+00   0.564815E+07   0.564815E+07   0.724518E+01
   0.137816E-04   0.297944E+08   0.297944E+08   0.397004E+08   0.396997E+08   0.297945E+08   0.297944E+08   0.297944E+08   0.298043E+08  -0.384130E+00   0.564847E+07   0.564847E+07   0.800733E+01
   0.152321E-04   0.297937E+08   0.297937E+08   0.396939E+08   0.396930E+08   0.297938E+08   0.297937E+08   0.297937E+08   0.298036E+08  -0.384110E+00   0.564887E+07   0.564887E+07   0.884958E+01
   0.168352E-04   0.297929E+08   0.297929E+08   0.396858E+08   0.396848E+08   0.297930E+08   0.297929E+08   0.297929E+08   0.298028E+08  -0.384085E+00   0.564935E+07   0.564935E+07   0.978029E+01
   0.186070E-04   0.297918E+08   0.297918E+08   0.396761E+08   0.396748E+08   0.297919E+08   0.297918E+08   0.297918E+08   0.298017E+08  -0.384055E+00   0.564994E+07   0.564994E+07   0.108087E+02
   0.205653E-04   0.297906E+08   0.297906E+08   0.396641E+08   0.396625E+08   0.297907E+08   0.297906E+08   0.297906E+08   0.298005E+08  -0.384018E+00   0.565065E+07   0.565065E+07   0.119451E+02
   0.227297E-04   0.297890E+08   0.297890E+08   0.396495E+08   0.396476E+08   0.297891E+08   0.297890E+08   0.297890E+08   0.297989E+08  -0.383973E+00   0.565153E+07   0.565153E+07   0.132006E+02
   0.251219E-04   0.297872E+08   0.297872E+08   0.396317E+08   0.396293E+08   0.297872E+08   0.297872E+08   0.297872E+08   0.297971E+08  -0.383919E+00   0.565260E+07   0.565260E+07   0.145877E+02
   0.277659E-04   0.297849E+08   0.297849E+08   0.396100E+08   0.396071E+08   0.297850E+08   0.297849E+08   0.297849E+08   0.297948E+08  -0.383852E+00   0.565391E+07   0.565391E+07   0.161201E+02
   0.306881E-04   0.297821E+08   0.297821E+08   0.395835E+08   0.395799E+08   0.297822E+08   0.297821E+08   0.297821E+08   0.297920E+08  -0.383770E+00   0.565551E+07   0.565551E+07   0.178126E+02
   0.339179E-04   0.297786E+08   0.297786E+08   0.395511E+08   0.395467E+08   0.297787E+08   0.297786E+08   0.297786E+08   0.297885E+08  -0.383670E+00   0.565746E+07   0.565746E+07   0.196819E+02
   0.374876E-04   0.297745E+08   0.297745E+08   0.395115E+08   0.395062E+08   0.297746E+08   0.297745E+08   0.297745E+08   0.297844E+08  -0.383548E+00   0.565984E+07   0.565984E+07   0.217460E+02
   0.414330E-04   0.297694E+08   0.297694E+08   0.394633E+08   0.394568E+08   0.297695E+08   0.297694E+08   0.297694E+08   0.297792E+08  -0.383399E+00   0.566275E+07   0.566274E+07   0.240249E+02
   0.457936E-04   0.297632E+08   0.297631E+08   0.394045E+08   0.393965E+08   0.297632E+08   0.297632E+08   0.297632E+08   0.297730E+08  -0.383218E+00   0.566629E+07   0.566629E+07   0.265401E+02
   0.506132E-04   0.297556E+08   0.297555E+08   0.393327E+08   0.393230E+08   0.297556E+08   0.297556E+08   0.297556E+08   0.297654E+08  -0.382996E+00   0.567062E+07   0.567062E+07   0.293154E+02
   0.559400E-04   0.297463E+08   0.297463E+08   0.392453E+08   0.392335E+08   0.297464E+08   0.297463E+08   0.297463E+08   0.297561E+08  -0.382726E+00   0.567590E+07   0.567589E+07   0.323765E+02
   0.618274E-04   0.297350E+08   0.297350E+08   0.391387E+08   0.391244E+08   0.297351E+08   0.297350E+08   0.297350E+08   0.297448E+08  -0.382396E+00   0.568234E+07   0.568233E+07   0.357514E+02
   0.683345E-04   0.297212E+08   0.297212E+08   0.390090E+08   0.389915E+08   0.297213E+08   0.297212E+08   0.297212E+08   0.297309E+08  -0.381994E+00   0.569018E+07   0.569018E+07   0.394701E+02
   0.755264E-04   0.297044E+08   0.297043E+08   0.388511E+08   0.388298E+08   0.297044E+08   0.297044E+08   0.297044E+08   0.297141E+08  -0.381504E+00   0.569974E+07   0.569974E+07   0.435649E+02
   0.834752E-04   0.296839E+08   0.296838E+08   0.386592E+08   0.386333E+08   0.296839E+08   0.296839E+08   0.296839E+08   0.296935E+08  -0.380907E+00   0.571139E+07   0.571138E+07   0.480701E+02
   0.922605E-04   0.296589E+08   0.296588E+08   0.384262E+08   0.383947E+08   0.296589E+08   0.296589E+08   0.296589E+08   0.296685E+08  -0.380181E+00   0.572556E+07   0.572554E+07   0.530218E+02
   0.101971E-03   0.296284E+08   0.296284E+08   0.381435E+08   0.381054E+08   0.296285E+08   0.296284E+08   0.296284E+08   0.296380E+08  -0.379297E+00   0.574279E+07   0.574277E+07   0.584574E+02
   0.112702E-03   0.295914E+08   0.295914E+08   0.378012E+08   0.377551E+08   0.295915E+08   0.295914E+08   0.295914E+08   0.296009E+08  -0.378222E+00   0.576371E+07   0.576369E+07   0.644153E+02
   0.124564E-03   0.295464E+08   0.295463E+08   0.373876E+08   0.373318E+08   0.295465E+08   0.295464E+08   0.295464E+08   0.295557E+08  -0.376918E+00   0.578910E+07   0.578907E+07   0.709334E+02
   0.137674E-03   0.294917E+08   0.294916E+08   0.368889E+08   0.368217E+08   0.294918E+08   0.294917E+08   0.294917E+08   0.295009E+08  -0.375337E+00   0.581984E+07   0.581981E+07   0.780481E+02
   0.152163E-03   0.294254E+08   0.294253E+08   0.362894E+08   0.362086E+08   0.294254E+08   0.294254E+08   0.294254E+08   0.294345E+08  -0.373424E+00   0.585701E+07   0.585697E+07   0.857922E+02
   0.168178E-03   0.293451E+08   0.293449E+08   0.355712E+08   0.354746E+08   0.293451E+08   0.293451E+08   0.293451E+08   0.293539E+08  -0.371113E+00   0.590184E+07   0.590179E+07   0.941922E+02
   0.185878E-03   0.292480E+08   0.292478E+08   0.347148E+08   0.345996E+08   0.292480E+08   0.292479E+08   0.292479E+08   0.292566E+08  -0.368329E+00   0.595575E+07   0.595569E+07   0.103265E+03
   0.205440E-03   0.291309E+08   0.291306E+08   0.336989E+08   0.335623E+08   0.291308E+08   0.291308E+08   0.291308E+08   0.291392E+08  -0.364985E+00   0.602037E+07   0.602030E+07   0.113013E+03
   0.227062E-03   0.289900E+08   0.289897E+08   0.325017E+08   0.323409E+08   0.289900E+08   0.289899E+08   0.289899E+08   0.289981E+08  -0.360983E+00   0.609749E+07   0.609741E+07   0.123419E+03
   0.250959E-03   0.288212E+08   0.288208E+08   0.311023E+08   0.309145E+08   0.288211E+08   0.288211E+08   0.288211E+08   0.288288E+08  -0.356218E+00   0.618906E+07   0.618896E+07   0.134438E+03
   0.277372E-03   0.286196E+08   0.286192E+08   0.294826E+08   0.292656E+08   0.286195E+08   0.286195E+08   0.286195E+08   0.286269E+08  -0.350573E+00   0.629710E+07   0.629698E+07   0.145989E+03
   0.306564E-03   0.283803E+08   0.283797E+08   0.276307E+08   0.273832E+08   0.283801E+08   0.283802E+08   0.283802E+08   0.283871E+08  -0.343932E+00   0.642357E+07   0.642343E+07   0.157946E+03
   0.338828E-03   0.280977E+08   0.280971E+08   0.255451E+08   0.252671E+08   0.280975E+08   0.280976E+08   0.280976E+08   0.281040E+08  -0.336184E+00   0.657023E+07   0.657006E+07   0.170126E+03
   0.374488E-03   0.277668E+08   0.277660E+08   0.232393E+08   0.229330E+08   0.277665E+08   0.277666E+08   0.277666E+08   0.277724E+08  -0.327235E+00   0.673832E+07   0.673812E+07   0.182282E+03
   0.413901E-03   0.273825E+08   0.273816E+08   0.207476E+08   0.204183E+08   0.273821E+08   0.273823E+08   0.273823E+08   0.273875E+08  -0.317025E+00   0.692824E+07   0.692800E+07   0.194094E+03
   0.457462E-03   0.269412E+08   0.269401E+08   0.181300E+08   0.177863E+08   0.269407E+08   0.269410E+08   0.269410E+08   0.269455E+08  -0.305550E+00   0.713909E+07   0.713881E+07   0.205169E+03
   0.505608E-03   0.264410E+08   0.264397E+08   0.154738E+08   0.151282E+08   0.264405E+08   0.264408E+08   0.264408E+08   0.264446E+08  -0.292883E+00   0.736817E+07   0.736784E+07   0.215050E+03
   0.558821E-03   0.258830E+08   0.258815E+08   0.128904E+08   0.125587E+08   0.258823E+08   0.258827E+08   0.258828E+08   0.258859E+08  -0.279203E+00   0.761055E+07   0.761018E+07   0.223234E+03
   0.617635E-03   0.252720E+08   0.252702E+08   0.105029E+08   0.102022E+08   0.252711E+08   0.252716E+08   0.252717E+08   0.252742E+08  -0.264809E+00   0.785878E+07   0.785836E+07   0.229219E+03
   0.682638E-03   0.246175E+08   0.246155E+08   0.842308E+07   0.816814E+07   0.246164E+08   0.246172E+08   0.246172E+08   0.246192E+08  -0.250126E+00   0.810304E+07   0.810256E+07   0.232549E+03
   0.754482E-03   0.239343E+08   0.239320E+08   0.672012E+07   0.651868E+07   0.239329E+08   0.239339E+08   0.239339E+08   0.239355E+08  -0.235681E+00   0.833189E+07   0.833136E+07   0.232887E+03
   0.833888E-03   0.232415E+08   0.232389E+08   0.539137E+07   0.523895E+07   0.232398E+08   0.232410E+08   0.232411E+08   0.232423E+08  -0.222040E+00   0.853387E+07   0.853330E+07   0.230069E+03
   0.921651E-03   0.225610E+08   0.225581E+08   0.435452E+07   0.423214E+07   0.225589E+08   0.225604E+08   0.225605E+08   0.225615E+08  -0.209715E+00   0.869975E+07   0.869913E+07   0.224135E+03
   0.101865E-02   0.219144E+08   0.219112E+08   0.348185E+07   0.335974E+07   0.219118E+08   0.219137E+08   0.219139E+08   0.219146E+08  -0.199058E+00   0.882484E+07   0.882418E+07   0.215309E+03
   0.112586E-02   0.213192E+08   0.213158E+08   0.267667E+07   0.252541E+07   0.213160E+08   0.213184E+08   0.213186E+08   0.213191E+08  -0.190175E+00   0.891023E+07   0.890954E+07   0.203941E+03
   0.124435E-02   0.207855E+08   0.207819E+08   0.194521E+07   0.175027E+07   0.207816E+08   0.207847E+08   0.207849E+08   0.207851E+08  -0.182940E+00   0.896190E+07   0.896119E+07   0.190447E+03
   0.137531E-02   0.203151E+08   0.203113E+08   0.138033E+07   0.114962E+07   0.203103E+08   0.203142E+08   0.203144E+08   0.203145E+08  -0.177086E+00   0.898750E+07   0.898678E+07   0.175311E+03
   0.152006E-02   0.199031E+08   0.198992E+08   0.102960E+07   0.785830E+06   0.198972E+08   0.199021E+08   0.199025E+08   0.199023E+08  -0.172349E+00   0.899290E+07   0.899217E+07   0.159152E+03
   0.168004E-02   0.195420E+08   0.195380E+08   0.793074E+06   0.199938E+06   0.195347E+08   0.195408E+08   0.195413E+08   0.195410E+08  -0.168536E+00   0.898117E+07   0.898045E+07   0.142768E+03
   0.185685E-02   0.192235E+08   0.192195E+08   0.550319E+06   0.683739E+05   0.192147E+08   0.192223E+08   0.192228E+08   0.192224E+08  -0.165475E+00   0.895463E+07   0.895392E+07   0.127008E+03
   0.205228E-02   0.189397E+08   0.189357E+08   0.355031E+06  -0.422812E+04   0.189290E+08   0.189384E+08   0.189391E+08   0.189384E+08  -0.162979E+00   0.891614E+07   0.891545E+07   0.112572E+03
   0.226827E-02   0.186827E+08   0.186787E+08   0.273106E+06  -0.414728E+05   0.186696E+08   0.186811E+08   0.186820E+08   0.186812E+08  -0.160897E+00   0.886756E+07   0.886688E+07   0.999416E+02
   0.250700E-02   0.184450E+08   0.184409E+08   0.190907E+06  -0.573824E+05   0.184291E+08   0.184433E+08   0.184443E+08   0.184433E+08  -0.159123E+00   0.880943E+07   0.880876E+07   0.893334E+02
   0.277085E-02   0.182202E+08   0.182160E+08   0.116456E+06  -0.612259E+05   0.182009E+08   0.182182E+08   0.182195E+08   0.182182E+08  -0.157537E+00   0.874287E+07   0.874220E+07   0.805431E+02
   0.306246E-02   0.180023E+08   0.179978E+08   0.887665E+05  -0.587543E+05   0.179788E+08   0.179999E+08   0.180015E+08   0.180000E+08  -0.156049E+00   0.866826E+07   0.866759E+07   0.730259E+02
   0.338478E-02   0.177858E+08   0.177811E+08   0.465214E+05  -0.530405E+05   0.177574E+08   0.177831E+08   0.177850E+08   0.177831E+08  -0.154591E+00   0.858544E+07   0.858477E+07   0.661838E+02
   0.374101E-02   0.175660E+08   0.175610E+08   0.315793E+05  -0.462603E+05   0.175317E+08   0.175628E+08   0.175652E+08   0.175628E+08  -0.153084E+00   0.849459E+07   0.849392E+07   0.596360E+02
   0.413473E-02   0.173384E+08   0.173331E+08   0.186906E+05  -0.393327E+05   0.172971E+08   0.173347E+08   0.173375E+08   0.173347E+08  -0.151484E+00   0.839502E+07   0.839436E+07   0.534378E+02
   0.456989E-02   0.170989E+08   0.170933E+08   0.116657E+05  -0.329209E+05   0.170493E+08   0.170946E+08   0.170980E+08   0.170946E+08  -0.149738E+00   0.828629E+07   0.828564E+07   0.478777E+02
   0.505085E-02   0.168439E+08   0.168378E+08   0.998503E+04  -0.272047E+05   0.167844E+08   0.168388E+08   0.168428E+08   0.168388E+08  -0.147809E+00   0.816750E+07   0.816685E+07   0.430803E+02
   0.558243E-02   0.165697E+08   0.165630E+08   0.611162E+04  -0.222784E+05   0.164987E+08   0.165637E+08   0.165685E+08   0.165637E+08  -0.145665E+00   0.803767E+07   0.803702E+07   0.388340E+02
   0.616996E-02   0.162730E+08   0.162656E+08   0.364074E+04  -0.181213E+05   0.161887E+08   0.162661E+08   0.162718E+08   0.162661E+08  -0.143277E+00   0.789576E+07   0.789511E+07   0.348979E+02
   0.681932E-02   0.159508E+08   0.159426E+08   0.124490E+04  -0.146566E+05   0.158511E+08   0.159427E+08   0.159495E+08   0.159427E+08  -0.140619E+00   0.774059E+07   0.773995E+07   0.313249E+02
   0.753702E-02   0.156001E+08   0.155909E+08   0.120221E+03  -0.117969E+05   0.154828E+08   0.155905E+08   0.155986E+08   0.155905E+08  -0.137671E+00   0.757097E+07   0.757034E+07   0.281943E+02
   0.833025E-02   0.152181E+08   0.152077E+08   0.916850E+03  -0.945416E+04   0.150810E+08   0.152070E+08   0.152163E+08   0.152070E+08  -0.134412E+00   0.738572E+07   0.738509E+07   0.253749E+02
   0.920698E-02   0.148023E+08   0.147905E+08  -0.262690E+04  -0.754600E+04   0.146432E+08   0.147894E+08   0.148003E+08   0.147894E+08  -0.130825E+00   0.718373E+07   0.718310E+07   0.228353E+02
   0.101760E-01   0.143505E+08   0.143371E+08  -0.140465E+04  -0.599903E+04   0.141674E+08   0.143358E+08   0.143483E+08   0.143358E+08  -0.126895E+00   0.696401E+07   0.696338E+07   0.205882E+02
   0.112469E-01   0.138611E+08   0.138456E+08  -0.196676E+04  -0.474839E+04   0.136518E+08   0.138442E+08   0.138585E+08   0.138442E+08  -0.122609E+00   0.672576E+07   0.672513E+07   0.185721E+02
   0.124306E-01   0.133326E+08   0.133150E+08  -0.177127E+04  -0.374192E+04   0.130957E+08   0.133135E+08   0.133297E+08   0.133135E+08  -0.117962E+00   0.646843E+07   0.646780E+07   0.167836E+02
   0.137389E-01   0.127647E+08   0.127445E+08  -0.164065E+04  -0.293420E+04   0.124988E+08   0.127432E+08   0.127613E+08   0.127432E+08  -0.112950E+00   0.619179E+07   0.619116E+07   0.151877E+02
   0.151849E-01   0.121576E+08   0.121344E+08  -0.103880E+04  -0.228852E+04   0.118619E+08   0.121336E+08   0.121537E+08   0.121336E+08  -0.107578E+00   0.589601E+07   0.589538E+07   0.137662E+02
   0.167830E-01   0.115242E+08   0.114978E+08  -0.109096E+04  -0.177620E+04   0.111981E+08   0.114975E+08   0.115198E+08   0.114975E+08  -0.101964E+00   0.558737E+07   0.558674E+07   0.125022E+02
   0.185493E-01   0.108459E+08   0.108159E+08  -0.848655E+03  -0.136863E+04   0.104899E+08   0.108166E+08   0.108409E+08   0.108166E+08  -0.959448E-01   0.525689E+07   0.525626E+07   0.113542E+02
   0.205016E-01   0.101371E+08   0.101033E+08  -0.527421E+03  -0.104724E+04   0.975238E+07   0.101052E+08   0.101314E+08   0.101052E+08  -0.896490E-01   0.491156E+07   0.491092E+07   0.103056E+02
   0.226592E-01   0.939607E+07   0.935860E+07  -0.460291E+03  -0.794658E+03   0.898545E+07   0.936182E+07   0.938978E+07   0.936182E+07  -0.830653E-01   0.455069E+07   0.455006E+07   0.932706E+01
   0.250440E-01   0.864756E+07   0.860655E+07  -0.347402E+03  -0.598717E+03   0.821397E+07   0.861117E+07   0.864068E+07   0.861117E+07  -0.764134E-01   0.418626E+07   0.418563E+07   0.840135E+01
   0.276798E-01   0.790160E+07   0.785758E+07  -0.225679E+03  -0.447844E+03   0.744850E+07   0.786339E+07   0.789421E+07   0.786339E+07  -0.697841E-01   0.382320E+07   0.382258E+07   0.750187E+01
   0.305930E-01   0.716423E+07   0.711815E+07  -0.243131E+03  -0.332408E+03   0.669546E+07   0.712461E+07   0.715649E+07   0.712461E+07  -0.632324E-01   0.346449E+07   0.346388E+07   0.660602E+01
   0.338127E-01   0.645456E+07   0.640781E+07  -0.165008E+03  -0.245173E+03   0.597361E+07   0.641400E+07   0.644671E+07   0.641400E+07  -0.569290E-01   0.311943E+07   0.311885E+07   0.570140E+01
   0.373714E-01   0.579500E+07   0.574940E+07  -0.108867E+03  -0.180211E+03   0.530459E+07   0.575396E+07   0.578734E+07   0.575396E+07  -0.510732E-01   0.279892E+07   0.279839E+07   0.478799E+01
   0.413045E-01   0.520647E+07   0.516413E+07  -0.775242E+02  -0.132564E+03   0.470628E+07   0.516526E+07   0.519936E+07   0.516526E+07  -0.458497E-01   0.251307E+07   0.251258E+07   0.388118E+01
   0.454350E-01   0.471204E+07   0.467474E+07   0.262635E+02  -0.991820E+02   0.420435E+07   0.467110E+07   0.470578E+07   0.467110E+07  -0.414646E-01   0.227313E+07   0.227272E+07   0.304810E+01
   0.495654E-01   0.432717E+07   0.429577E+07   0.201911E+02  -0.765627E+02   0.381084E+07   0.428656E+07   0.432190E+07   0.428656E+07  -0.380520E-01   0.208645E+07   0.208610E+07   0.235119E+01
   0.536959E-01   0.401969E+07   0.399419E+07   0.159228E+02  -0.606279E+02   0.349382E+07   0.397934E+07   0.401541E+07   0.397934E+07  -0.353254E-01   0.193735E+07   0.193706E+07   0.179610E+01
   0.578264E-01   0.376231E+07   0.374201E+07   0.128025E+02  -0.489515E+02   0.322720E+07   0.372213E+07   0.375890E+07   0.372213E+07  -0.330426E-01   0.181253E+07   0.181229E+07   0.137962E+01
   0.619568E-01   0.353612E+07   0.351982E+07   0.104422E+02  -0.400967E+02   0.299326E+07   0.349603E+07   0.353339E+07   0.349603E+07  -0.310359E-01   0.170282E+07   0.170262E+07   0.108984E+01
   0.660873E-01   0.332432E+07   0.331059E+07   0.859434E+01  -0.331443E+02   0.277676E+07   0.328431E+07   0.332202E+07   0.328431E+07  -0.291566E-01   0.160006E+07   0.159988E+07   0.906122E+00
   0.702177E-01   0.311694E+07   0.310435E+07   0.710919E+01  -0.275385E+02   0.256883E+07   0.307707E+07   0.311483E+07   0.307707E+07  -0.273170E-01   0.149944E+07   0.149927E+07   0.803436E+00
   0.743482E-01   0.291344E+07   0.290083E+07   0.590264E+01  -0.229673E+02   0.236903E+07   0.287382E+07   0.291132E+07   0.287382E+07  -0.255128E-01   0.140072E+07   0.140056E+07   0.755912E+00
   0.784786E-01   0.271053E+07   0.269711E+07   0.490785E+01  -0.191831E+02   0.217453E+07   0.267137E+07   0.270828E+07   0.267137E+07  -0.237157E-01   0.130235E+07   0.130218E+07   0.737903E+00
   0.826091E-01   0.251599E+07   0.250141E+07   0.409383E+01  -0.160742E+02   0.199145E+07   0.247743E+07   0.251354E+07   0.247743E+07  -0.219941E-01   0.120808E+07   0.120790E+07   0.729465E+00
   0.867395E-01   0.233517E+07   0.231951E+07   0.343162E+01  -0.135352E+02   0.182364E+07   0.229734E+07   0.233254E+07   0.229734E+07  -0.203954E-01   0.112052E+07   0.112034E+07   0.715743E+00
   0.918936E-01   0.213532E+07   0.211890E+07   0.278111E+01  -0.110311E+02   0.163996E+07   0.209849E+07   0.213256E+07   0.209849E+07  -0.186301E-01   0.102383E+07   0.102364E+07   0.678678E+00
   0.970477E-01   0.196929E+07   0.195310E+07   0.228802E+01  -0.912519E+01   0.148766E+07   0.193346E+07   0.196658E+07   0.193346E+07  -0.171650E-01   0.943573E+06   0.943394E+06   0.616173E+00
   0.102202E+00   0.183858E+07   0.182359E+07   0.191681E+01  -0.768574E+01   0.136644E+07   0.180359E+07   0.183607E+07   0.180359E+07  -0.160121E-01   0.880438E+06   0.880274E+06   0.534596E+00
   0.107356E+00   0.173844E+07   0.172535E+07   0.163494E+01  -0.658996E+01   0.127134E+07   0.170409E+07   0.173624E+07   0.170409E+07  -0.151288E-01   0.832094E+06   0.831950E+06   0.445826E+00
   0.112510E+00   0.165908E+07   0.164816E+07   0.141424E+01  -0.572979E+01   0.119407E+07   0.162522E+07   0.165725E+07   0.162522E+07  -0.144286E-01   0.793794E+06   0.793671E+06   0.362479E+00
   0.117664E+00   0.158977E+07   0.158082E+07   0.123353E+01  -0.502317E+01   0.112618E+07   0.155631E+07   0.158827E+07   0.155631E+07  -0.138169E-01   0.760339E+06   0.760235E+06   0.294381E+00
   0.122818E+00   0.152211E+07   0.151461E+07   0.107913E+01  -0.441687E+01   0.106136E+07   0.148907E+07   0.152085E+07   0.148907E+07  -0.132200E-01   0.727681E+06   0.727590E+06   0.246607E+00
   0.127972E+00   0.145124E+07   0.144451E+07   0.943361E+00  -0.388093E+01   0.996124E+06   0.141871E+07   0.145011E+07   0.141871E+07  -0.125954E-01   0.693478E+06   0.693394E+06   0.219108E+00
   0.133126E+00   0.137581E+07   0.136919E+07   0.822582E+00  -0.340142E+01   0.929619E+06   0.134392E+07   0.137470E+07   0.134392E+07  -0.119313E-01   0.657086E+06   0.657003E+06   0.207698E+00
   0.138280E+00   0.129740E+07   0.129042E+07   0.715570E+00  -0.297411E+01   0.863005E+06   0.126627E+07   0.129623E+07   0.126627E+07  -0.112419E-01   0.619278E+06   0.619193E+06   0.205905E+00
   0.143435E+00   0.121947E+07   0.121196E+07   0.622173E+00  -0.259914E+01   0.798614E+06   0.118919E+07   0.121821E+07   0.118919E+07  -0.105577E-01   0.581730E+06   0.581641E+06   0.206975E+00
   0.148589E+00   0.114623E+07   0.113825E+07   0.542399E+00  -0.227731E+01   0.739110E+06   0.111682E+07   0.114489E+07   0.111682E+07  -0.991522E-02   0.546466E+06   0.546375E+06   0.205532E+00
   0.153743E+00   0.108151E+07   0.107333E+07   0.475867E+00  -0.200785E+01   0.686760E+06   0.105293E+07   0.108014E+07   0.105293E+07  -0.934798E-02   0.515329E+06   0.515237E+06   0.198520E+00
   0.158897E+00   0.102755E+07   0.101954E+07   0.421420E+00  -0.178671E+01   0.642668E+06   0.999678E+06   0.102620E+07   0.999678E+06  -0.887521E-02   0.489383E+06   0.489295E+06   0.185368E+00
   0.164051E+00   0.984118E+06   0.976623E+06   0.377061E+00  -0.160617E+01   0.606344E+06   0.956821E+06   0.982860E+06   0.956821E+06  -0.849473E-02   0.468513E+06   0.468431E+06   0.167508E+00
   0.169205E+00   0.948961E+06   0.942201E+06   0.340397E+00  -0.145666E+01   0.576072E+06   0.922116E+06   0.947826E+06   0.922116E+06  -0.818662E-02   0.451624E+06   0.451549E+06   0.147546E+00
   0.174359E+00   0.919027E+06   0.913072E+06   0.309234E+00  -0.132930E+01   0.549756E+06   0.892559E+06   0.918027E+06   0.892559E+06  -0.792421E-02   0.437247E+06   0.437180E+06   0.128349E+00
   0.179513E+00   0.891365E+06   0.886131E+06   0.281845E+00  -0.121699E+01   0.525476E+06   0.865244E+06   0.890486E+06   0.865244E+06  -0.768171E-02   0.423960E+06   0.423900E+06   0.112243E+00
   0.184667E+00   0.863417E+06   0.858708E+06   0.256963E+00  -0.111454E+01   0.501628E+06   0.837661E+06   0.862626E+06   0.837661E+06  -0.743683E-02   0.410537E+06   0.410481E+06   0.100508E+00
   0.189821E+00   0.833469E+06   0.829041E+06   0.233834E+00  -0.101874E+01   0.477268E+06   0.808143E+06   0.832725E+06   0.808143E+06  -0.717478E-02   0.396157E+06   0.396103E+06   0.932543E-01
   0.194975E+00   0.801209E+06   0.796836E+06   0.212205E+00  -0.928616E+00   0.452223E+06   0.776391E+06   0.800474E+06   0.776391E+06  -0.689288E-02   0.380674E+06   0.380621E+06   0.896356E-01
   0.200130E+00   0.767663E+06   0.763189E+06   0.192208E+00  -0.844829E+00   0.427110E+06   0.743413E+06   0.766912E+06   0.743413E+06  -0.660010E-02   0.364582E+06   0.364529E+06   0.882407E-01
   0.205284E+00   0.734418E+06   0.729781E+06   0.174067E+00  -0.768450E+00   0.402817E+06   0.710761E+06   0.733640E+06   0.710761E+06  -0.631021E-02   0.348643E+06   0.348589E+06   0.875277E-01
   0.210438E+00   0.702967E+06   0.698198E+06   0.157926E+00  -0.700210E+00   0.380137E+06   0.679896E+06   0.702166E+06   0.679896E+06  -0.603619E-02   0.333572E+06   0.333518E+06   0.862107E-01
   0.215592E+00   0.674491E+06   0.669688E+06   0.143815E+00  -0.640351E+00   0.359643E+06   0.651967E+06   0.673685E+06   0.651967E+06  -0.578824E-02   0.319935E+06   0.319881E+06   0.835191E-01
   0.220746E+00   0.649713E+06   0.645006E+06   0.131645E+00  -0.588601E+00   0.341638E+06   0.627672E+06   0.648923E+06   0.627672E+06  -0.557255E-02   0.308075E+06   0.308022E+06   0.792757E-01
   0.225900E+00   0.628667E+06   0.624174E+06   0.121194E+00  -0.544082E+00   0.326040E+06   0.607036E+06   0.627913E+06   0.607036E+06  -0.538934E-02   0.298005E+06   0.297955E+06   0.738065E-01
   0.231054E+00   0.610675E+06   0.606478E+06   0.112137E+00  -0.505429E+00   0.312407E+06   0.589392E+06   0.609970E+06   0.589392E+06  -0.523269E-02   0.289399E+06   0.289352E+06   0.677466E-01
   0.236208E+00   0.594664E+06   0.590789E+06   0.104123E+00  -0.471155E+00   0.300115E+06   0.573688E+06   0.594013E+06   0.573688E+06  -0.509328E-02   0.281742E+06   0.281698E+06   0.618183E-01
   0.241362E+00   0.579534E+06   0.575953E+06   0.968552E-01  -0.439971E+00   0.288562E+06   0.558852E+06   0.578933E+06   0.558852E+06  -0.496156E-02   0.274507E+06   0.274466E+06   0.566337E-01
   0.246516E+00   0.564380E+06   0.561026E+06   0.901126E-01  -0.410920E+00   0.277274E+06   0.544000E+06   0.563816E+06   0.544000E+06  -0.482970E-02   0.267261E+06   0.267222E+06   0.525610E-01
   0.251670E+00   0.548634E+06   0.545421E+06   0.837615E-01  -0.383421E+00   0.265966E+06   0.528583E+06   0.548094E+06   0.528583E+06  -0.469283E-02   0.259735E+06   0.259697E+06   0.496763E-01
   0.256825E+00   0.532175E+06   0.529022E+06   0.777545E-01  -0.357280E+00   0.254584E+06   0.512485E+06   0.531646E+06   0.512485E+06  -0.454991E-02   0.251870E+06   0.251833E+06   0.477984E-01
   0.261979E+00   0.515309E+06   0.512159E+06   0.721109E-01  -0.332600E+00   0.243280E+06   0.496004E+06   0.514780E+06   0.496004E+06  -0.440359E-02   0.243813E+06   0.243777E+06   0.465815E-01
   0.267133E+00   0.498576E+06   0.495401E+06   0.668765E-01  -0.309610E+00   0.232309E+06   0.479666E+06   0.498043E+06   0.479666E+06  -0.425854E-02   0.235823E+06   0.235787E+06   0.456270E-01
   0.272287E+00   0.482529E+06   0.479336E+06   0.620895E-01  -0.288509E+00   0.221918E+06   0.464007E+06   0.481993E+06   0.464007E+06  -0.411952E-02   0.228165E+06   0.228128E+06   0.445859E-01
   0.277441E+00   0.467611E+06   0.464431E+06   0.577659E-01  -0.269392E+00   0.212291E+06   0.449457E+06   0.467077E+06   0.449457E+06  -0.399034E-02   0.221047E+06   0.221011E+06   0.432307E-01
   0.282595E+00   0.454083E+06   0.450959E+06   0.538949E-01  -0.252235E+00   0.203518E+06   0.436267E+06   0.453559E+06   0.436267E+06  -0.387324E-02   0.214596E+06   0.214561E+06   0.414851E-01
   0.287749E+00   0.441981E+06   0.438955E+06   0.504388E-01  -0.236885E+00   0.195586E+06   0.424468E+06   0.441473E+06   0.424468E+06  -0.376849E-02   0.208827E+06   0.208793E+06   0.394108E-01
   0.292903E+00   0.431108E+06   0.428210E+06   0.473374E-01  -0.223084E+00   0.188378E+06   0.413869E+06   0.430621E+06   0.413869E+06  -0.367439E-02   0.203645E+06   0.203612E+06   0.371636E-01
   0.298057E+00   0.421112E+06   0.418354E+06   0.445211E-01  -0.210522E+00   0.181715E+06   0.404125E+06   0.420649E+06   0.404125E+06  -0.358788E-02   0.198882E+06   0.198851E+06   0.349348E-01
   0.303211E+00   0.411599E+06   0.408973E+06   0.419247E-01  -0.198906E+00   0.175410E+06   0.394854E+06   0.411158E+06   0.394854E+06  -0.350558E-02   0.194350E+06   0.194321E+06   0.328970E-01
   0.308365E+00   0.402232E+06   0.399718E+06   0.394967E-01  -0.188006E+00   0.169307E+06   0.385731E+06   0.401810E+06   0.385731E+06  -0.342458E-02   0.189889E+06   0.189860E+06   0.311642E-01
   0.313520E+00   0.392799E+06   0.390366E+06   0.372042E-01  -0.177674E+00   0.163311E+06   0.376549E+06   0.392391E+06   0.376549E+06  -0.334305E-02   0.185397E+06   0.185369E+06   0.297748E-01
   0.318674E+00   0.383235E+06   0.380853E+06   0.350320E-01  -0.167843E+00   0.157394E+06   0.367244E+06   0.382835E+06   0.367244E+06  -0.326045E-02   0.180843E+06   0.180816E+06   0.286955E-01
   0.323828E+00   0.373605E+06   0.371253E+06   0.329783E-01  -0.158510E+00   0.151581E+06   0.357883E+06   0.373210E+06   0.357883E+06  -0.317734E-02   0.176259E+06   0.176232E+06   0.278411E-01
   0.328982E+00   0.364068E+06   0.361733E+06   0.310487E-01  -0.149709E+00   0.145933E+06   0.348618E+06   0.363676E+06   0.348618E+06  -0.309508E-02   0.171721E+06   0.171694E+06   0.271041E-01
   0.334136E+00   0.354816E+06   0.352497E+06   0.292509E-01  -0.141482E+00   0.140523E+06   0.339634E+06   0.354427E+06   0.339634E+06  -0.301532E-02   0.167320E+06   0.167294E+06   0.263833E-01
   0.339290E+00   0.346024E+06   0.343729E+06   0.275894E-01  -0.133858E+00   0.135412E+06   0.331100E+06   0.345638E+06   0.331100E+06  -0.293956E-02   0.163139E+06   0.163113E+06   0.256065E-01
   0.344444E+00   0.337796E+06   0.335539E+06   0.260626E-01  -0.126833E+00   0.130632E+06   0.323117E+06   0.337417E+06   0.323117E+06  -0.286868E-02   0.159228E+06   0.159202E+06   0.247411E-01
   0.349598E+00   0.330152E+06   0.327946E+06   0.246614E-01  -0.120373E+00   0.126180E+06   0.315701E+06   0.329782E+06   0.315701E+06  -0.280285E-02   0.155595E+06   0.155570E+06   0.237931E-01
   0.354752E+00   0.323031E+06   0.320888E+06   0.233722E-01  -0.114416E+00   0.122022E+06   0.308795E+06   0.322671E+06   0.308795E+06  -0.274153E-02   0.152211E+06   0.152187E+06   0.227979E-01
   0.359906E+00   0.316325E+06   0.314250E+06   0.221792E-01  -0.108889E+00   0.118108E+06   0.302293E+06   0.315977E+06   0.302293E+06  -0.268380E-02   0.149026E+06   0.149003E+06   0.218056E-01
   0.365060E+00   0.309911E+06   0.307903E+06   0.210668E-01  -0.103723E+00   0.114385E+06   0.296075E+06   0.309574E+06   0.296075E+06  -0.262860E-02   0.145980E+06   0.145957E+06   0.208664E-01
   0.370215E+00   0.303671E+06   0.301722E+06   0.200215E-01  -0.988553E-01   0.110802E+06   0.290028E+06   0.303344E+06   0.290028E+06  -0.257492E-02   0.143017E+06   0.142995E+06   0.200169E-01
   0.375369E+00   0.297511E+06   0.295613E+06   0.190331E-01  -0.942372E-01   0.107323E+06   0.284062E+06   0.297193E+06   0.284062E+06  -0.252195E-02   0.140093E+06   0.140071E+06   0.192740E-01
   0.380523E+00   0.291383E+06   0.289524E+06   0.180949E-01  -0.898390E-01   0.103926E+06   0.278129E+06   0.291071E+06   0.278129E+06  -0.246927E-02   0.137184E+06   0.137162E+06   0.186337E-01
   0.385677E+00   0.285294E+06   0.283465E+06   0.172043E-01  -0.856506E-01   0.100612E+06   0.272236E+06   0.284987E+06   0.272236E+06  -0.241695E-02   0.134294E+06   0.134273E+06   0.180762E-01
   0.390831E+00   0.279292E+06   0.277488E+06   0.163615E-01  -0.816746E-01   0.973974E+05   0.266431E+06   0.278989E+06   0.266431E+06  -0.236542E-02   0.131446E+06   0.131426E+06   0.175729E-01
   0.395985E+00   0.273444E+06   0.271662E+06   0.155675E-01  -0.779174E-01   0.943006E+05   0.260777E+06   0.273145E+06   0.260777E+06  -0.231521E-02   0.128672E+06   0.128651E+06   0.170942E-01
   0.401139E+00   0.267802E+06   0.266044E+06   0.148221E-01  -0.743814E-01   0.913373E+05   0.255323E+06   0.267507E+06   0.255323E+06  -0.226680E-02   0.125996E+06   0.125976E+06   0.166162E-01
   0.406293E+00   0.262398E+06   0.260668E+06   0.141242E-01  -0.710624E-01   0.885145E+05   0.250103E+06   0.262108E+06   0.250103E+06  -0.222045E-02   0.123434E+06   0.123414E+06   0.161252E-01
   0.411447E+00   0.257249E+06   0.255551E+06   0.134715E-01  -0.679517E-01   0.858334E+05   0.245129E+06   0.256964E+06   0.245129E+06  -0.217630E-02   0.120993E+06   0.120974E+06   0.156186E-01
   0.416601E+00   0.252352E+06   0.250689E+06   0.128612E-01  -0.650363E-01   0.832890E+05   0.240400E+06   0.252073E+06   0.240400E+06  -0.213431E-02   0.118672E+06   0.118654E+06   0.151033E-01
   0.421755E+00   0.247676E+06   0.246052E+06   0.122892E-01  -0.622974E-01   0.808676E+05   0.235887E+06   0.247404E+06   0.235887E+06  -0.209424E-02   0.116457E+06   0.116439E+06   0.145920E-01
   0.426910E+00   0.243173E+06   0.241586E+06   0.117505E-01  -0.597126E-01   0.785493E+05   0.231540E+06   0.242907E+06   0.231540E+06  -0.205565E-02   0.114324E+06   0.114306E+06   0.140983E-01
   0.432064E+00   0.238794E+06   0.237242E+06   0.112410E-01  -0.572615E-01   0.763156E+05   0.227315E+06   0.238533E+06   0.227315E+06  -0.201814E-02   0.112250E+06   0.112232E+06   0.136336E-01
   0.437218E+00   0.234507E+06   0.232989E+06   0.107576E-01  -0.549297E-01   0.741545E+05   0.223181E+06   0.234252E+06   0.223181E+06  -0.198143E-02   0.110220E+06   0.110203E+06   0.132047E-01
   0.442372E+00   0.230299E+06   0.228809E+06   0.102981E-01  -0.527074E-01   0.720591E+05   0.219123E+06   0.230049E+06   0.219123E+06  -0.194541E-02   0.108227E+06   0.108210E+06   0.128128E-01
   0.447526E+00   0.226159E+06   0.224694E+06   0.986081E-02  -0.505870E-01   0.700251E+05   0.215133E+06   0.225913E+06   0.215133E+06  -0.190998E-02   0.106268E+06   0.106251E+06   0.124538E-01
   0.452680E+00   0.222089E+06   0.220646E+06   0.944459E-02  -0.485634E-01   0.680509E+05   0.211211E+06   0.221847E+06   0.211211E+06  -0.187516E-02   0.104341E+06   0.104325E+06   0.121199E-01
   0.457834E+00   0.218104E+06   0.216681E+06   0.904903E-02  -0.466352E-01   0.661398E+05   0.207372E+06   0.217865E+06   0.207372E+06  -0.184108E-02   0.102455E+06   0.102439E+06   0.118026E-01
   0.462988E+00   0.214228E+06   0.212826E+06   0.867397E-02  -0.448027E-01   0.642976E+05   0.203640E+06   0.213992E+06   0.203640E+06  -0.180795E-02   0.100621E+06   0.100605E+06   0.114943E-01
   0.468142E+00   0.210478E+06   0.209097E+06   0.831899E-02  -0.430645E-01   0.625275E+05   0.200030E+06   0.210246E+06   0.200030E+06  -0.177590E-02   0.988472E+05   0.988315E+05   0.111898E-01
   0.473296E+00   0.206857E+06   0.205499E+06   0.798317E-02  -0.414165E-01   0.608285E+05   0.196546E+06   0.206629E+06   0.196546E+06  -0.174497E-02   0.971349E+05   0.971195E+05   0.108866E-01
   0.478450E+00   0.203361E+06   0.202026E+06   0.766527E-02  -0.398530E-01   0.591971E+05   0.193183E+06   0.203137E+06   0.193183E+06  -0.171511E-02   0.954816E+05   0.954664E+05   0.105851E-01
   0.483605E+00   0.199981E+06   0.198670E+06   0.736404E-02  -0.383684E-01   0.576294E+05   0.189932E+06   0.199761E+06   0.189932E+06  -0.168625E-02   0.938838E+05   0.938688E+05   0.102880E-01
   0.488759E+00   0.196709E+06   0.195421E+06   0.707824E-02  -0.369571E-01   0.561210E+05   0.186785E+06   0.196493E+06   0.186785E+06  -0.165831E-02   0.923368E+05   0.923221E+05   0.999899E-02
   0.493913E+00   0.193528E+06   0.192264E+06   0.680659E-02  -0.356125E-01   0.546660E+05   0.183728E+06   0.193316E+06   0.183728E+06  -0.163116E-02   0.908337E+05   0.908193E+05   0.972150E-02
   0.499067E+00   0.190423E+06   0.189181E+06   0.654776E-02  -0.343285E-01   0.532582E+05   0.180743E+06   0.190215E+06   0.180743E+06  -0.160467E-02   0.893662E+05   0.893521E+05   0.945778E-02
   0.504221E+00   0.187380E+06   0.186159E+06   0.630064E-02  -0.331000E-01   0.518931E+05   0.177820E+06   0.187175E+06   0.177820E+06  -0.157871E-02   0.879286E+05   0.879147E+05   0.920865E-02
   0.509375E+00   0.184397E+06   0.183194E+06   0.606458E-02  -0.319238E-01   0.505683E+05   0.174954E+06   0.184195E+06   0.174954E+06  -0.155327E-02   0.865189E+05   0.865052E+05   0.897351E-02
   0.514529E+00   0.181473E+06   0.180289E+06   0.583912E-02  -0.307979E-01   0.492837E+05   0.172147E+06   0.181275E+06   0.172147E+06  -0.152835E-02   0.851381E+05   0.851246E+05   0.875064E-02
   0.519683E+00   0.178614E+06   0.177446E+06   0.562382E-02  -0.297203E-01   0.480387E+05   0.169401E+06   0.178418E+06   0.169401E+06  -0.150397E-02   0.837874E+05   0.837741E+05   0.853760E-02
   0.524837E+00   0.175818E+06   0.174668E+06   0.541821E-02  -0.286892E-01   0.468328E+05   0.166718E+06   0.175625E+06   0.166718E+06  -0.148015E-02   0.824675E+05   0.824544E+05   0.833185E-02
   0.529991E+00   0.173092E+06   0.171957E+06   0.522200E-02  -0.277031E-01   0.456661E+05   0.164102E+06   0.172901E+06   0.164102E+06  -0.145693E-02   0.811801E+05   0.811672E+05   0.813141E-02
   0.535145E+00   0.170438E+06   0.169320E+06   0.503487E-02  -0.267607E-01   0.445388E+05   0.161556E+06   0.170250E+06   0.161556E+06  -0.143433E-02   0.799274E+05   0.799146E+05   0.793511E-02
   0.540300E+00   0.167859E+06   0.166758E+06   0.485644E-02  -0.258604E-01   0.434504E+05   0.159083E+06   0.167674E+06   0.159083E+06  -0.141237E-02   0.787102E+05   0.786976E+05   0.774261E-02
   0.545454E+00   0.165351E+06   0.164267E+06   0.468616E-02  -0.249997E-01   0.423989E+05   0.156679E+06   0.165169E+06   0.156679E+06  -0.139102E-02   0.775266E+05   0.775142E+05   0.755418E-02
   0.550608E+00   0.162907E+06   0.161839E+06   0.452350E-02  -0.241759E-01   0.413817E+05   0.154336E+06   0.162728E+06   0.154336E+06  -0.137022E-02   0.763734E+05   0.763612E+05   0.737050E-02
   0.555762E+00   0.160522E+06   0.159470E+06   0.436797E-02  -0.233865E-01   0.403965E+05   0.152050E+06   0.160345E+06   0.152050E+06  -0.134993E-02   0.752481E+05   0.752361E+05   0.719246E-02
   0.560916E+00   0.158192E+06   0.157157E+06   0.421913E-02  -0.226298E-01   0.394420E+05   0.149818E+06   0.158019E+06   0.149818E+06  -0.133011E-02   0.741493E+05   0.741375E+05   0.702081E-02
   0.566070E+00   0.155915E+06   0.154894E+06   0.407659E-02  -0.219037E-01   0.385163E+05   0.147637E+06   0.155744E+06   0.147637E+06  -0.131074E-02   0.730750E+05   0.730634E+05   0.685595E-02
   0.571224E+00   0.153684E+06   0.152678E+06   0.393996E-02  -0.212063E-01   0.376175E+05   0.145500E+06   0.153515E+06   0.145500E+06  -0.129177E-02   0.720229E+05   0.720115E+05   0.669779E-02
   0.576378E+00   0.151496E+06   0.150505E+06   0.380888E-02  -0.205359E-01   0.367442E+05   0.143406E+06   0.151330E+06   0.143406E+06  -0.127318E-02   0.709914E+05   0.709800E+05   0.654585E-02
   0.581532E+00   0.149353E+06   0.148374E+06   0.368312E-02  -0.198915E-01   0.358959E+05   0.141353E+06   0.149188E+06   0.141353E+06  -0.125496E-02   0.699806E+05   0.699695E+05   0.639951E-02
   0.586686E+00   0.147255E+06   0.146290E+06   0.356251E-02  -0.192725E-01   0.350726E+05   0.139346E+06   0.147093E+06   0.139346E+06  -0.123714E-02   0.689918E+05   0.689808E+05   0.625804E-02
   0.591840E+00   0.145204E+06   0.144252E+06   0.344687E-02  -0.186777E-01   0.342738E+05   0.137384E+06   0.145044E+06   0.137384E+06  -0.121972E-02   0.680251E+05   0.680143E+05   0.612073E-02
   0.596995E+00   0.143199E+06   0.142259E+06   0.333594E-02  -0.181061E-01   0.334986E+05   0.135466E+06   0.143041E+06   0.135466E+06  -0.120269E-02   0.670800E+05   0.670692E+05   0.598700E-02
   0.602149E+00   0.141238E+06   0.140311E+06   0.322947E-02  -0.175567E-01   0.327463E+05   0.133590E+06   0.141082E+06   0.133590E+06  -0.118603E-02   0.661558E+05   0.661453E+05   0.585651E-02
   0.607303E+00   0.139322E+06   0.138407E+06   0.312733E-02  -0.170287E-01   0.320166E+05   0.131758E+06   0.139168E+06   0.131758E+06  -0.116977E-02   0.652530E+05   0.652426E+05   0.572919E-02
   0.612457E+00   0.137450E+06   0.136548E+06   0.302933E-02  -0.165211E-01   0.313087E+05   0.129969E+06   0.137299E+06   0.129969E+06  -0.115389E-02   0.643713E+05   0.643611E+05   0.560514E-02
   0.659749E+00   0.121972E+06   0.121171E+06   0.228837E-02  -0.126522E-01   0.256711E+05   0.115187E+06   0.121838E+06   0.115187E+06  -0.102265E-02   0.570836E+05   0.570744E+05   0.462654E-02
   0.710693E+00   0.108164E+06   0.107453E+06   0.172811E-02  -0.968232E-02   0.209855E+05   0.102024E+06   0.108045E+06   0.102024E+06  -0.905786E-03   0.505885E+05   0.505804E+05   0.381729E-02
   0.765571E+00   0.958752E+05   0.952447E+05   0.130496E-02  -0.740578E-02   0.171085E+05   0.903295E+05   0.957694E+05   0.903295E+05  -0.801960E-03   0.448138E+05   0.448066E+05   0.314982E-02
   0.895965E+00   0.741401E+05   0.736518E+05   0.720152E-03  -0.419219E-02   0.110054E+05   0.696977E+05   0.740582E+05   0.696977E+05  -0.618788E-03   0.346144E+05   0.346088E+05   0.209574E-02
   0.125042E+01   0.426762E+05   0.423943E+05   0.204241E-03  -0.124472E-02   0.416168E+04   0.399686E+05   0.426288E+05   0.399686E+05  -0.354848E-03   0.198864E+05   0.198831E+05   0.884106E-03
   0.174510E+01   0.243376E+05   0.241765E+05  -0.553462E-02  -0.595782E-02   0.150329E+04   0.227333E+05   0.243105E+05   0.227333E+05  -0.201569E-03   0.113328E+05   0.113308E+05   0.376408E-03
   0.243548E+01   0.137615E+05   0.136702E+05  -0.356286E-02  -0.368569E-02   0.520696E+03   0.128316E+05   0.137462E+05   0.128316E+05  -0.113850E-03   0.640073E+04   0.639953E+04   0.164317E-03
