#          k/h    CDM            baryon         photon         nu             mass_nu        total          no_nu          total_de       Weyl           v_CDM          v_b            v_b-v_c     
   0.102076E-04   0.236405E+08   0.236405E+08   0.315040E+08   0.315035E+08   0.236406E+08   0.236405E+08   0.236405E+08   0.236484E+08  -0.214023E+00   0.113576E+08   0.113576E+08   0.725378E+01
   0.112819E-04   0.236405E+08   0.236405E+08   0.315003E+08   0.314997E+08   0.236406E+08   0.236405E+08   0.236405E+08   0.236484E+08  -0.214023E+00   0.113576E+08   0.113576E+08   0.801696E+01
   0.124693E-04   0.236405E+08   0.236405E+08   0.314958E+08   0.314951E+08   0.236406E+08   0.236405E+08   0.236405E+08   0.236484E+08  -0.214023E+00   0.113576E+08   0.113576E+08   0.886039E+01
   0.137816E-04   0.236405E+08   0.236405E+08   0.314903E+08   0.314894E+08   0.236406E+08   0.236405E+08   0.236405E+08   0.236484E+08  -0.214022E+00   0.113576E+08   0.113576E+08   0.979246E+01
   0.152321E-04   0.236405E+08   0.236405E+08   0.314836E+08   0.314825E+08   0.236406E+08   0.236405E+08   0.236405E+08   0.236484E+08  -0.214022E+00   0.113576E+08   0.113576E+08   0.108225E+02
   0.168352E-04   0.236405E+08   0.236405E+08   0.314753E+08   0.314740E+08   0.236406E+08   0.236405E+08   0.236405E+08   0.236484E+08  -0.214022E+00   0.113576E+08   0.113576E+08   0.119607E+02
   0.186070E-04   0.236405E+08   0.236405E+08   0.314653E+08   0.314636E+08   0.236406E+08   0.236405E+08   0.236405E+08   0.236483E+08  -0.214022E+00   0.113576E+08   0.113576E+08   0.132184E+02
   0.205653E-04   0.236405E+08   0.236405E+08   0.314530E+08   0.314510E+08   0.236405E+08   0.236405E+08   0.236405E+08   0.236483E+08  -0.214022E+00   0.113576E+08   0.113576E+08   0.146081E+02
   0.227297E-04   0.236404E+08   0.236404E+08   0.314380E+08   0.314356E+08   0.236405E+08   0.236404E+08   0.236404E+08   0.236483E+08  -0.214021E+00   0.113575E+08   0.113575E+08   0.161436E+02
   0.251219E-04   0.236404E+08   0.236404E+08   0.314197E+08   0.314167E+08   0.236405E+08   0.236404E+08   0.236404E+08   0.236483E+08  -0.214021E+00   0.113575E+08   0.113575E+08   0.178400E+02
   0.277659E-04   0.236404E+08   0.236404E+08   0.313973E+08   0.313937E+08   0.236405E+08   0.236404E+08   0.236404E+08   0.236482E+08  -0.214021E+00   0.113575E+08   0.113575E+08   0.197140E+02
   0.306881E-04   0.236403E+08   0.236403E+08   0.313700E+08   0.313656E+08   0.236404E+08   0.236403E+08   0.236403E+08   0.236482E+08  -0.214020E+00   0.113575E+08   0.113575E+08   0.217839E+02
   0.339179E-04   0.236403E+08   0.236403E+08   0.313367E+08   0.313314E+08   0.236404E+08   0.236403E+08   0.236403E+08   0.236481E+08  -0.214020E+00   0.113575E+08   0.113575E+08   0.240700E+02
   0.374876E-04   0.236402E+08   0.236402E+08   0.312961E+08   0.312895E+08   0.236403E+08   0.236402E+08   0.236402E+08   0.236481E+08  -0.214019E+00   0.113574E+08   0.113574E+08   0.265944E+02
   0.414330E-04   0.236402E+08   0.236401E+08   0.312465E+08   0.312385E+08   0.236402E+08   0.236402E+08   0.236402E+08   0.236480E+08  -0.214018E+00   0.113574E+08   0.113574E+08   0.293815E+02
   0.457936E-04   0.236401E+08   0.236401E+08   0.311861E+08   0.311763E+08   0.236402E+08   0.236401E+08   0.236401E+08   0.236479E+08  -0.214017E+00   0.113574E+08   0.113574E+08   0.324576E+02
   0.506132E-04   0.236400E+08   0.236399E+08   0.311123E+08   0.311004E+08   0.236400E+08   0.236400E+08   0.236400E+08   0.236477E+08  -0.214015E+00   0.113573E+08   0.113573E+08   0.358519E+02
   0.559400E-04   0.236398E+08   0.236398E+08   0.310225E+08   0.310080E+08   0.236399E+08   0.236398E+08   0.236398E+08   0.236476E+08  -0.214014E+00   0.113572E+08   0.113572E+08   0.395959E+02
   0.618274E-04   0.236397E+08   0.236396E+08   0.309131E+08   0.308954E+08   0.236398E+08   0.236397E+08   0.236397E+08   0.236474E+08  -0.214012E+00   0.113572E+08   0.113571E+08   0.437237E+02
   0.683345E-04   0.236395E+08   0.236394E+08   0.307799E+08   0.307583E+08   0.236396E+08   0.236395E+08   0.236395E+08   0.236472E+08  -0.214009E+00   0.113571E+08   0.113570E+08   0.482722E+02
   0.755264E-04   0.236392E+08   0.236392E+08   0.306179E+08   0.305916E+08   0.236393E+08   0.236392E+08   0.236392E+08   0.236469E+08  -0.214006E+00   0.113569E+08   0.113569E+08   0.532809E+02
   0.834752E-04   0.236389E+08   0.236389E+08   0.304210E+08   0.303891E+08   0.236390E+08   0.236389E+08   0.236389E+08   0.236465E+08  -0.214002E+00   0.113568E+08   0.113568E+08   0.587918E+02
   0.922605E-04   0.236386E+08   0.236385E+08   0.301821E+08   0.301434E+08   0.236387E+08   0.236386E+08   0.236386E+08   0.236461E+08  -0.213998E+00   0.113566E+08   0.113566E+08   0.648492E+02
   0.101971E-03   0.236382E+08   0.236381E+08   0.298925E+08   0.298456E+08   0.236382E+08   0.236381E+08   0.236381E+08   0.236456E+08  -0.213992E+00   0.113564E+08   0.113564E+08   0.714992E+02
   0.112702E-03   0.236376E+08   0.236375E+08   0.295422E+08   0.294854E+08   0.236377E+08   0.236376E+08   0.236376E+08   0.236450E+08  -0.213985E+00   0.113561E+08   0.113561E+08   0.787886E+02
   0.124564E-03   0.236370E+08   0.236369E+08   0.291193E+08   0.290507E+08   0.236370E+08   0.236370E+08   0.236370E+08   0.236442E+08  -0.213977E+00   0.113558E+08   0.113558E+08   0.867643E+02
   0.137674E-03   0.236362E+08   0.236361E+08   0.286101E+08   0.285275E+08   0.236362E+08   0.236362E+08   0.236362E+08   0.236433E+08  -0.213967E+00   0.113554E+08   0.113554E+08   0.954710E+02
   0.152163E-03   0.236352E+08   0.236351E+08   0.279990E+08   0.278998E+08   0.236353E+08   0.236352E+08   0.236352E+08   0.236422E+08  -0.213955E+00   0.113549E+08   0.113549E+08   0.104950E+03
   0.168178E-03   0.236341E+08   0.236339E+08   0.272686E+08   0.271498E+08   0.236341E+08   0.236340E+08   0.236340E+08   0.236408E+08  -0.213940E+00   0.113543E+08   0.113543E+08   0.115233E+03
   0.185878E-03   0.236326E+08   0.236324E+08   0.263998E+08   0.262582E+08   0.236326E+08   0.236326E+08   0.236326E+08   0.236392E+08  -0.213922E+00   0.113536E+08   0.113535E+08   0.126343E+03
   0.205440E-03   0.236309E+08   0.236306E+08   0.253725E+08   0.252048E+08   0.236309E+08   0.236308E+08   0.236308E+08   0.236372E+08  -0.213900E+00   0.113527E+08   0.113526E+08   0.138283E+03
   0.227062E-03   0.236288E+08   0.236284E+08   0.241669E+08   0.239696E+08   0.236287E+08   0.236287E+08   0.236287E+08   0.236347E+08  -0.213874E+00   0.113517E+08   0.113516E+08   0.151034E+03
   0.250959E-03   0.236262E+08   0.236258E+08   0.227648E+08   0.225347E+08   0.236261E+08   0.236261E+08   0.236261E+08   0.236318E+08  -0.213842E+00   0.113504E+08   0.113503E+08   0.164543E+03
   0.277372E-03   0.236231E+08   0.236226E+08   0.211527E+08   0.208871E+08   0.236230E+08   0.236230E+08   0.236230E+08   0.236283E+08  -0.213804E+00   0.113488E+08   0.113487E+08   0.178713E+03
   0.306564E-03   0.236193E+08   0.236187E+08   0.193251E+08   0.190224E+08   0.236191E+08   0.236192E+08   0.236192E+08   0.236240E+08  -0.213759E+00   0.113469E+08   0.113467E+08   0.193392E+03
   0.338828E-03   0.236148E+08   0.236140E+08   0.172890E+08   0.169497E+08   0.236145E+08   0.236146E+08   0.236146E+08   0.236189E+08  -0.213704E+00   0.113446E+08   0.113444E+08   0.208361E+03
   0.374488E-03   0.236092E+08   0.236083E+08   0.150702E+08   0.146974E+08   0.236089E+08   0.236091E+08   0.236091E+08   0.236128E+08  -0.213640E+00   0.113418E+08   0.113416E+08   0.223322E+03
   0.413901E-03   0.236026E+08   0.236014E+08   0.127184E+08   0.123189E+08   0.236022E+08   0.236024E+08   0.236024E+08   0.236055E+08  -0.213564E+00   0.113385E+08   0.113382E+08   0.237888E+03
   0.457462E-03   0.235946E+08   0.235932E+08   0.103121E+08   0.989737E+07   0.235940E+08   0.235943E+08   0.235943E+08   0.235969E+08  -0.213474E+00   0.113345E+08   0.113341E+08   0.251584E+03
   0.505608E-03   0.235849E+08   0.235834E+08   0.795947E+07   0.754589E+07   0.235843E+08   0.235847E+08   0.235847E+08   0.235866E+08  -0.213369E+00   0.113297E+08   0.113293E+08   0.263857E+03
   0.558821E-03   0.235734E+08   0.235716E+08   0.579206E+07   0.540021E+07   0.235726E+08   0.235731E+08   0.235731E+08   0.235745E+08  -0.213247E+00   0.113239E+08   0.113235E+08   0.274098E+03
   0.617635E-03   0.235597E+08   0.235576E+08   0.394738E+07   0.359990E+07   0.235587E+08   0.235593E+08   0.235594E+08   0.235603E+08  -0.213106E+00   0.113171E+08   0.113166E+08   0.281696E+03
   0.682638E-03   0.235435E+08   0.235410E+08   0.253882E+07   0.225622E+07   0.235422E+08   0.235430E+08   0.235430E+08   0.235436E+08  -0.212944E+00   0.113090E+08   0.113085E+08   0.286098E+03
   0.754482E-03   0.235242E+08   0.235213E+08   0.161613E+07   0.141086E+07   0.235226E+08   0.235236E+08   0.235237E+08   0.235240E+08  -0.212757E+00   0.112995E+08   0.112989E+08   0.286892E+03
   0.833888E-03   0.235015E+08   0.234982E+08   0.113015E+07   0.100076E+07   0.234995E+08   0.235008E+08   0.235009E+08   0.235011E+08  -0.212542E+00   0.112883E+08   0.112876E+08   0.283875E+03
   0.921651E-03   0.234748E+08   0.234712E+08   0.927241E+06   0.855717E+06   0.234724E+08   0.234741E+08   0.234742E+08   0.234743E+08  -0.212294E+00   0.112752E+08   0.112744E+08   0.277085E+03
   0.101865E-02   0.234435E+08   0.234395E+08   0.800020E+06   0.756196E+06   0.234406E+08   0.234427E+08   0.234428E+08   0.234429E+08  -0.212006E+00   0.112599E+08   0.112591E+08   0.266781E+03
   0.112586E-02   0.234070E+08   0.234027E+08   0.594790E+06   0.548839E+06   0.234034E+08   0.234061E+08   0.234063E+08   0.234062E+08  -0.211673E+00   0.112421E+08   0.112413E+08   0.253355E+03
   0.124435E-02   0.233644E+08   0.233598E+08   0.314350E+06   0.251441E+06   0.233600E+08   0.233634E+08   0.233636E+08   0.233635E+08  -0.211285E+00   0.112215E+08   0.112206E+08   0.237266E+03
   0.137531E-02   0.233149E+08   0.233101E+08   0.102120E+06   0.269831E+05   0.233094E+08   0.233138E+08   0.233141E+08   0.233138E+08  -0.210835E+00   0.111975E+08   0.111966E+08   0.219037E+03
   0.152006E-02   0.232574E+08   0.232525E+08   0.602657E+05  -0.150271E+05   0.232508E+08   0.232562E+08   0.232566E+08   0.232562E+08  -0.210313E+00   0.111697E+08   0.111688E+08   0.199359E+03
   0.168004E-02   0.231909E+08   0.231859E+08   0.859730E+05  -0.677283E+06   0.231827E+08   0.231896E+08   0.231901E+08   0.231895E+08  -0.209708E+00   0.111376E+08   0.111367E+08   0.179169E+03
   0.185685E-02   0.231140E+08   0.231090E+08   0.181879E+05  -0.552579E+06   0.231040E+08   0.231125E+08   0.231132E+08   0.231125E+08  -0.209011E+00   0.111005E+08   0.110996E+08   0.159511E+03
   0.205228E-02   0.230252E+08   0.230203E+08  -0.680545E+05  -0.450600E+06   0.230131E+08   0.230236E+08   0.230244E+08   0.230236E+08  -0.208207E+00   0.110577E+08   0.110568E+08   0.141280E+03
   0.226827E-02   0.229230E+08   0.229181E+08  -0.364057E+05  -0.367223E+06   0.229082E+08   0.229212E+08   0.229222E+08   0.229212E+08  -0.207281E+00   0.110085E+08   0.110076E+08   0.125128E+03
   0.250700E-02   0.228055E+08   0.228006E+08  -0.263502E+05  -0.299068E+06   0.227875E+08   0.228035E+08   0.228047E+08   0.228035E+08  -0.206216E+00   0.109519E+08   0.109510E+08   0.111450E+03
   0.277085E-02   0.226708E+08   0.226658E+08  -0.617346E+05  -0.243371E+06   0.226490E+08   0.226685E+08   0.226700E+08   0.226685E+08  -0.204995E+00   0.108870E+08   0.108862E+08   0.100163E+03
   0.306246E-02   0.225167E+08   0.225115E+08  -0.315000E+05  -0.197870E+06   0.224902E+08   0.225141E+08   0.225158E+08   0.225141E+08  -0.203598E+00   0.108128E+08   0.108120E+08   0.907107E+02
   0.338478E-02   0.223410E+08   0.223355E+08  -0.453578E+05  -0.160712E+06   0.223089E+08   0.223379E+08   0.223400E+08   0.223379E+08  -0.202005E+00   0.107282E+08   0.107273E+08   0.823920E+02
   0.374101E-02   0.221411E+08   0.221353E+08  -0.411887E+05  -0.130383E+06   0.221023E+08   0.221376E+08   0.221402E+08   0.221375E+08  -0.200193E+00   0.106320E+08   0.106311E+08   0.746140E+02
   0.413473E-02   0.219148E+08   0.219087E+08  -0.383070E+05  -0.105640E+06   0.218680E+08   0.219106E+08   0.219138E+08   0.219106E+08  -0.198140E+00   0.105230E+08   0.105222E+08   0.672051E+02
   0.456989E-02   0.216595E+08   0.216530E+08  -0.241198E+05  -0.854698E+05   0.216033E+08   0.216546E+08   0.216584E+08   0.216546E+08  -0.195824E+00   0.104001E+08   0.103993E+08   0.603223E+02
   0.505085E-02   0.213729E+08   0.213659E+08  -0.239103E+05  -0.690395E+05   0.213055E+08   0.213671E+08   0.213717E+08   0.213671E+08  -0.193224E+00   0.102621E+08   0.102613E+08   0.541251E+02
   0.558243E-02   0.210526E+08   0.210451E+08  -0.221548E+05  -0.556687E+05   0.209721E+08   0.210459E+08   0.210514E+08   0.210459E+08  -0.190318E+00   0.101079E+08   0.101071E+08   0.485522E+02
   0.616996E-02   0.206968E+08   0.206886E+08  -0.121784E+05  -0.447998E+05   0.206010E+08   0.206889E+08   0.206954E+08   0.206889E+08  -0.187089E+00   0.993657E+07   0.993576E+07   0.435066E+02
   0.681932E-02   0.203035E+08   0.202945E+08  -0.132193E+05  -0.359757E+05   0.201901E+08   0.202942E+08   0.203020E+08   0.202942E+08  -0.183519E+00   0.974714E+07   0.974635E+07   0.390351E+02
   0.753702E-02   0.198708E+08   0.198608E+08  -0.921652E+04  -0.288215E+05   0.197371E+08   0.198600E+08   0.198691E+08   0.198600E+08  -0.179590E+00   0.953874E+07   0.953794E+07   0.350798E+02
   0.833025E-02   0.193967E+08   0.193855E+08  -0.809323E+04  -0.230297E+05   0.192401E+08   0.193841E+08   0.193948E+08   0.193841E+08  -0.175285E+00   0.931036E+07   0.930958E+07   0.314432E+02
   0.920698E-02   0.188787E+08   0.188662E+08  -0.109699E+05  -0.183481E+05   0.186966E+08   0.188642E+08   0.188766E+08   0.188642E+08  -0.170582E+00   0.906086E+07   0.906008E+07   0.281642E+02
   0.101760E-01   0.183143E+08   0.183001E+08  -0.701578E+04  -0.145701E+05   0.181038E+08   0.182975E+08   0.183119E+08   0.182975E+08  -0.165455E+00   0.878894E+07   0.878817E+07   0.252880E+02
   0.112469E-01   0.177007E+08   0.176846E+08  -0.611329E+04  -0.115269E+05   0.174595E+08   0.176815E+08   0.176980E+08   0.176815E+08  -0.159882E+00   0.849337E+07   0.849260E+07   0.226917E+02
   0.124306E-01   0.170360E+08   0.170177E+08  -0.381033E+04  -0.908101E+04   0.167616E+08   0.170142E+08   0.170330E+08   0.170142E+08  -0.153845E+00   0.817316E+07   0.817240E+07   0.203713E+02
   0.137389E-01   0.163187E+08   0.162978E+08  -0.381433E+04  -0.712016E+04   0.160092E+08   0.162940E+08   0.163152E+08   0.162940E+08  -0.147329E+00   0.782759E+07   0.782683E+07   0.183058E+02
   0.151849E-01   0.155477E+08   0.155239E+08  -0.291149E+04  -0.555271E+04   0.152018E+08   0.155201E+08   0.155437E+08   0.155201E+08  -0.140327E+00   0.745624E+07   0.745549E+07   0.164552E+02
   0.167830E-01   0.147427E+08   0.147156E+08  -0.203469E+04  -0.430967E+04   0.143591E+08   0.147119E+08   0.147381E+08   0.147119E+08  -0.133016E+00   0.706849E+07   0.706774E+07   0.148125E+02
   0.185493E-01   0.138825E+08   0.138519E+08  -0.168591E+04  -0.332167E+04   0.134614E+08   0.138486E+08   0.138774E+08   0.138486E+08  -0.125205E+00   0.665425E+07   0.665351E+07   0.133259E+02
   0.205016E-01   0.129823E+08   0.129481E+08  -0.113688E+04  -0.254246E+04   0.125247E+08   0.129453E+08   0.129765E+08   0.129453E+08  -0.117033E+00   0.622082E+07   0.622008E+07   0.119775E+02
   0.226592E-01   0.120397E+08   0.120017E+08  -0.756472E+03  -0.192986E+04   0.115481E+08   0.119997E+08   0.120333E+08   0.119997E+08  -0.108478E+00   0.576709E+07   0.576636E+07   0.107326E+02
   0.250440E-01   0.110867E+08   0.110452E+08  -0.603659E+03  -0.145450E+04   0.105644E+08   0.110441E+08   0.110797E+08   0.110441E+08  -0.998327E-01   0.530850E+07   0.530778E+07   0.957484E+01
   0.276798E-01   0.101361E+08   0.100917E+08  -0.429387E+03  -0.108838E+04   0.958690E+07   0.100912E+08   0.101287E+08   0.100912E+08  -0.912125E-01   0.485123E+07   0.485052E+07   0.847459E+01
   0.305930E-01   0.919530E+07   0.914884E+07  -0.429170E+03  -0.808109E+03   0.862374E+07   0.914851E+07   0.918750E+07   0.914851E+07  -0.826847E-01   0.439882E+07   0.439814E+07   0.740604E+01
   0.338127E-01   0.828923E+07   0.824215E+07  -0.257033E+03  -0.596231E+03   0.769967E+07   0.824110E+07   0.828133E+07   0.824110E+07  -0.744762E-01   0.396331E+07   0.396267E+07   0.635575E+01
   0.373714E-01   0.744623E+07   0.740034E+07  -0.150342E+03  -0.438370E+03   0.684215E+07   0.739728E+07   0.743853E+07   0.739728E+07  -0.668431E-01   0.355832E+07   0.355772E+07   0.532092E+01
   0.413045E-01   0.669334E+07   0.665073E+07  -0.214092E+03  -0.322524E+03   0.607424E+07   0.664386E+07   0.668618E+07   0.664386E+07  -0.600276E-01   0.319672E+07   0.319619E+07   0.431542E+01
   0.454350E-01   0.605930E+07   0.602175E+07  -0.816587E+02  -0.241283E+03   0.542846E+07   0.600980E+07   0.605300E+07   0.600980E+07  -0.542915E-01   0.289244E+07   0.289198E+07   0.340588E+01
   0.495654E-01   0.556549E+07   0.553386E+07  -0.630773E+02  -0.186221E+03   0.492179E+07   0.551603E+07   0.556018E+07   0.551603E+07  -0.498241E-01   0.265554E+07   0.265514E+07   0.265269E+01
   0.536959E-01   0.517074E+07   0.514503E+07  -0.499789E+02  -0.147426E+03   0.451326E+07   0.512125E+07   0.516642E+07   0.512125E+07  -0.462519E-01   0.246619E+07   0.246586E+07   0.205485E+01
   0.578264E-01   0.484027E+07   0.481977E+07  -0.403771E+02  -0.119000E+03   0.416951E+07   0.479068E+07   0.483683E+07   0.479068E+07  -0.432603E-01   0.230766E+07   0.230738E+07   0.160466E+01
   0.619568E-01   0.454995E+07   0.453346E+07  -0.330940E+02  -0.974503E+02   0.386784E+07   0.450020E+07   0.454718E+07   0.450020E+07  -0.406315E-01   0.216837E+07   0.216813E+07   0.128741E+01
   0.660873E-01   0.427824E+07   0.426434E+07  -0.273748E+02  -0.805374E+02   0.358873E+07   0.422839E+07   0.427591E+07   0.422839E+07  -0.381719E-01   0.203800E+07   0.203778E+07   0.108044E+01
   0.702177E-01   0.401239E+07   0.399964E+07  -0.227627E+02  -0.669075E+02   0.332082E+07   0.396257E+07   0.401025E+07   0.396257E+07  -0.357671E-01   0.191045E+07   0.191024E+07   0.957479E+00
   0.743482E-01   0.375167E+07   0.373891E+07  -0.190010E+02  -0.557994E+02   0.306358E+07   0.370209E+07   0.374953E+07   0.370209E+07  -0.334111E-01   0.178539E+07   0.178519E+07   0.892135E+00
   0.784786E-01   0.349173E+07   0.347817E+07  -0.158853E+02  -0.466067E+02   0.281326E+07   0.344269E+07   0.348946E+07   0.344269E+07  -0.310656E-01   0.166078E+07   0.166058E+07   0.858206E+00
   0.826091E-01   0.324240E+07   0.322769E+07  -0.133237E+02  -0.390552E+02   0.257763E+07   0.319413E+07   0.323993E+07   0.319413E+07  -0.288186E-01   0.154133E+07   0.154112E+07   0.835765E+00
   0.867395E-01   0.301050E+07   0.299472E+07  -0.112297E+02  -0.328873E+02   0.236163E+07   0.296316E+07   0.300785E+07   0.296316E+07  -0.267309E-01   0.143029E+07   0.143008E+07   0.809885E+00
   0.918936E-01   0.275396E+07   0.273743E+07  -0.916198E+01  -0.268020E+02   0.212512E+07   0.270788E+07   0.275118E+07   0.270788E+07  -0.244238E-01   0.130754E+07   0.130733E+07   0.760103E+00
   0.970477E-01   0.254055E+07   0.252426E+07  -0.758593E+01  -0.221677E+02   0.192888E+07   0.249570E+07   0.253781E+07   0.249570E+07  -0.225061E-01   0.120551E+07   0.120531E+07   0.687384E+00
   0.102202E+00   0.237225E+07   0.235716E+07  -0.639383E+01  -0.186649E+02   0.177254E+07   0.232842E+07   0.236971E+07   0.232842E+07  -0.209941E-01   0.112509E+07   0.112490E+07   0.597777E+00
   0.107356E+00   0.224307E+07   0.222989E+07  -0.548521E+01  -0.159965E+02   0.164980E+07   0.219998E+07   0.224085E+07   0.219998E+07  -0.198327E-01   0.106339E+07   0.106322E+07   0.502709E+00
   0.112510E+00   0.214058E+07   0.212957E+07  -0.477140E+01  -0.139014E+02   0.155006E+07   0.209802E+07   0.213873E+07   0.209802E+07  -0.189105E-01   0.101444E+07   0.101430E+07   0.414273E+00
   0.117664E+00   0.205109E+07   0.204206E+07  -0.418492E+01  -0.121810E+02   0.146247E+07   0.200898E+07   0.204958E+07   0.200898E+07  -0.181050E-01   0.971705E+06   0.971585E+06   0.341835E+00
   0.122818E+00   0.196388E+07   0.195630E+07  -0.368181E+01  -0.107064E+02   0.137892E+07   0.192224E+07   0.196261E+07   0.192224E+07  -0.173206E-01   0.930057E+06   0.929950E+06   0.290148E+00
   0.127972E+00   0.187269E+07   0.186588E+07  -0.323721E+01  -0.940448E+01   0.129490E+07   0.183167E+07   0.187155E+07   0.183167E+07  -0.165019E-01   0.886522E+06   0.886422E+06   0.258979E+00
   0.133126E+00   0.177576E+07   0.176907E+07  -0.283947E+01  -0.824106E+01   0.120928E+07   0.173554E+07   0.177464E+07   0.173554E+07  -0.156334E-01   0.840264E+06   0.840167E+06   0.244077E+00
   0.138280E+00   0.167507E+07   0.166803E+07  -0.248496E+01  -0.720520E+01   0.112348E+07   0.163582E+07   0.167389E+07   0.163582E+07  -0.147329E-01   0.792239E+06   0.792140E+06   0.238983E+00
   0.143435E+00   0.157500E+07   0.156742E+07  -0.217368E+01  -0.629661E+01   0.104048E+07   0.153685E+07   0.157373E+07   0.153685E+07  -0.138393E-01   0.744542E+06   0.744440E+06   0.237002E+00
   0.148589E+00   0.148090E+07   0.147286E+07  -0.190627E+01  -0.551679E+01   0.963672E+06   0.144387E+07   0.147955E+07   0.144387E+07  -0.130001E-01   0.699715E+06   0.699611E+06   0.232822E+00
   0.153743E+00   0.139766E+07   0.138943E+07  -0.168212E+01  -0.486360E+01   0.895986E+06   0.136168E+07   0.139628E+07   0.136168E+07  -0.122582E-01   0.660089E+06   0.659986E+06   0.223442E+00
   0.158897E+00   0.132818E+07   0.132012E+07  -0.149791E+01  -0.432714E+01   0.838869E+06   0.129308E+07   0.132683E+07   0.129308E+07  -0.116389E-01   0.627023E+06   0.626924E+06   0.208302E+00
   0.164051E+00   0.127217E+07   0.126462E+07  -0.134734E+01  -0.388881E+01   0.791718E+06   0.123777E+07   0.127090E+07   0.123777E+07  -0.111394E-01   0.600378E+06   0.600285E+06   0.188796E+00
   0.169205E+00   0.122676E+07   0.121995E+07  -0.122252E+01  -0.352559E+01   0.752350E+06   0.119289E+07   0.122562E+07   0.119289E+07  -0.107340E-01   0.578779E+06   0.578694E+06   0.167454E+00
   0.174359E+00   0.118807E+07   0.118207E+07  -0.111611E+01  -0.321609E+01   0.718091E+06   0.115463E+07   0.118706E+07   0.115463E+07  -0.103883E-01   0.560377E+06   0.560300E+06   0.147062E+00
   0.179513E+00   0.115233E+07   0.114705E+07  -0.102227E+01  -0.294331E+01   0.686482E+06   0.111929E+07   0.115144E+07   0.111929E+07  -0.100690E-01   0.543378E+06   0.543308E+06   0.129877E+00
   0.184667E+00   0.111627E+07   0.111152E+07  -0.936668E+00  -0.269469E+01   0.655460E+06   0.108366E+07   0.111547E+07   0.108366E+07  -0.974710E-02   0.526227E+06   0.526163E+06   0.117120E+00
   0.189821E+00   0.107768E+07   0.107321E+07  -0.856627E+00  -0.246247E+01   0.623803E+06   0.104559E+07   0.107693E+07   0.104559E+07  -0.940342E-02   0.507880E+06   0.507818E+06   0.108866E+00
   0.194975E+00   0.103614E+07   0.103173E+07  -0.781328E+00  -0.224424E+01   0.591277E+06   0.100469E+07   0.103540E+07   0.100469E+07  -0.903437E-02   0.488144E+06   0.488083E+06   0.104261E+00
   0.200130E+00   0.992972E+06   0.988457E+06  -0.711303E+00  -0.204150E+01   0.558672E+06   0.962232E+06   0.992214E+06   0.962232E+06  -0.865146E-02   0.467641E+06   0.467580E+06   0.101909E+00
   0.205284E+00   0.950185E+06   0.945508E+06  -0.647434E+00  -0.185676E+01   0.527130E+06   0.920197E+06   0.949399E+06   0.920197E+06  -0.827245E-02   0.447330E+06   0.447268E+06   0.100292E+00
   0.210438E+00   0.909687E+06   0.904881E+06  -0.590325E+00  -0.169170E+01   0.497667E+06   0.880442E+06   0.908880E+06   0.880442E+06  -0.791406E-02   0.428115E+06   0.428053E+06   0.981431E-01
   0.215592E+00   0.872991E+06   0.868152E+06  -0.540183E+00  -0.154686E+01   0.471027E+06   0.844436E+06   0.872179E+06   0.844436E+06  -0.758947E-02   0.410711E+06   0.410650E+06   0.947057E-01
   0.220746E+00   0.841027E+06   0.836285E+06  -0.496788E+00  -0.142158E+01   0.447603E+06   0.813078E+06   0.840231E+06   0.813078E+06  -0.730674E-02   0.395558E+06   0.395498E+06   0.898080E-01
   0.225900E+00   0.813846E+06   0.809320E+06  -0.459420E+00  -0.131373E+01   0.427296E+06   0.786407E+06   0.813086E+06   0.786407E+06  -0.706620E-02   0.382675E+06   0.382619E+06   0.837706E-01
   0.231054E+00   0.790586E+06   0.786356E+06  -0.426949E+00  -0.122006E+01   0.409536E+06   0.763573E+06   0.789876E+06   0.763573E+06  -0.686023E-02   0.371653E+06   0.371600E+06   0.772131E-01
   0.236208E+00   0.769876E+06   0.765969E+06  -0.398142E+00  -0.113698E+01   0.393518E+06   0.743238E+06   0.769220E+06   0.743238E+06  -0.667676E-02   0.361841E+06   0.361791E+06   0.708380E-01
   0.241362E+00   0.750312E+06   0.746700E+06  -0.371928E+00  -0.106143E+01   0.378462E+06   0.724032E+06   0.749705E+06   0.724032E+06  -0.650347E-02   0.352572E+06   0.352525E+06   0.652391E-01
   0.246516E+00   0.730731E+06   0.727347E+06  -0.347506E+00  -0.991091E+00   0.363749E+06   0.704823E+06   0.730163E+06   0.704823E+06  -0.633022E-02   0.343297E+06   0.343252E+06   0.607697E-01
   0.251670E+00   0.710403E+06   0.707161E+06  -0.324391E+00  -0.924571E+00   0.349008E+06   0.684904E+06   0.709859E+06   0.684904E+06  -0.615063E-02   0.333671E+06   0.333627E+06   0.574971E-01
   0.256825E+00   0.689169E+06   0.685988E+06  -0.302415E+00  -0.861384E+00   0.334167E+06   0.664121E+06   0.688635E+06   0.664121E+06  -0.596334E-02   0.323618E+06   0.323576E+06   0.552376E-01
   0.261979E+00   0.667417E+06   0.664238E+06  -0.281663E+00  -0.801765E+00   0.319423E+06   0.642854E+06   0.666883E+06   0.642854E+06  -0.577175E-02   0.313325E+06   0.313283E+06   0.536490E-01
   0.267133E+00   0.645836E+06   0.642634E+06  -0.262324E+00  -0.746249E+00   0.305106E+06   0.621772E+06   0.645298E+06   0.621772E+06  -0.558186E-02   0.303116E+06   0.303074E+06   0.523387E-01
   0.272287E+00   0.625133E+06   0.621914E+06  -0.244563E+00  -0.695295E+00   0.291538E+06   0.601560E+06   0.624593E+06   0.601560E+06  -0.539984E-02   0.293325E+06   0.293284E+06   0.509639E-01
   0.277441E+00   0.605876E+06   0.602671E+06  -0.228461E+00  -0.649127E+00   0.278958E+06   0.582767E+06   0.605338E+06   0.582767E+06  -0.523060E-02   0.284222E+06   0.284181E+06   0.493011E-01
   0.282595E+00   0.588402E+06   0.585253E+06  -0.213998E+00  -0.607679E+00   0.267486E+06   0.565717E+06   0.587873E+06   0.565717E+06  -0.507704E-02   0.275963E+06   0.275923E+06   0.472760E-01
   0.287749E+00   0.572756E+06   0.569707E+06  -0.201050E+00  -0.570582E+00   0.257105E+06   0.550451E+06   0.572244E+06   0.550451E+06  -0.493954E-02   0.268571E+06   0.268532E+06   0.449493E-01
   0.292903E+00   0.558691E+06   0.555770E+06  -0.189400E+00  -0.537220E+00   0.247667E+06   0.536725E+06   0.558201E+06   0.536725E+06  -0.481590E-02   0.261927E+06   0.261890E+06   0.424730E-01
   0.298057E+00   0.545756E+06   0.542975E+06  -0.178792E+00  -0.506852E+00   0.238938E+06   0.524103E+06   0.545289E+06   0.524103E+06  -0.470218E-02   0.255817E+06   0.255782E+06   0.400333E-01
   0.303211E+00   0.533445E+06   0.530798E+06  -0.168980E+00  -0.478779E+00   0.230678E+06   0.512093E+06   0.533001E+06   0.512093E+06  -0.459399E-02   0.250004E+06   0.249970E+06   0.377974E-01
   0.308365E+00   0.521329E+06   0.518793E+06  -0.159771E+00  -0.452447E+00   0.222685E+06   0.500279E+06   0.520903E+06   0.500279E+06  -0.448759E-02   0.244283E+06   0.244250E+06   0.358750E-01
   0.313520E+00   0.509132E+06   0.506678E+06  -0.151041E+00  -0.427499E+00   0.214837E+06   0.488396E+06   0.508720E+06   0.488396E+06  -0.438059E-02   0.238525E+06   0.238493E+06   0.343017E-01
   0.318674E+00   0.496770E+06   0.494368E+06  -0.142732E+00  -0.403776E+00   0.207095E+06   0.476362E+06   0.496367E+06   0.476362E+06  -0.427225E-02   0.232691E+06   0.232659E+06   0.330431E-01
   0.323828E+00   0.484327E+06   0.481954E+06  -0.134844E+00  -0.381265E+00   0.199492E+06   0.464258E+06   0.483928E+06   0.464258E+06  -0.416333E-02   0.226820E+06   0.226789E+06   0.320145E-01
   0.328982E+00   0.472003E+06   0.469648E+06  -0.127402E+00  -0.360043E+00   0.192107E+06   0.452279E+06   0.471608E+06   0.452279E+06  -0.405554E-02   0.221007E+06   0.220976E+06   0.311097E-01
   0.334136E+00   0.460047E+06   0.457709E+06  -0.120444E+00  -0.340209E+00   0.185031E+06   0.440663E+06   0.459655E+06   0.440663E+06  -0.395103E-02   0.215369E+06   0.215338E+06   0.302292E-01
   0.339290E+00   0.448681E+06   0.446367E+06  -0.113991E+00  -0.321827E+00   0.178345E+06   0.429624E+06   0.448292E+06   0.429624E+06  -0.385172E-02   0.210010E+06   0.209980E+06   0.293023E-01
   0.344444E+00   0.438040E+06   0.435764E+06  -0.108044E+00  -0.304890E+00   0.172089E+06   0.419292E+06   0.437658E+06   0.419292E+06  -0.375878E-02   0.204995E+06   0.204966E+06   0.282968E-01
   0.349598E+00   0.428150E+06   0.425926E+06  -0.102571E+00  -0.289312E+00   0.166257E+06   0.409691E+06   0.427776E+06   0.409691E+06  -0.367240E-02   0.200334E+06   0.200306E+06   0.272187E-01
   0.354752E+00   0.418932E+06   0.416772E+06  -0.975226E-01  -0.274946E+00   0.160806E+06   0.400744E+06   0.418569E+06   0.400744E+06  -0.359190E-02   0.195992E+06   0.195964E+06   0.261023E-01
   0.359906E+00   0.410251E+06   0.408158E+06  -0.928376E-01  -0.261619E+00   0.155672E+06   0.392318E+06   0.409899E+06   0.392318E+06  -0.351610E-02   0.191903E+06   0.191876E+06   0.249964E-01
   0.365060E+00   0.401946E+06   0.399921E+06  -0.884567E-01  -0.249163E+00   0.150786E+06   0.384260E+06   0.401606E+06   0.384260E+06  -0.344361E-02   0.187992E+06   0.187965E+06   0.239494E-01
   0.370215E+00   0.393868E+06   0.391902E+06  -0.843278E-01  -0.237428E+00   0.146081E+06   0.376424E+06   0.393538E+06   0.376424E+06  -0.337312E-02   0.184188E+06   0.184162E+06   0.229970E-01
   0.375369E+00   0.385895E+06   0.383981E+06  -0.804104E-01  -0.226301E+00   0.141511E+06   0.368695E+06   0.385574E+06   0.368695E+06  -0.330360E-02   0.180434E+06   0.180409E+06   0.221549E-01
   0.380523E+00   0.377965E+06   0.376090E+06  -0.766788E-01  -0.215707E+00   0.137047E+06   0.361011E+06   0.377650E+06   0.361011E+06  -0.323449E-02   0.176701E+06   0.176676E+06   0.214183E-01
   0.385677E+00   0.370086E+06   0.368242E+06  -0.731246E-01  -0.205621E+00   0.132690E+06   0.353381E+06   0.369777E+06   0.353381E+06  -0.316589E-02   0.172993E+06   0.172969E+06   0.207675E-01
   0.390831E+00   0.362322E+06   0.360502E+06  -0.697497E-01  -0.196049E+00   0.128461E+06   0.345864E+06   0.362016E+06   0.345864E+06  -0.309832E-02   0.169339E+06   0.169315E+06   0.201741E-01
   0.395985E+00   0.354754E+06   0.352958E+06  -0.665596E-01  -0.187006E+00   0.124387E+06   0.338542E+06   0.354453E+06   0.338542E+06  -0.303250E-02   0.165778E+06   0.165755E+06   0.196090E-01
   0.401139E+00   0.347453E+06   0.345681E+06  -0.635561E-01  -0.178495E+00   0.120488E+06   0.331480E+06   0.347155E+06   0.331480E+06  -0.296902E-02   0.162344E+06   0.162321E+06   0.190488E-01
   0.406293E+00   0.340459E+06   0.338714E+06  -0.607358E-01  -0.170507E+00   0.116773E+06   0.324717E+06   0.340166E+06   0.324717E+06  -0.290824E-02   0.159055E+06   0.159032E+06   0.184795E-01
   0.411447E+00   0.333792E+06   0.332080E+06  -0.580914E-01  -0.163020E+00   0.113245E+06   0.318272E+06   0.333504E+06   0.318272E+06  -0.285032E-02   0.155920E+06   0.155898E+06   0.178988E-01
   0.416601E+00   0.327449E+06   0.325773E+06  -0.556122E-01  -0.156004E+00   0.109897E+06   0.312142E+06   0.327168E+06   0.312142E+06  -0.279523E-02   0.152938E+06   0.152916E+06   0.173135E-01
   0.421755E+00   0.321393E+06   0.319755E+06  -0.532822E-01  -0.149412E+00   0.106712E+06   0.306291E+06   0.321118E+06   0.306291E+06  -0.274264E-02   0.150092E+06   0.150070E+06   0.167356E-01
   0.426910E+00   0.315560E+06   0.313960E+06  -0.510827E-01  -0.143192E+00   0.103663E+06   0.300656E+06   0.315291E+06   0.300656E+06  -0.269201E-02   0.147350E+06   0.147329E+06   0.161783E-01
   0.432064E+00   0.309887E+06   0.308322E+06  -0.489965E-01  -0.137294E+00   0.100725E+06   0.295177E+06   0.309624E+06   0.295177E+06  -0.264278E-02   0.144684E+06   0.144664E+06   0.156526E-01
   0.437218E+00   0.304334E+06   0.302803E+06  -0.470115E-01  -0.131685E+00   0.978825E+05   0.289818E+06   0.304077E+06   0.289818E+06  -0.259462E-02   0.142076E+06   0.142056E+06   0.151650E-01
   0.442372E+00   0.298884E+06   0.297381E+06  -0.451194E-01  -0.126341E+00   0.951267E+05   0.284558E+06   0.298631E+06   0.284558E+06  -0.254737E-02   0.139515E+06   0.139496E+06   0.147163E-01
   0.447526E+00   0.293522E+06   0.292044E+06  -0.433137E-01  -0.121242E+00   0.924514E+05   0.279386E+06   0.293274E+06   0.279386E+06  -0.250091E-02   0.136997E+06   0.136978E+06   0.143024E-01
   0.452680E+00   0.288250E+06   0.286795E+06  -0.415901E-01  -0.116378E+00   0.898547E+05   0.274303E+06   0.288006E+06   0.274303E+06  -0.245526E-02   0.134521E+06   0.134502E+06   0.139154E-01
   0.457834E+00   0.283089E+06   0.281655E+06  -0.399474E-01  -0.111744E+00   0.873407E+05   0.269327E+06   0.282848E+06   0.269327E+06  -0.241058E-02   0.132098E+06   0.132079E+06   0.135469E-01
   0.462988E+00   0.278068E+06   0.276655E+06  -0.383858E-01  -0.107340E+00   0.849168E+05   0.264490E+06   0.277831E+06   0.264490E+06  -0.236713E-02   0.129741E+06   0.129723E+06   0.131893E-01
   0.468142E+00   0.273211E+06   0.271819E+06  -0.369042E-01  -0.103163E+00   0.825871E+05   0.259811E+06   0.272977E+06   0.259811E+06  -0.232511E-02   0.127461E+06   0.127443E+06   0.128375E-01
   0.473296E+00   0.268521E+06   0.267151E+06  -0.354991E-01  -0.992033E-01   0.803500E+05   0.255293E+06   0.268290E+06   0.255293E+06  -0.228455E-02   0.125260E+06   0.125242E+06   0.124890E-01
   0.478450E+00   0.263990E+06   0.262643E+06  -0.341657E-01  -0.954468E-01   0.782011E+05   0.250931E+06   0.263764E+06   0.250931E+06  -0.224539E-02   0.123134E+06   0.123116E+06   0.121441E-01
   0.483605E+00   0.259610E+06   0.258288E+06  -0.328993E-01  -0.918802E-01   0.761351E+05   0.246715E+06   0.259388E+06   0.246715E+06  -0.220753E-02   0.121079E+06   0.121062E+06   0.118054E-01
   0.488759E+00   0.255369E+06   0.254070E+06  -0.316951E-01  -0.884897E-01   0.741464E+05   0.242633E+06   0.255151E+06   0.242633E+06  -0.217089E-02   0.119089E+06   0.119073E+06   0.114765E-01
   0.493913E+00   0.251247E+06   0.249972E+06  -0.305477E-01  -0.852603E-01   0.722276E+05   0.238667E+06   0.251033E+06   0.238667E+06  -0.213528E-02   0.117156E+06   0.117140E+06   0.111605E-01
   0.499067E+00   0.247222E+06   0.245969E+06  -0.294517E-01  -0.821767E-01   0.703707E+05   0.234796E+06   0.247012E+06   0.234796E+06  -0.210053E-02   0.115269E+06   0.115252E+06   0.108597E-01
   0.504221E+00   0.243279E+06   0.242047E+06  -0.284029E-01  -0.792269E-01   0.685698E+05   0.231004E+06   0.243072E+06   0.231004E+06  -0.206649E-02   0.113419E+06   0.113403E+06   0.105747E-01
   0.509375E+00   0.239411E+06   0.238199E+06  -0.273986E-01  -0.764031E-01   0.668221E+05   0.227286E+06   0.239208E+06   0.227286E+06  -0.203313E-02   0.111606E+06   0.111590E+06   0.103047E-01
   0.514529E+00   0.235623E+06   0.234429E+06  -0.264370E-01  -0.737003E-01   0.651270E+05   0.223646E+06   0.235423E+06   0.223646E+06  -0.200045E-02   0.109830E+06   0.109815E+06   0.100482E-01
   0.519683E+00   0.231916E+06   0.230739E+06  -0.255165E-01  -0.711141E-01   0.634840E+05   0.220084E+06   0.231719E+06   0.220084E+06  -0.196849E-02   0.108093E+06   0.108077E+06   0.980262E-02
   0.524837E+00   0.228294E+06   0.227133E+06  -0.246356E-01  -0.686397E-01   0.618924E+05   0.216605E+06   0.228099E+06   0.216605E+06  -0.193727E-02   0.106395E+06   0.106380E+06   0.956540E-02
   0.529991E+00   0.224759E+06   0.223615E+06  -0.237929E-01  -0.662735E-01   0.603522E+05   0.213211E+06   0.224567E+06   0.213211E+06  -0.190682E-02   0.104738E+06   0.104724E+06   0.933454E-02
   0.535145E+00   0.221319E+06   0.220192E+06  -0.229874E-01  -0.640125E-01   0.588640E+05   0.209908E+06   0.221130E+06   0.209908E+06  -0.187719E-02   0.103127E+06   0.103112E+06   0.910891E-02
   0.540300E+00   0.217976E+06   0.216866E+06  -0.222177E-01  -0.618526E-01   0.574271E+05   0.206700E+06   0.217790E+06   0.206700E+06  -0.184840E-02   0.101560E+06   0.101546E+06   0.888812E-02
   0.545454E+00   0.214724E+06   0.213631E+06  -0.214817E-01  -0.597878E-01   0.560389E+05   0.203579E+06   0.214541E+06   0.203579E+06  -0.182041E-02   0.100037E+06   0.100023E+06   0.867240E-02
   0.550608E+00   0.211556E+06   0.210479E+06  -0.207771E-01  -0.578116E-01   0.546959E+05   0.200539E+06   0.211375E+06   0.200539E+06  -0.179314E-02   0.985528E+05   0.985389E+05   0.846235E-02
   0.555762E+00   0.208463E+06   0.207402E+06  -0.201019E-01  -0.559184E-01   0.533952E+05   0.197573E+06   0.208285E+06   0.197573E+06  -0.176653E-02   0.971044E+05   0.970907E+05   0.825881E-02
   0.560916E+00   0.205442E+06   0.204398E+06  -0.194544E-01  -0.541036E-01   0.521346E+05   0.194677E+06   0.205267E+06   0.194677E+06  -0.174055E-02   0.956900E+05   0.956765E+05   0.806248E-02
   0.566070E+00   0.202489E+06   0.201460E+06  -0.188330E-01  -0.523625E-01   0.509116E+05   0.191846E+06   0.202316E+06   0.191846E+06  -0.171516E-02   0.943072E+05   0.942938E+05   0.787372E-02
   0.571224E+00   0.199596E+06   0.198582E+06  -0.182362E-01  -0.506905E-01   0.497237E+05   0.189073E+06   0.199426E+06   0.189073E+06  -0.169029E-02   0.929529E+05   0.929397E+05   0.769238E-02
   0.576378E+00   0.196760E+06   0.195760E+06  -0.176623E-01  -0.490834E-01   0.485687E+05   0.186355E+06   0.196592E+06   0.186355E+06  -0.166592E-02   0.916249E+05   0.916119E+05   0.751795E-02
   0.581532E+00   0.193980E+06   0.192993E+06  -0.171107E-01  -0.475389E-01   0.474464E+05   0.183692E+06   0.193814E+06   0.183692E+06  -0.164204E-02   0.903238E+05   0.903109E+05   0.734978E-02
   0.586686E+00   0.191260E+06   0.190287E+06  -0.165806E-01  -0.460552E-01   0.463567E+05   0.181087E+06   0.191096E+06   0.181087E+06  -0.161868E-02   0.890507E+05   0.890380E+05   0.718715E-02
   0.591840E+00   0.188600E+06   0.187640E+06  -0.160712E-01  -0.446299E-01   0.452992E+05   0.178540E+06   0.188439E+06   0.178540E+06  -0.159584E-02   0.878061E+05   0.877936E+05   0.702933E-02
   0.596995E+00   0.185999E+06   0.185052E+06  -0.155817E-01  -0.432603E-01   0.442730E+05   0.176050E+06   0.185840E+06   0.176050E+06  -0.157352E-02   0.865890E+05   0.865767E+05   0.687571E-02
   0.602149E+00   0.183456E+06   0.182521E+06  -0.151110E-01  -0.419439E-01   0.432770E+05   0.173616E+06   0.183299E+06   0.173616E+06  -0.155169E-02   0.853990E+05   0.853869E+05   0.672594E-02
   0.607303E+00   0.180971E+06   0.180049E+06  -0.146585E-01  -0.406787E-01   0.423110E+05   0.171237E+06   0.180816E+06   0.171237E+06  -0.153037E-02   0.842363E+05   0.842244E+05   0.657993E-02
   0.612457E+00   0.178543E+06   0.177634E+06  -0.142234E-01  -0.394627E-01   0.413741E+05   0.168915E+06   0.178391E+06   0.168915E+06  -0.150955E-02   0.831008E+05   0.830890E+05   0.643776E-02
   0.659749E+00   0.158464E+06   0.157657E+06  -0.109050E-01  -0.301983E-01   0.339208E+05   0.149725E+06   0.158329E+06   0.149725E+06  -0.133758E-02   0.737127E+05   0.737022E+05   0.531532E-02
   0.710693E+00   0.140546E+06   0.139830E+06  -0.835442E-02  -0.230929E-01   0.277150E+05   0.132631E+06   0.140426E+06   0.132631E+06  -0.118446E-02   0.653424E+05   0.653330E+05   0.438696E-02
   0.765571E+00   0.124596E+06   0.123960E+06  -0.639671E-02  -0.176507E-01   0.225751E+05   0.117441E+06   0.124489E+06   0.117441E+06  -0.104846E-02   0.578971E+05   0.578888E+05   0.362101E-02
   0.895965E+00   0.963751E+05   0.958826E+05  -0.362814E-02  -0.997755E-02   0.144907E+05   0.906353E+05   0.962924E+05   0.906353E+05  -0.808622E-03   0.447398E+05   0.447334E+05   0.241119E-02
   0.125042E+01   0.554977E+05   0.552134E+05  -0.108078E-02  -0.295495E-02   0.543034E+04   0.519908E+05   0.554499E+05   0.519908E+05  -0.463321E-03   0.257218E+05   0.257180E+05   0.101987E-02
   0.174510E+01   0.316577E+05   0.314951E+05  -0.318252E-03  -0.866533E-03   0.193459E+04   0.295767E+05   0.316304E+05   0.295767E+05  -0.263360E-03   0.146564E+05   0.146542E+05   0.436248E-03
   0.243548E+01   0.179034E+05   0.178112E+05  -0.927475E-04  -0.251828E-03   0.659063E+03   0.166965E+05   0.178880E+05   0.166965E+05  -0.148588E-03   0.828283E+04   0.828142E+04   0.191967E-03
