#           k/h    P           
    0.10000E-03    0.44268E+03
    0.10202E-03    0.45126E+03
    0.10408E-03    0.46000E+03
    0.10618E-03    0.46891E+03
    0.10833E-03    0.47800E+03
    0.11052E-03    0.48726E+03
    0.11275E-03    0.49670E+03
    0.11503E-03    0.50633E+03
    0.11735E-03    0.51613E+03
    0.11972E-03    0.52613E+03
    0.12214E-03    0.53633E+03
    0.12461E-03    0.54672E+03
    0.12712E-03    0.55731E+03
    0.12969E-03    0.56810E+03
    0.13231E-03    0.57911E+03
    0.13499E-03    0.59032E+03
    0.13771E-03    0.60176E+03
    0.14049E-03    0.61341E+03
    0.14333E-03    0.62529E+03
    0.14623E-03    0.63740E+03
    0.14918E-03    0.64975E+03
    0.15220E-03    0.66233E+03
    0.15527E-03    0.67516E+03
    0.15841E-03    0.68823E+03
    0.16161E-03    0.70156E+03
    0.16487E-03    0.71514E+03
    0.16820E-03    0.72899E+03
    0.17160E-03    0.74310E+03
    0.17507E-03    0.75749E+03
    0.17860E-03    0.77215E+03
    0.18221E-03    0.78710E+03
    0.18589E-03    0.80233E+03
    0.18965E-03    0.81786E+03
    0.19348E-03    0.83369E+03
    0.19739E-03    0.84982E+03
    0.20138E-03    0.86627E+03
    0.20544E-03    0.88303E+03
    0.20959E-03    0.90011E+03
    0.21383E-03    0.91753E+03
    0.21815E-03    0.93528E+03
    0.22255E-03    0.95337E+03
    0.22705E-03    0.97181E+03
    0.23164E-03    0.99060E+03
    0.23632E-03    0.10098E+04
    0.24109E-03    0.10293E+04
    0.24596E-03    0.10492E+04
    0.25093E-03    0.10695E+04
    0.25600E-03    0.10901E+04
    0.26117E-03    0.11112E+04
    0.26645E-03    0.11327E+04
    0.27183E-03    0.11546E+04
    0.27732E-03    0.11769E+04
    0.28292E-03    0.11996E+04
    0.28864E-03    0.12228E+04
    0.29447E-03    0.12464E+04
    0.30042E-03    0.12705E+04
    0.30649E-03    0.12950E+04
    0.31268E-03    0.13200E+04
    0.31899E-03    0.13455E+04
    0.32544E-03    0.13715E+04
    0.33201E-03    0.13979E+04
    0.33872E-03    0.14249E+04
    0.34556E-03    0.14524E+04
    0.35254E-03    0.14804E+04
    0.35966E-03    0.15089E+04
    0.36693E-03    0.15380E+04
    0.37434E-03    0.15676E+04
    0.38190E-03    0.15978E+04
    0.38962E-03    0.16286E+04
    0.39749E-03    0.16600E+04
    0.40552E-03    0.16919E+04
    0.41371E-03    0.17245E+04
    0.42207E-03    0.17577E+04
    0.43060E-03    0.17915E+04
    0.43929E-03    0.18260E+04
    0.44817E-03    0.18611E+04
    0.45722E-03    0.18968E+04
    0.46646E-03    0.19333E+04
    0.47588E-03    0.19704E+04
    0.48550E-03    0.20083E+04
    0.49530E-03    0.20468E+04
    0.50531E-03    0.20861E+04
    0.51552E-03    0.21261E+04
    0.52593E-03    0.21669E+04
    0.53656E-03    0.22084E+04
    0.54739E-03    0.22507E+04
    0.55845E-03    0.22938E+04
    0.56973E-03    0.23377E+04
    0.58124E-03    0.23825E+04
    0.59299E-03    0.24280E+04
    0.60496E-03    0.24744E+04
    0.61719E-03    0.25217E+04
    0.62965E-03    0.25699E+04
    0.64237E-03    0.26189E+04
    0.65535E-03    0.26689E+04
    0.66859E-03    0.27198E+04
    0.68210E-03    0.27716E+04
    0.69588E-03    0.28244E+04
    0.70993E-03    0.28781E+04
    0.72427E-03    0.29329E+04
    0.73891E-03    0.29886E+04
    0.75383E-03    0.30454E+04
    0.76906E-03    0.31032E+04
    0.78460E-03    0.31620E+04
    0.80045E-03    0.32220E+04
    0.81662E-03    0.32830E+04
    0.83311E-03    0.33451E+04
    0.84994E-03    0.34084E+04
    0.86711E-03    0.34728E+04
    0.88463E-03    0.35384E+04
    0.90250E-03    0.36051E+04
    0.92073E-03    0.36731E+04
    0.93933E-03    0.37422E+04
    0.95831E-03    0.38126E+04
    0.97767E-03    0.38843E+04
    0.99742E-03    0.39572E+04
    0.10176E-02    0.40314E+04
    0.10381E-02    0.41070E+04
    0.10591E-02    0.41839E+04
    0.10805E-02    0.42621E+04
    0.11023E-02    0.43417E+04
    0.11246E-02    0.44227E+04
    0.11473E-02    0.45051E+04
    0.11705E-02    0.45889E+04
    0.11941E-02    0.46742E+04
    0.12182E-02    0.47610E+04
    0.12429E-02    0.48492E+04
    0.12680E-02    0.49390E+04
    0.12936E-02    0.50302E+04
    0.13197E-02    0.51231E+04
    0.13464E-02    0.52175E+04
    0.13736E-02    0.53135E+04
    0.14013E-02    0.54111E+04
    0.14296E-02    0.55104E+04
    0.14585E-02    0.56113E+04
    0.14880E-02    0.57138E+04
    0.15180E-02    0.58181E+04
    0.15487E-02    0.59241E+04
    0.15800E-02    0.60318E+04
    0.16119E-02    0.61412E+04
    0.16445E-02    0.62524E+04
    0.16777E-02    0.63654E+04
    0.17116E-02    0.64802E+04
    0.17462E-02    0.65968E+04
    0.17814E-02    0.67152E+04
    0.18174E-02    0.68355E+04
    0.18541E-02    0.69577E+04
    0.18916E-02    0.70818E+04
    0.19298E-02    0.72077E+04
    0.19688E-02    0.73356E+04
    0.20086E-02    0.74653E+04
    0.20491E-02    0.75971E+04
    0.20905E-02    0.77307E+04
    0.21328E-02    0.78664E+04
    0.21758E-02    0.80040E+04
    0.22198E-02    0.81436E+04
    0.22646E-02    0.82852E+04
    0.23104E-02    0.84288E+04
    0.23571E-02    0.85744E+04
    0.24047E-02    0.87220E+04
    0.24533E-02    0.88717E+04
    0.25028E-02    0.90234E+04
    0.25534E-02    0.91771E+04
    0.26050E-02    0.93328E+04
    0.26576E-02    0.94905E+04
    0.27113E-02    0.96503E+04
    0.27660E-02    0.98121E+04
    0.28219E-02    0.99760E+04
    0.28789E-02    0.10142E+05
    0.29371E-02    0.10310E+05
    0.29964E-02    0.10480E+05
    0.30569E-02    0.10651E+05
    0.31187E-02    0.10825E+05
    0.31817E-02    0.11001E+05
    0.32460E-02    0.11179E+05
    0.33115E-02    0.11358E+05
    0.33784E-02    0.11540E+05
    0.34467E-02    0.11723E+05
    0.35163E-02    0.11908E+05
    0.35874E-02    0.12095E+05
    0.36598E-02    0.12284E+05
    0.37338E-02    0.12475E+05
    0.38092E-02    0.12667E+05
    0.38861E-02    0.12861E+05
    0.39646E-02    0.13057E+05
    0.40447E-02    0.13254E+05
    0.41264E-02    0.13452E+05
    0.42098E-02    0.13653E+05
    0.42948E-02    0.13854E+05
    0.43816E-02    0.14057E+05
    0.44701E-02    0.14261E+05
    0.45604E-02    0.14467E+05
    0.46525E-02    0.14673E+05
    0.47465E-02    0.14881E+05
    0.48424E-02    0.15089E+05
    0.49402E-02    0.15299E+05
    0.50400E-02    0.15509E+05
    0.51419E-02    0.15720E+05
    0.52457E-02    0.15932E+05
    0.53517E-02    0.16144E+05
    0.54598E-02    0.16356E+05
    0.55701E-02    0.16569E+05
    0.56826E-02    0.16782E+05
    0.57974E-02    0.16996E+05
    0.59145E-02    0.17209E+05
    0.60340E-02    0.17421E+05
    0.61559E-02    0.17634E+05
    0.62803E-02    0.17846E+05
    0.64072E-02    0.18057E+05
    0.65366E-02    0.18268E+05
    0.66686E-02    0.18477E+05
    0.68033E-02    0.18686E+05
    0.69408E-02    0.18893E+05
    0.70810E-02    0.19099E+05
    0.72240E-02    0.19303E+05
    0.73700E-02    0.19505E+05
    0.75189E-02    0.19706E+05
    0.76708E-02    0.19904E+05
    0.78257E-02    0.20099E+05
    0.79838E-02    0.20292E+05
    0.81451E-02    0.20483E+05
    0.83096E-02    0.20670E+05
    0.84775E-02    0.20853E+05
    0.86488E-02    0.21034E+05
    0.88235E-02    0.21210E+05
    0.90017E-02    0.21382E+05
    0.91836E-02    0.21550E+05
    0.93691E-02    0.21714E+05
    0.95583E-02    0.21873E+05
    0.97514E-02    0.22026E+05
    0.99484E-02    0.22174E+05
    0.10149E-01    0.22317E+05
    0.10354E-01    0.22454E+05
    0.10564E-01    0.22585E+05
    0.10777E-01    0.22709E+05
    0.10995E-01    0.22826E+05
    0.11217E-01    0.22937E+05
    0.11443E-01    0.23040E+05
    0.11675E-01    0.23135E+05
    0.11910E-01    0.23223E+05
    0.12151E-01    0.23303E+05
    0.12397E-01    0.23374E+05
    0.12647E-01    0.23437E+05
    0.12902E-01    0.23492E+05
    0.13163E-01    0.23537E+05
    0.13429E-01    0.23572E+05
    0.13700E-01    0.23596E+05
    0.13977E-01    0.23610E+05
    0.14259E-01    0.23614E+05
    0.14547E-01    0.23608E+05
    0.14841E-01    0.23594E+05
    0.15141E-01    0.23572E+05
    0.15447E-01    0.23542E+05
    0.15759E-01    0.23505E+05
    0.16077E-01    0.23457E+05
    0.16402E-01    0.23397E+05
    0.16734E-01    0.23323E+05
    0.17072E-01    0.23235E+05
    0.17416E-01    0.23132E+05
    0.17768E-01    0.23016E+05
    0.18127E-01    0.22888E+05
    0.18493E-01    0.22748E+05
    0.18867E-01    0.22598E+05
    0.19248E-01    0.22437E+05
    0.19637E-01    0.22264E+05
    0.20034E-01    0.22078E+05
    0.20438E-01    0.21879E+05
    0.20851E-01    0.21666E+05
    0.21272E-01    0.21440E+05
    0.21702E-01    0.21202E+05
    0.22141E-01    0.20953E+05
    0.22588E-01    0.20695E+05
    0.23044E-01    0.20430E+05
    0.23510E-01    0.20157E+05
    0.23985E-01    0.19877E+05
    0.24469E-01    0.19590E+05
    0.24964E-01    0.19296E+05
    0.25468E-01    0.18996E+05
    0.25982E-01    0.18690E+05
    0.26507E-01    0.18377E+05
    0.27043E-01    0.18058E+05
    0.27589E-01    0.17734E+05
    0.28146E-01    0.17404E+05
    0.28715E-01    0.17069E+05
    0.29295E-01    0.16730E+05
    0.29887E-01    0.16389E+05
    0.30490E-01    0.16045E+05
    0.31106E-01    0.15701E+05
    0.31735E-01    0.15356E+05
    0.32376E-01    0.15013E+05
    0.33030E-01    0.14671E+05
    0.33697E-01    0.14331E+05
    0.34378E-01    0.13995E+05
    0.35072E-01    0.13663E+05
    0.35781E-01    0.13337E+05
    0.36504E-01    0.13018E+05
    0.37241E-01    0.12708E+05
    0.37993E-01    0.12406E+05
    0.38761E-01    0.12112E+05
    0.39544E-01    0.11828E+05
    0.40343E-01    0.11551E+05
    0.41158E-01    0.11281E+05
    0.41989E-01    0.11019E+05
    0.42838E-01    0.10765E+05
    0.43703E-01    0.10520E+05
    0.44586E-01    0.10285E+05
    0.45486E-01    0.10062E+05
    0.46405E-01    0.98507E+04
    0.47343E-01    0.96504E+04
    0.48299E-01    0.94604E+04
    0.49275E-01    0.92799E+04
    0.50270E-01    0.91083E+04
    0.51286E-01    0.89445E+04
    0.52322E-01    0.87877E+04
    0.53379E-01    0.86369E+04
    0.54457E-01    0.84912E+04
    0.55557E-01    0.83499E+04
    0.56680E-01    0.82122E+04
    0.57825E-01    0.80772E+04
    0.58993E-01    0.79443E+04
    0.60184E-01    0.78119E+04
    0.61400E-01    0.76785E+04
    0.62641E-01    0.75428E+04
    0.63906E-01    0.74034E+04
    0.65197E-01    0.72585E+04
    0.66514E-01    0.71070E+04
    0.67858E-01    0.69482E+04
    0.69229E-01    0.67829E+04
    0.70627E-01    0.66120E+04
    0.72054E-01    0.64352E+04
    0.73510E-01    0.62510E+04
    0.74994E-01    0.60579E+04
    0.76509E-01    0.58567E+04
    0.78055E-01    0.56502E+04
    0.79632E-01    0.54412E+04
    0.81241E-01    0.52315E+04
    0.82882E-01    0.50227E+04
    0.84556E-01    0.48163E+04
    0.86264E-01    0.46142E+04
    0.88007E-01    0.44182E+04
    0.89785E-01    0.42302E+04
    0.91598E-01    0.40517E+04
    0.93449E-01    0.38842E+04
    0.95337E-01    0.37288E+04
    0.97263E-01    0.35868E+04
    0.99227E-01    0.34589E+04
    0.10123E+00    0.33450E+04
    0.10328E+00    0.32448E+04
    0.10536E+00    0.31575E+04
    0.10749E+00    0.30810E+04
    0.10966E+00    0.30138E+04
    0.11188E+00    0.29531E+04
    0.11414E+00    0.28966E+04
    0.11644E+00    0.28415E+04
    0.11880E+00    0.27854E+04
    0.12120E+00    0.27260E+04
    0.12365E+00    0.26617E+04
    0.12614E+00    0.25908E+04
    0.12869E+00    0.25127E+04
    0.13129E+00    0.24273E+04
    0.13394E+00    0.23351E+04
    0.13665E+00    0.22374E+04
    0.13941E+00    0.21361E+04
    0.14223E+00    0.20333E+04
    0.14510E+00    0.19319E+04
    0.14803E+00    0.18343E+04
    0.15102E+00    0.17432E+04
    0.15407E+00    0.16607E+04
    0.15718E+00    0.15882E+04
    0.16036E+00    0.15263E+04
    0.16360E+00    0.14742E+04
    0.16690E+00    0.14306E+04
    0.17028E+00    0.13935E+04
    0.17371E+00    0.13606E+04
    0.17722E+00    0.13295E+04
    0.18080E+00    0.12980E+04
    0.18446E+00    0.12635E+04
    0.18818E+00    0.12244E+04
    0.19198E+00    0.11800E+04
    0.19586E+00    0.11307E+04
    0.19982E+00    0.10782E+04
    0.20386E+00    0.10248E+04
    0.20797E+00    0.97263E+03
    0.21218E+00    0.92366E+03
    0.21646E+00    0.87955E+03
    0.22083E+00    0.84138E+03
    0.22530E+00    0.80929E+03
    0.22985E+00    0.78240E+03
    0.23449E+00    0.75908E+03
    0.23923E+00    0.73737E+03
    0.24406E+00    0.71541E+03
    0.24899E+00    0.69168E+03
    0.25402E+00    0.66538E+03
    0.25915E+00    0.63675E+03
    0.26439E+00    0.60687E+03
    0.26973E+00    0.57727E+03
    0.27518E+00    0.54937E+03
    0.28074E+00    0.52424E+03
    0.28641E+00    0.50238E+03
    0.29219E+00    0.48349E+03
    0.29810E+00    0.46666E+03
    0.30412E+00    0.45065E+03
    0.31026E+00    0.43437E+03
    0.31653E+00    0.41720E+03
    0.32292E+00    0.39917E+03
    0.32945E+00    0.38084E+03
    0.33610E+00    0.36308E+03
    0.34289E+00    0.34665E+03
    0.34982E+00    0.33190E+03
    0.35689E+00    0.31864E+03
    0.36409E+00    0.30636E+03
    0.37145E+00    0.29445E+03
    0.37895E+00    0.28245E+03
    0.38661E+00    0.27023E+03
    0.39442E+00    0.25810E+03
    0.40239E+00    0.24649E+03
    0.41052E+00    0.23566E+03
    0.41881E+00    0.22570E+03
    0.42727E+00    0.21641E+03
    0.43590E+00    0.20745E+03
    0.44471E+00    0.19863E+03
    0.45369E+00    0.18993E+03
    0.46286E+00    0.18147E+03
    0.47221E+00    0.17345E+03
    0.48174E+00    0.16592E+03
    0.49148E+00    0.15882E+03
    0.50141E+00    0.15201E+03
    0.51153E+00    0.14538E+03
    0.52187E+00    0.13895E+03
    0.53241E+00    0.13278E+03
    0.54317E+00    0.12692E+03
    0.55414E+00    0.12136E+03
    0.56533E+00    0.11604E+03
    0.57675E+00    0.11091E+03
    0.58840E+00    0.10597E+03
    0.60029E+00    0.10125E+03
    0.61242E+00    0.96744E+02
    0.62479E+00    0.92439E+02
    0.63741E+00    0.88316E+02
    0.65029E+00    0.84366E+02
    0.66342E+00    0.80585E+02
    0.67683E+00    0.76967E+02
    0.69050E+00    0.73506E+02
    0.70445E+00    0.70196E+02
    0.71868E+00    0.67032E+02
    0.73320E+00    0.64008E+02
    0.74801E+00    0.61116E+02
    0.76312E+00    0.58350E+02
    0.77854E+00    0.55704E+02
    0.79426E+00    0.53173E+02
    0.81031E+00    0.50752E+02
    0.82668E+00    0.48438E+02
    0.84338E+00    0.46225E+02
    0.86041E+00    0.44110E+02
    0.87780E+00    0.42089E+02
    0.89553E+00    0.40158E+02
    0.91362E+00    0.38313E+02
    0.93208E+00    0.36550E+02
    0.95091E+00    0.34866E+02
    0.97011E+00    0.33258E+02
    0.98971E+00    0.31722E+02
    0.10097E+01    0.30256E+02
    0.10301E+01    0.28855E+02
    0.10509E+01    0.27517E+02
    0.10721E+01    0.26240E+02
    0.10938E+01    0.25021E+02
    0.11159E+01    0.23857E+02
    0.11384E+01    0.22745E+02
    0.11614E+01    0.21685E+02
    0.11849E+01    0.20672E+02
    0.12088E+01    0.19706E+02
    0.12333E+01    0.18784E+02
    0.12582E+01    0.17904E+02
    0.12836E+01    0.17064E+02
    0.13095E+01    0.16262E+02
    0.13360E+01    0.15498E+02
    0.13630E+01    0.14768E+02
    0.13905E+01    0.14072E+02
    0.14186E+01    0.13408E+02
    0.14472E+01    0.12774E+02
    0.14765E+01    0.12170E+02
    0.15063E+01    0.11594E+02
    0.15367E+01    0.11044E+02
    0.15678E+01    0.10519E+02
    0.15994E+01    0.10019E+02
    0.16318E+01    0.95421E+01
    0.16647E+01    0.90872E+01
    0.16984E+01    0.86533E+01
    0.17327E+01    0.82396E+01
    0.17677E+01    0.78452E+01
    0.18034E+01    0.74692E+01
    0.18398E+01    0.71107E+01
    0.18770E+01    0.67690E+01
    0.19149E+01    0.64435E+01
    0.19536E+01    0.61332E+01
    0.19930E+01    0.58377E+01
    0.20333E+01    0.55561E+01
    0.20744E+01    0.52880E+01
    0.21163E+01    0.50326E+01
    0.21590E+01    0.47894E+01
    0.22026E+01    0.45578E+01
    0.22471E+01    0.43374E+01
    0.22925E+01    0.41275E+01
    0.23388E+01    0.39278E+01
    0.23861E+01    0.37376E+01
    0.24343E+01    0.35567E+01
