#          k/h    CDM            baryon         photon         nu             mass_nu        total          no_nu          total_de       Weyl           v_CDM          v_b            v_b-v_c     
   0.102076E-04   0.202319E+08   0.202319E+08   0.269619E+08   0.269615E+08   0.202320E+08   0.202319E+08   0.202319E+08   0.202387E+08  -0.396289E+00   0.101913E+08   0.101913E+08   0.609911E+01
   0.112819E-04   0.202319E+08   0.202319E+08   0.269588E+08   0.269583E+08   0.202320E+08   0.202319E+08   0.202319E+08   0.202387E+08  -0.396288E+00   0.101913E+08   0.101913E+08   0.674081E+01
   0.124693E-04   0.202319E+08   0.202319E+08   0.269550E+08   0.269543E+08   0.202320E+08   0.202319E+08   0.202319E+08   0.202387E+08  -0.396288E+00   0.101913E+08   0.101913E+08   0.744997E+01
   0.137816E-04   0.202319E+08   0.202319E+08   0.269503E+08   0.269496E+08   0.202320E+08   0.202319E+08   0.202319E+08   0.202387E+08  -0.396288E+00   0.101913E+08   0.101913E+08   0.823368E+01
   0.152321E-04   0.202319E+08   0.202319E+08   0.269446E+08   0.269437E+08   0.202320E+08   0.202319E+08   0.202319E+08   0.202387E+08  -0.396288E+00   0.101913E+08   0.101913E+08   0.909973E+01
   0.168352E-04   0.202319E+08   0.202319E+08   0.269377E+08   0.269366E+08   0.202320E+08   0.202319E+08   0.202319E+08   0.202386E+08  -0.396288E+00   0.101913E+08   0.101913E+08   0.100568E+02
   0.186070E-04   0.202319E+08   0.202319E+08   0.269292E+08   0.269279E+08   0.202320E+08   0.202319E+08   0.202319E+08   0.202386E+08  -0.396287E+00   0.101913E+08   0.101913E+08   0.111143E+02
   0.205653E-04   0.202319E+08   0.202319E+08   0.269189E+08   0.269172E+08   0.202320E+08   0.202319E+08   0.202319E+08   0.202386E+08  -0.396287E+00   0.101913E+08   0.101913E+08   0.122828E+02
   0.227297E-04   0.202318E+08   0.202318E+08   0.269063E+08   0.269042E+08   0.202319E+08   0.202319E+08   0.202318E+08   0.202386E+08  -0.396286E+00   0.101913E+08   0.101913E+08   0.135738E+02
   0.251219E-04   0.202318E+08   0.202318E+08   0.268908E+08   0.268883E+08   0.202319E+08   0.202318E+08   0.202318E+08   0.202385E+08  -0.396285E+00   0.101913E+08   0.101913E+08   0.150001E+02
   0.277659E-04   0.202318E+08   0.202318E+08   0.268720E+08   0.268690E+08   0.202319E+08   0.202318E+08   0.202318E+08   0.202385E+08  -0.396285E+00   0.101913E+08   0.101913E+08   0.165758E+02
   0.306881E-04   0.202318E+08   0.202317E+08   0.268490E+08   0.268453E+08   0.202318E+08   0.202318E+08   0.202317E+08   0.202385E+08  -0.396284E+00   0.101912E+08   0.101912E+08   0.183162E+02
   0.339179E-04   0.202317E+08   0.202317E+08   0.268210E+08   0.268164E+08   0.202318E+08   0.202317E+08   0.202317E+08   0.202384E+08  -0.396282E+00   0.101912E+08   0.101912E+08   0.202383E+02
   0.374876E-04   0.202316E+08   0.202316E+08   0.267867E+08   0.267812E+08   0.202317E+08   0.202316E+08   0.202316E+08   0.202383E+08  -0.396281E+00   0.101912E+08   0.101912E+08   0.223609E+02
   0.414330E-04   0.202316E+08   0.202316E+08   0.267450E+08   0.267382E+08   0.202317E+08   0.202316E+08   0.202316E+08   0.202383E+08  -0.396279E+00   0.101912E+08   0.101912E+08   0.247041E+02
   0.457936E-04   0.202315E+08   0.202315E+08   0.266941E+08   0.266858E+08   0.202316E+08   0.202315E+08   0.202315E+08   0.202382E+08  -0.396277E+00   0.101911E+08   0.101911E+08   0.272905E+02
   0.506132E-04   0.202314E+08   0.202314E+08   0.266320E+08   0.266219E+08   0.202315E+08   0.202314E+08   0.202314E+08   0.202380E+08  -0.396274E+00   0.101911E+08   0.101911E+08   0.301444E+02
   0.559400E-04   0.202313E+08   0.202312E+08   0.265563E+08   0.265440E+08   0.202313E+08   0.202313E+08   0.202312E+08   0.202379E+08  -0.396271E+00   0.101910E+08   0.101910E+08   0.332921E+02
   0.618274E-04   0.202311E+08   0.202311E+08   0.264641E+08   0.264492E+08   0.202312E+08   0.202311E+08   0.202311E+08   0.202377E+08  -0.396267E+00   0.101909E+08   0.101909E+08   0.367626E+02
   0.683345E-04   0.202309E+08   0.202309E+08   0.263520E+08   0.263337E+08   0.202310E+08   0.202309E+08   0.202309E+08   0.202375E+08  -0.396262E+00   0.101908E+08   0.101908E+08   0.405866E+02
   0.755264E-04   0.202307E+08   0.202306E+08   0.262155E+08   0.261933E+08   0.202307E+08   0.202307E+08   0.202307E+08   0.202372E+08  -0.396256E+00   0.101907E+08   0.101907E+08   0.447975E+02
   0.834752E-04   0.202304E+08   0.202303E+08   0.260497E+08   0.260228E+08   0.202304E+08   0.202304E+08   0.202304E+08   0.202369E+08  -0.396249E+00   0.101905E+08   0.101905E+08   0.494305E+02
   0.922605E-04   0.202300E+08   0.202300E+08   0.258484E+08   0.258158E+08   0.202301E+08   0.202300E+08   0.202300E+08   0.202365E+08  -0.396240E+00   0.101904E+08   0.101903E+08   0.545227E+02
   0.101971E-03   0.202296E+08   0.202295E+08   0.256046E+08   0.255649E+08   0.202297E+08   0.202296E+08   0.202296E+08   0.202360E+08  -0.396229E+00   0.101901E+08   0.101901E+08   0.601128E+02
   0.112702E-03   0.202291E+08   0.202290E+08   0.253095E+08   0.252615E+08   0.202291E+08   0.202291E+08   0.202291E+08   0.202354E+08  -0.396216E+00   0.101899E+08   0.101898E+08   0.662401E+02
   0.124564E-03   0.202284E+08   0.202283E+08   0.249533E+08   0.248953E+08   0.202285E+08   0.202284E+08   0.202284E+08   0.202347E+08  -0.396200E+00   0.101895E+08   0.101895E+08   0.729438E+02
   0.137674E-03   0.202277E+08   0.202275E+08   0.245244E+08   0.244546E+08   0.202277E+08   0.202276E+08   0.202276E+08   0.202338E+08  -0.396181E+00   0.101891E+08   0.101891E+08   0.802615E+02
   0.152163E-03   0.202267E+08   0.202266E+08   0.240097E+08   0.239258E+08   0.202267E+08   0.202267E+08   0.202267E+08   0.202327E+08  -0.396157E+00   0.101886E+08   0.101886E+08   0.882270E+02
   0.168178E-03   0.202256E+08   0.202254E+08   0.233945E+08   0.232941E+08   0.202256E+08   0.202255E+08   0.202255E+08   0.202314E+08  -0.396129E+00   0.101880E+08   0.101880E+08   0.968679E+02
   0.185878E-03   0.202242E+08   0.202239E+08   0.226626E+08   0.225430E+08   0.202242E+08   0.202241E+08   0.202241E+08   0.202298E+08  -0.396094E+00   0.101873E+08   0.101873E+08   0.106202E+03
   0.205440E-03   0.202224E+08   0.202222E+08   0.217973E+08   0.216556E+08   0.202224E+08   0.202224E+08   0.202224E+08   0.202278E+08  -0.396051E+00   0.101864E+08   0.101864E+08   0.116232E+03
   0.227062E-03   0.202204E+08   0.202201E+08   0.207817E+08   0.206150E+08   0.202203E+08   0.202203E+08   0.202203E+08   0.202255E+08  -0.396000E+00   0.101854E+08   0.101853E+08   0.126940E+03
   0.250959E-03   0.202178E+08   0.202175E+08   0.196005E+08   0.194061E+08   0.202178E+08   0.202178E+08   0.202178E+08   0.202227E+08  -0.395939E+00   0.101841E+08   0.101839E+08   0.138281E+03
   0.277372E-03   0.202148E+08   0.202143E+08   0.182422E+08   0.180179E+08   0.202147E+08   0.202147E+08   0.202147E+08   0.202192E+08  -0.395865E+00   0.101825E+08   0.101823E+08   0.150173E+03
   0.306564E-03   0.202111E+08   0.202105E+08   0.167021E+08   0.164465E+08   0.202109E+08   0.202110E+08   0.202110E+08   0.202151E+08  -0.395776E+00   0.101805E+08   0.101804E+08   0.162487E+03
   0.338828E-03   0.202066E+08   0.202059E+08   0.149859E+08   0.146995E+08   0.202064E+08   0.202065E+08   0.202065E+08   0.202102E+08  -0.395669E+00   0.101782E+08   0.101780E+08   0.175037E+03
   0.374488E-03   0.202012E+08   0.202004E+08   0.131149E+08   0.128004E+08   0.202009E+08   0.202010E+08   0.202010E+08   0.202043E+08  -0.395542E+00   0.101754E+08   0.101752E+08   0.187570E+03
   0.413901E-03   0.201946E+08   0.201937E+08   0.111306E+08   0.107940E+08   0.201943E+08   0.201945E+08   0.201945E+08   0.201972E+08  -0.395391E+00   0.101720E+08   0.101718E+08   0.199760E+03
   0.457462E-03   0.201868E+08   0.201857E+08   0.909842E+07   0.874958E+07   0.201863E+08   0.201866E+08   0.201866E+08   0.201889E+08  -0.395213E+00   0.101680E+08   0.101677E+08   0.211206E+03
   0.505608E-03   0.201774E+08   0.201761E+08   0.710844E+07   0.676150E+07   0.201768E+08   0.201772E+08   0.201772E+08   0.201789E+08  -0.395003E+00   0.101632E+08   0.101628E+08   0.221439E+03
   0.558821E-03   0.201662E+08   0.201647E+08   0.527012E+07   0.494298E+07   0.201655E+08   0.201659E+08   0.201660E+08   0.201672E+08  -0.394758E+00   0.101574E+08   0.101570E+08   0.229950E+03
   0.617635E-03   0.201529E+08   0.201511E+08   0.369787E+07   0.341031E+07   0.201520E+08   0.201526E+08   0.201526E+08   0.201535E+08  -0.394472E+00   0.101505E+08   0.101501E+08   0.236222E+03
   0.682638E-03   0.201372E+08   0.201351E+08   0.248594E+07   0.225604E+07   0.201360E+08   0.201368E+08   0.201368E+08   0.201374E+08  -0.394141E+00   0.101424E+08   0.101419E+08   0.239793E+03
   0.754482E-03   0.201186E+08   0.201162E+08   0.167586E+07   0.151486E+07   0.201172E+08   0.201181E+08   0.201182E+08   0.201185E+08  -0.393757E+00   0.101328E+08   0.101323E+08   0.240320E+03
   0.833888E-03   0.200967E+08   0.200940E+08   0.122781E+07   0.113483E+07   0.200950E+08   0.200962E+08   0.200963E+08   0.200965E+08  -0.393314E+00   0.101216E+08   0.101211E+08   0.237633E+03
   0.921651E-03   0.200712E+08   0.200682E+08   0.101671E+07   0.976031E+06   0.200690E+08   0.200706E+08   0.200707E+08   0.200708E+08  -0.392802E+00   0.101086E+08   0.101079E+08   0.231771E+03
   0.101865E-02   0.200414E+08   0.200381E+08   0.874536E+06   0.858828E+06   0.200387E+08   0.200407E+08   0.200408E+08   0.200409E+08  -0.392210E+00   0.100934E+08   0.100927E+08   0.222956E+03
   0.112586E-02   0.200067E+08   0.200031E+08   0.677789E+06   0.658659E+06   0.200035E+08   0.200060E+08   0.200061E+08   0.200061E+08  -0.391526E+00   0.100758E+08   0.100751E+08   0.211531E+03
   0.124435E-02   0.199666E+08   0.199628E+08   0.428478E+06   0.390046E+06   0.199626E+08   0.199657E+08   0.199659E+08   0.199658E+08  -0.390734E+00   0.100554E+08   0.100547E+08   0.197902E+03
   0.137531E-02   0.199202E+08   0.199162E+08   0.237407E+06   0.182664E+06   0.199152E+08   0.199192E+08   0.199195E+08   0.199193E+08  -0.389819E+00   0.100319E+08   0.100312E+08   0.182539E+03
   0.152006E-02   0.198666E+08   0.198625E+08   0.178419E+06   0.120867E+06   0.198606E+08   0.198656E+08   0.198660E+08   0.198656E+08  -0.388767E+00   0.100048E+08   0.100041E+08   0.166057E+03
   0.168004E-02   0.198051E+08   0.198009E+08   0.168360E+06  -0.330500E+06   0.197977E+08   0.198039E+08   0.198044E+08   0.198039E+08  -0.387557E+00   0.997375E+07   0.997299E+07   0.149264E+03
   0.185685E-02   0.197344E+08   0.197303E+08   0.930091E+05  -0.269577E+06   0.197254E+08   0.197332E+08   0.197338E+08   0.197332E+08  -0.386170E+00   0.993806E+07   0.993732E+07   0.133036E+03
   0.205228E-02   0.196536E+08   0.196494E+08   0.189389E+05  -0.219767E+06   0.196426E+08   0.196522E+08   0.196529E+08   0.196522E+08  -0.384584E+00   0.989723E+07   0.989650E+07   0.118106E+03
   0.226827E-02   0.195612E+08   0.195571E+08   0.317268E+05  -0.179055E+06   0.195478E+08   0.195597E+08   0.195605E+08   0.195596E+08  -0.382772E+00   0.985060E+07   0.984989E+07   0.104986E+03
   0.250700E-02   0.194560E+08   0.194518E+08   0.203559E+05  -0.145785E+06   0.194397E+08   0.194542E+08   0.194553E+08   0.194542E+08  -0.380708E+00   0.979749E+07   0.979678E+07   0.939254E+02
   0.277085E-02   0.193364E+08   0.193321E+08  -0.721618E+04  -0.118606E+06   0.193166E+08   0.193344E+08   0.193357E+08   0.193344E+08  -0.378362E+00   0.973712E+07   0.973642E+07   0.847458E+02
   0.306246E-02   0.192009E+08   0.191963E+08   0.342686E+04  -0.964106E+05   0.191769E+08   0.191985E+08   0.192001E+08   0.191985E+08  -0.375703E+00   0.966869E+07   0.966799E+07   0.769056E+02
   0.338478E-02   0.190476E+08   0.190428E+08  -0.140340E+05  -0.782921E+05   0.190186E+08   0.190449E+08   0.190468E+08   0.190449E+08  -0.372696E+00   0.959133E+07   0.959062E+07   0.697952E+02
   0.374101E-02   0.188749E+08   0.188697E+08  -0.117574E+05  -0.635089E+05   0.188398E+08   0.188717E+08   0.188740E+08   0.188716E+08  -0.369305E+00   0.950411E+07   0.950340E+07   0.630039E+02
   0.413473E-02   0.186806E+08   0.186752E+08  -0.126545E+05  -0.514537E+05   0.186384E+08   0.186769E+08   0.186797E+08   0.186769E+08  -0.365493E+00   0.940604E+07   0.940534E+07   0.565545E+02
   0.456989E-02   0.184629E+08   0.184571E+08  -0.987838E+04  -0.416292E+05   0.184121E+08   0.184585E+08   0.184619E+08   0.184585E+08  -0.361219E+00   0.929610E+07   0.929540E+07   0.507186E+02
   0.505085E-02   0.182196E+08   0.182133E+08  -0.682850E+04  -0.336287E+05   0.181587E+08   0.182144E+08   0.182185E+08   0.182144E+08  -0.356442E+00   0.917320E+07   0.917251E+07   0.456303E+02
   0.558243E-02   0.179484E+08   0.179416E+08  -0.687740E+04  -0.271188E+05   0.178758E+08   0.179423E+08   0.179473E+08   0.179423E+08  -0.351118E+00   0.903626E+07   0.903557E+07   0.411056E+02
   0.616996E-02   0.176473E+08   0.176397E+08  -0.515390E+04  -0.218270E+05   0.175609E+08   0.176401E+08   0.176460E+08   0.176401E+08  -0.345204E+00   0.888414E+07   0.888346E+07   0.369285E+02
   0.681932E-02   0.173139E+08   0.173056E+08  -0.577422E+04  -0.175300E+05   0.172117E+08   0.173056E+08   0.173125E+08   0.173056E+08  -0.338656E+00   0.871573E+07   0.871505E+07   0.331507E+02
   0.753702E-02   0.169461E+08   0.169367E+08  -0.492675E+04  -0.140451E+05   0.168259E+08   0.169363E+08   0.169445E+08   0.169363E+08  -0.331430E+00   0.852988E+07   0.852921E+07   0.298288E+02
   0.833025E-02   0.165416E+08   0.165310E+08  -0.325305E+04  -0.112227E+05   0.164010E+08   0.165302E+08   0.165398E+08   0.165302E+08  -0.323483E+00   0.832548E+07   0.832482E+07   0.268219E+02
   0.920698E-02   0.160983E+08   0.160863E+08  -0.520708E+04  -0.894056E+04   0.159350E+08   0.160851E+08   0.160963E+08   0.160851E+08  -0.314771E+00   0.810144E+07   0.810078E+07   0.241109E+02
   0.101760E-01   0.156141E+08   0.156005E+08  -0.323219E+04  -0.709848E+04   0.154259E+08   0.155989E+08   0.156118E+08   0.155989E+08  -0.305257E+00   0.785676E+07   0.785610E+07   0.217148E+02
   0.112469E-01   0.150874E+08   0.150718E+08  -0.300956E+04  -0.561467E+04   0.148723E+08   0.150701E+08   0.150848E+08   0.150701E+08  -0.294908E+00   0.759060E+07   0.758994E+07   0.195609E+02
   0.124306E-01   0.145171E+08   0.144993E+08  -0.236885E+04  -0.442231E+04   0.142733E+08   0.144975E+08   0.145141E+08   0.144975E+08  -0.283701E+00   0.730240E+07   0.730175E+07   0.176463E+02
   0.137389E-01   0.139026E+08   0.138822E+08  -0.207021E+04  -0.346675E+04   0.136287E+08   0.138805E+08   0.138992E+08   0.138805E+08  -0.271626E+00   0.699189E+07   0.699123E+07   0.159378E+02
   0.151849E-01   0.132440E+08   0.132207E+08  -0.139482E+04  -0.270335E+04   0.129391E+08   0.132193E+08   0.132401E+08   0.132193E+08  -0.258687E+00   0.665913E+07   0.665848E+07   0.144137E+02
   0.167830E-01   0.125561E+08   0.125295E+08  -0.121883E+04  -0.209793E+04   0.122194E+08   0.125287E+08   0.125517E+08   0.125287E+08  -0.245171E+00   0.631157E+07   0.631092E+07   0.130587E+02
   0.185493E-01   0.118193E+08   0.117892E+08  -0.927627E+03  -0.161652E+04   0.114513E+08   0.117892E+08   0.118143E+08   0.117892E+08  -0.230699E+00   0.593940E+07   0.593874E+07   0.118291E+02
   0.205016E-01   0.110487E+08   0.110148E+08  -0.581659E+03  -0.123695E+04   0.106505E+08   0.110159E+08   0.110430E+08   0.110159E+08  -0.215565E+00   0.555022E+07   0.554956E+07   0.107082E+02
   0.226592E-01   0.102426E+08   0.102050E+08  -0.472845E+03  -0.938650E+03   0.981699E+07   0.102073E+08   0.102363E+08   0.102073E+08  -0.199741E+00   0.514326E+07   0.514260E+07   0.966542E+01
   0.250440E-01   0.942792E+07   0.938681E+07  -0.362434E+03  -0.707240E+03   0.897788E+07   0.939037E+07   0.942101E+07   0.939037E+07  -0.183754E+00   0.473210E+07   0.473145E+07   0.868368E+01
   0.276798E-01   0.861574E+07   0.857163E+07  -0.238867E+03  -0.529061E+03   0.814478E+07   0.857627E+07   0.860833E+07   0.857627E+07  -0.167822E+00   0.432236E+07   0.432172E+07   0.773573E+01
   0.305930E-01   0.781260E+07   0.776644E+07  -0.259538E+03  -0.392718E+03   0.732467E+07   0.777164E+07   0.780485E+07   0.777164E+07  -0.152076E+00   0.391735E+07   0.391673E+07   0.679821E+01
   0.338127E-01   0.703946E+07   0.699264E+07  -0.169084E+03  -0.289676E+03   0.653820E+07   0.699748E+07   0.703160E+07   0.699748E+07  -0.136925E+00   0.352768E+07   0.352708E+07   0.585842E+01
   0.373714E-01   0.632071E+07   0.627505E+07  -0.107028E+03  -0.212938E+03   0.580895E+07   0.627819E+07   0.631305E+07   0.627819E+07  -0.122849E+00   0.316561E+07   0.316506E+07   0.491574E+01
   0.413045E-01   0.567922E+07   0.563682E+07  -0.950101E+02  -0.156647E+03   0.515659E+07   0.563645E+07   0.567210E+07   0.563645E+07  -0.110290E+00   0.284260E+07   0.284211E+07   0.398517E+01
   0.454350E-01   0.514005E+07   0.510270E+07   0.247015E+02  -0.117201E+03   0.460899E+07   0.509748E+07   0.513378E+07   0.509748E+07  -0.997425E-01   0.257134E+07   0.257091E+07   0.313373E+01
   0.495654E-01   0.472030E+07   0.468885E+07   0.189791E+02  -0.904715E+02   0.417967E+07   0.467800E+07   0.471502E+07   0.467800E+07  -0.915330E-01   0.236025E+07   0.235989E+07   0.242331E+01
   0.536959E-01   0.438491E+07   0.435936E+07   0.149575E+02  -0.716405E+02   0.383379E+07   0.434280E+07   0.438062E+07   0.434280E+07  -0.849731E-01   0.219162E+07   0.219132E+07   0.185797E+01
   0.578264E-01   0.410415E+07   0.408381E+07   0.120183E+02  -0.578419E+02   0.354289E+07   0.406216E+07   0.410074E+07   0.406216E+07  -0.794806E-01   0.205045E+07   0.205020E+07   0.143340E+01
   0.619568E-01   0.385743E+07   0.384109E+07   0.979575E+01  -0.473783E+02   0.328759E+07   0.381547E+07   0.385469E+07   0.381547E+07  -0.746527E-01   0.192637E+07   0.192616E+07   0.113703E+01
   0.660873E-01   0.362642E+07   0.361265E+07   0.805657E+01  -0.391631E+02   0.305122E+07   0.358449E+07   0.362411E+07   0.358449E+07  -0.701322E-01   0.181017E+07   0.180998E+07   0.947736E+00
   0.702177E-01   0.340026E+07   0.338764E+07   0.665958E+01  -0.325396E+02   0.282408E+07   0.335844E+07   0.339814E+07   0.335844E+07  -0.657084E-01   0.169641E+07   0.169624E+07   0.840183E+00
   0.743482E-01   0.317836E+07   0.316572E+07   0.552541E+01  -0.271390E+02   0.260571E+07   0.313678E+07   0.317624E+07   0.313678E+07  -0.613706E-01   0.158482E+07   0.158464E+07   0.788381E+00
   0.784786E-01   0.295712E+07   0.294367E+07   0.459094E+01  -0.226683E+02   0.239300E+07   0.291601E+07   0.295486E+07   0.291601E+07  -0.570502E-01   0.147362E+07   0.147344E+07   0.766550E+00
   0.826091E-01   0.274499E+07   0.273038E+07   0.382676E+01  -0.189954E+02   0.219265E+07   0.270451E+07   0.274253E+07   0.270451E+07  -0.529114E-01   0.136706E+07   0.136687E+07   0.754753E+00
   0.867395E-01   0.254780E+07   0.253211E+07   0.320543E+01  -0.159957E+02   0.200893E+07   0.250808E+07   0.254516E+07   0.250808E+07  -0.490677E-01   0.126807E+07   0.126787E+07   0.738117E+00
   0.918936E-01   0.232983E+07   0.231339E+07   0.259544E+01  -0.130368E+02   0.180775E+07   0.229115E+07   0.232707E+07   0.229115E+07  -0.448229E-01   0.115872E+07   0.115853E+07   0.698009E+00
   0.970477E-01   0.214871E+07   0.213250E+07   0.213327E+01  -0.107845E+02   0.164091E+07   0.211106E+07   0.214599E+07   0.211106E+07  -0.412988E-01   0.106795E+07   0.106776E+07   0.633066E+00
   0.102202E+00   0.200608E+07   0.199107E+07   0.178545E+01  -0.908319E+01   0.150811E+07   0.196930E+07   0.200356E+07   0.196930E+07  -0.385247E-01   0.996510E+06   0.996342E+06   0.549576E+00
   0.107356E+00   0.189677E+07   0.188366E+07   0.152142E+01  -0.778786E+01   0.140397E+07   0.186064E+07   0.189456E+07   0.186064E+07  -0.363983E-01   0.941785E+06   0.941637E+06   0.459309E+00
   0.112510E+00   0.181012E+07   0.179918E+07   0.131474E+01  -0.677099E+01   0.131940E+07   0.177448E+07   0.180829E+07   0.177448E+07  -0.347122E-01   0.898418E+06   0.898292E+06   0.374754E+00
   0.117664E+00   0.173445E+07   0.172548E+07   0.114561E+01  -0.593569E+01   0.124510E+07   0.169921E+07   0.173294E+07   0.169921E+07  -0.332391E-01   0.860540E+06   0.860432E+06   0.305625E+00
   0.122818E+00   0.166061E+07   0.165309E+07   0.100123E+01  -0.521910E+01   0.117412E+07   0.162579E+07   0.165934E+07   0.162579E+07  -0.318023E-01   0.823578E+06   0.823483E+06   0.256922E+00
   0.127972E+00   0.158329E+07   0.157654E+07   0.874415E+00  -0.458579E+01   0.110262E+07   0.154899E+07   0.158216E+07   0.154899E+07  -0.302996E-01   0.784883E+06   0.784796E+06   0.228549E+00
   0.133126E+00   0.150102E+07   0.149438E+07   0.761735E+00  -0.401926E+01   0.102964E+07   0.146738E+07   0.149990E+07   0.146738E+07  -0.287027E-01   0.743726E+06   0.743639E+06   0.216308E+00
   0.138280E+00   0.141551E+07   0.140853E+07   0.662013E+00  -0.351446E+01   0.956462E+06   0.138267E+07   0.141434E+07   0.138267E+07  -0.270452E-01   0.700974E+06   0.700885E+06   0.213727E+00
   0.143435E+00   0.133054E+07   0.132301E+07   0.575065E+00  -0.307150E+01   0.885657E+06   0.129859E+07   0.132927E+07   0.129859E+07  -0.254002E-01   0.658518E+06   0.658426E+06   0.214071E+00
   0.148589E+00   0.125067E+07   0.124267E+07   0.500859E+00  -0.269130E+01   0.820175E+06   0.121965E+07   0.124932E+07   0.121965E+07  -0.238555E-01   0.618641E+06   0.618546E+06   0.211976E+00
   0.153743E+00   0.118008E+07   0.117190E+07   0.439004E+00  -0.237295E+01   0.762535E+06   0.114993E+07   0.117871E+07   0.114993E+07  -0.224915E-01   0.583422E+06   0.583328E+06   0.204401E+00
   0.158897E+00   0.112122E+07   0.111320E+07   0.388400E+00  -0.211163E+01   0.713978E+06   0.109180E+07   0.111987E+07   0.109180E+07  -0.213542E-01   0.554068E+06   0.553977E+06   0.190778E+00
   0.164051E+00   0.107383E+07   0.106632E+07   0.347178E+00  -0.189825E+01   0.673978E+06   0.104500E+07   0.107257E+07   0.104500E+07  -0.204385E-01   0.530447E+06   0.530362E+06   0.172528E+00
   0.169205E+00   0.103545E+07   0.102868E+07   0.313112E+00  -0.172153E+01   0.640649E+06   0.100709E+07   0.103432E+07   0.100709E+07  -0.196968E-01   0.511324E+06   0.511247E+06   0.152240E+00
   0.174359E+00   0.100278E+07   0.996812E+06   0.284168E+00  -0.157097E+01   0.611680E+06   0.974799E+06   0.100178E+07   0.974799E+06  -0.190648E-01   0.495043E+06   0.494974E+06   0.132761E+00
   0.179513E+00   0.972584E+06   0.967339E+06   0.258748E+00  -0.143822E+01   0.584946E+06   0.944956E+06   0.971703E+06   0.944956E+06  -0.184809E-01   0.479998E+06   0.479936E+06   0.116400E+00
   0.184667E+00   0.942085E+06   0.937366E+06   0.235676E+00  -0.131714E+01   0.558671E+06   0.914832E+06   0.941293E+06   0.914832E+06  -0.178914E-01   0.464803E+06   0.464745E+06   0.104423E+00
   0.189821E+00   0.909412E+06   0.904975E+06   0.214259E+00  -0.120392E+01   0.531806E+06   0.882605E+06   0.908668E+06   0.882605E+06  -0.172609E-01   0.448530E+06   0.448474E+06   0.969326E-01
   0.194975E+00   0.874225E+06   0.869843E+06   0.194259E+00  -0.109743E+01   0.504155E+06   0.847947E+06   0.873489E+06   0.847947E+06  -0.165829E-01   0.431013E+06   0.430958E+06   0.930800E-01
   0.200130E+00   0.837639E+06   0.833157E+06   0.175790E+00  -0.998441E+00   0.476404E+06   0.811957E+06   0.836887E+06   0.811957E+06  -0.158788E-01   0.412809E+06   0.412754E+06   0.914583E-01
   0.205284E+00   0.801382E+06   0.796737E+06   0.159052E+00  -0.908201E+00   0.449541E+06   0.776324E+06   0.800602E+06   0.776324E+06  -0.151817E-01   0.394778E+06   0.394723E+06   0.905309E-01
   0.210438E+00   0.767079E+06   0.762302E+06   0.144171E+00  -0.827573E+00   0.424447E+06   0.742637E+06   0.766277E+06   0.742637E+06  -0.145227E-01   0.377729E+06   0.377672E+06   0.890170E-01
   0.215592E+00   0.736017E+06   0.731206E+06   0.131168E+00  -0.756843E+00   0.401767E+06   0.712150E+06   0.735209E+06   0.712150E+06  -0.139263E-01   0.362298E+06   0.362242E+06   0.861489E-01
   0.220746E+00   0.708984E+06   0.704269E+06   0.119958E+00  -0.695686E+00   0.381840E+06   0.685623E+06   0.708192E+06   0.685623E+06  -0.134073E-01   0.348875E+06   0.348820E+06   0.817510E-01
   0.225900E+00   0.686018E+06   0.681518E+06   0.110334E+00  -0.643067E+00   0.364581E+06   0.663085E+06   0.685262E+06   0.663085E+06  -0.129664E-01   0.337475E+06   0.337423E+06   0.761478E-01
   0.231054E+00   0.666381E+06   0.662177E+06   0.101994E+00  -0.597378E+00   0.349499E+06   0.643809E+06   0.665675E+06   0.643809E+06  -0.125893E-01   0.327730E+06   0.327681E+06   0.699706E-01
   0.236208E+00   0.648904E+06   0.645022E+06   0.946187E-01  -0.556863E+00   0.335902E+06   0.626651E+06   0.648252E+06   0.626651E+06  -0.122536E-01   0.319058E+06   0.319013E+06   0.639371E-01
   0.241362E+00   0.632390E+06   0.628803E+06   0.879340E-01  -0.520002E+00   0.323118E+06   0.610442E+06   0.631788E+06   0.610442E+06  -0.119365E-01   0.310865E+06   0.310822E+06   0.586549E-01
   0.246516E+00   0.615853E+06   0.612492E+06   0.817381E-01  -0.485665E+00   0.310619E+06   0.594219E+06   0.615288E+06   0.594219E+06  -0.116191E-01   0.302661E+06   0.302621E+06   0.544888E-01
   0.251670E+00   0.598672E+06   0.595454E+06   0.759088E-01  -0.453167E+00   0.298085E+06   0.577382E+06   0.598132E+06   0.577382E+06  -0.112898E-01   0.294141E+06   0.294102E+06   0.515126E-01
   0.256825E+00   0.580717E+06   0.577558E+06   0.704021E-01  -0.422276E+00   0.285457E+06   0.559804E+06   0.580187E+06   0.559804E+06  -0.109459E-01   0.285240E+06   0.285202E+06   0.495446E-01
   0.261979E+00   0.562319E+06   0.559163E+06   0.652342E-01  -0.393113E+00   0.272905E+06   0.541811E+06   0.561789E+06   0.541811E+06  -0.105939E-01   0.276122E+06   0.276085E+06   0.482400E-01
   0.267133E+00   0.544066E+06   0.540885E+06   0.604456E-01  -0.365948E+00   0.260713E+06   0.523973E+06   0.543532E+06   0.523973E+06  -0.102450E-01   0.267080E+06   0.267043E+06   0.472015E-01
   0.272287E+00   0.526561E+06   0.523363E+06   0.560698E-01  -0.341013E+00   0.249160E+06   0.506877E+06   0.526024E+06   0.506877E+06  -0.991064E-02   0.258413E+06   0.258375E+06   0.460817E-01
   0.277441E+00   0.510286E+06   0.507101E+06   0.521198E-01  -0.318423E+00   0.238453E+06   0.490989E+06   0.509751E+06   0.490989E+06  -0.959987E-02   0.250357E+06   0.250320E+06   0.446540E-01
   0.282595E+00   0.495526E+06   0.492397E+06   0.485848E-01  -0.298146E+00   0.228694E+06   0.476584E+06   0.495001E+06   0.476584E+06  -0.931810E-02   0.243054E+06   0.243017E+06   0.428426E-01
   0.287749E+00   0.482320E+06   0.479289E+06   0.454297E-01  -0.280003E+00   0.219870E+06   0.463696E+06   0.481811E+06   0.463696E+06  -0.906601E-02   0.236521E+06   0.236486E+06   0.407089E-01
   0.292903E+00   0.470453E+06   0.467551E+06   0.425995E-01  -0.263690E+00   0.211852E+06   0.452116E+06   0.469966E+06   0.452116E+06  -0.883949E-02   0.230653E+06   0.230619E+06   0.384078E-01
   0.298057E+00   0.459544E+06   0.456781E+06   0.400307E-01  -0.248841E+00   0.204439E+06   0.441470E+06   0.459080E+06   0.441470E+06  -0.863125E-02   0.225259E+06   0.225227E+06   0.361295E-01
   0.303211E+00   0.449161E+06   0.446531E+06   0.376639E-01  -0.235111E+00   0.197421E+06   0.431340E+06   0.448719E+06   0.431340E+06  -0.843311E-02   0.220126E+06   0.220095E+06   0.340451E-01
   0.308365E+00   0.438939E+06   0.436420E+06   0.354527E-01  -0.222227E+00   0.190626E+06   0.421373E+06   0.438516E+06   0.421373E+06  -0.823813E-02   0.215074E+06   0.215044E+06   0.322678E-01
   0.313520E+00   0.428646E+06   0.426208E+06   0.333670E-01  -0.210015E+00   0.183948E+06   0.411342E+06   0.428236E+06   0.411342E+06  -0.804194E-02   0.209988E+06   0.209959E+06   0.308352E-01
   0.318674E+00   0.418209E+06   0.415824E+06   0.313927E-01  -0.198396E+00   0.177352E+06   0.401180E+06   0.417809E+06   0.401180E+06  -0.784317E-02   0.204832E+06   0.204803E+06   0.297137E-01
   0.323828E+00   0.407703E+06   0.405346E+06   0.295279E-01  -0.187366E+00   0.170869E+06   0.390956E+06   0.407307E+06   0.390956E+06  -0.764321E-02   0.199642E+06   0.199614E+06   0.288183E-01
   0.328982E+00   0.397297E+06   0.394958E+06   0.277775E-01  -0.176965E+00   0.164567E+06   0.380837E+06   0.396904E+06   0.380837E+06  -0.744530E-02   0.194505E+06   0.194477E+06   0.280418E-01
   0.334136E+00   0.387203E+06   0.384880E+06   0.261479E-01  -0.167243E+00   0.158528E+06   0.371026E+06   0.386813E+06   0.371026E+06  -0.725342E-02   0.189522E+06   0.189495E+06   0.272835E-01
   0.339290E+00   0.377610E+06   0.375311E+06   0.246428E-01  -0.158232E+00   0.152821E+06   0.361705E+06   0.377224E+06   0.361705E+06  -0.707112E-02   0.184788E+06   0.184761E+06   0.264714E-01
   0.344444E+00   0.368632E+06   0.366371E+06   0.232603E-01  -0.149930E+00   0.147483E+06   0.352985E+06   0.368252E+06   0.352985E+06  -0.690058E-02   0.180360E+06   0.180333E+06   0.255731E-01
   0.349598E+00   0.360290E+06   0.358081E+06   0.219922E-01  -0.142294E+00   0.142509E+06   0.344884E+06   0.359919E+06   0.344884E+06  -0.674215E-02   0.176246E+06   0.176220E+06   0.245946E-01
   0.354752E+00   0.352519E+06   0.350372E+06   0.208260E-01  -0.135252E+00   0.137863E+06   0.337338E+06   0.352158E+06   0.337338E+06  -0.659457E-02   0.172414E+06   0.172389E+06   0.235709E-01
   0.359906E+00   0.345201E+06   0.343122E+06   0.197472E-01  -0.128720E+00   0.133488E+06   0.330234E+06   0.344852E+06   0.330234E+06  -0.645563E-02   0.168806E+06   0.168782E+06   0.225520E-01
   0.365060E+00   0.338201E+06   0.336189E+06   0.187420E-01  -0.122614E+00   0.129324E+06   0.323441E+06   0.337863E+06   0.323441E+06  -0.632277E-02   0.165357E+06   0.165333E+06   0.215875E-01
   0.370215E+00   0.331390E+06   0.329438E+06   0.177982E-01  -0.116860E+00   0.125317E+06   0.316834E+06   0.331063E+06   0.316834E+06  -0.619355E-02   0.162001E+06   0.161978E+06   0.207138E-01
   0.375369E+00   0.324669E+06   0.322767E+06   0.169064E-01  -0.111401E+00   0.121422E+06   0.310316E+06   0.324349E+06   0.310316E+06  -0.606607E-02   0.158689E+06   0.158666E+06   0.199477E-01
   0.380523E+00   0.317981E+06   0.316119E+06   0.160606E-01  -0.106203E+00   0.117618E+06   0.303834E+06   0.317669E+06   0.303834E+06  -0.593931E-02   0.155395E+06   0.155373E+06   0.192848E-01
   0.385677E+00   0.311337E+06   0.309505E+06   0.152585E-01  -0.101253E+00   0.113905E+06   0.297397E+06   0.311029E+06   0.297397E+06  -0.581343E-02   0.152122E+06   0.152101E+06   0.187054E-01
   0.390831E+00   0.304788E+06   0.302981E+06   0.145000E-01  -0.965534E-01   0.110301E+06   0.291056E+06   0.304485E+06   0.291056E+06  -0.568942E-02   0.148898E+06   0.148876E+06   0.181809E-01
   0.395985E+00   0.298407E+06   0.296622E+06   0.137859E-01  -0.921128E-01   0.106828E+06   0.284879E+06   0.298107E+06   0.284879E+06  -0.556863E-02   0.145756E+06   0.145735E+06   0.176820E-01
   0.401139E+00   0.292250E+06   0.290490E+06   0.131160E-01  -0.879335E-01   0.103503E+06   0.278922E+06   0.291955E+06   0.278922E+06  -0.545214E-02   0.142726E+06   0.142705E+06   0.171847E-01
   0.406293E+00   0.286354E+06   0.284621E+06   0.124892E-01  -0.840105E-01   0.100335E+06   0.273219E+06   0.286063E+06   0.273219E+06  -0.534061E-02   0.139825E+06   0.139804E+06   0.166754E-01
   0.411447E+00   0.280735E+06   0.279034E+06   0.119034E-01  -0.803336E-01   0.973261E+05   0.267785E+06   0.280449E+06   0.267785E+06  -0.523436E-02   0.137061E+06   0.137041E+06   0.161514E-01
   0.416601E+00   0.275390E+06   0.273725E+06   0.113558E-01  -0.768875E-01   0.944698E+05   0.262618E+06   0.275111E+06   0.262618E+06  -0.513332E-02   0.134432E+06   0.134412E+06   0.156197E-01
   0.421755E+00   0.270288E+06   0.268661E+06   0.108429E-01  -0.736499E-01   0.917512E+05   0.257687E+06   0.270015E+06   0.257687E+06  -0.503688E-02   0.131923E+06   0.131904E+06   0.150928E-01
   0.426910E+00   0.265374E+06   0.263784E+06   0.103602E-01  -0.705944E-01   0.891478E+05   0.252938E+06   0.265107E+06   0.252938E+06  -0.494402E-02   0.129507E+06   0.129488E+06   0.145842E-01
   0.432064E+00   0.260594E+06   0.259040E+06   0.990400E-02  -0.676970E-01   0.866386E+05   0.248321E+06   0.260333E+06   0.248321E+06  -0.485374E-02   0.127157E+06   0.127139E+06   0.141052E-01
   0.437218E+00   0.255917E+06   0.254395E+06   0.947140E-02  -0.649407E-01   0.842102E+05   0.243804E+06   0.255661E+06   0.243804E+06  -0.476541E-02   0.124858E+06   0.124840E+06   0.136625E-01
   0.442372E+00   0.251324E+06   0.249831E+06   0.906050E-02  -0.623138E-01   0.818548E+05   0.239371E+06   0.251073E+06   0.239371E+06  -0.467871E-02   0.122601E+06   0.122584E+06   0.132574E-01
   0.447526E+00   0.246806E+06   0.245339E+06   0.866976E-02  -0.598074E-01   0.795675E+05   0.235011E+06   0.246560E+06   0.235011E+06  -0.459347E-02   0.120382E+06   0.120364E+06   0.128855E-01
   0.452680E+00   0.242365E+06   0.240919E+06   0.829811E-02  -0.574155E-01   0.773466E+05   0.230727E+06   0.242122E+06   0.230727E+06  -0.450969E-02   0.118200E+06   0.118183E+06   0.125392E-01
   0.457834E+00   0.238016E+06   0.236591E+06   0.794512E-02  -0.551363E-01   0.751960E+05   0.226533E+06   0.237777E+06   0.226533E+06  -0.442769E-02   0.116064E+06   0.116047E+06   0.122099E-01
   0.462988E+00   0.233786E+06   0.232382E+06   0.761065E-02  -0.529701E-01   0.731222E+05   0.222456E+06   0.233550E+06   0.222456E+06  -0.434796E-02   0.113987E+06   0.113970E+06   0.118900E-01
   0.468142E+00   0.229694E+06   0.228311E+06   0.729429E-02  -0.509155E-01   0.711290E+05   0.218512E+06   0.229462E+06   0.218512E+06  -0.427085E-02   0.111978E+06   0.111961E+06   0.115744E-01
   0.473296E+00   0.225743E+06   0.224382E+06   0.699515E-02  -0.489674E-01   0.692152E+05   0.214706E+06   0.225515E+06   0.214706E+06  -0.419642E-02   0.110038E+06   0.110022E+06   0.112606E-01
   0.478450E+00   0.221928E+06   0.220590E+06   0.671212E-02  -0.471193E-01   0.673770E+05   0.211031E+06   0.221703E+06   0.211031E+06  -0.412456E-02   0.108165E+06   0.108150E+06   0.109490E-01
   0.483605E+00   0.218239E+06   0.216926E+06   0.644409E-02  -0.453643E-01   0.656100E+05   0.207479E+06   0.218019E+06   0.207479E+06  -0.405511E-02   0.106356E+06   0.106340E+06   0.106421E-01
   0.488759E+00   0.214668E+06   0.213378E+06   0.618995E-02  -0.436959E-01   0.639092E+05   0.204040E+06   0.214451E+06   0.204040E+06  -0.398789E-02   0.104603E+06   0.104588E+06   0.103438E-01
   0.493913E+00   0.211197E+06   0.209931E+06   0.594852E-02  -0.421065E-01   0.622682E+05   0.200700E+06   0.210985E+06   0.200700E+06  -0.392257E-02   0.102901E+06   0.102886E+06   0.100573E-01
   0.499067E+00   0.207808E+06   0.206564E+06   0.571861E-02  -0.405887E-01   0.606799E+05   0.197439E+06   0.207600E+06   0.197439E+06  -0.385881E-02   0.101238E+06   0.101224E+06   0.978491E-02
   0.504221E+00   0.204488E+06   0.203264E+06   0.549927E-02  -0.391364E-01   0.591392E+05   0.194245E+06   0.204282E+06   0.194245E+06  -0.379636E-02   0.996100E+05   0.995956E+05   0.952738E-02
   0.509375E+00   0.201232E+06   0.200027E+06   0.528988E-02  -0.377460E-01   0.576436E+05   0.191113E+06   0.201029E+06   0.191113E+06  -0.373513E-02   0.980133E+05   0.979991E+05   0.928411E-02
   0.514529E+00   0.198042E+06   0.196855E+06   0.509000E-02  -0.364150E-01   0.561928E+05   0.188046E+06   0.197842E+06   0.188046E+06  -0.367517E-02   0.964493E+05   0.964353E+05   0.905336E-02
   0.519683E+00   0.194921E+06   0.193751E+06   0.489925E-02  -0.351412E-01   0.547863E+05   0.185047E+06   0.194724E+06   0.185047E+06  -0.361652E-02   0.949194E+05   0.949056E+05   0.883271E-02
   0.524837E+00   0.191870E+06   0.190718E+06   0.471722E-02  -0.339223E-01   0.534237E+05   0.182116E+06   0.191677E+06   0.182116E+06  -0.355921E-02   0.934243E+05   0.934108E+05   0.861960E-02
   0.529991E+00   0.188895E+06   0.187758E+06   0.454360E-02  -0.327566E-01   0.521049E+05   0.179257E+06   0.188704E+06   0.179257E+06  -0.350332E-02   0.919660E+05   0.919526E+05   0.841205E-02
   0.535145E+00   0.185999E+06   0.184879E+06   0.437810E-02  -0.316425E-01   0.508303E+05   0.176476E+06   0.185811E+06   0.176476E+06  -0.344895E-02   0.905470E+05   0.905338E+05   0.820889E-02
   0.540300E+00   0.183184E+06   0.182081E+06   0.422038E-02  -0.305782E-01   0.495994E+05   0.173774E+06   0.182999E+06   0.173774E+06  -0.339611E-02   0.891682E+05   0.891553E+05   0.800977E-02
   0.545454E+00   0.180447E+06   0.179361E+06   0.406997E-02  -0.295607E-01   0.484100E+05   0.171146E+06   0.180265E+06   0.171146E+06  -0.334475E-02   0.878275E+05   0.878148E+05   0.781497E-02
   0.550608E+00   0.177780E+06   0.176710E+06   0.392636E-02  -0.285868E-01   0.472590E+05   0.168587E+06   0.177601E+06   0.168587E+06  -0.329470E-02   0.865212E+05   0.865086E+05   0.762513E-02
   0.555762E+00   0.175177E+06   0.174124E+06   0.378911E-02  -0.276536E-01   0.461441E+05   0.166089E+06   0.175000E+06   0.166089E+06  -0.324587E-02   0.852465E+05   0.852341E+05   0.744112E-02
   0.560916E+00   0.172635E+06   0.171598E+06   0.365785E-02  -0.267590E-01   0.450635E+05   0.163651E+06   0.172461E+06   0.163651E+06  -0.319820E-02   0.840018E+05   0.839896E+05   0.726371E-02
   0.566070E+00   0.170150E+06   0.169127E+06   0.353223E-02  -0.259006E-01   0.440152E+05   0.161267E+06   0.169978E+06   0.161267E+06  -0.315159E-02   0.827849E+05   0.827729E+05   0.709327E-02
   0.571224E+00   0.167715E+06   0.166707E+06   0.341186E-02  -0.250761E-01   0.429970E+05   0.158932E+06   0.167546E+06   0.158932E+06  -0.310596E-02   0.815931E+05   0.815812E+05   0.692968E-02
   0.576378E+00   0.165328E+06   0.164334E+06   0.329645E-02  -0.242836E-01   0.420073E+05   0.156644E+06   0.165161E+06   0.156644E+06  -0.306121E-02   0.804246E+05   0.804129E+05   0.677249E-02
   0.581532E+00   0.162988E+06   0.162008E+06   0.318579E-02  -0.235218E-01   0.410456E+05   0.154402E+06   0.162824E+06   0.154402E+06  -0.301738E-02   0.792796E+05   0.792681E+05   0.662105E-02
   0.586686E+00   0.160699E+06   0.159732E+06   0.307973E-02  -0.227899E-01   0.401119E+05   0.152209E+06   0.160537E+06   0.152209E+06  -0.297451E-02   0.781595E+05   0.781481E+05   0.647464E-02
   0.591840E+00   0.158461E+06   0.157507E+06   0.297808E-02  -0.220868E-01   0.392058E+05   0.150065E+06   0.158301E+06   0.150065E+06  -0.293259E-02   0.770645E+05   0.770532E+05   0.633254E-02
   0.596995E+00   0.156273E+06   0.155331E+06   0.288063E-02  -0.214111E-01   0.383263E+05   0.147969E+06   0.156115E+06   0.147969E+06  -0.289162E-02   0.759938E+05   0.759827E+05   0.619416E-02
   0.602149E+00   0.154132E+06   0.153204E+06   0.278716E-02  -0.207615E-01   0.374725E+05   0.145920E+06   0.153977E+06   0.145920E+06  -0.285155E-02   0.749469E+05   0.749360E+05   0.605916E-02
   0.607303E+00   0.152041E+06   0.151125E+06   0.269754E-02  -0.201372E-01   0.366441E+05   0.143918E+06   0.151888E+06   0.143918E+06  -0.281242E-02   0.739242E+05   0.739134E+05   0.592748E-02
   0.612457E+00   0.149999E+06   0.149095E+06   0.261158E-02  -0.195371E-01   0.358405E+05   0.141963E+06   0.149847E+06   0.141963E+06  -0.277421E-02   0.729254E+05   0.729148E+05   0.579920E-02
   0.659749E+00   0.133108E+06   0.132305E+06   0.196342E-02  -0.149629E-01   0.294342E+05   0.125813E+06   0.132973E+06   0.125813E+06  -0.245849E-02   0.646695E+05   0.646600E+05   0.478702E-02
   0.710693E+00   0.118038E+06   0.117326E+06   0.147562E-02  -0.114514E-01   0.240969E+05   0.111430E+06   0.117919E+06   0.111430E+06  -0.217736E-02   0.573115E+05   0.573031E+05   0.394998E-02
   0.765571E+00   0.104627E+06   0.103996E+06   0.110900E-02  -0.875948E-02   0.196707E+05   0.986534E+05   0.104521E+06   0.986534E+05  -0.192761E-02   0.507693E+05   0.507618E+05   0.325954E-02
   0.895965E+00   0.809074E+05   0.804182E+05   0.606000E-03  -0.495920E-02   0.126833E+05   0.761128E+05   0.808252E+05   0.761128E+05  -0.148706E-02   0.392142E+05   0.392083E+05   0.216916E-02
   0.125042E+01   0.465704E+05   0.462880E+05   0.168633E-03  -0.147284E-02   0.480552E+04   0.436379E+05   0.465230E+05   0.436379E+05  -0.852458E-03   0.225282E+05   0.225248E+05   0.915692E-03
   0.174510E+01   0.265578E+05   0.263964E+05   0.471356E-04  -0.432827E-03   0.173178E+04   0.248157E+05   0.265307E+05   0.248157E+05  -0.484717E-03   0.128302E+05   0.128282E+05   0.390342E-03
   0.243548E+01   0.150167E+05   0.149251E+05   0.132353E-04  -0.125977E-03   0.596656E+03   0.140051E+05   0.150013E+05   0.140051E+05  -0.273537E-03   0.724837E+04   0.724712E+04   0.170766E-03
