#           k/h    P           
    0.10000E-03    0.70744E+03
    0.10202E-03    0.72115E+03
    0.10408E-03    0.73513E+03
    0.10618E-03    0.74937E+03
    0.10833E-03    0.76389E+03
    0.11052E-03    0.77869E+03
    0.11275E-03    0.79378E+03
    0.11503E-03    0.80916E+03
    0.11735E-03    0.82483E+03
    0.11972E-03    0.84081E+03
    0.12214E-03    0.85710E+03
    0.12461E-03    0.87371E+03
    0.12712E-03    0.89063E+03
    0.12969E-03    0.90789E+03
    0.13231E-03    0.92547E+03
    0.13499E-03    0.94340E+03
    0.13771E-03    0.96168E+03
    0.14049E-03    0.98030E+03
    0.14333E-03    0.99929E+03
    0.14623E-03    0.10186E+04
    0.14918E-03    0.10384E+04
    0.15220E-03    0.10585E+04
    0.15527E-03    0.10790E+04
    0.15841E-03    0.10999E+04
    0.16161E-03    0.11212E+04
    0.16487E-03    0.11429E+04
    0.16820E-03    0.11650E+04
    0.17160E-03    0.11876E+04
    0.17507E-03    0.12106E+04
    0.17860E-03    0.12340E+04
    0.18221E-03    0.12579E+04
    0.18589E-03    0.12822E+04
    0.18965E-03    0.13071E+04
    0.19348E-03    0.13324E+04
    0.19739E-03    0.13581E+04
    0.20138E-03    0.13844E+04
    0.20544E-03    0.14112E+04
    0.20959E-03    0.14385E+04
    0.21383E-03    0.14664E+04
    0.21815E-03    0.14947E+04
    0.22255E-03    0.15237E+04
    0.22705E-03    0.15531E+04
    0.23164E-03    0.15832E+04
    0.23632E-03    0.16138E+04
    0.24109E-03    0.16450E+04
    0.24596E-03    0.16768E+04
    0.25093E-03    0.17092E+04
    0.25600E-03    0.17423E+04
    0.26117E-03    0.17760E+04
    0.26645E-03    0.18103E+04
    0.27183E-03    0.18453E+04
    0.27732E-03    0.18809E+04
    0.28292E-03    0.19173E+04
    0.28864E-03    0.19543E+04
    0.29447E-03    0.19921E+04
    0.30042E-03    0.20306E+04
    0.30649E-03    0.20698E+04
    0.31268E-03    0.21097E+04
    0.31899E-03    0.21505E+04
    0.32544E-03    0.21920E+04
    0.33201E-03    0.22343E+04
    0.33872E-03    0.22774E+04
    0.34556E-03    0.23214E+04
    0.35254E-03    0.23661E+04
    0.35966E-03    0.24118E+04
    0.36693E-03    0.24583E+04
    0.37434E-03    0.25057E+04
    0.38190E-03    0.25540E+04
    0.38962E-03    0.26032E+04
    0.39749E-03    0.26533E+04
    0.40552E-03    0.27044E+04
    0.41371E-03    0.27565E+04
    0.42207E-03    0.28096E+04
    0.43060E-03    0.28637E+04
    0.43929E-03    0.29188E+04
    0.44817E-03    0.29749E+04
    0.45722E-03    0.30321E+04
    0.46646E-03    0.30904E+04
    0.47588E-03    0.31498E+04
    0.48550E-03    0.32103E+04
    0.49530E-03    0.32720E+04
    0.50531E-03    0.33348E+04
    0.51552E-03    0.33988E+04
    0.52593E-03    0.34640E+04
    0.53656E-03    0.35305E+04
    0.54739E-03    0.35982E+04
    0.55845E-03    0.36671E+04
    0.56973E-03    0.37374E+04
    0.58124E-03    0.38089E+04
    0.59299E-03    0.38819E+04
    0.60496E-03    0.39561E+04
    0.61719E-03    0.40318E+04
    0.62965E-03    0.41088E+04
    0.64237E-03    0.41873E+04
    0.65535E-03    0.42673E+04
    0.66859E-03    0.43487E+04
    0.68210E-03    0.44317E+04
    0.69588E-03    0.45161E+04
    0.70993E-03    0.46022E+04
    0.72427E-03    0.46898E+04
    0.73891E-03    0.47790E+04
    0.75383E-03    0.48699E+04
    0.76906E-03    0.49625E+04
    0.78460E-03    0.50567E+04
    0.80045E-03    0.51527E+04
    0.81662E-03    0.52504E+04
    0.83311E-03    0.53499E+04
    0.84994E-03    0.54512E+04
    0.86711E-03    0.55544E+04
    0.88463E-03    0.56594E+04
    0.90250E-03    0.57663E+04
    0.92073E-03    0.58751E+04
    0.93933E-03    0.59859E+04
    0.95831E-03    0.60987E+04
    0.97767E-03    0.62135E+04
    0.99742E-03    0.63304E+04
    0.10176E-02    0.64493E+04
    0.10381E-02    0.65704E+04
    0.10591E-02    0.66936E+04
    0.10805E-02    0.68190E+04
    0.11023E-02    0.69465E+04
    0.11246E-02    0.70764E+04
    0.11473E-02    0.72084E+04
    0.11705E-02    0.73428E+04
    0.11941E-02    0.74796E+04
    0.12182E-02    0.76187E+04
    0.12429E-02    0.77602E+04
    0.12680E-02    0.79041E+04
    0.12936E-02    0.80505E+04
    0.13197E-02    0.81994E+04
    0.13464E-02    0.83509E+04
    0.13736E-02    0.85049E+04
    0.14013E-02    0.86615E+04
    0.14296E-02    0.88207E+04
    0.14585E-02    0.89826E+04
    0.14880E-02    0.91472E+04
    0.15180E-02    0.93145E+04
    0.15487E-02    0.94845E+04
    0.15800E-02    0.96574E+04
    0.16119E-02    0.98330E+04
    0.16445E-02    0.10012E+05
    0.16777E-02    0.10193E+05
    0.17116E-02    0.10377E+05
    0.17462E-02    0.10564E+05
    0.17814E-02    0.10755E+05
    0.18174E-02    0.10948E+05
    0.18541E-02    0.11144E+05
    0.18916E-02    0.11343E+05
    0.19298E-02    0.11545E+05
    0.19688E-02    0.11751E+05
    0.20086E-02    0.11959E+05
    0.20491E-02    0.12171E+05
    0.20905E-02    0.12385E+05
    0.21328E-02    0.12603E+05
    0.21758E-02    0.12824E+05
    0.22198E-02    0.13049E+05
    0.22646E-02    0.13276E+05
    0.23104E-02    0.13507E+05
    0.23571E-02    0.13741E+05
    0.24047E-02    0.13978E+05
    0.24533E-02    0.14218E+05
    0.25028E-02    0.14462E+05
    0.25534E-02    0.14709E+05
    0.26050E-02    0.14959E+05
    0.26576E-02    0.15212E+05
    0.27113E-02    0.15469E+05
    0.27660E-02    0.15729E+05
    0.28219E-02    0.15992E+05
    0.28789E-02    0.16259E+05
    0.29371E-02    0.16528E+05
    0.29964E-02    0.16801E+05
    0.30569E-02    0.17077E+05
    0.31187E-02    0.17356E+05
    0.31817E-02    0.17638E+05
    0.32460E-02    0.17923E+05
    0.33115E-02    0.18211E+05
    0.33784E-02    0.18503E+05
    0.34467E-02    0.18797E+05
    0.35163E-02    0.19094E+05
    0.35874E-02    0.19394E+05
    0.36598E-02    0.19697E+05
    0.37338E-02    0.20002E+05
    0.38092E-02    0.20310E+05
    0.38861E-02    0.20621E+05
    0.39646E-02    0.20935E+05
    0.40447E-02    0.21250E+05
    0.41264E-02    0.21569E+05
    0.42098E-02    0.21889E+05
    0.42948E-02    0.22211E+05
    0.43816E-02    0.22536E+05
    0.44701E-02    0.22863E+05
    0.45604E-02    0.23191E+05
    0.46525E-02    0.23521E+05
    0.47465E-02    0.23853E+05
    0.48424E-02    0.24187E+05
    0.49402E-02    0.24521E+05
    0.50400E-02    0.24857E+05
    0.51419E-02    0.25194E+05
    0.52457E-02    0.25532E+05
    0.53517E-02    0.25870E+05
    0.54598E-02    0.26210E+05
    0.55701E-02    0.26549E+05
    0.56826E-02    0.26889E+05
    0.57974E-02    0.27229E+05
    0.59145E-02    0.27568E+05
    0.60340E-02    0.27908E+05
    0.61559E-02    0.28246E+05
    0.62803E-02    0.28584E+05
    0.64072E-02    0.28921E+05
    0.65366E-02    0.29257E+05
    0.66686E-02    0.29591E+05
    0.68033E-02    0.29923E+05
    0.69408E-02    0.30254E+05
    0.70810E-02    0.30582E+05
    0.72240E-02    0.30907E+05
    0.73700E-02    0.31230E+05
    0.75189E-02    0.31550E+05
    0.76708E-02    0.31866E+05
    0.78257E-02    0.32178E+05
    0.79838E-02    0.32487E+05
    0.81451E-02    0.32790E+05
    0.83096E-02    0.33089E+05
    0.84775E-02    0.33383E+05
    0.86488E-02    0.33672E+05
    0.88235E-02    0.33954E+05
    0.90017E-02    0.34231E+05
    0.91836E-02    0.34500E+05
    0.93691E-02    0.34762E+05
    0.95583E-02    0.35017E+05
    0.97514E-02    0.35264E+05
    0.99484E-02    0.35503E+05
    0.10149E-01    0.35733E+05
    0.10354E-01    0.35953E+05
    0.10564E-01    0.36164E+05
    0.10777E-01    0.36365E+05
    0.10995E-01    0.36554E+05
    0.11217E-01    0.36733E+05
    0.11443E-01    0.36900E+05
    0.11675E-01    0.37055E+05
    0.11910E-01    0.37198E+05
    0.12151E-01    0.37328E+05
    0.12397E-01    0.37445E+05
    0.12647E-01    0.37548E+05
    0.12902E-01    0.37638E+05
    0.13163E-01    0.37712E+05
    0.13429E-01    0.37770E+05
    0.13700E-01    0.37810E+05
    0.13977E-01    0.37834E+05
    0.14259E-01    0.37840E+05
    0.14547E-01    0.37830E+05
    0.14841E-01    0.37807E+05
    0.15141E-01    0.37770E+05
    0.15447E-01    0.37722E+05
    0.15759E-01    0.37661E+05
    0.16077E-01    0.37583E+05
    0.16402E-01    0.37487E+05
    0.16734E-01    0.37370E+05
    0.17072E-01    0.37230E+05
    0.17416E-01    0.37068E+05
    0.17768E-01    0.36884E+05
    0.18127E-01    0.36681E+05
    0.18493E-01    0.36460E+05
    0.18867E-01    0.36223E+05
    0.19248E-01    0.35967E+05
    0.19637E-01    0.35693E+05
    0.20034E-01    0.35398E+05
    0.20438E-01    0.35081E+05
    0.20851E-01    0.34742E+05
    0.21272E-01    0.34381E+05
    0.21702E-01    0.34001E+05
    0.22141E-01    0.33605E+05
    0.22588E-01    0.33194E+05
    0.23044E-01    0.32770E+05
    0.23510E-01    0.32334E+05
    0.23985E-01    0.31887E+05
    0.24469E-01    0.31429E+05
    0.24964E-01    0.30960E+05
    0.25468E-01    0.30480E+05
    0.25982E-01    0.29991E+05
    0.26507E-01    0.29491E+05
    0.27043E-01    0.28982E+05
    0.27589E-01    0.28463E+05
    0.28146E-01    0.27935E+05
    0.28715E-01    0.27399E+05
    0.29295E-01    0.26857E+05
    0.29887E-01    0.26310E+05
    0.30490E-01    0.25761E+05
    0.31106E-01    0.25209E+05
    0.31735E-01    0.24658E+05
    0.32376E-01    0.24107E+05
    0.33030E-01    0.23560E+05
    0.33697E-01    0.23016E+05
    0.34378E-01    0.22477E+05
    0.35072E-01    0.21945E+05
    0.35781E-01    0.21422E+05
    0.36504E-01    0.20911E+05
    0.37241E-01    0.20412E+05
    0.37993E-01    0.19928E+05
    0.38761E-01    0.19457E+05
    0.39544E-01    0.19000E+05
    0.40343E-01    0.18555E+05
    0.41158E-01    0.18122E+05
    0.41989E-01    0.17700E+05
    0.42838E-01    0.17291E+05
    0.43703E-01    0.16897E+05
    0.44586E-01    0.16519E+05
    0.45486E-01    0.16159E+05
    0.46405E-01    0.15819E+05
    0.47343E-01    0.15496E+05
    0.48299E-01    0.15190E+05
    0.49275E-01    0.14899E+05
    0.50270E-01    0.14622E+05
    0.51286E-01    0.14358E+05
    0.52322E-01    0.14105E+05
    0.53379E-01    0.13861E+05
    0.54457E-01    0.13626E+05
    0.55557E-01    0.13398E+05
    0.56680E-01    0.13176E+05
    0.57825E-01    0.12958E+05
    0.58993E-01    0.12743E+05
    0.60184E-01    0.12529E+05
    0.61400E-01    0.12314E+05
    0.62641E-01    0.12095E+05
    0.63906E-01    0.11871E+05
    0.65197E-01    0.11637E+05
    0.66514E-01    0.11394E+05
    0.67858E-01    0.11138E+05
    0.69229E-01    0.10873E+05
    0.70627E-01    0.10598E+05
    0.72054E-01    0.10314E+05
    0.73510E-01    0.10019E+05
    0.74994E-01    0.97092E+04
    0.76509E-01    0.93867E+04
    0.78055E-01    0.90559E+04
    0.79632E-01    0.87210E+04
    0.81241E-01    0.83851E+04
    0.82882E-01    0.80505E+04
    0.84556E-01    0.77198E+04
    0.86264E-01    0.73960E+04
    0.88007E-01    0.70819E+04
    0.89785E-01    0.67805E+04
    0.91598E-01    0.64943E+04
    0.93449E-01    0.62256E+04
    0.95337E-01    0.59763E+04
    0.97263E-01    0.57483E+04
    0.99227E-01    0.55427E+04
    0.10123E+00    0.53595E+04
    0.10328E+00    0.51983E+04
    0.10536E+00    0.50574E+04
    0.10749E+00    0.49341E+04
    0.10966E+00    0.48254E+04
    0.11188E+00    0.47272E+04
    0.11414E+00    0.46357E+04
    0.11644E+00    0.45466E+04
    0.11880E+00    0.44560E+04
    0.12120E+00    0.43604E+04
    0.12365E+00    0.42568E+04
    0.12614E+00    0.41431E+04
    0.12869E+00    0.40179E+04
    0.13129E+00    0.38812E+04
    0.13394E+00    0.37338E+04
    0.13665E+00    0.35776E+04
    0.13941E+00    0.34158E+04
    0.14223E+00    0.32518E+04
    0.14510E+00    0.30897E+04
    0.14803E+00    0.29338E+04
    0.15102E+00    0.27882E+04
    0.15407E+00    0.26564E+04
    0.15718E+00    0.25405E+04
    0.16036E+00    0.24412E+04
    0.16360E+00    0.23577E+04
    0.16690E+00    0.22876E+04
    0.17028E+00    0.22279E+04
    0.17371E+00    0.21749E+04
    0.17722E+00    0.21249E+04
    0.18080E+00    0.20741E+04
    0.18446E+00    0.20189E+04
    0.18818E+00    0.19563E+04
    0.19198E+00    0.18852E+04
    0.19586E+00    0.18065E+04
    0.19982E+00    0.17227E+04
    0.20386E+00    0.16375E+04
    0.20797E+00    0.15542E+04
    0.21218E+00    0.14760E+04
    0.21646E+00    0.14056E+04
    0.22083E+00    0.13445E+04
    0.22530E+00    0.12932E+04
    0.22985E+00    0.12501E+04
    0.23449E+00    0.12126E+04
    0.23923E+00    0.11778E+04
    0.24406E+00    0.11426E+04
    0.24899E+00    0.11046E+04
    0.25402E+00    0.10626E+04
    0.25915E+00    0.10169E+04
    0.26439E+00    0.96922E+03
    0.26973E+00    0.92197E+03
    0.27518E+00    0.87743E+03
    0.28074E+00    0.83730E+03
    0.28641E+00    0.80234E+03
    0.29219E+00    0.77212E+03
    0.29810E+00    0.74517E+03
    0.30412E+00    0.71954E+03
    0.31026E+00    0.69350E+03
    0.31653E+00    0.66607E+03
    0.32292E+00    0.63726E+03
    0.32945E+00    0.60801E+03
    0.33610E+00    0.57966E+03
    0.34289E+00    0.55343E+03
    0.34982E+00    0.52985E+03
    0.35689E+00    0.50865E+03
    0.36409E+00    0.48902E+03
    0.37145E+00    0.47000E+03
    0.37895E+00    0.45081E+03
    0.38661E+00    0.43130E+03
    0.39442E+00    0.41194E+03
    0.40239E+00    0.39340E+03
    0.41052E+00    0.37611E+03
    0.41881E+00    0.36020E+03
    0.42727E+00    0.34536E+03
    0.43590E+00    0.33104E+03
    0.44471E+00    0.31697E+03
    0.45369E+00    0.30307E+03
    0.46286E+00    0.28956E+03
    0.47221E+00    0.27677E+03
    0.48174E+00    0.26475E+03
    0.49148E+00    0.25340E+03
    0.50141E+00    0.24252E+03
    0.51153E+00    0.23194E+03
    0.52187E+00    0.22168E+03
    0.53241E+00    0.21183E+03
    0.54317E+00    0.20248E+03
    0.55414E+00    0.19360E+03
    0.56533E+00    0.18511E+03
    0.57675E+00    0.17693E+03
    0.58840E+00    0.16905E+03
    0.60029E+00    0.16151E+03
    0.61242E+00    0.15432E+03
    0.62479E+00    0.14745E+03
    0.63741E+00    0.14087E+03
    0.65029E+00    0.13457E+03
    0.66342E+00    0.12853E+03
    0.67683E+00    0.12276E+03
    0.69050E+00    0.11724E+03
    0.70445E+00    0.11196E+03
    0.71868E+00    0.10691E+03
    0.73320E+00    0.10208E+03
    0.74801E+00    0.97469E+02
    0.76312E+00    0.93057E+02
    0.77854E+00    0.88835E+02
    0.79426E+00    0.84798E+02
    0.81031E+00    0.80936E+02
    0.82668E+00    0.77244E+02
    0.84338E+00    0.73715E+02
    0.86041E+00    0.70341E+02
    0.87780E+00    0.67117E+02
    0.89553E+00    0.64037E+02
    0.91362E+00    0.61094E+02
    0.93208E+00    0.58283E+02
    0.95091E+00    0.55597E+02
    0.97011E+00    0.53033E+02
    0.98971E+00    0.50583E+02
    0.10097E+01    0.48244E+02
    0.10301E+01    0.46010E+02
    0.10509E+01    0.43877E+02
    0.10721E+01    0.41840E+02
    0.10938E+01    0.39895E+02
    0.11159E+01    0.38039E+02
    0.11384E+01    0.36267E+02
    0.11614E+01    0.34575E+02
    0.11849E+01    0.32961E+02
    0.12088E+01    0.31420E+02
    0.12333E+01    0.29949E+02
    0.12582E+01    0.28546E+02
    0.12836E+01    0.27206E+02
    0.13095E+01    0.25929E+02
    0.13360E+01    0.24709E+02
    0.13630E+01    0.23546E+02
    0.13905E+01    0.22436E+02
    0.14186E+01    0.21377E+02
    0.14472E+01    0.20367E+02
    0.14765E+01    0.19404E+02
    0.15063E+01    0.18485E+02
    0.15367E+01    0.17608E+02
    0.15678E+01    0.16772E+02
    0.15994E+01    0.15974E+02
    0.16318E+01    0.15213E+02
    0.16647E+01    0.14488E+02
    0.16984E+01    0.13796E+02
    0.17327E+01    0.13137E+02
    0.17677E+01    0.12508E+02
    0.18034E+01    0.11908E+02
    0.18398E+01    0.11337E+02
    0.18770E+01    0.10792E+02
    0.19149E+01    0.10273E+02
    0.19536E+01    0.97785E+01
    0.19930E+01    0.93073E+01
    0.20333E+01    0.88584E+01
    0.20744E+01    0.84309E+01
    0.21163E+01    0.80237E+01
    0.21590E+01    0.76360E+01
    0.22026E+01    0.72668E+01
    0.22471E+01    0.69154E+01
    0.22925E+01    0.65808E+01
    0.23388E+01    0.62623E+01
    0.23861E+01    0.59592E+01
    0.24343E+01    0.56707E+01
