#          k/h    CDM            baryon         photon         nu             mass_nu        total          no_nu          total_de       Weyl           v_CDM          v_b            v_b-v_c     
   0.102076E-04   0.170926E+08   0.170926E+08   0.227773E+08   0.227769E+08   0.170927E+08   0.170926E+08   0.170926E+08   0.170983E+08  -0.376691E+00   0.717807E+07   0.717807E+07   0.568185E+01
   0.112819E-04   0.170926E+08   0.170926E+08   0.227745E+08   0.227740E+08   0.170927E+08   0.170926E+08   0.170926E+08   0.170983E+08  -0.376691E+00   0.717807E+07   0.717807E+07   0.627965E+01
   0.124693E-04   0.170926E+08   0.170926E+08   0.227710E+08   0.227704E+08   0.170927E+08   0.170926E+08   0.170926E+08   0.170983E+08  -0.376691E+00   0.717806E+07   0.717806E+07   0.694029E+01
   0.137816E-04   0.170926E+08   0.170926E+08   0.227668E+08   0.227661E+08   0.170927E+08   0.170926E+08   0.170926E+08   0.170983E+08  -0.376690E+00   0.717806E+07   0.717806E+07   0.767038E+01
   0.152321E-04   0.170926E+08   0.170926E+08   0.227616E+08   0.227608E+08   0.170927E+08   0.170926E+08   0.170926E+08   0.170983E+08  -0.376690E+00   0.717806E+07   0.717806E+07   0.847718E+01
   0.168352E-04   0.170926E+08   0.170926E+08   0.227553E+08   0.227542E+08   0.170926E+08   0.170926E+08   0.170926E+08   0.170982E+08  -0.376690E+00   0.717805E+07   0.717805E+07   0.936872E+01
   0.186070E-04   0.170925E+08   0.170925E+08   0.227476E+08   0.227463E+08   0.170926E+08   0.170926E+08   0.170925E+08   0.170982E+08  -0.376690E+00   0.717805E+07   0.717805E+07   0.103539E+02
   0.205653E-04   0.170925E+08   0.170925E+08   0.227382E+08   0.227366E+08   0.170926E+08   0.170925E+08   0.170925E+08   0.170982E+08  -0.376689E+00   0.717804E+07   0.717804E+07   0.114424E+02
   0.227297E-04   0.170925E+08   0.170925E+08   0.227267E+08   0.227247E+08   0.170926E+08   0.170925E+08   0.170925E+08   0.170982E+08  -0.376689E+00   0.717804E+07   0.717804E+07   0.126451E+02
   0.251219E-04   0.170925E+08   0.170925E+08   0.227126E+08   0.227103E+08   0.170926E+08   0.170925E+08   0.170925E+08   0.170982E+08  -0.376688E+00   0.717803E+07   0.717803E+07   0.139738E+02
   0.277659E-04   0.170925E+08   0.170925E+08   0.226955E+08   0.226926E+08   0.170926E+08   0.170925E+08   0.170925E+08   0.170981E+08  -0.376687E+00   0.717802E+07   0.717801E+07   0.154416E+02
   0.306881E-04   0.170924E+08   0.170924E+08   0.226745E+08   0.226710E+08   0.170925E+08   0.170924E+08   0.170924E+08   0.170981E+08  -0.376686E+00   0.717800E+07   0.717800E+07   0.170629E+02
   0.339179E-04   0.170924E+08   0.170924E+08   0.226490E+08   0.226447E+08   0.170925E+08   0.170924E+08   0.170924E+08   0.170981E+08  -0.376685E+00   0.717798E+07   0.717798E+07   0.188535E+02
   0.374876E-04   0.170924E+08   0.170923E+08   0.226178E+08   0.226126E+08   0.170924E+08   0.170924E+08   0.170923E+08   0.170980E+08  -0.376684E+00   0.717796E+07   0.717796E+07   0.208307E+02
   0.414330E-04   0.170923E+08   0.170923E+08   0.225798E+08   0.225734E+08   0.170924E+08   0.170923E+08   0.170923E+08   0.170979E+08  -0.376682E+00   0.717794E+07   0.717794E+07   0.230135E+02
   0.457936E-04   0.170922E+08   0.170922E+08   0.225334E+08   0.225257E+08   0.170923E+08   0.170922E+08   0.170922E+08   0.170979E+08  -0.376680E+00   0.717791E+07   0.717791E+07   0.254227E+02
   0.506132E-04   0.170921E+08   0.170921E+08   0.224769E+08   0.224674E+08   0.170922E+08   0.170921E+08   0.170921E+08   0.170978E+08  -0.376678E+00   0.717787E+07   0.717787E+07   0.280810E+02
   0.559400E-04   0.170920E+08   0.170920E+08   0.224080E+08   0.223964E+08   0.170921E+08   0.170920E+08   0.170920E+08   0.170976E+08  -0.376675E+00   0.717783E+07   0.717782E+07   0.310131E+02
   0.618274E-04   0.170919E+08   0.170919E+08   0.223241E+08   0.223100E+08   0.170920E+08   0.170919E+08   0.170919E+08   0.170975E+08  -0.376671E+00   0.717777E+07   0.717777E+07   0.342456E+02
   0.683345E-04   0.170917E+08   0.170917E+08   0.222219E+08   0.222048E+08   0.170918E+08   0.170917E+08   0.170917E+08   0.170973E+08  -0.376666E+00   0.717771E+07   0.717770E+07   0.378074E+02
   0.755264E-04   0.170916E+08   0.170915E+08   0.220977E+08   0.220769E+08   0.170916E+08   0.170916E+08   0.170915E+08   0.170971E+08  -0.376661E+00   0.717763E+07   0.717762E+07   0.417292E+02
   0.834752E-04   0.170913E+08   0.170913E+08   0.219468E+08   0.219215E+08   0.170914E+08   0.170913E+08   0.170913E+08   0.170968E+08  -0.376654E+00   0.717753E+07   0.717751E+07   0.460440E+02
   0.922605E-04   0.170910E+08   0.170910E+08   0.217636E+08   0.217329E+08   0.170911E+08   0.170910E+08   0.170910E+08   0.170965E+08  -0.376646E+00   0.717740E+07   0.717739E+07   0.507861E+02
   0.101971E-03   0.170907E+08   0.170906E+08   0.215417E+08   0.215044E+08   0.170907E+08   0.170907E+08   0.170907E+08   0.170961E+08  -0.376636E+00   0.717726E+07   0.717724E+07   0.559915E+02
   0.112702E-03   0.170903E+08   0.170902E+08   0.212733E+08   0.212282E+08   0.170903E+08   0.170902E+08   0.170902E+08   0.170956E+08  -0.376624E+00   0.717707E+07   0.717705E+07   0.616966E+02
   0.124564E-03   0.170897E+08   0.170896E+08   0.209494E+08   0.208948E+08   0.170898E+08   0.170897E+08   0.170897E+08   0.170950E+08  -0.376609E+00   0.717685E+07   0.717683E+07   0.679376E+02
   0.137674E-03   0.170891E+08   0.170890E+08   0.205595E+08   0.204938E+08   0.170891E+08   0.170891E+08   0.170891E+08   0.170942E+08  -0.376591E+00   0.717658E+07   0.717655E+07   0.747491E+02
   0.152163E-03   0.170883E+08   0.170882E+08   0.200919E+08   0.200128E+08   0.170884E+08   0.170883E+08   0.170883E+08   0.170933E+08  -0.376569E+00   0.717625E+07   0.717622E+07   0.821623E+02
   0.168178E-03   0.170874E+08   0.170872E+08   0.195331E+08   0.194385E+08   0.170874E+08   0.170874E+08   0.170874E+08   0.170922E+08  -0.376542E+00   0.717585E+07   0.717581E+07   0.902022E+02
   0.185878E-03   0.170862E+08   0.170860E+08   0.188690E+08   0.187562E+08   0.170862E+08   0.170862E+08   0.170862E+08   0.170909E+08  -0.376510E+00   0.717536E+07   0.717531E+07   0.988845E+02
   0.205440E-03   0.170848E+08   0.170846E+08   0.180844E+08   0.179507E+08   0.170848E+08   0.170848E+08   0.170848E+08   0.170893E+08  -0.376471E+00   0.717476E+07   0.717470E+07   0.108211E+03
   0.227062E-03   0.170831E+08   0.170828E+08   0.171646E+08   0.170071E+08   0.170831E+08   0.170831E+08   0.170831E+08   0.170874E+08  -0.376423E+00   0.717404E+07   0.717396E+07   0.118164E+03
   0.250959E-03   0.170811E+08   0.170807E+08   0.160962E+08   0.159124E+08   0.170810E+08   0.170810E+08   0.170810E+08   0.170850E+08  -0.376366E+00   0.717315E+07   0.717306E+07   0.128699E+03
   0.277372E-03   0.170785E+08   0.170781E+08   0.148699E+08   0.146574E+08   0.170784E+08   0.170785E+08   0.170785E+08   0.170822E+08  -0.376297E+00   0.717208E+07   0.717196E+07   0.139738E+03
   0.306564E-03   0.170755E+08   0.170750E+08   0.134824E+08   0.132399E+08   0.170753E+08   0.170754E+08   0.170754E+08   0.170787E+08  -0.376214E+00   0.717077E+07   0.717063E+07   0.151159E+03
   0.338828E-03   0.170718E+08   0.170712E+08   0.119409E+08   0.116684E+08   0.170716E+08   0.170717E+08   0.170717E+08   0.170746E+08  -0.376115E+00   0.716919E+07   0.716902E+07   0.162784E+03
   0.374488E-03   0.170673E+08   0.170666E+08   0.102668E+08   0.996648E+07   0.170671E+08   0.170672E+08   0.170672E+08   0.170697E+08  -0.375997E+00   0.716727E+07   0.716707E+07   0.174377E+03
   0.413901E-03   0.170619E+08   0.170610E+08   0.850047E+07   0.817738E+07   0.170616E+08   0.170618E+08   0.170618E+08   0.170639E+08  -0.375857E+00   0.716495E+07   0.716472E+07   0.185628E+03
   0.457462E-03   0.170555E+08   0.170544E+08   0.670441E+07   0.636711E+07   0.170550E+08   0.170553E+08   0.170553E+08   0.170569E+08  -0.375690E+00   0.716215E+07   0.716188E+07   0.196161E+03
   0.505608E-03   0.170477E+08   0.170464E+08   0.496356E+07   0.462446E+07   0.170471E+08   0.170474E+08   0.170475E+08   0.170486E+08  -0.375495E+00   0.715879E+07   0.715848E+07   0.205537E+03
   0.558821E-03   0.170383E+08   0.170369E+08   0.337992E+07   0.305472E+07   0.170376E+08   0.170381E+08   0.170381E+08   0.170389E+08  -0.375265E+00   0.715476E+07   0.715440E+07   0.213279E+03
   0.617635E-03   0.170272E+08   0.170255E+08   0.205843E+07   0.176450E+07   0.170263E+08   0.170269E+08   0.170269E+08   0.170274E+08  -0.374997E+00   0.714996E+07   0.714955E+07   0.218907E+03
   0.682638E-03   0.170140E+08   0.170120E+08   0.108311E+07   0.836189E+06   0.170129E+08   0.170136E+08   0.170137E+08   0.170139E+08  -0.374685E+00   0.714425E+07   0.714380E+07   0.221993E+03
   0.754482E-03   0.169984E+08   0.169961E+08   0.486328E+06   0.295971E+06   0.169970E+08   0.169979E+08   0.169980E+08   0.169980E+08  -0.374324E+00   0.713751E+07   0.713701E+07   0.222224E+03
   0.833888E-03   0.169800E+08   0.169774E+08   0.222645E+06   0.875910E+05   0.169783E+08   0.169794E+08   0.169795E+08   0.169795E+08  -0.373904E+00   0.712959E+07   0.712904E+07   0.219453E+03
   0.921651E-03   0.169583E+08   0.169555E+08   0.166816E+06   0.728436E+05   0.169562E+08   0.169577E+08   0.169579E+08   0.169578E+08  -0.373418E+00   0.712033E+07   0.711974E+07   0.213725E+03
   0.101865E-02   0.169331E+08   0.169300E+08   0.156004E+06   0.793283E+05   0.169305E+08   0.169324E+08   0.169325E+08   0.169324E+08  -0.372854E+00   0.710955E+07   0.710893E+07   0.205259E+03
   0.112586E-02   0.169037E+08   0.169003E+08   0.739438E+05  -0.878655E+04   0.169005E+08   0.169029E+08   0.169031E+08   0.169029E+08  -0.372200E+00   0.709706E+07   0.709640E+07   0.194384E+03
   0.124435E-02   0.168695E+08   0.168659E+08  -0.733231E+05  -0.172682E+06   0.168656E+08   0.168687E+08   0.168689E+08   0.168687E+08  -0.371443E+00   0.708260E+07   0.708192E+07   0.181484E+03
   0.137531E-02   0.168300E+08   0.168263E+08  -0.176919E+06  -0.285658E+06   0.168252E+08   0.168291E+08   0.168294E+08   0.168291E+08  -0.370568E+00   0.706591E+07   0.706522E+07   0.167006E+03
   0.152006E-02   0.167845E+08   0.167806E+08  -0.166276E+06  -0.268382E+06   0.167786E+08   0.167835E+08   0.167838E+08   0.167834E+08  -0.369560E+00   0.704668E+07   0.704599E+07   0.151536E+03
   0.168004E-02   0.167321E+08   0.167282E+08  -0.120698E+06  -0.698461E+06   0.167249E+08   0.167310E+08   0.167314E+08   0.167309E+08  -0.368401E+00   0.702459E+07   0.702391E+07   0.135844E+03
   0.185685E-02   0.166720E+08   0.166681E+08  -0.145155E+06  -0.569706E+06   0.166632E+08   0.166707E+08   0.166713E+08   0.166707E+08  -0.367074E+00   0.699926E+07   0.699859E+07   0.120760E+03
   0.205228E-02   0.166032E+08   0.165993E+08  -0.173081E+06  -0.464439E+06   0.165925E+08   0.166018E+08   0.166025E+08   0.166018E+08  -0.365556E+00   0.697030E+07   0.696964E+07   0.106971E+03
   0.226827E-02   0.165247E+08   0.165208E+08  -0.127070E+06  -0.378394E+06   0.165117E+08   0.165232E+08   0.165241E+08   0.165232E+08  -0.363824E+00   0.693726E+07   0.693661E+07   0.949446E+02
   0.250700E-02   0.164354E+08   0.164314E+08  -0.111730E+06  -0.308081E+06   0.164196E+08   0.164337E+08   0.164347E+08   0.164336E+08  -0.361852E+00   0.689965E+07   0.689902E+07   0.848932E+02
   0.277085E-02   0.163340E+08   0.163299E+08  -0.111972E+06  -0.250640E+06   0.163148E+08   0.163320E+08   0.163333E+08   0.163320E+08  -0.359613E+00   0.685697E+07   0.685633E+07   0.766074E+02
   0.306246E-02   0.162192E+08   0.162149E+08  -0.835600E+05  -0.203733E+06   0.161959E+08   0.162169E+08   0.162185E+08   0.162169E+08  -0.357078E+00   0.680865E+07   0.680801E+07   0.695414E+02
   0.338478E-02   0.160896E+08   0.160850E+08  -0.838154E+05  -0.165444E+06   0.160614E+08   0.160869E+08   0.160888E+08   0.160869E+08  -0.354216E+00   0.675409E+07   0.675344E+07   0.630991E+02
   0.374101E-02   0.159437E+08   0.159388E+08  -0.674899E+05  -0.134204E+06   0.159097E+08   0.159406E+08   0.159428E+08   0.159405E+08  -0.350993E+00   0.669265E+07   0.669201E+07   0.569045E+02
   0.413473E-02   0.157798E+08   0.157746E+08  -0.573401E+05  -0.108730E+06   0.157388E+08   0.157762E+08   0.157789E+08   0.157761E+08  -0.347373E+00   0.662366E+07   0.662303E+07   0.510188E+02
   0.456989E-02   0.155963E+08   0.155908E+08  -0.473098E+05  -0.879709E+05   0.155470E+08   0.155920E+08   0.155954E+08   0.155920E+08  -0.343319E+00   0.654639E+07   0.654576E+07   0.457368E+02
   0.505085E-02   0.153913E+08   0.153853E+08  -0.359603E+05  -0.710658E+05   0.153323E+08   0.153863E+08   0.153903E+08   0.153863E+08  -0.338789E+00   0.646007E+07   0.645944E+07   0.411876E+02
   0.558243E-02   0.151630E+08   0.151564E+08  -0.298353E+05  -0.573106E+05   0.150926E+08   0.151571E+08   0.151619E+08   0.151571E+08  -0.333743E+00   0.636391E+07   0.636329E+07   0.371623E+02
   0.616996E-02   0.149095E+08   0.149022E+08  -0.246650E+05  -0.461288E+05   0.148258E+08   0.149025E+08   0.149082E+08   0.149025E+08  -0.328138E+00   0.625709E+07   0.625647E+07   0.334223E+02
   0.681932E-02   0.146286E+08   0.146205E+08  -0.210071E+05  -0.370485E+05   0.145297E+08   0.146205E+08   0.146273E+08   0.146205E+08  -0.321928E+00   0.613878E+07   0.613816E+07   0.300228E+02
   0.753702E-02   0.143186E+08   0.143094E+08  -0.174408E+05  -0.296838E+05   0.142022E+08   0.143091E+08   0.143170E+08   0.143091E+08  -0.315071E+00   0.600812E+07   0.600751E+07   0.270471E+02
   0.833025E-02   0.139773E+08   0.139670E+08  -0.129450E+05  -0.237187E+05   0.138413E+08   0.139663E+08   0.139755E+08   0.139662E+08  -0.307523E+00   0.586430E+07   0.586369E+07   0.243667E+02
   0.920698E-02   0.136029E+08   0.135912E+08  -0.126720E+05  -0.188948E+05   0.134451E+08   0.135902E+08   0.136010E+08   0.135902E+08  -0.299243E+00   0.570655E+07   0.570594E+07   0.219513E+02
   0.101760E-01   0.131939E+08   0.131805E+08  -0.931254E+04  -0.150010E+05   0.130122E+08   0.131793E+08   0.131917E+08   0.131793E+08  -0.290196E+00   0.553417E+07   0.553357E+07   0.198152E+02
   0.112469E-01   0.127489E+08   0.127335E+08  -0.785371E+04  -0.118644E+05   0.125414E+08   0.127321E+08   0.127463E+08   0.127321E+08  -0.280351E+00   0.534662E+07   0.534601E+07   0.178985E+02
   0.124306E-01   0.122669E+08   0.122493E+08  -0.638658E+04  -0.934398E+04   0.120320E+08   0.122479E+08   0.122640E+08   0.122479E+08  -0.269691E+00   0.514352E+07   0.514291E+07   0.161990E+02
   0.137389E-01   0.117478E+08   0.117276E+08  -0.509977E+04  -0.732427E+04   0.114842E+08   0.117264E+08   0.117444E+08   0.117264E+08  -0.258208E+00   0.492475E+07   0.492415E+07   0.146824E+02
   0.151849E-01   0.111919E+08   0.111687E+08  -0.372049E+04  -0.571104E+04   0.108988E+08   0.111680E+08   0.111880E+08   0.111680E+08  -0.245913E+00   0.469054E+07   0.468993E+07   0.133317E+02
   0.167830E-01   0.106112E+08   0.105848E+08  -0.310997E+04  -0.443170E+04   0.102881E+08   0.105847E+08   0.106068E+08   0.105847E+08  -0.233072E+00   0.444590E+07   0.444529E+07   0.121304E+02
   0.185493E-01   0.998870E+07   0.995877E+07  -0.236398E+04  -0.341426E+04   0.963619E+07   0.995965E+07   0.998368E+07   0.995965E+07  -0.219309E+00   0.418371E+07   0.418309E+07   0.110383E+02
   0.205016E-01   0.933767E+07   0.930400E+07  -0.168445E+04  -0.261214E+04   0.895702E+07   0.930608E+07   0.933201E+07   0.930608E+07  -0.204920E+00   0.390956E+07   0.390895E+07   0.100390E+02
   0.226592E-01   0.865673E+07   0.861931E+07  -0.133803E+04  -0.198184E+04   0.825062E+07   0.862280E+07   0.865045E+07   0.862280E+07  -0.189876E+00   0.362294E+07   0.362232E+07   0.910396E+01
   0.250440E-01   0.796858E+07   0.792762E+07  -0.100723E+04  -0.149294E+04   0.754000E+07   0.793254E+07   0.796170E+07   0.793254E+07  -0.174678E+00   0.333338E+07   0.333277E+07   0.821599E+01
   0.276798E-01   0.728252E+07   0.723856E+07  -0.718380E+03  -0.111656E+04   0.683496E+07   0.724470E+07   0.727514E+07   0.724470E+07  -0.159534E+00   0.304483E+07   0.304422E+07   0.734897E+01
   0.305930E-01   0.660416E+07   0.655812E+07  -0.608049E+03  -0.828602E+03   0.614142E+07   0.656497E+07   0.659643E+07   0.656497E+07  -0.144568E+00   0.275967E+07   0.275907E+07   0.648089E+01
   0.338127E-01   0.595112E+07   0.590441E+07  -0.434412E+03  -0.611018E+03   0.547669E+07   0.591101E+07   0.594328E+07   0.591101E+07  -0.130170E+00   0.248530E+07   0.248473E+07   0.559965E+01
   0.373714E-01   0.534406E+07   0.529850E+07  -0.306894E+03  -0.449015E+03   0.486065E+07   0.530351E+07   0.533641E+07   0.530351E+07  -0.116794E+00   0.223041E+07   0.222989E+07   0.470555E+01
   0.413045E-01   0.480231E+07   0.476000E+07  -0.221991E+03  -0.330207E+03   0.430964E+07   0.476163E+07   0.479521E+07   0.476163E+07  -0.104863E+00   0.200307E+07   0.200260E+07   0.381435E+01
   0.454350E-01   0.434710E+07   0.430983E+07  -0.146976E+03  -0.246981E+03   0.384744E+07   0.430672E+07   0.434084E+07   0.430672E+07  -0.948473E-01   0.181224E+07   0.181183E+07   0.299324E+01
   0.495654E-01   0.399273E+07   0.396135E+07  -0.113445E+03  -0.190594E+03   0.348498E+07   0.395271E+07   0.398746E+07   0.395271E+07  -0.870533E-01   0.166378E+07   0.166344E+07   0.230511E+01
   0.536959E-01   0.370963E+07   0.368415E+07  -0.898241E+02  -0.150878E+03   0.319287E+07   0.366991E+07   0.370535E+07   0.366991E+07  -0.808270E-01   0.154521E+07   0.154493E+07   0.175668E+01
   0.578264E-01   0.347266E+07   0.345238E+07  -0.725164E+02  -0.121779E+03   0.294720E+07   0.343315E+07   0.346926E+07   0.343315E+07  -0.756146E-01   0.144597E+07   0.144574E+07   0.134543E+01
   0.619568E-01   0.326441E+07   0.324814E+07  -0.593925E+02  -0.997178E+02   0.273170E+07   0.322503E+07   0.326168E+07   0.322503E+07  -0.710327E-01   0.135873E+07   0.135854E+07   0.105991E+01
   0.660873E-01   0.306939E+07   0.305568E+07  -0.490891E+02  -0.823999E+02   0.253241E+07   0.303011E+07   0.306709E+07   0.303011E+07  -0.667413E-01   0.127701E+07   0.127684E+07   0.879801E+00
   0.702177E-01   0.287840E+07   0.286583E+07  -0.407823E+02  -0.684399E+02   0.234120E+07   0.283929E+07   0.287629E+07   0.283929E+07  -0.625399E-01   0.119697E+07   0.119681E+07   0.780261E+00
   0.743482E-01   0.269094E+07   0.267835E+07  -0.340095E+02  -0.570601E+02   0.215768E+07   0.265210E+07   0.268883E+07   0.265210E+07  -0.584184E-01   0.111841E+07   0.111825E+07   0.735502E+00
   0.784786E-01   0.250398E+07   0.249057E+07  -0.284033E+02  -0.476423E+02   0.197924E+07   0.246560E+07   0.250173E+07   0.246560E+07  -0.543118E-01   0.104009E+07   0.103992E+07   0.719957E+00
   0.826091E-01   0.232468E+07   0.231011E+07  -0.237980E+02  -0.399076E+02   0.181143E+07   0.228691E+07   0.232223E+07   0.228691E+07  -0.503771E-01   0.965020E+06   0.964843E+06   0.713678E+00
   0.867395E-01   0.215799E+07   0.214234E+07  -0.200373E+02  -0.335928E+02   0.165772E+07   0.212095E+07   0.215536E+07   0.212095E+07  -0.467225E-01   0.895270E+06   0.895088E+06   0.701821E+00
   0.918936E-01   0.197372E+07   0.195732E+07  -0.163283E+02  -0.273662E+02   0.148955E+07   0.193767E+07   0.197096E+07   0.193767E+07  -0.426865E-01   0.818227E+06   0.818043E+06   0.666695E+00
   0.970477E-01   0.182062E+07   0.180444E+07  -0.135054E+02  -0.226285E+02   0.135013E+07   0.178555E+07   0.181790E+07   0.178555E+07  -0.393367E-01   0.754279E+06   0.754103E+06   0.605735E+00
   0.102202E+00   0.170007E+07   0.168510E+07  -0.113733E+02  -0.190510E+02   0.123911E+07   0.166585E+07   0.169756E+07   0.166585E+07  -0.367009E-01   0.703979E+06   0.703818E+06   0.525363E+00
   0.107356E+00   0.160773E+07   0.159465E+07  -0.975027E+01  -0.163280E+02   0.115194E+07   0.157416E+07   0.160553E+07   0.157416E+07  -0.346819E-01   0.665477E+06   0.665336E+06   0.437532E+00
   0.112510E+00   0.153457E+07   0.152365E+07  -0.847621E+01  -0.141908E+02   0.108107E+07   0.150150E+07   0.153273E+07   0.150150E+07  -0.330820E-01   0.634988E+06   0.634868E+06   0.354939E+00
   0.117664E+00   0.147066E+07   0.146172E+07  -0.742968E+01  -0.124356E+02   0.101879E+07   0.143802E+07   0.146916E+07   0.143802E+07  -0.316843E-01   0.608359E+06   0.608258E+06   0.287483E+00
   0.122818E+00   0.140828E+07   0.140079E+07  -0.653189E+01  -0.109302E+02   0.959388E+06   0.137606E+07   0.140702E+07   0.137606E+07  -0.303202E-01   0.582356E+06   0.582267E+06   0.240292E+00
   0.127972E+00   0.134291E+07   0.133618E+07  -0.573848E+01  -0.960005E+01   0.899719E+06   0.131121E+07   0.134178E+07   0.131121E+07  -0.288922E-01   0.555105E+06   0.555023E+06   0.213339E+00
   0.133126E+00   0.127331E+07   0.126669E+07  -0.502878E+01  -0.841059E+01   0.839004E+06   0.124224E+07   0.127220E+07   0.124224E+07  -0.273732E-01   0.526088E+06   0.526008E+06   0.202451E+00
   0.138280E+00   0.120093E+07   0.119397E+07  -0.439648E+01  -0.735113E+01   0.778291E+06   0.117061E+07   0.119976E+07   0.117061E+07  -0.257957E-01   0.495925E+06   0.495842E+06   0.201151E+00
   0.143435E+00   0.112898E+07   0.112147E+07  -0.384170E+01  -0.642183E+01   0.719676E+06   0.109950E+07   0.112772E+07   0.109950E+07  -0.242293E-01   0.465957E+06   0.465870E+06   0.202676E+00
   0.148589E+00   0.106134E+07   0.105336E+07  -0.336561E+01  -0.562454E+01   0.665554E+06   0.103272E+07   0.106000E+07   0.103272E+07  -0.227584E-01   0.437803E+06   0.437713E+06   0.201638E+00
   0.153743E+00   0.100156E+07   0.993394E+06  -0.296701E+01  -0.495717E+01   0.617952E+06   0.973755E+06   0.100019E+07   0.973755E+06  -0.214596E-01   0.412941E+06   0.412852E+06   0.194976E+00
   0.158897E+00   0.951718E+06   0.943720E+06  -0.263987E+01  -0.440955E+01   0.577846E+06   0.924612E+06   0.950375E+06   0.924612E+06  -0.203772E-01   0.392227E+06   0.392140E+06   0.182116E+00
   0.164051E+00   0.911608E+06   0.904118E+06  -0.237278E+01  -0.396251E+01   0.544778E+06   0.885068E+06   0.910350E+06   0.885068E+06  -0.195062E-01   0.375571E+06   0.375490E+06   0.164495E+00
   0.169205E+00   0.879140E+06   0.872386E+06  -0.215160E+01  -0.359237E+01   0.517195E+06   0.853054E+06   0.878006E+06   0.853054E+06  -0.188011E-01   0.362097E+06   0.362024E+06   0.144732E+00
   0.174359E+00   0.851500E+06   0.845550E+06  -0.196318E+01  -0.327708E+01   0.493203E+06   0.825792E+06   0.850501E+06   0.825792E+06  -0.182008E-01   0.350632E+06   0.350566E+06   0.125708E+00
   0.179513E+00   0.825957E+06   0.820728E+06  -0.179705E+01  -0.299915E+01   0.471073E+06   0.800598E+06   0.825079E+06   0.800598E+06  -0.176459E-01   0.340036E+06   0.339977E+06   0.109758E+00
   0.184667E+00   0.800146E+06   0.795442E+06  -0.164553E+01  -0.274570E+01   0.449364E+06   0.775152E+06   0.799356E+06   0.775152E+06  -0.170855E-01   0.329326E+06   0.329272E+06   0.981702E-01
   0.189821E+00   0.772477E+06   0.768054E+06  -0.150388E+01  -0.250882E+01   0.427232E+06   0.747910E+06   0.771734E+06   0.747910E+06  -0.164855E-01   0.317845E+06   0.317793E+06   0.910615E-01
   0.194975E+00   0.742662E+06   0.738294E+06  -0.137067E+01  -0.228610E+01   0.404521E+06   0.718595E+06   0.741929E+06   0.718595E+06  -0.158397E-01   0.305475E+06   0.305423E+06   0.875859E-01
   0.200130E+00   0.711650E+06   0.707181E+06  -0.124685E+01  -0.207914E+01   0.381783E+06   0.688139E+06   0.710900E+06   0.688139E+06  -0.151688E-01   0.292611E+06   0.292559E+06   0.863299E-01
   0.205284E+00   0.680909E+06   0.676277E+06  -0.113399E+01  -0.189055E+01   0.359813E+06   0.657979E+06   0.680131E+06   0.657979E+06  -0.145043E-01   0.279865E+06   0.279812E+06   0.857479E-01
   0.210438E+00   0.651823E+06   0.647058E+06  -0.103316E+01  -0.172210E+01   0.339314E+06   0.629466E+06   0.651023E+06   0.629466E+06  -0.138761E-01   0.267811E+06   0.267758E+06   0.845509E-01
   0.215592E+00   0.625485E+06   0.620687E+06  -0.944729E+00  -0.157438E+01   0.320794E+06   0.603664E+06   0.624680E+06   0.603664E+06  -0.133077E-01   0.256903E+06   0.256850E+06   0.819664E-01
   0.220746E+00   0.602568E+06   0.597864E+06  -0.868274E+00  -0.144669E+01   0.304518E+06   0.581220E+06   0.601778E+06   0.581220E+06  -0.128132E-01   0.247418E+06   0.247366E+06   0.778165E-01
   0.225900E+00   0.583102E+06   0.578613E+06  -0.802499E+00  -0.133685E+01   0.290410E+06   0.562159E+06   0.582349E+06   0.562159E+06  -0.123933E-01   0.239366E+06   0.239317E+06   0.724281E-01
   0.231054E+00   0.566463E+06   0.562270E+06  -0.745390E+00  -0.124149E+01   0.278070E+06   0.545863E+06   0.565759E+06   0.545863E+06  -0.120343E-01   0.232487E+06   0.232441E+06   0.664386E-01
   0.236208E+00   0.551656E+06   0.547785E+06  -0.694753E+00  -0.115695E+01   0.266941E+06   0.531361E+06   0.551006E+06   0.531361E+06  -0.117148E-01   0.226367E+06   0.226324E+06   0.605733E-01
   0.241362E+00   0.537664E+06   0.534087E+06  -0.648686E+00  -0.108005E+01   0.256486E+06   0.517660E+06   0.537063E+06   0.517660E+06  -0.114130E-01   0.220584E+06   0.220544E+06   0.554472E-01
   0.246516E+00   0.523647E+06   0.520297E+06  -0.605777E+00  -0.100843E+01   0.246280E+06   0.503942E+06   0.523084E+06   0.503942E+06  -0.111108E-01   0.214791E+06   0.214753E+06   0.514306E-01
   0.251670E+00   0.509080E+06   0.505870E+06  -0.565172E+00  -0.940674E+00   0.236072E+06   0.489698E+06   0.508541E+06   0.489698E+06  -0.107970E-01   0.208771E+06   0.208734E+06   0.486008E-01
   0.256825E+00   0.493849E+06   0.490699E+06  -0.526577E+00  -0.876287E+00   0.225814E+06   0.474820E+06   0.493320E+06   0.474820E+06  -0.104692E-01   0.202476E+06   0.202440E+06   0.467769E-01
   0.261979E+00   0.478238E+06   0.475090E+06  -0.490148E+00  -0.815524E+00   0.215640E+06   0.459586E+06   0.477710E+06   0.459586E+06  -0.101335E-01   0.196026E+06   0.195990E+06   0.456126E-01
   0.267133E+00   0.462747E+06   0.459575E+06  -0.456218E+00  -0.758942E+00   0.205774E+06   0.444480E+06   0.462215E+06   0.444480E+06  -0.980061E-02   0.189627E+06   0.189591E+06   0.447084E-01
   0.272287E+00   0.447891E+06   0.444700E+06  -0.425079E+00  -0.707022E+00   0.196437E+06   0.430002E+06   0.447355E+06   0.430002E+06  -0.948156E-02   0.183492E+06   0.183456E+06   0.437144E-01
   0.277441E+00   0.434077E+06   0.430900E+06  -0.396870E+00  -0.659996E+00   0.187787E+06   0.416548E+06   0.433544E+06   0.416548E+06  -0.918508E-02   0.177790E+06   0.177755E+06   0.424024E-01
   0.282595E+00   0.421551E+06   0.418430E+06  -0.371553E+00  -0.617797E+00   0.179905E+06   0.404352E+06   0.421027E+06   0.404352E+06  -0.891632E-02   0.172623E+06   0.172588E+06   0.406960E-01
   0.287749E+00   0.410345E+06   0.407322E+06  -0.348903E+00  -0.580047E+00   0.172776E+06   0.393443E+06   0.409837E+06   0.393443E+06  -0.867593E-02   0.168001E+06   0.167968E+06   0.386571E-01
   0.292903E+00   0.400277E+06   0.397382E+06  -0.328538E+00  -0.546109E+00   0.166297E+06   0.383643E+06   0.399791E+06   0.383643E+06  -0.846000E-02   0.163852E+06   0.163820E+06   0.364417E-01
   0.298057E+00   0.391022E+06   0.388266E+06  -0.310003E+00  -0.515225E+00   0.160307E+06   0.374636E+06   0.390559E+06   0.374636E+06  -0.826151E-02   0.160038E+06   0.160007E+06   0.342422E-01
   0.303211E+00   0.382212E+06   0.379589E+06  -0.292866E+00  -0.486674E+00   0.154640E+06   0.366064E+06   0.381772E+06   0.366064E+06  -0.807264E-02   0.156408E+06   0.156379E+06   0.322318E-01
   0.308365E+00   0.373538E+06   0.371026E+06  -0.276787E+00  -0.459889E+00   0.149160E+06   0.357628E+06   0.373116E+06   0.357628E+06  -0.788674E-02   0.152834E+06   0.152806E+06   0.305254E-01
   0.313520E+00   0.364801E+06   0.362370E+06  -0.261548E+00  -0.434508E+00   0.143782E+06   0.349136E+06   0.364393E+06   0.349136E+06  -0.769960E-02   0.149235E+06   0.149208E+06   0.291616E-01
   0.318674E+00   0.355941E+06   0.353562E+06  -0.247051E+00  -0.410366E+00   0.138480E+06   0.340530E+06   0.355541E+06   0.340530E+06  -0.750994E-02   0.145585E+06   0.145558E+06   0.281071E-01
   0.323828E+00   0.347019E+06   0.344669E+06  -0.233290E+00  -0.387456E+00   0.133277E+06   0.331870E+06   0.346624E+06   0.331870E+06  -0.731908E-02   0.141910E+06   0.141884E+06   0.272770E-01
   0.328982E+00   0.338182E+06   0.335848E+06  -0.220315E+00  -0.365857E+00   0.128226E+06   0.323297E+06   0.337790E+06   0.323297E+06  -0.713013E-02   0.138271E+06   0.138244E+06   0.265633E-01
   0.334136E+00   0.329608E+06   0.327291E+06  -0.208189E+00  -0.345673E+00   0.123391E+06   0.314985E+06   0.329219E+06   0.314985E+06  -0.694692E-02   0.134741E+06   0.134715E+06   0.258646E-01
   0.339290E+00   0.321460E+06   0.319167E+06  -0.196950E+00  -0.326970E+00   0.118825E+06   0.307088E+06   0.321075E+06   0.307088E+06  -0.677286E-02   0.131387E+06   0.131361E+06   0.251086E-01
   0.344444E+00   0.313834E+06   0.311579E+06  -0.186597E+00  -0.309742E+00   0.114555E+06   0.299700E+06   0.313456E+06   0.299700E+06  -0.661004E-02   0.128249E+06   0.128224E+06   0.242625E-01
   0.349598E+00   0.306749E+06   0.304545E+06  -0.177076E+00  -0.293900E+00   0.110578E+06   0.292838E+06   0.306379E+06   0.292838E+06  -0.645880E-02   0.125335E+06   0.125311E+06   0.233324E-01
   0.354752E+00   0.300149E+06   0.298008E+06  -0.168296E+00  -0.279294E+00   0.106864E+06   0.286447E+06   0.299789E+06   0.286447E+06  -0.631793E-02   0.122621E+06   0.122597E+06   0.223538E-01
   0.359906E+00   0.293933E+06   0.291860E+06  -0.160152E+00  -0.265747E+00   0.103369E+06   0.280431E+06   0.293585E+06   0.280431E+06  -0.618532E-02   0.120066E+06   0.120043E+06   0.213772E-01
   0.365060E+00   0.287988E+06   0.285981E+06  -0.152539E+00  -0.253085E+00   0.100045E+06   0.274677E+06   0.287651E+06   0.274677E+06  -0.605850E-02   0.117623E+06   0.117600E+06   0.204527E-01
   0.370215E+00   0.282203E+06   0.280256E+06  -0.145367E+00  -0.241156E+00   0.968484E+05   0.269080E+06   0.281876E+06   0.269080E+06  -0.593515E-02   0.115245E+06   0.115223E+06   0.196173E-01
   0.375369E+00   0.276493E+06   0.274596E+06  -0.138563E+00  -0.229843E+00   0.937464E+05   0.263558E+06   0.276174E+06   0.263558E+06  -0.581343E-02   0.112899E+06   0.112877E+06   0.188880E-01
   0.380523E+00   0.270811E+06   0.268953E+06  -0.132085E+00  -0.219072E+00   0.907207E+05   0.258066E+06   0.270499E+06   0.258066E+06  -0.569237E-02   0.110564E+06   0.110543E+06   0.182609E-01
   0.385677E+00   0.265164E+06   0.263337E+06  -0.125916E+00  -0.208816E+00   0.877716E+05   0.252611E+06   0.264857E+06   0.252611E+06  -0.557212E-02   0.108244E+06   0.108223E+06   0.177162E-01
   0.390831E+00   0.259599E+06   0.257796E+06  -0.120060E+00  -0.199083E+00   0.849122E+05   0.247236E+06   0.259296E+06   0.247236E+06  -0.545364E-02   0.105958E+06   0.105937E+06   0.172252E-01
   0.395985E+00   0.254175E+06   0.252395E+06  -0.114527E+00  -0.189889E+00   0.821597E+05   0.242001E+06   0.253876E+06   0.242001E+06  -0.533822E-02   0.103730E+06   0.103710E+06   0.167583E-01
   0.401139E+00   0.248942E+06   0.247186E+06  -0.109321E+00  -0.181236E+00   0.795268E+05   0.236951E+06   0.248647E+06   0.236951E+06  -0.522691E-02   0.101581E+06   0.101561E+06   0.162916E-01
   0.406293E+00   0.243930E+06   0.242202E+06  -0.104434E+00  -0.173117E+00   0.770198E+05   0.232117E+06   0.243640E+06   0.232117E+06  -0.512034E-02   0.995234E+05   0.995042E+05   0.158112E-01
   0.411447E+00   0.239154E+06   0.237457E+06  -0.998543E-01  -0.165508E+00   0.746391E+05   0.227511E+06   0.238869E+06   0.227511E+06  -0.501881E-02   0.975631E+05   0.975442E+05   0.153147E-01
   0.416601E+00   0.234611E+06   0.232950E+06  -0.955623E-01  -0.158378E+00   0.723804E+05   0.223132E+06   0.234332E+06   0.223132E+06  -0.492226E-02   0.956990E+05   0.956805E+05   0.148090E-01
   0.421755E+00   0.230274E+06   0.228650E+06  -0.915304E-01  -0.151680E+00   0.702313E+05   0.218952E+06   0.230001E+06   0.218952E+06  -0.483012E-02   0.939197E+05   0.939016E+05   0.143067E-01
   0.426910E+00   0.226096E+06   0.224511E+06  -0.877256E-01  -0.145361E+00   0.681745E+05   0.214927E+06   0.225830E+06   0.214927E+06  -0.474139E-02   0.922062E+05   0.921885E+05   0.138216E-01
   0.432064E+00   0.222033E+06   0.220483E+06  -0.841178E-01  -0.139369E+00   0.661937E+05   0.211014E+06   0.221773E+06   0.211014E+06  -0.465511E-02   0.905398E+05   0.905225E+05   0.133652E-01
   0.437218E+00   0.218056E+06   0.216539E+06  -0.806861E-01  -0.133671E+00   0.642784E+05   0.207185E+06   0.217802E+06   0.207185E+06  -0.457069E-02   0.889090E+05   0.888920E+05   0.129443E-01
   0.442372E+00   0.214152E+06   0.212663E+06  -0.774158E-01  -0.128241E+00   0.624226E+05   0.203426E+06   0.213902E+06   0.203426E+06  -0.448782E-02   0.873078E+05   0.872911E+05   0.125601E-01
   0.447526E+00   0.210310E+06   0.208846E+06  -0.742957E-01  -0.123061E+00   0.606222E+05   0.199730E+06   0.210064E+06   0.199730E+06  -0.440633E-02   0.857328E+05   0.857164E+05   0.122085E-01
   0.452680E+00   0.206533E+06   0.205091E+06  -0.713184E-01  -0.118119E+00   0.588759E+05   0.196096E+06   0.206291E+06   0.196096E+06  -0.432623E-02   0.841842E+05   0.841681E+05   0.118818E-01
   0.457834E+00   0.202834E+06   0.201414E+06  -0.684817E-01  -0.113410E+00   0.571865E+05   0.192540E+06   0.202596E+06   0.192540E+06  -0.424781E-02   0.826681E+05   0.826522E+05   0.115715E-01
   0.462988E+00   0.199237E+06   0.197837E+06  -0.657859E-01  -0.108936E+00   0.555587E+05   0.189082E+06   0.199002E+06   0.189082E+06  -0.417157E-02   0.811938E+05   0.811781E+05   0.112698E-01
   0.468142E+00   0.195757E+06   0.194378E+06  -0.632291E-01  -0.104693E+00   0.539952E+05   0.185738E+06   0.195525E+06   0.185738E+06  -0.409783E-02   0.797676E+05   0.797522E+05   0.109717E-01
   0.473296E+00   0.192397E+06   0.191039E+06  -0.608050E-01  -0.100671E+00   0.524951E+05   0.182509E+06   0.192169E+06   0.182509E+06  -0.402666E-02   0.783909E+05   0.783758E+05   0.106745E-01
   0.478450E+00   0.189151E+06   0.187817E+06  -0.585055E-01  -0.968553E-01   0.510552E+05   0.179392E+06   0.188927E+06   0.179392E+06  -0.395793E-02   0.770615E+05   0.770466E+05   0.103789E-01
   0.483605E+00   0.186014E+06   0.184704E+06  -0.563221E-01  -0.932330E-01   0.496721E+05   0.176380E+06   0.185794E+06   0.176380E+06  -0.389151E-02   0.757766E+05   0.757620E+05   0.100874E-01
   0.488759E+00   0.182976E+06   0.181689E+06  -0.542465E-01  -0.897898E-01   0.483417E+05   0.173464E+06   0.182760E+06   0.173464E+06  -0.382721E-02   0.745326E+05   0.745182E+05   0.980379E-02
   0.493913E+00   0.180024E+06   0.178760E+06  -0.522694E-01  -0.865102E-01   0.470591E+05   0.170631E+06   0.179811E+06   0.170631E+06  -0.376474E-02   0.733237E+05   0.733096E+05   0.953147E-02
   0.499067E+00   0.177141E+06   0.175899E+06  -0.503814E-01  -0.833789E-01   0.458187E+05   0.167865E+06   0.176932E+06   0.167865E+06  -0.370375E-02   0.721435E+05   0.721296E+05   0.927274E-02
   0.504221E+00   0.174316E+06   0.173095E+06  -0.485752E-01  -0.803833E-01   0.446165E+05   0.165155E+06   0.174111E+06   0.165155E+06  -0.364401E-02   0.709870E+05   0.709734E+05   0.902843E-02
   0.509375E+00   0.171545E+06   0.170344E+06  -0.468459E-01  -0.775157E-01   0.434505E+05   0.162499E+06   0.171344E+06   0.162499E+06  -0.358543E-02   0.698530E+05   0.698395E+05   0.879796E-02
   0.514529E+00   0.168831E+06   0.167648E+06  -0.451907E-01  -0.747711E-01   0.423204E+05   0.159897E+06   0.168632E+06   0.159897E+06  -0.352806E-02   0.687421E+05   0.687289E+05   0.857961E-02
   0.519683E+00   0.166175E+06   0.165009E+06  -0.436067E-01  -0.721448E-01   0.412258E+05   0.157352E+06   0.165980E+06   0.157352E+06  -0.347194E-02   0.676553E+05   0.676423E+05   0.837093E-02
   0.524837E+00   0.163580E+06   0.162430E+06  -0.420912E-01  -0.696323E-01   0.401661E+05   0.154865E+06   0.163387E+06   0.154865E+06  -0.341710E-02   0.665932E+05   0.665804E+05   0.816941E-02
   0.529991E+00   0.161048E+06   0.159914E+06  -0.406419E-01  -0.672297E-01   0.391413E+05   0.152440E+06   0.160857E+06   0.152440E+06  -0.336361E-02   0.655572E+05   0.655445E+05   0.797304E-02
   0.535145E+00   0.158583E+06   0.157466E+06  -0.392569E-01  -0.649340E-01   0.381516E+05   0.150080E+06   0.158396E+06   0.150080E+06  -0.331157E-02   0.645490E+05   0.645365E+05   0.778067E-02
   0.540300E+00   0.156188E+06   0.155088E+06  -0.379339E-01  -0.627411E-01   0.371964E+05   0.147787E+06   0.156003E+06   0.147787E+06  -0.326101E-02   0.635694E+05   0.635571E+05   0.759196E-02
   0.545454E+00   0.153859E+06   0.152775E+06  -0.366691E-01  -0.606450E-01   0.362739E+05   0.145558E+06   0.153677E+06   0.145558E+06  -0.321184E-02   0.626167E+05   0.626046E+05   0.740718E-02
   0.550608E+00   0.151589E+06   0.150522E+06  -0.354585E-01  -0.586389E-01   0.353819E+05   0.143386E+06   0.151410E+06   0.143386E+06  -0.316394E-02   0.616885E+05   0.616765E+05   0.722703E-02
   0.555762E+00   0.149373E+06   0.148323E+06  -0.342988E-01  -0.567170E-01   0.345184E+05   0.141266E+06   0.149197E+06   0.141266E+06  -0.311720E-02   0.607826E+05   0.607709E+05   0.705239E-02
   0.560916E+00   0.147210E+06   0.146175E+06  -0.331869E-01  -0.548748E-01   0.336821E+05   0.139197E+06   0.147036E+06   0.139197E+06  -0.307156E-02   0.598980E+05   0.598865E+05   0.688404E-02
   0.566070E+00   0.145094E+06   0.144074E+06  -0.321202E-01  -0.531075E-01   0.328715E+05   0.137174E+06   0.144923E+06   0.137174E+06  -0.302695E-02   0.590332E+05   0.590217E+05   0.672237E-02
   0.571224E+00   0.143022E+06   0.142017E+06  -0.310957E-01  -0.514102E-01   0.320848E+05   0.135192E+06   0.142853E+06   0.135192E+06  -0.298325E-02   0.581860E+05   0.581748E+05   0.656729E-02
   0.576378E+00   0.140989E+06   0.139998E+06  -0.301110E-01  -0.497790E-01   0.313208E+05   0.133250E+06   0.140823E+06   0.133250E+06  -0.294042E-02   0.573554E+05   0.573443E+05   0.641835E-02
   0.581532E+00   0.138998E+06   0.138020E+06  -0.291646E-01  -0.482112E-01   0.305791E+05   0.131347E+06   0.138834E+06   0.131347E+06  -0.289845E-02   0.565415E+05   0.565306E+05   0.627492E-02
   0.586686E+00   0.137049E+06   0.136085E+06  -0.282553E-01  -0.467052E-01   0.298596E+05   0.129485E+06   0.136887E+06   0.129485E+06  -0.285739E-02   0.557452E+05   0.557344E+05   0.613627E-02
   0.591840E+00   0.135144E+06   0.134192E+06  -0.273818E-01  -0.452586E-01   0.291618E+05   0.127666E+06   0.134984E+06   0.127666E+06  -0.281725E-02   0.549666E+05   0.549560E+05   0.600170E-02
   0.596995E+00   0.133280E+06   0.132342E+06  -0.265425E-01  -0.438686E-01   0.284850E+05   0.125886E+06   0.133123E+06   0.125886E+06  -0.277801E-02   0.542053E+05   0.541948E+05   0.587061E-02
   0.602149E+00   0.131458E+06   0.130532E+06  -0.257357E-01  -0.425326E-01   0.278284E+05   0.124147E+06   0.131303E+06   0.124147E+06  -0.273964E-02   0.534609E+05   0.534506E+05   0.574268E-02
   0.607303E+00   0.129678E+06   0.128764E+06  -0.249603E-01  -0.412486E-01   0.271918E+05   0.122447E+06   0.129524E+06   0.122447E+06  -0.270216E-02   0.527337E+05   0.527235E+05   0.561785E-02
   0.612457E+00   0.127939E+06   0.127037E+06  -0.242150E-01  -0.400147E-01   0.265745E+05   0.120788E+06   0.127787E+06   0.120788E+06  -0.266556E-02   0.520234E+05   0.520133E+05   0.549620E-02
   0.659749E+00   0.113554E+06   0.112754E+06  -0.185358E-01  -0.306145E-01   0.216694E+05   0.107074E+06   0.113420E+06   0.107074E+06  -0.236308E-02   0.461508E+05   0.461418E+05   0.453668E-02
   0.710693E+00   0.100717E+06   0.100007E+06  -0.141784E-01  -0.234065E-01   0.176105E+05   0.948587E+05   0.100598E+06   0.948587E+05  -0.209362E-02   0.409142E+05   0.409062E+05   0.374317E-02
   0.765571E+00   0.892895E+05   0.886595E+05  -0.108400E-01  -0.178871E-01   0.142676E+05   0.840028E+05   0.891838E+05   0.840028E+05  -0.185413E-02   0.362560E+05   0.362489E+05   0.308866E-02
   0.895965E+00   0.690698E+05   0.685819E+05  -0.613077E-02  -0.101075E-01   0.904549E+04   0.648425E+05   0.689879E+05   0.648425E+05  -0.143138E-02   0.280224E+05   0.280169E+05   0.205502E-02
   0.125042E+01   0.397787E+05   0.394971E+05  -0.181724E-02  -0.299150E-02   0.329638E+04   0.372117E+05   0.397314E+05   0.372117E+05  -0.821600E-03   0.161169E+05   0.161136E+05   0.866694E-03
   0.174510E+01   0.226933E+05   0.225323E+05  -0.533196E-03  -0.876827E-03   0.113850E+04   0.211775E+05   0.226662E+05   0.211775E+05  -0.467643E-03   0.918631E+04   0.918438E+04   0.368785E-03
   0.243548E+01   0.128347E+05   0.127434E+05  -0.155006E-03  -0.254730E-03   0.375118E+03   0.119588E+05   0.128194E+05   0.119588E+05  -0.264098E-03   0.519262E+04   0.519144E+04   0.160814E-03
