#           k/h    P           
    0.10000E-03    0.10930E+05
    0.10202E-03    0.11141E+05
    0.10408E-03    0.11357E+05
    0.10618E-03    0.11577E+05
    0.10833E-03    0.11801E+05
    0.11052E-03    0.12029E+05
    0.11275E-03    0.12262E+05
    0.11503E-03    0.12499E+05
    0.11735E-03    0.12741E+05
    0.11972E-03    0.12988E+05
    0.12214E-03    0.13239E+05
    0.12461E-03    0.13495E+05
    0.12712E-03    0.13756E+05
    0.12969E-03    0.14022E+05
    0.13231E-03    0.14294E+05
    0.13499E-03    0.14570E+05
    0.13771E-03    0.14852E+05
    0.14049E-03    0.15139E+05
    0.14333E-03    0.15432E+05
    0.14623E-03    0.15730E+05
    0.14918E-03    0.16034E+05
    0.15220E-03    0.16344E+05
    0.15527E-03    0.16660E+05
    0.15841E-03    0.16982E+05
    0.16161E-03    0.17310E+05
    0.16487E-03    0.17644E+05
    0.16820E-03    0.17985E+05
    0.17160E-03    0.18332E+05
    0.17507E-03    0.18686E+05
    0.17860E-03    0.19047E+05
    0.18221E-03    0.19415E+05
    0.18589E-03    0.19789E+05
    0.18965E-03    0.20171E+05
    0.19348E-03    0.20561E+05
    0.19739E-03    0.20957E+05
    0.20138E-03    0.21361E+05
    0.20544E-03    0.21773E+05
    0.20959E-03    0.22193E+05
    0.21383E-03    0.22621E+05
    0.21815E-03    0.23057E+05
    0.22255E-03    0.23501E+05
    0.22705E-03    0.23953E+05
    0.23164E-03    0.24415E+05
    0.23632E-03    0.24885E+05
    0.24109E-03    0.25364E+05
    0.24596E-03    0.25852E+05
    0.25093E-03    0.26349E+05
    0.25600E-03    0.26856E+05
    0.26117E-03    0.27372E+05
    0.26645E-03    0.27898E+05
    0.27183E-03    0.28434E+05
    0.27732E-03    0.28980E+05
    0.28292E-03    0.29536E+05
    0.28864E-03    0.30103E+05
    0.29447E-03    0.30680E+05
    0.30042E-03    0.31268E+05
    0.30649E-03    0.31868E+05
    0.31268E-03    0.32478E+05
    0.31899E-03    0.33100E+05
    0.32544E-03    0.33734E+05
    0.33201E-03    0.34379E+05
    0.33872E-03    0.35037E+05
    0.34556E-03    0.35706E+05
    0.35254E-03    0.36389E+05
    0.35966E-03    0.37083E+05
    0.36693E-03    0.37791E+05
    0.37434E-03    0.38512E+05
    0.38190E-03    0.39246E+05
    0.38962E-03    0.39994E+05
    0.39749E-03    0.40755E+05
    0.40552E-03    0.41530E+05
    0.41371E-03    0.42320E+05
    0.42207E-03    0.43124E+05
    0.43060E-03    0.43943E+05
    0.43929E-03    0.44777E+05
    0.44817E-03    0.45626E+05
    0.45722E-03    0.46490E+05
    0.46646E-03    0.47370E+05
    0.47588E-03    0.48266E+05
    0.48550E-03    0.49178E+05
    0.49530E-03    0.50107E+05
    0.50531E-03    0.51053E+05
    0.51552E-03    0.52015E+05
    0.52593E-03    0.52995E+05
    0.53656E-03    0.53992E+05
    0.54739E-03    0.55007E+05
    0.55845E-03    0.56040E+05
    0.56973E-03    0.57091E+05
    0.58124E-03    0.58161E+05
    0.59299E-03    0.59250E+05
    0.60496E-03    0.60359E+05
    0.61719E-03    0.61486E+05
    0.62965E-03    0.62634E+05
    0.64237E-03    0.63802E+05
    0.65535E-03    0.64990E+05
    0.66859E-03    0.66198E+05
    0.68210E-03    0.67428E+05
    0.69588E-03    0.68679E+05
    0.70993E-03    0.69952E+05
    0.72427E-03    0.71246E+05
    0.73891E-03    0.72563E+05
    0.75383E-03    0.73903E+05
    0.76906E-03    0.75265E+05
    0.78460E-03    0.76650E+05
    0.80045E-03    0.78060E+05
    0.81662E-03    0.79493E+05
    0.83311E-03    0.80950E+05
    0.84994E-03    0.82431E+05
    0.86711E-03    0.83938E+05
    0.88463E-03    0.85470E+05
    0.90250E-03    0.87027E+05
    0.92073E-03    0.88610E+05
    0.93933E-03    0.90220E+05
    0.95831E-03    0.91856E+05
    0.97767E-03    0.93519E+05
    0.99742E-03    0.95209E+05
    0.10176E-02    0.96927E+05
    0.10381E-02    0.98672E+05
    0.10591E-02    0.10045E+06
    0.10805E-02    0.10225E+06
    0.11023E-02    0.10408E+06
    0.11246E-02    0.10594E+06
    0.11473E-02    0.10783E+06
    0.11705E-02    0.10975E+06
    0.11941E-02    0.11170E+06
    0.12182E-02    0.11368E+06
    0.12429E-02    0.11569E+06
    0.12680E-02    0.11774E+06
    0.12936E-02    0.11981E+06
    0.13197E-02    0.12192E+06
    0.13464E-02    0.12405E+06
    0.13736E-02    0.12623E+06
    0.14013E-02    0.12843E+06
    0.14296E-02    0.13067E+06
    0.14585E-02    0.13294E+06
    0.14880E-02    0.13524E+06
    0.15180E-02    0.13758E+06
    0.15487E-02    0.13995E+06
    0.15800E-02    0.14236E+06
    0.16119E-02    0.14480E+06
    0.16445E-02    0.14727E+06
    0.16777E-02    0.14979E+06
    0.17116E-02    0.15233E+06
    0.17462E-02    0.15492E+06
    0.17814E-02    0.15754E+06
    0.18174E-02    0.16019E+06
    0.18541E-02    0.16288E+06
    0.18916E-02    0.16561E+06
    0.19298E-02    0.16838E+06
    0.19688E-02    0.17118E+06
    0.20086E-02    0.17402E+06
    0.20491E-02    0.17690E+06
    0.20905E-02    0.17981E+06
    0.21328E-02    0.18276E+06
    0.21758E-02    0.18575E+06
    0.22198E-02    0.18878E+06
    0.22646E-02    0.19185E+06
    0.23104E-02    0.19495E+06
    0.23571E-02    0.19809E+06
    0.24047E-02    0.20127E+06
    0.24533E-02    0.20449E+06
    0.25028E-02    0.20774E+06
    0.25534E-02    0.21104E+06
    0.26050E-02    0.21437E+06
    0.26576E-02    0.21773E+06
    0.27113E-02    0.22114E+06
    0.27660E-02    0.22458E+06
    0.28219E-02    0.22806E+06
    0.28789E-02    0.23158E+06
    0.29371E-02    0.23513E+06
    0.29964E-02    0.23872E+06
    0.30569E-02    0.24234E+06
    0.31187E-02    0.24600E+06
    0.31817E-02    0.24969E+06
    0.32460E-02    0.25342E+06
    0.33115E-02    0.25718E+06
    0.33784E-02    0.26098E+06
    0.34467E-02    0.26481E+06
    0.35163E-02    0.26867E+06
    0.35874E-02    0.27256E+06
    0.36598E-02    0.27648E+06
    0.37338E-02    0.28043E+06
    0.38092E-02    0.28441E+06
    0.38861E-02    0.28842E+06
    0.39646E-02    0.29246E+06
    0.40447E-02    0.29652E+06
    0.41264E-02    0.30061E+06
    0.42098E-02    0.30472E+06
    0.42948E-02    0.30886E+06
    0.43816E-02    0.31301E+06
    0.44701E-02    0.31718E+06
    0.45604E-02    0.32138E+06
    0.46525E-02    0.32559E+06
    0.47465E-02    0.32981E+06
    0.48424E-02    0.33405E+06
    0.49402E-02    0.33830E+06
    0.50400E-02    0.34256E+06
    0.51419E-02    0.34683E+06
    0.52457E-02    0.35110E+06
    0.53517E-02    0.35538E+06
    0.54598E-02    0.35965E+06
    0.55701E-02    0.36393E+06
    0.56826E-02    0.36820E+06
    0.57974E-02    0.37246E+06
    0.59145E-02    0.37672E+06
    0.60340E-02    0.38096E+06
    0.61559E-02    0.38518E+06
    0.62803E-02    0.38939E+06
    0.64072E-02    0.39358E+06
    0.65366E-02    0.39774E+06
    0.66686E-02    0.40187E+06
    0.68033E-02    0.40596E+06
    0.69408E-02    0.41002E+06
    0.70810E-02    0.41404E+06
    0.72240E-02    0.41801E+06
    0.73700E-02    0.42194E+06
    0.75189E-02    0.42581E+06
    0.76708E-02    0.42962E+06
    0.78257E-02    0.43337E+06
    0.79838E-02    0.43705E+06
    0.81451E-02    0.44065E+06
    0.83096E-02    0.44418E+06
    0.84775E-02    0.44763E+06
    0.86488E-02    0.45099E+06
    0.88235E-02    0.45425E+06
    0.90017E-02    0.45742E+06
    0.91836E-02    0.46048E+06
    0.93691E-02    0.46344E+06
    0.95583E-02    0.46629E+06
    0.97514E-02    0.46903E+06
    0.99484E-02    0.47166E+06
    0.10149E-01    0.47417E+06
    0.10354E-01    0.47656E+06
    0.10564E-01    0.47884E+06
    0.10777E-01    0.48100E+06
    0.10995E-01    0.48303E+06
    0.11217E-01    0.48493E+06
    0.11443E-01    0.48671E+06
    0.11675E-01    0.48835E+06
    0.11910E-01    0.48985E+06
    0.12151E-01    0.49120E+06
    0.12397E-01    0.49240E+06
    0.12647E-01    0.49343E+06
    0.12902E-01    0.49426E+06
    0.13163E-01    0.49484E+06
    0.13429E-01    0.49511E+06
    0.13700E-01    0.49503E+06
    0.13977E-01    0.49455E+06
    0.14259E-01    0.49369E+06
    0.14547E-01    0.49249E+06
    0.14841E-01    0.49099E+06
    0.15141E-01    0.48924E+06
    0.15447E-01    0.48726E+06
    0.15759E-01    0.48508E+06
    0.16077E-01    0.48273E+06
    0.16402E-01    0.48021E+06
    0.16734E-01    0.47754E+06
    0.17072E-01    0.47474E+06
    0.17416E-01    0.47180E+06
    0.17768E-01    0.46867E+06
    0.18127E-01    0.46533E+06
    0.18493E-01    0.46175E+06
    0.18867E-01    0.45792E+06
    0.19248E-01    0.45381E+06
    0.19637E-01    0.44943E+06
    0.20034E-01    0.44477E+06
    0.20438E-01    0.43982E+06
    0.20851E-01    0.43460E+06
    0.21272E-01    0.42912E+06
    0.21702E-01    0.42340E+06
    0.22141E-01    0.41748E+06
    0.22588E-01    0.41137E+06
    0.23044E-01    0.40511E+06
    0.23510E-01    0.39870E+06
    0.23985E-01    0.39214E+06
    0.24469E-01    0.38545E+06
    0.24964E-01    0.37863E+06
    0.25468E-01    0.37170E+06
    0.25982E-01    0.36465E+06
    0.26507E-01    0.35749E+06
    0.27043E-01    0.35022E+06
    0.27589E-01    0.34286E+06
    0.28146E-01    0.33540E+06
    0.28715E-01    0.32786E+06
    0.29295E-01    0.32027E+06
    0.29887E-01    0.31265E+06
    0.30490E-01    0.30501E+06
    0.31106E-01    0.29737E+06
    0.31735E-01    0.28976E+06
    0.32376E-01    0.28218E+06
    0.33030E-01    0.27468E+06
    0.33697E-01    0.26725E+06
    0.34378E-01    0.25993E+06
    0.35072E-01    0.25272E+06
    0.35781E-01    0.24564E+06
    0.36504E-01    0.23871E+06
    0.37241E-01    0.23194E+06
    0.37993E-01    0.22534E+06
    0.38761E-01    0.21890E+06
    0.39544E-01    0.21264E+06
    0.40343E-01    0.20656E+06
    0.41158E-01    0.20064E+06
    0.41989E-01    0.19490E+06
    0.42838E-01    0.18935E+06
    0.43703E-01    0.18400E+06
    0.44586E-01    0.17889E+06
    0.45486E-01    0.17402E+06
    0.46405E-01    0.16940E+06
    0.47343E-01    0.16501E+06
    0.48299E-01    0.16083E+06
    0.49275E-01    0.15684E+06
    0.50270E-01    0.15302E+06
    0.51286E-01    0.14935E+06
    0.52322E-01    0.14582E+06
    0.53379E-01    0.14242E+06
    0.54457E-01    0.13912E+06
    0.55557E-01    0.13592E+06
    0.56680E-01    0.13279E+06
    0.57825E-01    0.12974E+06
    0.58993E-01    0.12673E+06
    0.60184E-01    0.12376E+06
    0.61400E-01    0.12079E+06
    0.62641E-01    0.11781E+06
    0.63906E-01    0.11480E+06
    0.65197E-01    0.11173E+06
    0.66514E-01    0.10858E+06
    0.67858E-01    0.10535E+06
    0.69229E-01    0.10206E+06
    0.70627E-01    0.98715E+05
    0.72054E-01    0.95319E+05
    0.73510E-01    0.91853E+05
    0.74994E-01    0.88298E+05
    0.76509E-01    0.84668E+05
    0.78055E-01    0.81010E+05
    0.79632E-01    0.77364E+05
    0.81241E-01    0.73760E+05
    0.82882E-01    0.70218E+05
    0.84556E-01    0.66761E+05
    0.86264E-01    0.63415E+05
    0.88007E-01    0.60203E+05
    0.89785E-01    0.57148E+05
    0.91598E-01    0.54269E+05
    0.93449E-01    0.51581E+05
    0.95337E-01    0.49098E+05
    0.97263E-01    0.46830E+05
    0.99227E-01    0.44781E+05
    0.10123E+00    0.42947E+05
    0.10328E+00    0.41318E+05
    0.10536E+00    0.39878E+05
    0.10749E+00    0.38599E+05
    0.10966E+00    0.37455E+05
    0.11188E+00    0.36412E+05
    0.11414E+00    0.35435E+05
    0.11644E+00    0.34492E+05
    0.11880E+00    0.33552E+05
    0.12120E+00    0.32588E+05
    0.12365E+00    0.31579E+05
    0.12614E+00    0.30509E+05
    0.12869E+00    0.29371E+05
    0.13129E+00    0.28163E+05
    0.13394E+00    0.26896E+05
    0.13665E+00    0.25585E+05
    0.13941E+00    0.24251E+05
    0.14223E+00    0.22921E+05
    0.14510E+00    0.21624E+05
    0.14803E+00    0.20389E+05
    0.15102E+00    0.19243E+05
    0.15407E+00    0.18208E+05
    0.15718E+00    0.17296E+05
    0.16036E+00    0.16511E+05
    0.16360E+00    0.15842E+05
    0.16690E+00    0.15273E+05
    0.17028E+00    0.14779E+05
    0.17371E+00    0.14336E+05
    0.17722E+00    0.13918E+05
    0.18080E+00    0.13498E+05
    0.18446E+00    0.13054E+05
    0.18818E+00    0.12567E+05
    0.19198E+00    0.12031E+05
    0.19586E+00    0.11452E+05
    0.19982E+00    0.10849E+05
    0.20386E+00    0.10244E+05
    0.20797E+00    0.96592E+04
    0.21218E+00    0.91139E+04
    0.21646E+00    0.86239E+04
    0.22083E+00    0.81985E+04
    0.22530E+00    0.78378E+04
    0.22985E+00    0.75322E+04
    0.23449E+00    0.72648E+04
    0.23923E+00    0.70163E+04
    0.24406E+00    0.67683E+04
    0.24899E+00    0.65066E+04
    0.25402E+00    0.62237E+04
    0.25915E+00    0.59221E+04
    0.26439E+00    0.56124E+04
    0.26973E+00    0.53086E+04
    0.27518E+00    0.50238E+04
    0.28074E+00    0.47675E+04
    0.28641E+00    0.45437E+04
    0.29219E+00    0.43493E+04
    0.29810E+00    0.41755E+04
    0.30412E+00    0.40109E+04
    0.31026E+00    0.38457E+04
    0.31653E+00    0.36745E+04
    0.32292E+00    0.34975E+04
    0.32945E+00    0.33201E+04
    0.33610E+00    0.31496E+04
    0.34289E+00    0.29926E+04
    0.34982E+00    0.28517E+04
    0.35689E+00    0.27251E+04
    0.36409E+00    0.26082E+04
    0.37145E+00    0.24957E+04
    0.37895E+00    0.23832E+04
    0.38661E+00    0.22700E+04
    0.39442E+00    0.21586E+04
    0.40239E+00    0.20524E+04
    0.41052E+00    0.19538E+04
    0.41881E+00    0.18633E+04
    0.42727E+00    0.17792E+04
    0.43590E+00    0.16986E+04
    0.44471E+00    0.16200E+04
    0.45369E+00    0.15430E+04
    0.46286E+00    0.14686E+04
    0.47221E+00    0.13985E+04
    0.48174E+00    0.13330E+04
    0.49148E+00    0.12713E+04
    0.50141E+00    0.12125E+04
    0.51153E+00    0.11556E+04
    0.52187E+00    0.11008E+04
    0.53241E+00    0.10483E+04
    0.54317E+00    0.99882E+03
    0.55414E+00    0.95199E+03
    0.56533E+00    0.90740E+03
    0.57675E+00    0.86465E+03
    0.58840E+00    0.82364E+03
    0.60029E+00    0.78455E+03
    0.61242E+00    0.74742E+03
    0.62479E+00    0.71210E+03
    0.63741E+00    0.67842E+03
    0.65029E+00    0.64631E+03
    0.66342E+00    0.61570E+03
    0.67683E+00    0.58653E+03
    0.69050E+00    0.55873E+03
    0.70445E+00    0.53224E+03
    0.71868E+00    0.50699E+03
    0.73320E+00    0.48293E+03
    0.74801E+00    0.46000E+03
    0.76312E+00    0.43815E+03
    0.77854E+00    0.41733E+03
    0.79426E+00    0.39748E+03
    0.81031E+00    0.37857E+03
    0.82668E+00    0.36055E+03
    0.84338E+00    0.34338E+03
    0.86041E+00    0.32702E+03
    0.87780E+00    0.31144E+03
    0.89553E+00    0.29658E+03
    0.91362E+00    0.28244E+03
    0.93208E+00    0.26895E+03
    0.95091E+00    0.25611E+03
    0.97011E+00    0.24388E+03
    0.98971E+00    0.23222E+03
    0.10097E+01    0.22112E+03
    0.10301E+01    0.21054E+03
    0.10509E+01    0.20046E+03
    0.10721E+01    0.19086E+03
    0.10938E+01    0.18172E+03
    0.11159E+01    0.17301E+03
    0.11384E+01    0.16472E+03
    0.11614E+01    0.15681E+03
    0.11849E+01    0.14929E+03
    0.12088E+01    0.14212E+03
    0.12333E+01    0.13529E+03
    0.12582E+01    0.12879E+03
    0.12836E+01    0.12260E+03
    0.13095E+01    0.11670E+03
    0.13360E+01    0.11109E+03
    0.13630E+01    0.10574E+03
    0.13905E+01    0.10064E+03
    0.14186E+01    0.95793E+02
    0.14472E+01    0.91172E+02
    0.14765E+01    0.86772E+02
    0.15063E+01    0.82581E+02
    0.15367E+01    0.78590E+02
    0.15678E+01    0.74789E+02
    0.15994E+01    0.71169E+02
    0.16318E+01    0.67722E+02
    0.16647E+01    0.64439E+02
    0.16984E+01    0.61313E+02
    0.17327E+01    0.58337E+02
    0.17677E+01    0.55502E+02
    0.18034E+01    0.52803E+02
    0.18398E+01    0.50233E+02
    0.18770E+01    0.47787E+02
    0.19149E+01    0.45458E+02
    0.19536E+01    0.43241E+02
    0.19930E+01    0.41131E+02
    0.20333E+01    0.39123E+02
    0.20744E+01    0.37213E+02
    0.21163E+01    0.35394E+02
    0.21590E+01    0.33664E+02
    0.22026E+01    0.32019E+02
    0.22471E+01    0.30453E+02
    0.22925E+01    0.28963E+02
    0.23388E+01    0.27546E+02
    0.23861E+01    0.26198E+02
    0.24343E+01    0.24917E+02
