#           k/h    P           
    0.10000E-03    0.69000E+03
    0.10202E-03    0.70337E+03
    0.10408E-03    0.71700E+03
    0.10618E-03    0.73089E+03
    0.10833E-03    0.74505E+03
    0.11052E-03    0.75948E+03
    0.11275E-03    0.77420E+03
    0.11503E-03    0.78920E+03
    0.11735E-03    0.80448E+03
    0.11972E-03    0.82007E+03
    0.12214E-03    0.83595E+03
    0.12461E-03    0.85214E+03
    0.12712E-03    0.86865E+03
    0.12969E-03    0.88547E+03
    0.13231E-03    0.90262E+03
    0.13499E-03    0.92011E+03
    0.13771E-03    0.93792E+03
    0.14049E-03    0.95609E+03
    0.14333E-03    0.97460E+03
    0.14623E-03    0.99347E+03
    0.14918E-03    0.10127E+04
    0.15220E-03    0.10323E+04
    0.15527E-03    0.10523E+04
    0.15841E-03    0.10727E+04
    0.16161E-03    0.10934E+04
    0.16487E-03    0.11146E+04
    0.16820E-03    0.11362E+04
    0.17160E-03    0.11582E+04
    0.17507E-03    0.11806E+04
    0.17860E-03    0.12034E+04
    0.18221E-03    0.12267E+04
    0.18589E-03    0.12505E+04
    0.18965E-03    0.12747E+04
    0.19348E-03    0.12993E+04
    0.19739E-03    0.13245E+04
    0.20138E-03    0.13501E+04
    0.20544E-03    0.13762E+04
    0.20959E-03    0.14028E+04
    0.21383E-03    0.14300E+04
    0.21815E-03    0.14576E+04
    0.22255E-03    0.14858E+04
    0.22705E-03    0.15145E+04
    0.23164E-03    0.15438E+04
    0.23632E-03    0.15736E+04
    0.24109E-03    0.16041E+04
    0.24596E-03    0.16351E+04
    0.25093E-03    0.16667E+04
    0.25600E-03    0.16989E+04
    0.26117E-03    0.17317E+04
    0.26645E-03    0.17651E+04
    0.27183E-03    0.17992E+04
    0.27732E-03    0.18340E+04
    0.28292E-03    0.18694E+04
    0.28864E-03    0.19055E+04
    0.29447E-03    0.19422E+04
    0.30042E-03    0.19797E+04
    0.30649E-03    0.20179E+04
    0.31268E-03    0.20568E+04
    0.31899E-03    0.20965E+04
    0.32544E-03    0.21369E+04
    0.33201E-03    0.21781E+04
    0.33872E-03    0.22201E+04
    0.34556E-03    0.22629E+04
    0.35254E-03    0.23065E+04
    0.35966E-03    0.23509E+04
    0.36693E-03    0.23962E+04
    0.37434E-03    0.24424E+04
    0.38190E-03    0.24894E+04
    0.38962E-03    0.25373E+04
    0.39749E-03    0.25861E+04
    0.40552E-03    0.26358E+04
    0.41371E-03    0.26865E+04
    0.42207E-03    0.27382E+04
    0.43060E-03    0.27908E+04
    0.43929E-03    0.28444E+04
    0.44817E-03    0.28990E+04
    0.45722E-03    0.29546E+04
    0.46646E-03    0.30113E+04
    0.47588E-03    0.30691E+04
    0.48550E-03    0.31280E+04
    0.49530E-03    0.31879E+04
    0.50531E-03    0.32490E+04
    0.51552E-03    0.33112E+04
    0.52593E-03    0.33746E+04
    0.53656E-03    0.34392E+04
    0.54739E-03    0.35050E+04
    0.55845E-03    0.35720E+04
    0.56973E-03    0.36402E+04
    0.58124E-03    0.37097E+04
    0.59299E-03    0.37806E+04
    0.60496E-03    0.38527E+04
    0.61719E-03    0.39261E+04
    0.62965E-03    0.40010E+04
    0.64237E-03    0.40772E+04
    0.65535E-03    0.41548E+04
    0.66859E-03    0.42338E+04
    0.68210E-03    0.43143E+04
    0.69588E-03    0.43963E+04
    0.70993E-03    0.44797E+04
    0.72427E-03    0.45647E+04
    0.73891E-03    0.46513E+04
    0.75383E-03    0.47394E+04
    0.76906E-03    0.48291E+04
    0.78460E-03    0.49205E+04
    0.80045E-03    0.50135E+04
    0.81662E-03    0.51082E+04
    0.83311E-03    0.52046E+04
    0.84994E-03    0.53027E+04
    0.86711E-03    0.54026E+04
    0.88463E-03    0.55043E+04
    0.90250E-03    0.56079E+04
    0.92073E-03    0.57132E+04
    0.93933E-03    0.58205E+04
    0.95831E-03    0.59296E+04
    0.97767E-03    0.60407E+04
    0.99742E-03    0.61537E+04
    0.10176E-02    0.62687E+04
    0.10381E-02    0.63858E+04
    0.10591E-02    0.65049E+04
    0.10805E-02    0.66261E+04
    0.11023E-02    0.67493E+04
    0.11246E-02    0.68748E+04
    0.11473E-02    0.70024E+04
    0.11705E-02    0.71322E+04
    0.11941E-02    0.72642E+04
    0.12182E-02    0.73985E+04
    0.12429E-02    0.75350E+04
    0.12680E-02    0.76739E+04
    0.12936E-02    0.78152E+04
    0.13197E-02    0.79588E+04
    0.13464E-02    0.81048E+04
    0.13736E-02    0.82533E+04
    0.14013E-02    0.84042E+04
    0.14296E-02    0.85576E+04
    0.14585E-02    0.87136E+04
    0.14880E-02    0.88721E+04
    0.15180E-02    0.90332E+04
    0.15487E-02    0.91970E+04
    0.15800E-02    0.93634E+04
    0.16119E-02    0.95324E+04
    0.16445E-02    0.97041E+04
    0.16777E-02    0.98786E+04
    0.17116E-02    0.10056E+05
    0.17462E-02    0.10236E+05
    0.17814E-02    0.10419E+05
    0.18174E-02    0.10604E+05
    0.18541E-02    0.10793E+05
    0.18916E-02    0.10984E+05
    0.19298E-02    0.11178E+05
    0.19688E-02    0.11376E+05
    0.20086E-02    0.11576E+05
    0.20491E-02    0.11779E+05
    0.20905E-02    0.11985E+05
    0.21328E-02    0.12194E+05
    0.21758E-02    0.12406E+05
    0.22198E-02    0.12621E+05
    0.22646E-02    0.12839E+05
    0.23104E-02    0.13061E+05
    0.23571E-02    0.13285E+05
    0.24047E-02    0.13512E+05
    0.24533E-02    0.13743E+05
    0.25028E-02    0.13976E+05
    0.25534E-02    0.14213E+05
    0.26050E-02    0.14453E+05
    0.26576E-02    0.14695E+05
    0.27113E-02    0.14941E+05
    0.27660E-02    0.15190E+05
    0.28219E-02    0.15442E+05
    0.28789E-02    0.15697E+05
    0.29371E-02    0.15956E+05
    0.29964E-02    0.16217E+05
    0.30569E-02    0.16481E+05
    0.31187E-02    0.16748E+05
    0.31817E-02    0.17019E+05
    0.32460E-02    0.17292E+05
    0.33115E-02    0.17568E+05
    0.33784E-02    0.17847E+05
    0.34467E-02    0.18129E+05
    0.35163E-02    0.18414E+05
    0.35874E-02    0.18701E+05
    0.36598E-02    0.18991E+05
    0.37338E-02    0.19284E+05
    0.38092E-02    0.19580E+05
    0.38861E-02    0.19878E+05
    0.39646E-02    0.20178E+05
    0.40447E-02    0.20481E+05
    0.41264E-02    0.20786E+05
    0.42098E-02    0.21094E+05
    0.42948E-02    0.21403E+05
    0.43816E-02    0.21715E+05
    0.44701E-02    0.22029E+05
    0.45604E-02    0.22344E+05
    0.46525E-02    0.22661E+05
    0.47465E-02    0.22980E+05
    0.48424E-02    0.23301E+05
    0.49402E-02    0.23622E+05
    0.50400E-02    0.23945E+05
    0.51419E-02    0.24269E+05
    0.52457E-02    0.24594E+05
    0.53517E-02    0.24920E+05
    0.54598E-02    0.25247E+05
    0.55701E-02    0.25573E+05
    0.56826E-02    0.25900E+05
    0.57974E-02    0.26228E+05
    0.59145E-02    0.26555E+05
    0.60340E-02    0.26881E+05
    0.61559E-02    0.27207E+05
    0.62803E-02    0.27533E+05
    0.64072E-02    0.27857E+05
    0.65366E-02    0.28180E+05
    0.66686E-02    0.28501E+05
    0.68033E-02    0.28821E+05
    0.69408E-02    0.29139E+05
    0.70810E-02    0.29454E+05
    0.72240E-02    0.29767E+05
    0.73700E-02    0.30076E+05
    0.75189E-02    0.30383E+05
    0.76708E-02    0.30686E+05
    0.78257E-02    0.30985E+05
    0.79838E-02    0.31280E+05
    0.81451E-02    0.31571E+05
    0.83096E-02    0.31857E+05
    0.84775E-02    0.32137E+05
    0.86488E-02    0.32412E+05
    0.88235E-02    0.32681E+05
    0.90017E-02    0.32943E+05
    0.91836E-02    0.33199E+05
    0.93691E-02    0.33448E+05
    0.95583E-02    0.33689E+05
    0.97514E-02    0.33923E+05
    0.99484E-02    0.34148E+05
    0.10149E-01    0.34364E+05
    0.10354E-01    0.34572E+05
    0.10564E-01    0.34770E+05
    0.10777E-01    0.34958E+05
    0.10995E-01    0.35135E+05
    0.11217E-01    0.35302E+05
    0.11443E-01    0.35458E+05
    0.11675E-01    0.35602E+05
    0.11910E-01    0.35734E+05
    0.12151E-01    0.35854E+05
    0.12397E-01    0.35962E+05
    0.12647E-01    0.36056E+05
    0.12902E-01    0.36137E+05
    0.13163E-01    0.36204E+05
    0.13429E-01    0.36254E+05
    0.13700E-01    0.36289E+05
    0.13977E-01    0.36305E+05
    0.14259E-01    0.36306E+05
    0.14547E-01    0.36291E+05
    0.14841E-01    0.36262E+05
    0.15141E-01    0.36221E+05
    0.15447E-01    0.36169E+05
    0.15759E-01    0.36103E+05
    0.16077E-01    0.36021E+05
    0.16402E-01    0.35922E+05
    0.16734E-01    0.35803E+05
    0.17072E-01    0.35661E+05
    0.17416E-01    0.35498E+05
    0.17768E-01    0.35314E+05
    0.18127E-01    0.35112E+05
    0.18493E-01    0.34893E+05
    0.18867E-01    0.34657E+05
    0.19248E-01    0.34404E+05
    0.19637E-01    0.34134E+05
    0.20034E-01    0.33843E+05
    0.20438E-01    0.33532E+05
    0.20851E-01    0.33199E+05
    0.21272E-01    0.32846E+05
    0.21702E-01    0.32475E+05
    0.22141E-01    0.32088E+05
    0.22588E-01    0.31687E+05
    0.23044E-01    0.31274E+05
    0.23510E-01    0.30850E+05
    0.23985E-01    0.30415E+05
    0.24469E-01    0.29969E+05
    0.24964E-01    0.29513E+05
    0.25468E-01    0.29047E+05
    0.25982E-01    0.28572E+05
    0.26507E-01    0.28087E+05
    0.27043E-01    0.27593E+05
    0.27589E-01    0.27090E+05
    0.28146E-01    0.26579E+05
    0.28715E-01    0.26060E+05
    0.29295E-01    0.25536E+05
    0.29887E-01    0.25008E+05
    0.30490E-01    0.24477E+05
    0.31106E-01    0.23945E+05
    0.31735E-01    0.23413E+05
    0.32376E-01    0.22882E+05
    0.33030E-01    0.22353E+05
    0.33697E-01    0.21829E+05
    0.34378E-01    0.21310E+05
    0.35072E-01    0.20798E+05
    0.35781E-01    0.20295E+05
    0.36504E-01    0.19803E+05
    0.37241E-01    0.19324E+05
    0.37993E-01    0.18857E+05
    0.38761E-01    0.18405E+05
    0.39544E-01    0.17965E+05
    0.40343E-01    0.17537E+05
    0.41158E-01    0.17121E+05
    0.41989E-01    0.16716E+05
    0.42838E-01    0.16324E+05
    0.43703E-01    0.15946E+05
    0.44586E-01    0.15584E+05
    0.45486E-01    0.15240E+05
    0.46405E-01    0.14913E+05
    0.47343E-01    0.14604E+05
    0.48299E-01    0.14311E+05
    0.49275E-01    0.14032E+05
    0.50270E-01    0.13767E+05
    0.51286E-01    0.13513E+05
    0.52322E-01    0.13271E+05
    0.53379E-01    0.13037E+05
    0.54457E-01    0.12811E+05
    0.55557E-01    0.12592E+05
    0.56680E-01    0.12379E+05
    0.57825E-01    0.12170E+05
    0.58993E-01    0.11964E+05
    0.60184E-01    0.11758E+05
    0.61400E-01    0.11552E+05
    0.62641E-01    0.11342E+05
    0.63906E-01    0.11126E+05
    0.65197E-01    0.10903E+05
    0.66514E-01    0.10670E+05
    0.67858E-01    0.10425E+05
    0.69229E-01    0.10172E+05
    0.70627E-01    0.99095E+04
    0.72054E-01    0.96389E+04
    0.73510E-01    0.93573E+04
    0.74994E-01    0.90628E+04
    0.76509E-01    0.87563E+04
    0.78055E-01    0.84422E+04
    0.79632E-01    0.81247E+04
    0.81241E-01    0.78066E+04
    0.82882E-01    0.74901E+04
    0.84556E-01    0.71775E+04
    0.86264E-01    0.68718E+04
    0.88007E-01    0.65756E+04
    0.89785E-01    0.62916E+04
    0.91598E-01    0.60222E+04
    0.93449E-01    0.57693E+04
    0.95337E-01    0.55350E+04
    0.97263E-01    0.53208E+04
    0.99227E-01    0.51278E+04
    0.10123E+00    0.49558E+04
    0.10328E+00    0.48046E+04
    0.10536E+00    0.46723E+04
    0.10749E+00    0.45566E+04
    0.10966E+00    0.44545E+04
    0.11188E+00    0.43623E+04
    0.11414E+00    0.42763E+04
    0.11644E+00    0.41925E+04
    0.11880E+00    0.41073E+04
    0.12120E+00    0.40175E+04
    0.12365E+00    0.39203E+04
    0.12614E+00    0.38136E+04
    0.12869E+00    0.36965E+04
    0.13129E+00    0.35686E+04
    0.13394E+00    0.34309E+04
    0.13665E+00    0.32853E+04
    0.13941E+00    0.31345E+04
    0.14223E+00    0.29818E+04
    0.14510E+00    0.28312E+04
    0.14803E+00    0.26865E+04
    0.15102E+00    0.25514E+04
    0.15407E+00    0.24292E+04
    0.15718E+00    0.23219E+04
    0.16036E+00    0.22300E+04
    0.16360E+00    0.21528E+04
    0.16690E+00    0.20880E+04
    0.17028E+00    0.20327E+04
    0.17371E+00    0.19837E+04
    0.17722E+00    0.19374E+04
    0.18080E+00    0.18904E+04
    0.18446E+00    0.18393E+04
    0.18818E+00    0.17814E+04
    0.19198E+00    0.17157E+04
    0.19586E+00    0.16431E+04
    0.19982E+00    0.15660E+04
    0.20386E+00    0.14875E+04
    0.20797E+00    0.14110E+04
    0.21218E+00    0.13392E+04
    0.21646E+00    0.12745E+04
    0.22083E+00    0.12186E+04
    0.22530E+00    0.11715E+04
    0.22985E+00    0.11320E+04
    0.23449E+00    0.10977E+04
    0.23923E+00    0.10658E+04
    0.24406E+00    0.10336E+04
    0.24899E+00    0.99882E+03
    0.25402E+00    0.96037E+03
    0.25915E+00    0.91857E+03
    0.26439E+00    0.87503E+03
    0.26973E+00    0.83191E+03
    0.27518E+00    0.79131E+03
    0.28074E+00    0.75475E+03
    0.28641E+00    0.72292E+03
    0.29219E+00    0.69543E+03
    0.29810E+00    0.67092E+03
    0.30412E+00    0.64762E+03
    0.31026E+00    0.62395E+03
    0.31653E+00    0.59901E+03
    0.32292E+00    0.57285E+03
    0.32945E+00    0.54630E+03
    0.33610E+00    0.52059E+03
    0.34289E+00    0.49682E+03
    0.34982E+00    0.47547E+03
    0.35689E+00    0.45629E+03
    0.36409E+00    0.43853E+03
    0.37145E+00    0.42132E+03
    0.37895E+00    0.40398E+03
    0.38661E+00    0.38634E+03
    0.39442E+00    0.36886E+03
    0.40239E+00    0.35212E+03
    0.41052E+00    0.33653E+03
    0.41881E+00    0.32218E+03
    0.42727E+00    0.30881E+03
    0.43590E+00    0.29591E+03
    0.44471E+00    0.28323E+03
    0.45369E+00    0.27072E+03
    0.46286E+00    0.25857E+03
    0.47221E+00    0.24706E+03
    0.48174E+00    0.23626E+03
    0.49148E+00    0.22607E+03
    0.50141E+00    0.21630E+03
    0.51153E+00    0.20680E+03
    0.52187E+00    0.19759E+03
    0.53241E+00    0.18875E+03
    0.54317E+00    0.18037E+03
    0.55414E+00    0.17242E+03
    0.56533E+00    0.16481E+03
    0.57675E+00    0.15748E+03
    0.58840E+00    0.15043E+03
    0.60029E+00    0.14368E+03
    0.61242E+00    0.13725E+03
    0.62479E+00    0.13111E+03
    0.63741E+00    0.12522E+03
    0.65029E+00    0.11959E+03
    0.66342E+00    0.11420E+03
    0.67683E+00    0.10905E+03
    0.69050E+00    0.10412E+03
    0.70445E+00    0.99407E+02
    0.71868E+00    0.94904E+02
    0.73320E+00    0.90600E+02
    0.74801E+00    0.86487E+02
    0.76312E+00    0.82554E+02
    0.77854E+00    0.78793E+02
    0.79426E+00    0.75197E+02
    0.81031E+00    0.71758E+02
    0.82668E+00    0.68472E+02
    0.84338E+00    0.65331E+02
    0.86041E+00    0.62329E+02
    0.87780E+00    0.59462E+02
    0.89553E+00    0.56723E+02
    0.91362E+00    0.54106E+02
    0.93208E+00    0.51608E+02
    0.95091E+00    0.49222E+02
    0.97011E+00    0.46943E+02
    0.98971E+00    0.44768E+02
    0.10097E+01    0.42691E+02
    0.10301E+01    0.40708E+02
    0.10509E+01    0.38814E+02
    0.10721E+01    0.37007E+02
    0.10938E+01    0.35282E+02
    0.11159E+01    0.33636E+02
    0.11384E+01    0.32064E+02
    0.11614E+01    0.30564E+02
    0.11849E+01    0.29133E+02
    0.12088E+01    0.27768E+02
    0.12333E+01    0.26465E+02
    0.12582E+01    0.25221E+02
    0.12836E+01    0.24035E+02
    0.13095E+01    0.22904E+02
    0.13360E+01    0.21824E+02
    0.13630E+01    0.20794E+02
    0.13905E+01    0.19812E+02
    0.14186E+01    0.18875E+02
    0.14472E+01    0.17981E+02
    0.14765E+01    0.17129E+02
    0.15063E+01    0.16316E+02
    0.15367E+01    0.15540E+02
    0.15678E+01    0.14801E+02
    0.15994E+01    0.14096E+02
    0.16318E+01    0.13423E+02
    0.16647E+01    0.12782E+02
    0.16984E+01    0.12171E+02
    0.17327E+01    0.11588E+02
    0.17677E+01    0.11032E+02
    0.18034E+01    0.10503E+02
    0.18398E+01    0.99979E+01
    0.18770E+01    0.95168E+01
    0.19149E+01    0.90584E+01
    0.19536E+01    0.86216E+01
    0.19930E+01    0.82056E+01
    0.20333E+01    0.78093E+01
    0.20744E+01    0.74319E+01
    0.21163E+01    0.70725E+01
    0.21590E+01    0.67303E+01
    0.22026E+01    0.64045E+01
    0.22471E+01    0.60944E+01
    0.22925E+01    0.57991E+01
    0.23388E+01    0.55181E+01
    0.23861E+01    0.52507E+01
    0.24343E+01    0.49962E+01
