  0.102076E-04  0.184946E+08  0.184946E+08  0.246465E+08  0.246461E+08  0.184946E+08  0.184946E+08  0.184946E+08  0.185007E+08 -0.449288E+00  0.922380E+07  0.922380E+07  0.565822E+01
  0.112819E-04  0.184945E+08  0.184945E+08  0.246436E+08  0.246431E+08  0.184946E+08  0.184946E+08  0.184945E+08  0.185007E+08 -0.449288E+00  0.922380E+07  0.922380E+07  0.625353E+01
  0.124693E-04  0.184945E+08  0.184945E+08  0.246401E+08  0.246395E+08  0.184946E+08  0.184945E+08  0.184945E+08  0.185007E+08 -0.449288E+00  0.922379E+07  0.922379E+07  0.691142E+01
  0.137816E-04  0.184945E+08  0.184945E+08  0.246358E+08  0.246351E+08  0.184946E+08  0.184945E+08  0.184945E+08  0.185007E+08 -0.449287E+00  0.922379E+07  0.922379E+07  0.763847E+01
  0.152321E-04  0.184945E+08  0.184945E+08  0.246305E+08  0.246297E+08  0.184946E+08  0.184945E+08  0.184945E+08  0.185007E+08 -0.449287E+00  0.922378E+07  0.922378E+07  0.844192E+01
  0.168352E-04  0.184945E+08  0.184945E+08  0.246241E+08  0.246231E+08  0.184946E+08  0.184945E+08  0.184945E+08  0.185007E+08 -0.449287E+00  0.922378E+07  0.922378E+07  0.932976E+01
  0.186070E-04  0.184945E+08  0.184945E+08  0.246163E+08  0.246150E+08  0.184946E+08  0.184945E+08  0.184945E+08  0.185007E+08 -0.449286E+00  0.922377E+07  0.922377E+07  0.103108E+02
  0.205653E-04  0.184945E+08  0.184945E+08  0.246068E+08  0.246052E+08  0.184946E+08  0.184945E+08  0.184945E+08  0.185006E+08 -0.449286E+00  0.922377E+07  0.922377E+07  0.113948E+02
  0.227297E-04  0.184945E+08  0.184945E+08  0.245951E+08  0.245932E+08  0.184946E+08  0.184945E+08  0.184945E+08  0.185006E+08 -0.449285E+00  0.922376E+07  0.922376E+07  0.125925E+02
  0.251219E-04  0.184944E+08  0.184944E+08  0.245809E+08  0.245786E+08  0.184945E+08  0.184945E+08  0.184944E+08  0.185006E+08 -0.449285E+00  0.922374E+07  0.922374E+07  0.139157E+02
  0.277659E-04  0.184944E+08  0.184944E+08  0.245635E+08  0.245607E+08  0.184945E+08  0.184944E+08  0.184944E+08  0.185006E+08 -0.449284E+00  0.922373E+07  0.922373E+07  0.153775E+02
  0.306881E-04  0.184944E+08  0.184944E+08  0.245423E+08  0.245389E+08  0.184945E+08  0.184944E+08  0.184944E+08  0.185005E+08 -0.449283E+00  0.922371E+07  0.922371E+07  0.169920E+02
  0.339179E-04  0.184943E+08  0.184943E+08  0.245165E+08  0.245122E+08  0.184944E+08  0.184943E+08  0.184943E+08  0.185005E+08 -0.449281E+00  0.922369E+07  0.922369E+07  0.187752E+02
  0.374876E-04  0.184943E+08  0.184943E+08  0.244849E+08  0.244797E+08  0.184944E+08  0.184943E+08  0.184943E+08  0.185004E+08 -0.449280E+00  0.922367E+07  0.922366E+07  0.207442E+02
  0.414330E-04  0.184942E+08  0.184942E+08  0.244464E+08  0.244401E+08  0.184943E+08  0.184942E+08  0.184942E+08  0.185003E+08 -0.449278E+00  0.922364E+07  0.922363E+07  0.229181E+02
  0.457936E-04  0.184942E+08  0.184941E+08  0.243994E+08  0.243917E+08  0.184942E+08  0.184942E+08  0.184942E+08  0.185003E+08 -0.449275E+00  0.922360E+07  0.922359E+07  0.253174E+02
  0.506132E-04  0.184941E+08  0.184940E+08  0.243421E+08  0.243328E+08  0.184941E+08  0.184941E+08  0.184941E+08  0.185001E+08 -0.449273E+00  0.922355E+07  0.922355E+07  0.279648E+02
  0.559400E-04  0.184939E+08  0.184939E+08  0.242723E+08  0.242609E+08  0.184940E+08  0.184940E+08  0.184939E+08  0.185000E+08 -0.449269E+00  0.922349E+07  0.922349E+07  0.308848E+02
  0.618274E-04  0.184938E+08  0.184938E+08  0.241873E+08  0.241734E+08  0.184939E+08  0.184938E+08  0.184938E+08  0.184999E+08 -0.449265E+00  0.922342E+07  0.922342E+07  0.341042E+02
  0.683345E-04  0.184936E+08  0.184936E+08  0.240839E+08  0.240669E+08  0.184937E+08  0.184936E+08  0.184936E+08  0.184997E+08 -0.449259E+00  0.922334E+07  0.922333E+07  0.376515E+02
  0.755264E-04  0.184934E+08  0.184934E+08  0.239580E+08  0.239374E+08  0.184935E+08  0.184934E+08  0.184934E+08  0.184994E+08 -0.449253E+00  0.922323E+07  0.922322E+07  0.415575E+02
  0.834752E-04  0.184932E+08  0.184931E+08  0.238051E+08  0.237800E+08  0.184933E+08  0.184932E+08  0.184932E+08  0.184991E+08 -0.449245E+00  0.922310E+07  0.922309E+07  0.458550E+02
  0.922605E-04  0.184929E+08  0.184928E+08  0.236195E+08  0.235890E+08  0.184929E+08  0.184929E+08  0.184929E+08  0.184988E+08 -0.449236E+00  0.922295E+07  0.922294E+07  0.505783E+02
  0.101971E-03  0.184925E+08  0.184924E+08  0.233946E+08  0.233576E+08  0.184926E+08  0.184925E+08  0.184925E+08  0.184983E+08 -0.449224E+00  0.922276E+07  0.922274E+07  0.557632E+02
  0.112702E-03  0.184920E+08  0.184920E+08  0.231225E+08  0.230778E+08  0.184921E+08  0.184920E+08  0.184920E+08  0.184978E+08 -0.449210E+00  0.922253E+07  0.922251E+07  0.614462E+02
  0.124564E-03  0.184915E+08  0.184914E+08  0.227940E+08  0.227400E+08  0.184915E+08  0.184915E+08  0.184915E+08  0.184972E+08 -0.449193E+00  0.922224E+07  0.922222E+07  0.676634E+02
  0.137674E-03  0.184908E+08  0.184907E+08  0.223986E+08  0.223335E+08  0.184908E+08  0.184908E+08  0.184908E+08  0.184964E+08 -0.449171E+00  0.922190E+07  0.922187E+07  0.744495E+02
  0.152163E-03  0.184900E+08  0.184898E+08  0.219241E+08  0.218459E+08  0.184900E+08  0.184900E+08  0.184899E+08  0.184954E+08 -0.449146E+00  0.922148E+07  0.922144E+07  0.818358E+02
  0.168178E-03  0.184890E+08  0.184888E+08  0.213570E+08  0.212634E+08  0.184890E+08  0.184889E+08  0.184889E+08  0.184943E+08 -0.449115E+00  0.922097E+07  0.922092E+07  0.898474E+02
  0.185878E-03  0.184877E+08  0.184875E+08  0.206825E+08  0.205710E+08  0.184877E+08  0.184877E+08  0.184877E+08  0.184928E+08 -0.449077E+00  0.922034E+07  0.922029E+07  0.985005E+02
  0.205440E-03  0.184862E+08  0.184860E+08  0.198852E+08  0.197530E+08  0.184862E+08  0.184862E+08  0.184862E+08  0.184911E+08 -0.449032E+00  0.921958E+07  0.921951E+07  0.107797E+03
  0.227062E-03  0.184844E+08  0.184841E+08  0.189497E+08  0.187941E+08  0.184844E+08  0.184843E+08  0.184843E+08  0.184891E+08 -0.448976E+00  0.921866E+07  0.921858E+07  0.117721E+03
  0.250959E-03  0.184822E+08  0.184818E+08  0.178620E+08  0.176805E+08  0.184821E+08  0.184821E+08  0.184821E+08  0.184866E+08 -0.448910E+00  0.921753E+07  0.921743E+07  0.128229E+03
  0.277372E-03  0.184795E+08  0.184791E+08  0.166117E+08  0.164022E+08  0.184794E+08  0.184794E+08  0.184794E+08  0.184835E+08 -0.448829E+00  0.921616E+07  0.921605E+07  0.139243E+03
  0.306564E-03  0.184762E+08  0.184757E+08  0.151948E+08  0.149560E+08  0.184761E+08  0.184761E+08  0.184761E+08  0.184799E+08 -0.448733E+00  0.921451E+07  0.921437E+07  0.150643E+03
  0.338828E-03  0.184723E+08  0.184717E+08  0.136169E+08  0.133491E+08  0.184721E+08  0.184722E+08  0.184722E+08  0.184755E+08 -0.448617E+00  0.921250E+07  0.921234E+07  0.162255E+03
  0.374488E-03  0.184675E+08  0.184668E+08  0.118981E+08  0.116038E+08  0.184672E+08  0.184674E+08  0.184674E+08  0.184703E+08 -0.448479E+00  0.921008E+07  0.920988E+07  0.173844E+03
  0.413901E-03  0.184618E+08  0.184609E+08  0.100771E+08  0.976175E+07  0.184614E+08  0.184616E+08  0.184616E+08  0.184641E+08 -0.448315E+00  0.920715E+07  0.920692E+07  0.185106E+03
  0.457462E-03  0.184549E+08  0.184538E+08  0.821469E+07  0.788739E+07  0.184544E+08  0.184547E+08  0.184547E+08  0.184567E+08 -0.448121E+00  0.920364E+07  0.920337E+07  0.195665E+03
  0.505608E-03  0.184466E+08  0.184453E+08  0.639433E+07  0.606812E+07  0.184460E+08  0.184463E+08  0.184464E+08  0.184479E+08 -0.447893E+00  0.919942E+07  0.919911E+07  0.205088E+03
  0.558821E-03  0.184367E+08  0.184352E+08  0.471694E+07  0.440839E+07  0.184360E+08  0.184364E+08  0.184364E+08  0.184376E+08 -0.447626E+00  0.919438E+07  0.919402E+07  0.212901E+03
  0.617635E-03  0.184249E+08  0.184232E+08  0.328746E+07  0.301498E+07  0.184240E+08  0.184246E+08  0.184246E+08  0.184254E+08 -0.447313E+00  0.918838E+07  0.918797E+07  0.218624E+03
  0.682638E-03  0.184109E+08  0.184090E+08  0.219156E+07  0.197205E+07  0.184098E+08  0.184106E+08  0.184106E+08  0.184111E+08 -0.446950E+00  0.918126E+07  0.918081E+07  0.221832E+03
  0.754482E-03  0.183944E+08  0.183922E+08  0.146559E+07  0.130974E+07  0.183931E+08  0.183940E+08  0.183941E+08  0.183944E+08 -0.446529E+00  0.917287E+07  0.917237E+07  0.222206E+03
  0.833888E-03  0.183750E+08  0.183725E+08  0.107054E+07  0.977890E+06  0.183733E+08  0.183745E+08  0.183746E+08  0.183748E+08 -0.446041E+00  0.916301E+07  0.916246E+07  0.219596E+03
  0.921651E-03  0.183523E+08  0.183495E+08  0.889382E+06  0.845716E+06  0.183502E+08  0.183517E+08  0.183518E+08  0.183519E+08 -0.445476E+00  0.915149E+07  0.915090E+07  0.214040E+03
  0.101865E-02  0.183257E+08  0.183226E+08  0.767211E+06  0.747401E+06  0.183231E+08  0.183250E+08  0.183252E+08  0.183252E+08 -0.444821E+00  0.913807E+07  0.913744E+07  0.205750E+03
  0.112586E-02  0.182948E+08  0.182914E+08  0.592241E+06  0.569916E+06  0.182916E+08  0.182940E+08  0.182942E+08  0.182942E+08 -0.444063E+00  0.912249E+07  0.912183E+07  0.195049E+03
  0.124435E-02  0.182588E+08  0.182553E+08  0.369040E+06  0.329237E+06  0.182550E+08  0.182580E+08  0.182582E+08  0.182581E+08 -0.443184E+00  0.910444E+07  0.910376E+07  0.182321E+03
  0.137531E-02  0.182172E+08  0.182135E+08  0.200064E+06  0.145534E+06  0.182125E+08  0.182163E+08  0.182166E+08  0.182164E+08 -0.442167E+00  0.908358E+07  0.908289E+07  0.168012E+03
  0.152006E-02  0.181692E+08  0.181654E+08  0.150301E+06  0.941735E+05  0.181634E+08  0.181682E+08  0.181685E+08  0.181682E+08 -0.440995E+00  0.905952E+07  0.905882E+07  0.152709E+03
  0.168004E-02  0.181138E+08  0.181100E+08  0.141542E+06 -0.287925E+06  0.181067E+08  0.181127E+08  0.181132E+08  0.181127E+08 -0.439646E+00  0.903183E+07  0.903114E+07  0.137174E+03
  0.185685E-02  0.180502E+08  0.180464E+08  0.734960E+05 -0.234862E+06  0.180415E+08  0.180490E+08  0.180496E+08  0.180490E+08 -0.438098E+00  0.900001E+07  0.899933E+07  0.122224E+03
  0.205228E-02  0.179773E+08  0.179735E+08  0.107548E+05 -0.191478E+06  0.179667E+08  0.179760E+08  0.179767E+08  0.179760E+08 -0.436323E+00  0.896355E+07  0.896289E+07  0.108534E+03
  0.226827E-02  0.178939E+08  0.178900E+08  0.241844E+05 -0.156015E+06  0.178810E+08  0.178924E+08  0.178933E+08  0.178924E+08 -0.434294E+00  0.892186E+07  0.892121E+07  0.965657E+02
  0.250700E-02  0.177988E+08  0.177948E+08  0.119111E+05 -0.127034E+06  0.177831E+08  0.177971E+08  0.177981E+08  0.177971E+08 -0.431979E+00  0.887430E+07  0.887366E+07  0.865186E+02
  0.277085E-02  0.176905E+08  0.176864E+08 -0.880761E+04 -0.103358E+06  0.176715E+08  0.176886E+08  0.176898E+08  0.176886E+08 -0.429344E+00  0.882019E+07  0.881954E+07  0.781801E+02
  0.306246E-02  0.175677E+08  0.175633E+08 -0.669601E+03 -0.840213E+05  0.175446E+08  0.175654E+08  0.175670E+08  0.175654E+08 -0.426354E+00  0.875877E+07  0.875812E+07  0.710124E+02
  0.338478E-02  0.174286E+08  0.174240E+08 -0.159369E+05 -0.682357E+05  0.174007E+08  0.174260E+08  0.174279E+08  0.174260E+08 -0.422969E+00  0.868926E+07  0.868861E+07  0.644353E+02
  0.374101E-02  0.172717E+08  0.172668E+08 -0.122255E+05 -0.553551E+05  0.172379E+08  0.172686E+08  0.172709E+08  0.172686E+08 -0.419149E+00  0.861081E+07  0.861016E+07  0.580973E+02
  0.413473E-02  0.170951E+08  0.170899E+08 -0.123935E+05 -0.448507E+05  0.170544E+08  0.170915E+08  0.170942E+08  0.170915E+08 -0.414850E+00  0.852253E+07  0.852188E+07  0.520835E+02
  0.456989E-02  0.168970E+08  0.168915E+08 -0.116382E+05 -0.362895E+05  0.168481E+08  0.168927E+08  0.168961E+08  0.168927E+08 -0.410026E+00  0.842346E+07  0.842282E+07  0.467006E+02
  0.505085E-02  0.166754E+08  0.166694E+08 -0.657334E+04 -0.293172E+05  0.166168E+08  0.166704E+08  0.166744E+08  0.166704E+08 -0.404629E+00  0.831264E+07  0.831200E+07  0.420729E+02
  0.558243E-02  0.164283E+08  0.164217E+08 -0.589964E+04 -0.236435E+05  0.163584E+08  0.164224E+08  0.164272E+08  0.164224E+08 -0.398610E+00  0.818906E+07  0.818842E+07  0.379756E+02
  0.616996E-02  0.161537E+08  0.161464E+08 -0.605507E+04 -0.190312E+05  0.160706E+08  0.161468E+08  0.161525E+08  0.161468E+08 -0.391921E+00  0.805171E+07  0.805108E+07  0.341564E+02
  0.681932E-02  0.158496E+08  0.158415E+08 -0.590126E+04 -0.152856E+05  0.157513E+08  0.158415E+08  0.158482E+08  0.158415E+08 -0.384511E+00  0.789957E+07  0.789894E+07  0.306726E+02
  0.753702E-02  0.155139E+08  0.155048E+08 -0.560769E+04 -0.122478E+05  0.153984E+08  0.155045E+08  0.155124E+08  0.155045E+08 -0.376330E+00  0.773160E+07  0.773098E+07  0.276217E+02
  0.833025E-02  0.151446E+08  0.151343E+08 -0.333730E+04 -0.978730E+04  0.150096E+08  0.151336E+08  0.151429E+08  0.151336E+08 -0.367329E+00  0.754680E+07  0.754618E+07  0.248801E+02
  0.920698E-02  0.147397E+08  0.147279E+08 -0.463552E+04 -0.779762E+04  0.145830E+08  0.147270E+08  0.147377E+08  0.147270E+08 -0.357459E+00  0.734418E+07  0.734356E+07  0.224083E+02
  0.101760E-01  0.142973E+08  0.142839E+08 -0.305605E+04 -0.619151E+04  0.141170E+08  0.142828E+08  0.142951E+08  0.142828E+08 -0.346677E+00  0.712282E+07  0.712221E+07  0.202171E+02
  0.112469E-01  0.138159E+08  0.138006E+08 -0.283025E+04 -0.489765E+04  0.136100E+08  0.137993E+08  0.138134E+08  0.137993E+08 -0.334942E+00  0.688191E+07  0.688130E+07  0.182516E+02
  0.124306E-01  0.132943E+08  0.132767E+08 -0.256683E+04 -0.385780E+04  0.130613E+08  0.132755E+08  0.132914E+08  0.132755E+08 -0.322228E+00  0.662091E+07  0.662029E+07  0.165087E+02
  0.137389E-01  0.127323E+08  0.127121E+08 -0.199325E+04 -0.302444E+04  0.124708E+08  0.127111E+08  0.127289E+08  0.127111E+08 -0.308530E+00  0.633969E+07  0.633908E+07  0.149515E+02
  0.151849E-01  0.121307E+08  0.121076E+08 -0.128911E+04 -0.235879E+04  0.118401E+08  0.121070E+08  0.121269E+08  0.121070E+08 -0.293869E+00  0.603872E+07  0.603810E+07  0.135652E+02
  0.167830E-01  0.115025E+08  0.114761E+08 -0.125916E+04 -0.183088E+04  0.111821E+08  0.114762E+08  0.114980E+08  0.114762E+08 -0.278557E+00  0.572441E+07  0.572379E+07  0.123318E+02
  0.185493E-01  0.108286E+08  0.107987E+08 -0.919459E+03 -0.141094E+04  0.104791E+08  0.107998E+08  0.108236E+08  0.107998E+08 -0.262140E+00  0.538738E+07  0.538675E+07  0.112108E+02
  0.205016E-01  0.101238E+08  0.100901E+08 -0.583573E+03 -0.107981E+04  0.974635E+07  0.100924E+08  0.101181E+08  0.100924E+08 -0.244971E+00  0.503493E+07  0.503430E+07  0.101858E+02
  0.226592E-01  0.938640E+07  0.934897E+07 -0.522358E+03 -0.819551E+03  0.898375E+07  0.935270E+07  0.938011E+07  0.935270E+07 -0.227018E+00  0.466634E+07  0.466571E+07  0.922784E+01
  0.250440E-01  0.864116E+07  0.860018E+07 -0.389976E+03 -0.617630E+03  0.821624E+07  0.860536E+07  0.863428E+07  0.860536E+07 -0.208879E+00  0.429394E+07  0.429332E+07  0.831983E+01
  0.276798E-01  0.789812E+07  0.785414E+07 -0.256376E+03 -0.462138E+03  0.745432E+07  0.786055E+07  0.789073E+07  0.786055E+07 -0.190801E+00  0.392280E+07  0.392218E+07  0.743545E+01
  0.305930E-01  0.716327E+07  0.711722E+07 -0.261662E+03 -0.343135E+03  0.670434E+07  0.712434E+07  0.715554E+07  0.712434E+07 -0.172932E+00  0.355591E+07  0.355531E+07  0.655237E+01
  0.338127E-01  0.645580E+07  0.640908E+07 -0.184304E+03 -0.253181E+03  0.598511E+07  0.641595E+07  0.644795E+07  0.641595E+07 -0.155738E+00  0.320289E+07  0.320231E+07  0.565834E+01
  0.373714E-01  0.579804E+07  0.575247E+07 -0.126823E+03 -0.186176E+03  0.531822E+07  0.575773E+07  0.579039E+07  0.575773E+07 -0.139762E+00  0.287486E+07  0.287433E+07  0.475362E+01
  0.413045E-01  0.521106E+07  0.516874E+07 -0.776589E+02 -0.137016E+03  0.472178E+07  0.517061E+07  0.520396E+07  0.517061E+07 -0.125512E+00  0.258228E+07  0.258180E+07  0.385378E+01
  0.454350E-01  0.471768E+07  0.468040E+07  0.263874E+02 -0.102558E+03  0.422112E+07  0.467751E+07  0.471142E+07  0.467751E+07 -0.113544E+00  0.233657E+07  0.233616E+07  0.302593E+01
  0.495654E-01  0.433355E+07  0.430216E+07  0.202844E+02 -0.792008E+02  0.382859E+07  0.429373E+07  0.432828E+07  0.429373E+07 -0.104229E+00  0.214537E+07  0.214502E+07  0.233281E+01
  0.536959E-01  0.402666E+07  0.400118E+07  0.159942E+02 -0.627416E+02  0.351239E+07  0.398711E+07  0.402238E+07  0.398711E+07 -0.967873E-01  0.199266E+07  0.199237E+07  0.178056E+01
  0.578264E-01  0.376978E+07  0.374950E+07  0.128579E+02 -0.506777E+02  0.324648E+07  0.373042E+07  0.376637E+07  0.373042E+07 -0.905572E-01  0.186483E+07  0.186460E+07  0.136630E+01
  0.619568E-01  0.354403E+07  0.352775E+07  0.104855E+02 -0.415270E+02  0.301314E+07  0.350477E+07  0.354130E+07  0.350477E+07 -0.850807E-01  0.175247E+07  0.175227E+07  0.107831E+01
  0.660873E-01  0.333261E+07  0.331889E+07  0.862828E+01 -0.343403E+02  0.279708E+07  0.329343E+07  0.333031E+07  0.329343E+07 -0.799512E-01  0.164721E+07  0.164703E+07  0.896114E+00
  0.702177E-01  0.312554E+07  0.311297E+07  0.713586E+01 -0.285439E+02  0.258941E+07  0.308650E+07  0.312343E+07  0.308650E+07 -0.749288E-01  0.154411E+07  0.154394E+07  0.794741E+00
  0.743482E-01  0.292229E+07  0.290969E+07  0.592363E+01 -0.238160E+02  0.238968E+07  0.288349E+07  0.292018E+07  0.288349E+07 -0.700013E-01  0.144292E+07  0.144275E+07  0.748365E+00
  0.784786E-01  0.271954E+07  0.270613E+07  0.492433E+01 -0.199005E+02  0.219504E+07  0.268117E+07  0.271729E+07  0.268117E+07 -0.650906E-01  0.134203E+07  0.134185E+07  0.731367E+00
  0.826091E-01  0.252506E+07  0.251049E+07  0.410671E+01 -0.166825E+02  0.201164E+07  0.248728E+07  0.252262E+07  0.248728E+07 -0.603843E-01  0.124530E+07  0.124512E+07  0.723804E+00
  0.867395E-01  0.234423E+07  0.232858E+07  0.344161E+01 -0.140534E+02  0.184338E+07  0.230715E+07  0.234160E+07  0.230715E+07 -0.560119E-01  0.115541E+07  0.115522E+07  0.710826E+00
  0.918936E-01  0.214428E+07  0.212788E+07  0.278834E+01 -0.114592E+02  0.165906E+07  0.210816E+07  0.214153E+07  0.210816E+07 -0.511819E-01  0.105609E+07  0.105591E+07  0.674521E+00
  0.970477E-01  0.197812E+07  0.196194E+07  0.229315E+01 -0.948372E+01  0.150614E+07  0.194295E+07  0.197540E+07  0.194295E+07 -0.471716E-01  0.973634E+06  0.973455E+06  0.612610E+00
  0.102202E+00  0.184726E+07  0.183228E+07  0.192034E+01 -0.799102E+01  0.138439E+07  0.181291E+07  0.184474E+07  0.181291E+07 -0.440151E-01  0.908749E+06  0.908586E+06  0.531486E+00
  0.107356E+00  0.174699E+07  0.173391E+07  0.163725E+01 -0.685426E+01  0.128889E+07  0.171326E+07  0.174479E+07  0.171326E+07 -0.415965E-01  0.859062E+06  0.858920E+06  0.443063E+00
  0.112510E+00  0.166754E+07  0.165662E+07  0.141560E+01 -0.596164E+01  0.121132E+07  0.163428E+07  0.166570E+07  0.163428E+07 -0.396794E-01  0.819703E+06  0.819581E+06  0.359990E+00
  0.117664E+00  0.159814E+07  0.158919E+07  0.123414E+01 -0.522817E+01  0.114316E+07  0.156527E+07  0.159663E+07  0.156527E+07 -0.380046E-01  0.785324E+06  0.785220E+06  0.292124E+00
  0.122818E+00  0.153038E+07  0.152289E+07  0.107917E+01 -0.459867E+01  0.107802E+07  0.149793E+07  0.152913E+07  0.149793E+07 -0.363700E-01  0.751756E+06  0.751666E+06  0.244561E+00
  0.127972E+00  0.145940E+07  0.145267E+07  0.942975E+00 -0.404208E+01  0.101240E+07  0.142744E+07  0.145827E+07  0.142744E+07 -0.346589E-01  0.716586E+06  0.716502E+06  0.217259E+00
  0.133126E+00  0.138382E+07  0.137720E+07  0.821884E+00 -0.354394E+01  0.945421E+06  0.135246E+07  0.138270E+07  0.135246E+07 -0.328391E-01  0.679145E+06  0.679063E+06  0.206037E+00
  0.138280E+00  0.130522E+07  0.129825E+07  0.714654E+00 -0.309986E+01  0.878249E+06  0.127460E+07  0.130405E+07  0.127460E+07 -0.309489E-01  0.640228E+06  0.640143E+06  0.204418E+00
  0.143435E+00  0.122707E+07  0.121956E+07  0.621110E+00 -0.271002E+01  0.813253E+06  0.119728E+07  0.122581E+07  0.119728E+07 -0.290719E-01  0.601561E+06  0.601472E+06  0.205649E+00
  0.148589E+00  0.115360E+07  0.114563E+07  0.541237E+00 -0.237531E+01  0.753146E+06  0.112466E+07  0.115226E+07  0.112466E+07 -0.273090E-01  0.565231E+06  0.565140E+06  0.204346E+00
  0.153743E+00  0.108866E+07  0.108049E+07  0.474635E+00 -0.209495E+01  0.700245E+06  0.106052E+07  0.108729E+07  0.106052E+07 -0.257520E-01  0.533142E+06  0.533051E+06  0.197453E+00
  0.158897E+00  0.103450E+07  0.102650E+07  0.420133E+00 -0.186478E+01  0.655688E+06  0.100705E+07  0.103316E+07  0.100705E+07 -0.244539E-01  0.506398E+06  0.506310E+06  0.184399E+00
  0.164051E+00  0.990907E+06  0.983415E+06  0.375728E+00 -0.167681E+01  0.618992E+06  0.964016E+06  0.989649E+06  0.964016E+06 -0.234092E-01  0.484884E+06  0.484802E+06  0.166617E+00
  0.169205E+00  0.955610E+06  0.948854E+06  0.339025E+00 -0.152111E+01  0.588424E+06  0.929161E+06  0.954476E+06  0.929161E+06 -0.225631E-01  0.467473E+06  0.467398E+06  0.146719E+00
  0.174359E+00  0.925558E+06  0.919606E+06  0.307832E+00 -0.138844E+01  0.561858E+06  0.899476E+06  0.924558E+06  0.899476E+06 -0.218425E-01  0.452652E+06  0.452586E+06  0.127577E+00
  0.179513E+00  0.897786E+06  0.892555E+06  0.280425E+00 -0.127144E+01  0.537342E+06  0.872042E+06  0.896908E+06  0.872042E+06 -0.211766E-01  0.438956E+06  0.438896E+06  0.111520E+00
  0.184667E+00  0.869726E+06  0.865020E+06  0.255538E+00 -0.116468E+01  0.513242E+06  0.844338E+06  0.868936E+06  0.844338E+06 -0.205041E-01  0.425117E+06  0.425062E+06  0.998321E-01
  0.189821E+00  0.839653E+06  0.835228E+06  0.232421E+00 -0.106484E+01  0.488593E+06  0.814684E+06  0.838910E+06  0.814684E+06 -0.197842E-01  0.410287E+06  0.410234E+06  0.926247E-01
  0.194975E+00  0.807251E+06  0.802881E+06  0.210820E+00 -0.970885E+00  0.463217E+06  0.782776E+06  0.806518E+06  0.782776E+06 -0.190096E-01  0.394314E+06  0.394262E+06  0.890516E-01
  0.200130E+00  0.773551E+06  0.769080E+06  0.190860E+00 -0.883516E+00  0.437741E+06  0.749629E+06  0.772801E+06  0.749629E+06 -0.182049E-01  0.377707E+06  0.377655E+06  0.877010E-01
  0.205284E+00  0.740146E+06  0.735511E+06  0.172763E+00 -0.803849E+00  0.413076E+06  0.716802E+06  0.739368E+06  0.716802E+06 -0.174079E-01  0.361253E+06  0.361199E+06  0.870293E-01
  0.210438E+00  0.708536E+06  0.703769E+06  0.156667E+00 -0.732652E+00  0.390033E+06  0.685765E+06  0.707736E+06  0.685765E+06 -0.166543E-01  0.345691E+06  0.345637E+06  0.857499E-01
  0.215592E+00  0.679910E+06  0.675110E+06  0.142597E+00 -0.670181E+00  0.369203E+06  0.657673E+06  0.679104E+06  0.657673E+06 -0.159723E-01  0.331606E+06  0.331553E+06  0.830913E-01
  0.220746E+00  0.654998E+06  0.650292E+06  0.130464E+00 -0.616159E+00  0.350900E+06  0.633232E+06  0.654207E+06  0.633232E+06 -0.153789E-01  0.319355E+06  0.319303E+06  0.788763E-01
  0.225900E+00  0.633834E+06  0.629343E+06  0.120046E+00 -0.569674E+00  0.335045E+06  0.612468E+06  0.633080E+06  0.612468E+06 -0.148748E-01  0.308952E+06  0.308902E+06  0.734312E-01
  0.231054E+00  0.615739E+06  0.611544E+06  0.111017E+00 -0.529306E+00  0.321188E+06  0.594713E+06  0.615034E+06  0.594713E+06 -0.144437E-01  0.300061E+06  0.300014E+06  0.673921E-01
  0.236208E+00  0.599635E+06  0.595762E+06  0.103029E+00 -0.493505E+00  0.308696E+06  0.578910E+06  0.598985E+06  0.578910E+06 -0.140601E-01  0.292150E+06  0.292106E+06  0.614821E-01
  0.241362E+00  0.584418E+06  0.580839E+06  0.957883E-01 -0.460926E+00  0.296951E+06  0.563978E+06  0.583817E+06  0.563978E+06 -0.136976E-01  0.284675E+06  0.284634E+06  0.563146E-01
  0.246516E+00  0.569176E+06  0.565824E+06  0.890741E-01 -0.430571E+00  0.285467E+06  0.549032E+06  0.568613E+06  0.549032E+06 -0.133347E-01  0.277188E+06  0.277150E+06  0.522583E-01
  0.251670E+00  0.553337E+06  0.550126E+06  0.827543E-01 -0.401834E+00  0.273953E+06  0.533514E+06  0.552798E+06  0.533514E+06 -0.129579E-01  0.269410E+06  0.269372E+06  0.493897E-01
  0.256825E+00  0.536780E+06  0.533629E+06  0.767812E-01 -0.374509E+00  0.262353E+06  0.517309E+06  0.536251E+06  0.517309E+06 -0.125645E-01  0.261280E+06  0.261243E+06  0.475277E-01
  0.261979E+00  0.519811E+06  0.516662E+06  0.711730E-01 -0.348706E+00  0.250824E+06  0.500717E+06  0.519282E+06  0.500717E+06 -0.121616E-01  0.252950E+06  0.252914E+06  0.463262E-01
  0.267133E+00  0.502973E+06  0.499799E+06  0.659741E-01 -0.324666E+00  0.239626E+06  0.484265E+06  0.502440E+06  0.484265E+06 -0.117621E-01  0.244687E+06  0.244651E+06  0.453864E-01
  0.272287E+00  0.486823E+06  0.483632E+06  0.612216E-01 -0.302596E+00  0.229014E+06  0.468495E+06  0.486287E+06  0.468495E+06 -0.113792E-01  0.236766E+06  0.236730E+06  0.443589E-01
  0.277441E+00  0.471807E+06  0.468628E+06  0.569303E-01 -0.282597E+00  0.219179E+06  0.453840E+06  0.471273E+06  0.453840E+06 -0.110234E-01  0.229403E+06  0.229367E+06  0.430161E-01
  0.282595E+00  0.458189E+06  0.455066E+06  0.530889E-01 -0.264645E+00  0.210216E+06  0.440552E+06  0.457665E+06  0.440552E+06 -0.107007E-01  0.222729E+06  0.222694E+06  0.412816E-01
  0.287749E+00  0.446004E+06  0.442979E+06  0.496596E-01 -0.248580E+00  0.202111E+06  0.428664E+06  0.445496E+06  0.428664E+06 -0.104121E-01  0.216759E+06  0.216725E+06  0.392173E-01
  0.292903E+00  0.435056E+06  0.432159E+06  0.465828E-01 -0.234134E+00  0.194745E+06  0.417984E+06  0.434569E+06  0.417984E+06 -0.101528E-01  0.211397E+06  0.211365E+06  0.369789E-01
  0.298057E+00  0.424990E+06  0.422233E+06  0.437895E-01 -0.220983E+00  0.187936E+06  0.408165E+06  0.424527E+06  0.408165E+06 -0.991437E-02  0.206468E+06  0.206437E+06  0.347582E-01
  0.303211E+00  0.415410E+06  0.412786E+06  0.412151E-01 -0.208821E+00  0.181489E+06  0.398822E+06  0.414969E+06  0.398822E+06 -0.968752E-02  0.201778E+06  0.201749E+06  0.327278E-01
  0.308365E+00  0.405977E+06  0.403464E+06  0.388090E-01 -0.197407E+00  0.175246E+06  0.389628E+06  0.405555E+06  0.389628E+06 -0.946426E-02  0.197161E+06  0.197132E+06  0.310023E-01
  0.313520E+00  0.396477E+06  0.394045E+06  0.365385E-01 -0.186586E+00  0.169108E+06  0.380373E+06  0.396069E+06  0.380373E+06 -0.923955E-02  0.192511E+06  0.192483E+06  0.296200E-01
  0.318674E+00  0.386844E+06  0.384464E+06  0.343884E-01 -0.176289E+00  0.163046E+06  0.370995E+06  0.386445E+06  0.370995E+06 -0.901183E-02  0.187797E+06  0.187770E+06  0.285475E-01
  0.323828E+00  0.377145E+06  0.374794E+06  0.323566E-01 -0.166511E+00  0.157085E+06  0.361559E+06  0.376750E+06  0.361559E+06 -0.878269E-02  0.183051E+06  0.183024E+06  0.276998E-01
  0.328982E+00  0.367538E+06  0.365204E+06  0.304487E-01 -0.157290E+00  0.151291E+06  0.352219E+06  0.367146E+06  0.352219E+06 -0.855587E-02  0.178352E+06  0.178325E+06  0.269691E-01
  0.334136E+00  0.358218E+06  0.355900E+06  0.286719E-01 -0.148668E+00  0.145738E+06  0.343162E+06  0.357829E+06  0.343162E+06 -0.833593E-02  0.173794E+06  0.173768E+06  0.262544E-01
  0.339290E+00  0.349359E+06  0.347066E+06  0.270303E-01 -0.140676E+00  0.140490E+06  0.334556E+06  0.348974E+06  0.334556E+06 -0.812697E-02  0.169463E+06  0.169437E+06  0.254833E-01
  0.344444E+00  0.341069E+06  0.338813E+06  0.255222E-01 -0.133313E+00  0.135581E+06  0.326506E+06  0.340690E+06  0.326506E+06 -0.793147E-02  0.165412E+06  0.165386E+06  0.246231E-01
  0.349598E+00  0.333366E+06  0.331161E+06  0.241386E-01 -0.126539E+00  0.131008E+06  0.319027E+06  0.332996E+06  0.319027E+06 -0.774986E-02  0.161648E+06  0.161623E+06  0.236798E-01
  0.354752E+00  0.326189E+06  0.324047E+06  0.228660E-01 -0.120292E+00  0.126735E+06  0.312061E+06  0.325829E+06  0.312061E+06 -0.758069E-02  0.158142E+06  0.158118E+06  0.226890E-01
  0.359906E+00  0.319430E+06  0.317356E+06  0.216885E-01 -0.114496E+00  0.122713E+06  0.305502E+06  0.319082E+06  0.305502E+06 -0.742142E-02  0.154842E+06  0.154819E+06  0.217009E-01
  0.365060E+00  0.312966E+06  0.310958E+06  0.205910E-01 -0.109077E+00  0.118886E+06  0.299230E+06  0.312628E+06  0.299230E+06 -0.726912E-02  0.151686E+06  0.151663E+06  0.207655E-01
  0.370215E+00  0.306675E+06  0.304728E+06  0.195603E-01 -0.103970E+00  0.115202E+06  0.293130E+06  0.306348E+06  0.293130E+06 -0.712097E-02  0.148615E+06  0.148593E+06  0.199197E-01
  0.375369E+00  0.300467E+06  0.298569E+06  0.185861E-01 -0.991253E-01  0.111623E+06  0.287110E+06  0.300148E+06  0.287110E+06 -0.697480E-02  0.145584E+06  0.145563E+06  0.191804E-01
  0.380523E+00  0.294289E+06  0.292431E+06  0.176619E-01 -0.945102E-01  0.108128E+06  0.281124E+06  0.293977E+06  0.281124E+06 -0.682943E-02  0.142569E+06  0.142548E+06  0.185436E-01
  0.385677E+00  0.288150E+06  0.286323E+06  0.167850E-01 -0.901147E-01  0.104716E+06  0.275179E+06  0.287843E+06  0.275179E+06 -0.668505E-02  0.139574E+06  0.139553E+06  0.179894E-01
  0.390831E+00  0.282100E+06  0.280297E+06  0.159556E-01 -0.859415E-01  0.101405E+06  0.269322E+06  0.281797E+06  0.269322E+06 -0.654281E-02  0.136622E+06  0.136602E+06  0.174893E-01
  0.395985E+00  0.276203E+06  0.274423E+06  0.151744E-01 -0.819976E-01  0.982137E+05  0.263616E+06  0.275904E+06  0.263616E+06 -0.640424E-02  0.133746E+06  0.133726E+06  0.170137E-01
  0.401139E+00  0.270514E+06  0.268758E+06  0.144414E-01 -0.782854E-01  0.951589E+05  0.258113E+06  0.270220E+06  0.258113E+06 -0.627059E-02  0.130972E+06  0.130952E+06  0.165386E-01
  0.406293E+00  0.265066E+06  0.263337E+06  0.137553E-01 -0.748005E-01  0.922481E+05  0.252844E+06  0.264776E+06  0.252844E+06 -0.614263E-02  0.128315E+06  0.128296E+06  0.160504E-01
  0.411447E+00  0.259873E+06  0.258176E+06  0.131139E-01 -0.715339E-01  0.894824E+05  0.247825E+06  0.259588E+06  0.247825E+06 -0.602073E-02  0.125784E+06  0.125765E+06  0.155463E-01
  0.416601E+00  0.254934E+06  0.253273E+06  0.125143E-01 -0.684721E-01  0.868568E+05  0.243051E+06  0.254655E+06  0.243051E+06 -0.590479E-02  0.123377E+06  0.123359E+06  0.150335E-01
  0.421755E+00  0.250219E+06  0.248595E+06  0.119523E-01 -0.655954E-01  0.843573E+05  0.238495E+06  0.249946E+06  0.238495E+06 -0.579414E-02  0.121080E+06  0.121062E+06  0.145245E-01
  0.426910E+00  0.245677E+06  0.244091E+06  0.114235E-01 -0.628801E-01  0.819634E+05  0.234107E+06  0.245411E+06  0.234107E+06 -0.568759E-02  0.118867E+06  0.118849E+06  0.140329E-01
  0.432064E+00  0.241260E+06  0.239709E+06  0.109234E-01 -0.603050E-01  0.796560E+05  0.229841E+06  0.240999E+06  0.229841E+06 -0.558398E-02  0.116716E+06  0.116698E+06  0.135703E-01
  0.437218E+00  0.236936E+06  0.235418E+06  0.104491E-01 -0.578551E-01  0.774228E+05  0.225668E+06  0.236681E+06  0.225668E+06 -0.548262E-02  0.114610E+06  0.114593E+06  0.131434E-01
  0.442372E+00  0.232691E+06  0.231201E+06  0.999848E-02 -0.555199E-01  0.752566E+05  0.221571E+06  0.232441E+06  0.221571E+06 -0.538311E-02  0.112543E+06  0.112526E+06  0.127535E-01
  0.447526E+00  0.228515E+06  0.227050E+06  0.956985E-02 -0.532916E-01  0.731529E+05  0.217542E+06  0.228269E+06  0.217542E+06 -0.528527E-02  0.110510E+06  0.110493E+06  0.123963E-01
  0.452680E+00  0.224409E+06  0.222967E+06  0.916205E-02 -0.511647E-01  0.711103E+05  0.213582E+06  0.224167E+06  0.213582E+06 -0.518909E-02  0.108511E+06  0.108495E+06  0.120643E-01
  0.457834E+00  0.220388E+06  0.218967E+06  0.877462E-02 -0.491379E-01  0.691323E+05  0.209706E+06  0.220150E+06  0.209706E+06 -0.509495E-02  0.106554E+06  0.106538E+06  0.117487E-01
  0.462988E+00  0.216478E+06  0.215077E+06  0.840742E-02 -0.472115E-01  0.672249E+05  0.205937E+06  0.216243E+06  0.205937E+06 -0.500341E-02  0.104651E+06  0.104635E+06  0.114421E-01
  0.468142E+00  0.212695E+06  0.211315E+06  0.806003E-02 -0.453840E-01  0.653917E+05  0.202292E+06  0.212463E+06  0.202292E+06 -0.491488E-02  0.102810E+06  0.102795E+06  0.111391E-01
  0.473296E+00  0.209042E+06  0.207684E+06  0.773149E-02 -0.436512E-01  0.636316E+05  0.198773E+06  0.208814E+06  0.198773E+06 -0.482942E-02  0.101033E+06  0.101018E+06  0.108374E-01
  0.478450E+00  0.205513E+06  0.204179E+06  0.742057E-02 -0.420071E-01  0.619411E+05  0.195376E+06  0.205289E+06  0.195376E+06 -0.474690E-02  0.993175E+05  0.993024E+05  0.105374E-01
  0.483605E+00  0.202103E+06  0.200792E+06  0.712606E-02 -0.404457E-01  0.603162E+05  0.192093E+06  0.201883E+06  0.192093E+06 -0.466716E-02  0.976590E+05  0.976442E+05  0.102417E-01
  0.488759E+00  0.198800E+06  0.197513E+06  0.684676E-02 -0.389612E-01  0.587524E+05  0.188914E+06  0.198584E+06  0.188914E+06 -0.458996E-02  0.960533E+05  0.960387E+05  0.995399E-02
  0.493913E+00  0.195591E+06  0.194327E+06  0.658136E-02 -0.375469E-01  0.572435E+05  0.185826E+06  0.195379E+06  0.185826E+06 -0.451495E-02  0.944930E+05  0.944786E+05  0.967776E-02
  0.499067E+00  0.192457E+06  0.191215E+06  0.632856E-02 -0.361962E-01  0.557833E+05  0.182811E+06  0.192249E+06  0.182811E+06 -0.444172E-02  0.929696E+05  0.929555E+05  0.941526E-02
  0.504221E+00  0.189386E+06  0.188165E+06  0.608733E-02 -0.349037E-01  0.543667E+05  0.179858E+06  0.189181E+06  0.179858E+06 -0.436999E-02  0.914771E+05  0.914632E+05  0.916730E-02
  0.509375E+00  0.186374E+06  0.185173E+06  0.585698E-02 -0.336661E-01  0.529916E+05  0.176962E+06  0.186173E+06  0.176962E+06 -0.429966E-02  0.900136E+05  0.899999E+05  0.893331E-02
  0.514529E+00  0.183424E+06  0.182240E+06  0.563703E-02 -0.324813E-01  0.516577E+05  0.174127E+06  0.183225E+06  0.174127E+06 -0.423079E-02  0.885800E+05  0.885666E+05  0.871154E-02
  0.519683E+00  0.180538E+06  0.179371E+06  0.542708E-02 -0.313473E-01  0.503646E+05  0.171353E+06  0.180342E+06  0.171353E+06 -0.416341E-02  0.871775E+05  0.871643E+05  0.849956E-02
  0.524837E+00  0.177716E+06  0.176566E+06  0.522668E-02 -0.302621E-01  0.491118E+05  0.168643E+06  0.177523E+06  0.168643E+06 -0.409758E-02  0.858070E+05  0.857940E+05  0.829484E-02
  0.529991E+00  0.174964E+06  0.173830E+06  0.503549E-02 -0.292242E-01  0.478992E+05  0.165999E+06  0.174773E+06  0.165999E+06 -0.403337E-02  0.844701E+05  0.844572E+05  0.809538E-02
  0.535145E+00  0.172285E+06  0.171167E+06  0.485320E-02 -0.282322E-01  0.467273E+05  0.163427E+06  0.172097E+06  0.163427E+06 -0.397090E-02  0.831692E+05  0.831565E+05  0.790003E-02
  0.540300E+00  0.169681E+06  0.168581E+06  0.467944E-02 -0.272844E-01  0.455955E+05  0.160928E+06  0.169497E+06  0.160928E+06 -0.391020E-02  0.819051E+05  0.818926E+05  0.770844E-02
  0.545454E+00  0.167149E+06  0.166065E+06  0.451369E-02 -0.263783E-01  0.445018E+05  0.158498E+06  0.166967E+06  0.158498E+06 -0.385117E-02  0.806758E+05  0.806635E+05  0.752089E-02
  0.550608E+00  0.164682E+06  0.163615E+06  0.435540E-02 -0.255108E-01  0.434434E+05  0.156131E+06  0.164503E+06  0.156131E+06 -0.379367E-02  0.794781E+05  0.794660E+05  0.733806E-02
  0.555762E+00  0.162274E+06  0.161223E+06  0.420409E-02 -0.246797E-01  0.424181E+05  0.153821E+06  0.162097E+06  0.153821E+06 -0.373756E-02  0.783093E+05  0.782973E+05  0.716083E-02
  0.560916E+00  0.159922E+06  0.158887E+06  0.405936E-02 -0.238827E-01  0.414243E+05  0.151565E+06  0.159748E+06  0.151565E+06 -0.368277E-02  0.771679E+05  0.771561E+05  0.698997E-02
  0.566070E+00  0.157622E+06  0.156602E+06  0.392080E-02 -0.231180E-01  0.404604E+05  0.149360E+06  0.157451E+06  0.149360E+06 -0.362921E-02  0.760520E+05  0.760404E+05  0.682588E-02
  0.571224E+00  0.155370E+06  0.154364E+06  0.378802E-02 -0.223835E-01  0.395243E+05  0.147201E+06  0.155201E+06  0.147201E+06 -0.357676E-02  0.749590E+05  0.749476E+05  0.666844E-02
  0.576378E+00  0.153161E+06  0.152170E+06  0.366069E-02 -0.216774E-01  0.386146E+05  0.145084E+06  0.152995E+06  0.145084E+06 -0.352534E-02  0.738874E+05  0.738761E+05  0.651722E-02
  0.581532E+00  0.150996E+06  0.150019E+06  0.353857E-02 -0.209986E-01  0.377307E+05  0.143010E+06  0.150832E+06  0.143010E+06 -0.347496E-02  0.728374E+05  0.728262E+05  0.637157E-02
  0.586686E+00  0.148878E+06  0.147914E+06  0.342150E-02 -0.203464E-01  0.368726E+05  0.140982E+06  0.148716E+06  0.140982E+06 -0.342568E-02  0.718100E+05  0.717991E+05  0.623077E-02
  0.591840E+00  0.146807E+06  0.145856E+06  0.330928E-02 -0.197198E-01  0.360399E+05  0.138998E+06  0.146648E+06  0.138998E+06 -0.337750E-02  0.708057E+05  0.707948E+05  0.609411E-02
  0.596995E+00  0.144782E+06  0.143843E+06  0.320166E-02 -0.191176E-01  0.352316E+05  0.137059E+06  0.144624E+06  0.137059E+06 -0.333040E-02  0.698236E+05  0.698129E+05  0.596100E-02
  0.602149E+00  0.142802E+06  0.141875E+06  0.309842E-02 -0.185386E-01  0.344470E+05  0.135163E+06  0.142646E+06  0.135163E+06 -0.328435E-02  0.688634E+05  0.688528E+05  0.583111E-02
  0.607303E+00  0.140867E+06  0.139953E+06  0.299940E-02 -0.179822E-01  0.336856E+05  0.133312E+06  0.140713E+06  0.133312E+06 -0.323936E-02  0.679252E+05  0.679148E+05  0.570438E-02
  0.612457E+00  0.138977E+06  0.138075E+06  0.290441E-02 -0.174472E-01  0.329469E+05  0.131503E+06  0.138825E+06  0.131503E+06 -0.319543E-02  0.670090E+05  0.669988E+05  0.558089E-02
  0.659749E+00  0.123343E+06  0.122542E+06  0.218740E-02 -0.133686E-01  0.270548E+05  0.116559E+06  0.123209E+06  0.116559E+06 -0.283240E-02  0.594345E+05  0.594254E+05  0.460674E-02
  0.710693E+00  0.109393E+06  0.108682E+06  0.164689E-02 -0.102357E-01  0.221481E+05  0.103248E+06  0.109273E+06  0.103248E+06 -0.250903E-02  0.526817E+05  0.526736E+05  0.380112E-02
  0.765571E+00  0.969751E+05  0.963449E+05  0.123987E-02 -0.783290E-02  0.180796E+05  0.914205E+05  0.968693E+05  0.914205E+05 -0.222168E-02  0.466760E+05  0.466688E+05  0.313659E-02
  0.895965E+00  0.750061E+05  0.745179E+05  0.679934E-03 -0.443819E-02  0.116547E+05  0.705486E+05  0.749241E+05  0.705486E+05 -0.171457E-02  0.360642E+05  0.360586E+05  0.208708E-02
  0.125042E+01  0.431883E+05  0.429066E+05  0.190508E-03 -0.131991E-02  0.441386E+04  0.404628E+05  0.431410E+05  0.404628E+05 -0.983494E-03  0.207297E+05  0.207264E+05  0.880521E-03
  0.174510E+01  0.246346E+05  0.244735E+05  0.535468E-04 -0.388257E-03  0.158960E+04  0.230157E+05  0.246075E+05  0.230157E+05 -0.559469E-03  0.118102E+05  0.118083E+05  0.374884E-03
  0.243548E+01  0.139312E+05  0.138399E+05  0.150981E-04 -0.113077E-03  0.547255E+03  0.129913E+05  0.139158E+05  0.129913E+05 -0.315813E-03  0.667374E+04  0.667255E+04  0.163637E-03
