#          k/h    CDM            baryon         photon         nu             mass_nu        total          no_nu          total_de       Weyl           v_CDM          v_b            v_b-v_c     
   0.102076E-04   0.330906E+10   0.330906E+10   0.441166E+10   0.441166E+10   0.330906E+10   0.330906E+10   0.330906E+10   0.331016E+10   0.326957E+03   0.601470E+10   0.601470E+10   0.690695E+02
   0.112819E-04   0.330905E+10   0.330905E+10   0.441156E+10   0.441155E+10   0.330905E+10   0.330905E+10   0.330905E+10   0.331015E+10   0.326956E+03   0.601467E+10   0.601467E+10   0.763376E+02
   0.124693E-04   0.330903E+10   0.330903E+10   0.441143E+10   0.441142E+10   0.330903E+10   0.330903E+10   0.330903E+10   0.331013E+10   0.326955E+03   0.601463E+10   0.601463E+10   0.843702E+02
   0.137816E-04   0.330901E+10   0.330901E+10   0.441127E+10   0.441126E+10   0.330901E+10   0.330901E+10   0.330901E+10   0.331012E+10   0.326953E+03   0.601459E+10   0.601459E+10   0.932475E+02
   0.152321E-04   0.330899E+10   0.330899E+10   0.441107E+10   0.441106E+10   0.330899E+10   0.330899E+10   0.330899E+10   0.331009E+10   0.326951E+03   0.601454E+10   0.601454E+10   0.103058E+03
   0.168352E-04   0.330897E+10   0.330897E+10   0.441083E+10   0.441082E+10   0.330897E+10   0.330897E+10   0.330897E+10   0.331007E+10   0.326948E+03   0.601447E+10   0.601447E+10   0.113901E+03
   0.186070E-04   0.330893E+10   0.330893E+10   0.441054E+10   0.441053E+10   0.330893E+10   0.330893E+10   0.330893E+10   0.331004E+10   0.326945E+03   0.601439E+10   0.601439E+10   0.125883E+03
   0.205653E-04   0.330889E+10   0.330889E+10   0.441018E+10   0.441017E+10   0.330889E+10   0.330889E+10   0.330889E+10   0.331000E+10   0.326940E+03   0.601429E+10   0.601429E+10   0.139124E+03
   0.227297E-04   0.330885E+10   0.330885E+10   0.440975E+10   0.440974E+10   0.330885E+10   0.330885E+10   0.330885E+10   0.330995E+10   0.326935E+03   0.601417E+10   0.601417E+10   0.153757E+03
   0.251219E-04   0.330879E+10   0.330879E+10   0.440921E+10   0.440920E+10   0.330879E+10   0.330879E+10   0.330879E+10   0.330989E+10   0.326929E+03   0.601403E+10   0.601403E+10   0.169926E+03
   0.277659E-04   0.330871E+10   0.330871E+10   0.440856E+10   0.440855E+10   0.330872E+10   0.330871E+10   0.330871E+10   0.330982E+10   0.326922E+03   0.601385E+10   0.601385E+10   0.187792E+03
   0.306881E-04   0.330863E+10   0.330863E+10   0.440777E+10   0.440775E+10   0.330863E+10   0.330863E+10   0.330863E+10   0.330973E+10   0.326913E+03   0.601363E+10   0.601363E+10   0.207532E+03
   0.339179E-04   0.330852E+10   0.330852E+10   0.440680E+10   0.440678E+10   0.330852E+10   0.330852E+10   0.330852E+10   0.330962E+10   0.326902E+03   0.601337E+10   0.601337E+10   0.229341E+03
   0.374876E-04   0.330839E+10   0.330839E+10   0.440562E+10   0.440559E+10   0.330839E+10   0.330839E+10   0.330839E+10   0.330949E+10   0.326888E+03   0.601304E+10   0.601304E+10   0.253434E+03
   0.414330E-04   0.330823E+10   0.330823E+10   0.440417E+10   0.440413E+10   0.330823E+10   0.330823E+10   0.330823E+10   0.330933E+10   0.326872E+03   0.601265E+10   0.601265E+10   0.280047E+03
   0.457936E-04   0.330803E+10   0.330803E+10   0.440241E+10   0.440236E+10   0.330803E+10   0.330803E+10   0.330803E+10   0.330913E+10   0.326851E+03   0.601216E+10   0.601216E+10   0.309441E+03
   0.506132E-04   0.330779E+10   0.330779E+10   0.440025E+10   0.440020E+10   0.330779E+10   0.330779E+10   0.330779E+10   0.330889E+10   0.326827E+03   0.601157E+10   0.601157E+10   0.341900E+03
   0.559400E-04   0.330750E+10   0.330750E+10   0.439762E+10   0.439756E+10   0.330750E+10   0.330750E+10   0.330750E+10   0.330860E+10   0.326796E+03   0.601085E+10   0.601085E+10   0.377737E+03
   0.618274E-04   0.330714E+10   0.330714E+10   0.439441E+10   0.439433E+10   0.330714E+10   0.330714E+10   0.330714E+10   0.330824E+10   0.326760E+03   0.600997E+10   0.600997E+10   0.417295E+03
   0.683345E-04   0.330671E+10   0.330671E+10   0.439049E+10   0.439040E+10   0.330671E+10   0.330671E+10   0.330671E+10   0.330780E+10   0.326714E+03   0.600889E+10   0.600889E+10   0.460948E+03
   0.755264E-04   0.330617E+10   0.330617E+10   0.438571E+10   0.438560E+10   0.330617E+10   0.330617E+10   0.330617E+10   0.330727E+10   0.326659E+03   0.600757E+10   0.600757E+10   0.509102E+03
   0.834752E-04   0.330552E+10   0.330552E+10   0.437988E+10   0.437974E+10   0.330552E+10   0.330552E+10   0.330552E+10   0.330662E+10   0.326592E+03   0.600597E+10   0.600596E+10   0.562199E+03
   0.922605E-04   0.330473E+10   0.330473E+10   0.437277E+10   0.437261E+10   0.330473E+10   0.330473E+10   0.330473E+10   0.330582E+10   0.326510E+03   0.600400E+10   0.600400E+10   0.620716E+03
   0.101971E-03   0.330376E+10   0.330376E+10   0.436411E+10   0.436391E+10   0.330376E+10   0.330376E+10   0.330376E+10   0.330485E+10   0.326410E+03   0.600160E+10   0.600160E+10   0.685165E+03
   0.112702E-03   0.330257E+10   0.330257E+10   0.435355E+10   0.435332E+10   0.330257E+10   0.330257E+10   0.330257E+10   0.330366E+10   0.326287E+03   0.599868E+10   0.599868E+10   0.756091E+03
   0.124564E-03   0.330112E+10   0.330112E+10   0.434070E+10   0.434044E+10   0.330112E+10   0.330112E+10   0.330112E+10   0.330221E+10   0.326138E+03   0.599510E+10   0.599510E+10   0.834073E+03
   0.137674E-03   0.329935E+10   0.329935E+10   0.432508E+10   0.432477E+10   0.329935E+10   0.329935E+10   0.329935E+10   0.330043E+10   0.325955E+03   0.599073E+10   0.599073E+10   0.919710E+03
   0.152163E-03   0.329719E+10   0.329719E+10   0.430608E+10   0.430573E+10   0.329719E+10   0.329719E+10   0.329719E+10   0.329827E+10   0.325732E+03   0.598540E+10   0.598540E+10   0.101362E+04
   0.168178E-03   0.329456E+10   0.329456E+10   0.428303E+10   0.428263E+10   0.329456E+10   0.329456E+10   0.329456E+10   0.329563E+10   0.325460E+03   0.597889E+10   0.597889E+10   0.111642E+04
   0.185878E-03   0.329134E+10   0.329134E+10   0.425508E+10   0.425465E+10   0.329134E+10   0.329134E+10   0.329134E+10   0.329240E+10   0.325127E+03   0.597095E+10   0.597095E+10   0.122872E+04
   0.205440E-03   0.328741E+10   0.328741E+10   0.422125E+10   0.422081E+10   0.328741E+10   0.328741E+10   0.328741E+10   0.328846E+10   0.324722E+03   0.596125E+10   0.596125E+10   0.135106E+04
   0.227062E-03   0.328261E+10   0.328261E+10   0.418040E+10   0.417997E+10   0.328261E+10   0.328261E+10   0.328261E+10   0.328366E+10   0.324226E+03   0.594942E+10   0.594942E+10   0.148391E+04
   0.250959E-03   0.327676E+10   0.327676E+10   0.413119E+10   0.413082E+10   0.327676E+10   0.327676E+10   0.327676E+10   0.327779E+10   0.323622E+03   0.593498E+10   0.593498E+10   0.162762E+04
   0.277372E-03   0.326962E+10   0.326962E+10   0.407207E+10   0.407187E+10   0.326962E+10   0.326962E+10   0.326962E+10   0.327063E+10   0.322885E+03   0.591738E+10   0.591738E+10   0.178229E+04
   0.306564E-03   0.326091E+10   0.326090E+10   0.400133E+10   0.400142E+10   0.326091E+10   0.326091E+10   0.326091E+10   0.326191E+10   0.321986E+03   0.589591E+10   0.589591E+10   0.194777E+04
   0.338828E-03   0.325029E+10   0.325029E+10   0.391704E+10   0.391765E+10   0.325029E+10   0.325029E+10   0.325029E+10   0.325127E+10   0.320891E+03   0.586976E+10   0.586976E+10   0.212348E+04
   0.374488E-03   0.323735E+10   0.323734E+10   0.381714E+10   0.381858E+10   0.323734E+10   0.323734E+10   0.323734E+10   0.323830E+10   0.319556E+03   0.583790E+10   0.583790E+10   0.230833E+04
   0.413901E-03   0.322158E+10   0.322158E+10   0.369950E+10   0.370224E+10   0.322158E+10   0.322158E+10   0.322158E+10   0.322250E+10   0.317930E+03   0.579912E+10   0.579912E+10   0.250054E+04
   0.457462E-03   0.320239E+10   0.320238E+10   0.356203E+10   0.356672E+10   0.320239E+10   0.320239E+10   0.320239E+10   0.320328E+10   0.315952E+03   0.575196E+10   0.575196E+10   0.269748E+04
   0.505608E-03   0.317904E+10   0.317904E+10   0.340286E+10   0.341041E+10   0.317904E+10   0.317904E+10   0.317904E+10   0.317989E+10   0.313546E+03   0.569466E+10   0.569466E+10   0.289551E+04
   0.558821E-03   0.315067E+10   0.315066E+10   0.322057E+10   0.323217E+10   0.315067E+10   0.315067E+10   0.315067E+10   0.315147E+10   0.310625E+03   0.562512E+10   0.562512E+10   0.308982E+04
   0.617635E-03   0.311623E+10   0.311622E+10   0.301449E+10   0.303168E+10   0.311623E+10   0.311623E+10   0.311623E+10   0.311698E+10   0.307082E+03   0.554086E+10   0.554085E+10   0.327438E+04
   0.682638E-03   0.307448E+10   0.307448E+10   0.278504E+10   0.280968E+10   0.307448E+10   0.307448E+10   0.307448E+10   0.307518E+10   0.302790E+03   0.543894E+10   0.543893E+10   0.344191E+04
   0.754482E-03   0.302397E+10   0.302396E+10   0.253407E+10   0.256829E+10   0.302396E+10   0.302397E+10   0.302397E+10   0.302460E+10   0.297603E+03   0.531592E+10   0.531592E+10   0.358408E+04
   0.833888E-03   0.296297E+10   0.296296E+10   0.226515E+10   0.231111E+10   0.296296E+10   0.296296E+10   0.296296E+10   0.296353E+10   0.291348E+03   0.516787E+10   0.516786E+10   0.369185E+04
   0.921651E-03   0.288950E+10   0.288949E+10   0.198368E+10   0.204322E+10   0.288949E+10   0.288950E+10   0.288950E+10   0.289000E+10   0.283827E+03   0.499027E+10   0.499026E+10   0.375614E+04
   0.101865E-02   0.280130E+10   0.280128E+10   0.169675E+10   0.177084E+10   0.280129E+10   0.280130E+10   0.280130E+10   0.280173E+10   0.274818E+03   0.477811E+10   0.477810E+10   0.376859E+04
   0.112586E-02   0.269583E+10   0.269581E+10   0.141266E+10   0.150069E+10   0.269582E+10   0.269583E+10   0.269583E+10   0.269619E+10   0.264072E+03   0.452598E+10   0.452596E+10   0.372261E+04
   0.124435E-02   0.257032E+10   0.257030E+10   0.114005E+10   0.123915E+10   0.257030E+10   0.257031E+10   0.257031E+10   0.257061E+10   0.251327E+03   0.422823E+10   0.422822E+10   0.361435E+04
   0.137531E-02   0.242185E+10   0.242183E+10   0.886740E+09   0.991482E+09   0.242184E+10   0.242185E+10   0.242185E+10   0.242208E+10   0.236311E+03   0.387942E+10   0.387940E+10   0.344351E+04
   0.152006E-02   0.224755E+10   0.224752E+10   0.658779E+09   0.761407E+09   0.224753E+10   0.224754E+10   0.224754E+10   0.224771E+10   0.218772E+03   0.347484E+10   0.347483E+10   0.321374E+04
   0.168004E-02   0.204482E+10   0.204479E+10   0.459964E+09  -0.115095E+10   0.204480E+10   0.204481E+10   0.204481E+10   0.204480E+10   0.198504E+03   0.301150E+10   0.301149E+10   0.293227E+04
   0.185685E-02   0.181174E+10   0.181172E+10   0.292163E+09  -0.832712E+09   0.181172E+10   0.181174E+10   0.181174E+10   0.181172E+10   0.175387E+03   0.248920E+10   0.248919E+10   0.260907E+04
   0.205228E-02   0.154771E+10   0.154769E+10   0.156164E+09  -0.581195E+09   0.154768E+10   0.154771E+10   0.154771E+10   0.154769E+10   0.149467E+03   0.191261E+10   0.191260E+10   0.225576E+04
   0.226827E-02   0.125423E+10   0.125420E+10   0.517287E+08  -0.385543E+09   0.125419E+10   0.125422E+10   0.125422E+10   0.125420E+10   0.121033E+03   0.129320E+10   0.129318E+10   0.188491E+04
   0.250700E-02   0.935884E+09   0.935859E+09  -0.225215E+08  -0.236850E+09   0.935845E+09   0.935878E+09   0.935880E+09   0.935855E+09   0.907130E+02   0.651775E+09   0.651764E+09   0.150971E+04
   0.277085E-02   0.601566E+09   0.601542E+09  -0.686772E+08  -0.127701E+09   0.601521E+09   0.601559E+09   0.601562E+09   0.601537E+09   0.595879E+02   0.209411E+08   0.209316E+08   0.114348E+04
   0.306246E-02   0.265590E+09   0.265567E+09  -0.896249E+08  -0.517620E+08   0.265540E+09   0.265583E+09   0.265586E+09   0.265563E+09   0.292712E+02  -0.553472E+09  -0.553479E+09   0.799453E+03
   0.338478E-02  -0.514944E+08  -0.515154E+08  -0.893271E+08  -0.340812E+07  -0.515487E+08  -0.515014E+08  -0.514979E+08  -0.515170E+08   0.192891E+01  -0.101321E+10  -0.101322E+10   0.490687E+03
   0.374101E-02  -0.323065E+09  -0.323084E+09  -0.727032E+08   0.226088E+08  -0.323123E+09  -0.323072E+09  -0.323069E+09  -0.323083E+09  -0.198420E+02  -0.129281E+10  -0.129281E+10   0.229558E+03
   0.413473E-02  -0.518387E+09  -0.518403E+09  -0.457629E+08   0.314215E+08  -0.518447E+09  -0.518394E+09  -0.518390E+09  -0.518399E+09  -0.333626E+02  -0.133150E+10  -0.133150E+10   0.268122E+02
   0.456989E-02  -0.607329E+09  -0.607341E+09  -0.154564E+08   0.281989E+08  -0.607389E+09  -0.607335E+09  -0.607331E+09  -0.607335E+09  -0.365277E+02  -0.109375E+10  -0.109375E+10  -0.110261E+03
   0.505085E-02  -0.568515E+09  -0.568524E+09   0.106611E+08   0.181255E+08  -0.568573E+09  -0.568520E+09  -0.568517E+09  -0.568517E+09  -0.287754E+02  -0.597496E+09  -0.597493E+09  -0.180177E+03
   0.558243E-02  -0.400478E+09  -0.400483E+09   0.256274E+08   0.615411E+07  -0.400532E+09  -0.400482E+09  -0.400479E+09  -0.400477E+09  -0.121940E+02   0.565319E+08   0.565351E+08  -0.189347E+03
   0.616996E-02  -0.133181E+09  -0.133185E+09   0.250988E+08  -0.348510E+07  -0.133232E+09  -0.133185E+09  -0.133182E+09  -0.133181E+09   0.768685E+01   0.669097E+09   0.669100E+09  -0.152886E+03
   0.681932E-02   0.165478E+09   0.165478E+09   0.959217E+07  -0.791631E+07   0.165431E+09   0.165475E+09   0.165478E+09   0.165476E+09   0.221185E+02   0.961082E+09   0.961084E+09  -0.936395E+02
   0.753702E-02   0.393775E+09   0.393777E+09  -0.141720E+08  -0.608806E+07   0.393730E+09   0.393773E+09   0.393776E+09   0.393770E+09   0.207639E+02   0.633011E+09   0.633012E+09  -0.399567E+02
   0.833025E-02   0.418088E+09   0.418096E+09  -0.340956E+08   0.169417E+07   0.418053E+09   0.418087E+09   0.418089E+09   0.418081E+09  -0.760886E+01  -0.624542E+09  -0.624541E+09  -0.272085E+02
   0.920698E-02  -0.218938E+09  -0.218898E+09  -0.335293E+08   0.204856E+08  -0.218869E+09  -0.218927E+09  -0.218932E+09  -0.218931E+09  -0.106764E+03  -0.423575E+10  -0.423575E+10  -0.186370E+03
   0.101760E-01  -0.210683E+11  -0.210673E+11   0.127536E+10   0.145871E+09  -0.210648E+11  -0.210679E+11  -0.210681E+11  -0.210677E+11  -0.925776E+03  -0.226641E+11  -0.226639E+11  -0.562939E+04
   0.112469E-01  -0.260488E+08  -0.260572E+08   0.807597E+07  -0.191030E+07  -0.262266E+08  -0.260624E+08  -0.260502E+08  -0.260612E+08   0.144270E+02   0.619145E+09   0.619146E+09  -0.108815E+02
   0.124306E-01   0.296062E+08   0.295891E+08  -0.867763E+06  -0.111160E+06   0.293736E+08   0.295875E+08   0.296034E+08   0.295873E+08   0.694164E+00   0.368184E+08   0.368178E+08   0.168517E+02
   0.137389E-01   0.133250E+08   0.133047E+08  -0.619851E+05   0.181509E+05   0.130592E+08   0.133034E+08   0.133216E+08   0.133034E+08  -0.552440E+00  -0.233049E+07  -0.233112E+07   0.154009E+02
   0.151849E-01   0.131795E+08   0.131563E+08  -0.415723E+05  -0.112162E+04   0.128832E+08   0.131554E+08   0.131756E+08   0.131553E+08  -0.310411E+00   0.578903E+07   0.578840E+07   0.138893E+02
   0.167830E-01   0.113749E+08   0.113485E+08   0.240288E+05   0.508497E+04   0.110480E+08   0.113482E+08   0.113705E+08   0.113482E+08  -0.396936E+00   0.228574E+07   0.228511E+07   0.124860E+02
   0.185493E-01   0.113091E+08   0.112791E+08   0.849736E+04  -0.682722E+04   0.109522E+08   0.112797E+08   0.113040E+08   0.112797E+08  -0.147060E+00   0.103336E+08   0.103329E+08   0.113583E+02
   0.205016E-01   0.106999E+08   0.106662E+08  -0.212796E+05   0.244425E+04   0.103144E+08   0.106680E+08   0.106942E+08   0.106680E+08  -0.334769E+00   0.216033E+07   0.215969E+07   0.103607E+02
   0.226592E-01   0.955962E+07   0.952214E+07   0.175543E+05  -0.211661E+04   0.914816E+07   0.952531E+07   0.955333E+07   0.952531E+07  -0.185318E+00   0.688688E+07   0.688625E+07   0.938640E+01
   0.250440E-01   0.910342E+07   0.906239E+07  -0.122296E+05   0.556492E+03   0.866895E+07   0.906696E+07   0.909653E+07   0.906696E+07  -0.253091E+00   0.307664E+07   0.307600E+07   0.848075E+01
   0.276798E-01   0.814746E+07   0.810343E+07   0.551779E+04  -0.108207E+04   0.769340E+07   0.810918E+07   0.814007E+07   0.810918E+07  -0.160838E+00   0.552199E+07   0.552137E+07   0.755852E+01
   0.305930E-01   0.741503E+07   0.736893E+07   0.199413E+03   0.304461E+03   0.694520E+07   0.737533E+07   0.740729E+07   0.737533E+07  -0.209212E+00   0.263406E+07   0.263345E+07   0.664702E+01
   0.338127E-01   0.675618E+07   0.670942E+07  -0.422841E+04  -0.299335E+03   0.627409E+07   0.671553E+07   0.674833E+07   0.671553E+07  -0.151691E+00   0.368607E+07   0.368548E+07   0.573220E+01
   0.373714E-01   0.599689E+07   0.595129E+07   0.162927E+04  -0.302430E+03   0.550526E+07   0.595577E+07   0.598924E+07   0.595577E+07  -0.129035E+00   0.360665E+07   0.360611E+07   0.481060E+01
   0.413045E-01   0.537610E+07   0.533375E+07   0.199882E+04  -0.691440E+02   0.487456E+07   0.533479E+07   0.536899E+07   0.533479E+07  -0.131850E+00   0.265378E+07   0.265330E+07   0.390094E+01
   0.454350E-01   0.488219E+07   0.484488E+07   0.122819E+03   0.562548E+01   0.437302E+07   0.484115E+07   0.487592E+07   0.484115E+07  -0.126498E+00   0.212366E+07   0.212324E+07   0.306578E+01
   0.495654E-01   0.449893E+07   0.446752E+07   0.839012E+02  -0.967500E+01   0.398101E+07   0.445821E+07   0.449366E+07   0.445821E+07  -0.113990E+00   0.201797E+07   0.201762E+07   0.236610E+01
   0.536959E-01   0.418282E+07   0.415731E+07   0.380746E+02  -0.456236E+02   0.365522E+07   0.414234E+07   0.417853E+07   0.414234E+07  -0.991287E-01   0.211823E+07   0.211794E+07   0.180852E+01
   0.578264E-01   0.390884E+07   0.388853E+07   0.144643E+02  -0.588093E+02   0.337187E+07   0.386853E+07   0.390543E+07   0.386853E+07  -0.882256E-01   0.215062E+07   0.215038E+07   0.139024E+01
   0.619568E-01   0.366658E+07   0.365027E+07   0.144894E+02  -0.447078E+02   0.312172E+07   0.362635E+07   0.366384E+07   0.362635E+07  -0.836801E-01   0.199452E+07   0.199432E+07   0.109918E+01
   0.660873E-01   0.344488E+07   0.343114E+07   0.230759E+02  -0.220074E+02   0.289519E+07   0.340472E+07   0.344257E+07   0.340472E+07  -0.826112E-01   0.172827E+07   0.172809E+07   0.914433E+00
   0.702177E-01   0.323295E+07   0.322036E+07   0.261665E+02  -0.877698E+01   0.268260E+07   0.319292E+07   0.323083E+07   0.319292E+07  -0.802740E-01   0.151225E+07   0.151208E+07   0.810788E+00
   0.743482E-01   0.302563E+07   0.301301E+07   0.206302E+02  -0.882405E+01   0.247889E+07   0.298585E+07   0.302351E+07   0.298585E+07  -0.744693E-01   0.142908E+07   0.142891E+07   0.762394E+00
   0.784786E-01   0.281593E+07   0.280250E+07   0.120818E+02  -0.142450E+02   0.227753E+07   0.277659E+07   0.281367E+07   0.277659E+07  -0.666356E-01   0.142322E+07   0.142304E+07   0.743614E+00
   0.826091E-01   0.261206E+07   0.259747E+07   0.686312E+01  -0.163130E+02   0.208508E+07   0.257334E+07   0.260961E+07   0.257334E+07  -0.599713E-01   0.138825E+07   0.138807E+07   0.734499E+00
   0.867395E-01   0.242217E+07   0.240651E+07   0.644682E+01  -0.128377E+02   0.190817E+07   0.238418E+07   0.241954E+07   0.238418E+07  -0.560264E-01   0.127357E+07   0.127338E+07   0.720185E+00
   0.918936E-01   0.221524E+07   0.219883E+07   0.508289E+01  -0.106636E+02   0.171738E+07   0.217825E+07   0.221249E+07   0.217825E+07  -0.510740E-01   0.116719E+07   0.116700E+07   0.682513E+00
   0.970477E-01   0.204329E+07   0.202710E+07   0.416055E+01  -0.885753E+01   0.155910E+07   0.200728E+07   0.204057E+07   0.200728E+07  -0.470370E-01   0.107623E+07   0.107605E+07   0.619514E+00
   0.102202E+00   0.190788E+07   0.189289E+07   0.353593E+01  -0.739922E+01   0.143312E+07   0.187271E+07   0.190537E+07   0.187271E+07  -0.439173E-01   0.100260E+07   0.100244E+07   0.537560E+00
   0.107356E+00   0.180413E+07   0.179104E+07   0.310665E+01  -0.622857E+01   0.133433E+07   0.176959E+07   0.180193E+07   0.176959E+07  -0.415768E-01   0.944406E+06   0.944262E+06   0.448500E+00
   0.112510E+00   0.172189E+07   0.171096E+07   0.279806E+01  -0.527271E+01   0.125408E+07   0.168783E+07   0.172005E+07   0.168783E+07  -0.397638E-01   0.896753E+06   0.896630E+06   0.364915E+00
   0.117664E+00   0.165002E+07   0.164107E+07   0.255807E+01  -0.447054E+01   0.118355E+07   0.161636E+07   0.164852E+07   0.161636E+07  -0.382074E-01   0.854135E+06   0.854030E+06   0.296611E+00
   0.122818E+00   0.157984E+07   0.157233E+07   0.235363E+01  -0.378157E+01   0.111611E+07   0.154659E+07   0.157858E+07   0.154659E+07  -0.366956E-01   0.812305E+06   0.812214E+06   0.248653E+00
   0.127972E+00   0.150629E+07   0.149955E+07   0.216576E+01  -0.318350E+01   0.104813E+07   0.147355E+07   0.150516E+07   0.147355E+07  -0.351023E-01   0.768934E+06   0.768850E+06   0.220981E+00
   0.133126E+00   0.142798E+07   0.142135E+07   0.198575E+01  -0.266566E+01   0.978710E+06   0.139587E+07   0.142686E+07   0.139587E+07  -0.333878E-01   0.723567E+06   0.723484E+06   0.209405E+00
   0.138280E+00   0.134656E+07   0.133958E+07   0.181194E+01  -0.222328E+01   0.909078E+06   0.131521E+07   0.134539E+07   0.131521E+07  -0.315857E-01   0.677266E+06   0.677180E+06   0.207453E+00
   0.143435E+00   0.126563E+07   0.125811E+07   0.164672E+01  -0.185300E+01   0.841695E+06   0.123514E+07   0.126437E+07   0.123514E+07  -0.297776E-01   0.632001E+06   0.631911E+06   0.208377E+00
   0.148589E+00   0.118956E+07   0.118158E+07   0.149406E+01  -0.155043E+01   0.779382E+06   0.115995E+07   0.118822E+07   0.115995E+07  -0.280657E-01   0.590024E+06   0.589932E+06   0.206803E+00
   0.153743E+00   0.112234E+07   0.111417E+07   0.135748E+01  -0.130932E+01   0.724543E+06   0.109355E+07   0.112097E+07   0.109355E+07  -0.265447E-01   0.553309E+06   0.553216E+06   0.199679E+00
   0.158897E+00   0.106629E+07   0.105828E+07   0.123839E+01  -0.112110E+01   0.678358E+06   0.103821E+07   0.106495E+07   0.103821E+07  -0.252715E-01   0.522922E+06   0.522833E+06   0.186434E+00
   0.164051E+00   0.102117E+07   0.101368E+07   0.113519E+01  -0.975603E+00   0.640324E+06   0.993664E+06   0.101992E+07   0.993664E+06  -0.242424E-01   0.498644E+06   0.498562E+06   0.168496E+00
   0.169205E+00   0.984644E+06   0.977883E+06   0.104420E+01  -0.862670E+00   0.608644E+06   0.957585E+06   0.983509E+06   0.957585E+06  -0.234031E-01   0.479217E+06   0.479142E+06   0.148469E+00
   0.174359E+00   0.953541E+06   0.947584E+06   0.961460E+00  -0.773595E+00   0.581114E+06   0.926854E+06   0.952540E+06   0.926854E+06  -0.226795E-01   0.463001E+06   0.462933E+06   0.129216E+00
   0.179513E+00   0.924798E+06   0.919562E+06   0.883716E+00  -0.701619E+00   0.555709E+06   0.898454E+06   0.923918E+06   0.898454E+06  -0.219996E-01   0.448424E+06   0.448363E+06   0.113060E+00
   0.184667E+00   0.895762E+06   0.891052E+06   0.808694E+00  -0.641624E+00   0.530736E+06   0.869782E+06   0.894971E+06   0.869782E+06  -0.213014E-01   0.434125E+06   0.434069E+06   0.101277E+00
   0.189821E+00   0.864655E+06   0.860226E+06   0.735347E+00  -0.590021E+00   0.505198E+06   0.839104E+06   0.863911E+06   0.839104E+06  -0.205440E-01   0.419178E+06   0.419124E+06   0.939764E-01
   0.194975E+00   0.831154E+06   0.826781E+06   0.664061E+00  -0.544748E+00   0.478911E+06   0.806111E+06   0.830420E+06   0.806111E+06  -0.197216E-01   0.403358E+06   0.403305E+06   0.903111E-01
   0.200130E+00   0.796325E+06   0.791850E+06   0.596256E+00  -0.504880E+00   0.452528E+06   0.771850E+06   0.795574E+06   0.771850E+06  -0.188621E-01   0.387114E+06   0.387061E+06   0.888712E-01
   0.205284E+00   0.761812E+06   0.757175E+06   0.533437E+00  -0.470026E+00   0.426991E+06   0.737933E+06   0.761034E+06   0.737933E+06  -0.180066E-01   0.371184E+06   0.371130E+06   0.881155E-01
   0.210438E+00   0.729167E+06   0.724397E+06   0.476657E+00  -0.439863E+00   0.403140E+06   0.705875E+06   0.728366E+06   0.705875E+06  -0.171940E-01   0.356264E+06   0.356209E+06   0.867595E-01
   0.215592E+00   0.699613E+06   0.694809E+06   0.426425E+00  -0.414046E+00   0.381589E+06   0.676869E+06   0.698806E+06   0.676869E+06  -0.164548E-01   0.342904E+06   0.342849E+06   0.840330E-01
   0.220746E+00   0.673900E+06   0.669191E+06   0.382729E+00  -0.392128E+00   0.362660E+06   0.651640E+06   0.673109E+06   0.651640E+06  -0.158078E-01   0.331430E+06   0.331378E+06   0.797592E-01
   0.225900E+00   0.652062E+06   0.647568E+06   0.345042E+00  -0.373428E+00   0.346270E+06   0.630212E+06   0.651307E+06   0.630212E+06  -0.152544E-01   0.321829E+06   0.321779E+06   0.742637E-01
   0.231054E+00   0.633395E+06   0.629197E+06   0.312462E+00  -0.357023E+00   0.331952E+06   0.611892E+06   0.632690E+06   0.611892E+06  -0.147784E-01   0.313725E+06   0.313678E+06   0.681808E-01
   0.236208E+00   0.616785E+06   0.612909E+06   0.284013E+00  -0.341911E+00   0.319048E+06   0.595589E+06   0.616134E+06   0.595589E+06  -0.143540E-01   0.306542E+06   0.306498E+06   0.622318E-01
   0.241362E+00   0.601091E+06   0.597510E+06   0.258847E+00  -0.327231E+00   0.306917E+06   0.580188E+06   0.600490E+06   0.580188E+06  -0.139548E-01   0.299688E+06   0.299647E+06   0.570282E-01
   0.246516E+00   0.585374E+06   0.582019E+06   0.236330E+00  -0.312350E+00   0.295056E+06   0.564772E+06   0.584810E+06   0.564772E+06  -0.135592E-01   0.292674E+06   0.292635E+06   0.529372E-01
   0.251670E+00   0.569043E+06   0.565830E+06   0.216052E+00  -0.296924E+00   0.283162E+06   0.548770E+06   0.568503E+06   0.548770E+06  -0.131540E-01   0.285190E+06   0.285153E+06   0.500346E-01
   0.256825E+00   0.551973E+06   0.548820E+06   0.197803E+00  -0.280925E+00   0.271177E+06   0.532061E+06   0.551443E+06   0.532061E+06  -0.127366E-01   0.277164E+06   0.277127E+06   0.481390E-01
   0.261979E+00   0.534481E+06   0.531329E+06   0.181525E+00  -0.264588E+00   0.259263E+06   0.514955E+06   0.533952E+06   0.514955E+06  -0.123143E-01   0.268752E+06   0.268716E+06   0.469048E-01
   0.267133E+00   0.517126E+06   0.513950E+06   0.167197E+00  -0.248283E+00   0.247692E+06   0.497997E+06   0.516593E+06   0.497997E+06  -0.119002E-01   0.260245E+06   0.260208E+06   0.459338E-01
   0.272287E+00   0.500483E+06   0.497290E+06   0.154773E+00  -0.232370E+00   0.236728E+06   0.481744E+06   0.499947E+06   0.481744E+06  -0.115074E-01   0.251944E+06   0.251907E+06   0.448772E-01
   0.277441E+00   0.485011E+06   0.481831E+06   0.144146E+00  -0.217130E+00   0.226566E+06   0.466641E+06   0.484477E+06   0.466641E+06  -0.111460E-01   0.244096E+06   0.244060E+06   0.435077E-01
   0.282595E+00   0.470981E+06   0.467857E+06   0.135152E+00  -0.202737E+00   0.217307E+06   0.452950E+06   0.470457E+06   0.452950E+06  -0.108218E-01   0.236855E+06   0.236820E+06   0.417492E-01
   0.287749E+00   0.458429E+06   0.455403E+06   0.127573E+00  -0.189243E+00   0.208935E+06   0.440702E+06   0.457921E+06   0.440702E+06  -0.105352E-01   0.230258E+06   0.230224E+06   0.396634E-01
   0.292903E+00   0.447152E+06   0.444254E+06   0.121148E+00  -0.176596E+00   0.201328E+06   0.429699E+06   0.446666E+06   0.429699E+06  -0.102808E-01   0.224218E+06   0.224185E+06   0.374056E-01
   0.298057E+00   0.436784E+06   0.434026E+06   0.115606E+00  -0.164686E+00   0.194296E+06   0.419584E+06   0.436321E+06   0.419584E+06  -0.100496E-01   0.218569E+06   0.218538E+06   0.351672E-01
   0.303211E+00   0.426916E+06   0.424290E+06   0.110692E+00  -0.153403E+00   0.187637E+06   0.409958E+06   0.426475E+06   0.409958E+06  -0.983160E-02   0.213122E+06   0.213092E+06   0.331202E-01
   0.308365E+00   0.417200E+06   0.414685E+06   0.106196E+00  -0.142675E+00   0.181188E+06   0.400485E+06   0.416777E+06   0.400485E+06  -0.961812E-02   0.207722E+06   0.207693E+06   0.313787E-01
   0.313520E+00   0.407414E+06   0.404980E+06   0.101966E+00  -0.132478E+00   0.174848E+06   0.390950E+06   0.407005E+06   0.390950E+06  -0.940351E-02   0.202276E+06   0.202248E+06   0.299809E-01
   0.318674E+00   0.397490E+06   0.395108E+06   0.979034E-01  -0.122842E+00   0.168584E+06   0.381287E+06   0.397090E+06   0.381287E+06  -0.918566E-02   0.196771E+06   0.196743E+06   0.288933E-01
   0.323828E+00   0.387498E+06   0.385146E+06   0.939605E-01  -0.113824E+00   0.162424E+06   0.371565E+06   0.387103E+06   0.371565E+06  -0.896574E-02   0.191258E+06   0.191231E+06   0.280309E-01
   0.328982E+00   0.377602E+06   0.375266E+06   0.901238E-01  -0.105491E+00   0.156436E+06   0.361942E+06   0.377210E+06   0.361942E+06  -0.874713E-02   0.185834E+06   0.185807E+06   0.272861E-01
   0.334136E+00   0.368002E+06   0.365682E+06   0.863993E-01  -0.978979E-01   0.150697E+06   0.352611E+06   0.367612E+06   0.352611E+06  -0.853419E-02   0.180611E+06   0.180585E+06   0.265580E-01
   0.339290E+00   0.358878E+06   0.356582E+06   0.827966E-01  -0.910708E-01   0.145273E+06   0.343747E+06   0.358492E+06   0.343747E+06  -0.833086E-02   0.175688E+06   0.175661E+06   0.257743E-01
   0.344444E+00   0.350339E+06   0.348082E+06   0.793160E-01  -0.850043E-01   0.140200E+06   0.335454E+06   0.349960E+06   0.335454E+06  -0.813953E-02   0.171124E+06   0.171098E+06   0.249025E-01
   0.349598E+00   0.342406E+06   0.340200E+06   0.759459E-01  -0.796575E-01   0.135473E+06   0.327751E+06   0.342036E+06   0.327751E+06  -0.796051E-02   0.166932E+06   0.166906E+06   0.239485E-01
   0.354752E+00   0.335015E+06   0.332872E+06   0.726624E-01  -0.749679E-01   0.131058E+06   0.320576E+06   0.334656E+06   0.320576E+06  -0.779229E-02   0.163082E+06   0.163058E+06   0.229477E-01
   0.359906E+00   0.328056E+06   0.325981E+06   0.694389E-01  -0.708607E-01   0.126901E+06   0.313821E+06   0.327708E+06   0.313821E+06  -0.763224E-02   0.159520E+06   0.159497E+06   0.219503E-01
   0.365060E+00   0.321400E+06   0.319391E+06   0.662526E-01  -0.672581E-01   0.122945E+06   0.307361E+06   0.321062E+06   0.307361E+06  -0.747739E-02   0.156180E+06   0.156157E+06   0.210061E-01
   0.370215E+00   0.314923E+06   0.312974E+06   0.630878E-01  -0.640863E-01   0.119137E+06   0.301079E+06   0.314596E+06   0.301079E+06  -0.732495E-02   0.152998E+06   0.152975E+06   0.201519E-01
   0.375369E+00   0.308531E+06   0.306632E+06   0.599403E-01  -0.612775E-01   0.115437E+06   0.294881E+06   0.308212E+06   0.294881E+06  -0.717282E-02   0.149921E+06   0.149899E+06   0.194045E-01
   0.380523E+00   0.302171E+06   0.300312E+06   0.568174E-01  -0.587757E-01   0.111824E+06   0.288717E+06   0.301859E+06   0.288717E+06  -0.701996E-02   0.146917E+06   0.146896E+06   0.187598E-01
   0.385677E+00   0.295853E+06   0.294024E+06   0.537402E-01  -0.565366E-01   0.108297E+06   0.282596E+06   0.295546E+06   0.282596E+06  -0.686681E-02   0.143983E+06   0.143962E+06   0.181980E-01
   0.390831E+00   0.289625E+06   0.287821E+06   0.507371E-01  -0.545251E-01   0.104873E+06   0.276567E+06   0.289322E+06   0.276567E+06  -0.671478E-02   0.141133E+06   0.141113E+06   0.176905E-01
   0.395985E+00   0.283557E+06   0.281776E+06   0.478369E-01  -0.527119E-01   0.101574E+06   0.270694E+06   0.283258E+06   0.270694E+06  -0.656571E-02   0.138393E+06   0.138373E+06   0.172079E-01
   0.401139E+00   0.277704E+06   0.275946E+06   0.450639E-01  -0.510667E-01   0.984165E+05   0.265030E+06   0.277409E+06   0.265030E+06  -0.642116E-02   0.135779E+06   0.135759E+06   0.167262E-01
   0.406293E+00   0.272098E+06   0.270368E+06   0.424355E-01  -0.495594E-01   0.954083E+05   0.259609E+06   0.271808E+06   0.259609E+06  -0.628217E-02   0.133298E+06   0.133278E+06   0.162316E-01
   0.411447E+00   0.266757E+06   0.265058E+06   0.399638E-01  -0.481601E-01   0.925508E+05   0.254444E+06   0.266472E+06   0.254444E+06  -0.614936E-02   0.130949E+06   0.130930E+06   0.157216E-01
   0.416601E+00   0.261677E+06   0.260014E+06   0.376550E-01  -0.468403E-01   0.898386E+05   0.249533E+06   0.261397E+06   0.249533E+06  -0.602287E-02   0.128722E+06   0.128703E+06   0.152032E-01
   0.421755E+00   0.256827E+06   0.255202E+06   0.355095E-01  -0.455707E-01   0.872572E+05   0.244847E+06   0.256555E+06   0.244847E+06  -0.590221E-02   0.126595E+06   0.126576E+06   0.146888E-01
   0.426910E+00   0.252157E+06   0.250570E+06   0.335231E-01  -0.443228E-01   0.847852E+05   0.240334E+06   0.251890E+06   0.240334E+06  -0.578636E-02   0.124534E+06   0.124516E+06   0.141922E-01
   0.432064E+00   0.247615E+06   0.246063E+06   0.316901E-01  -0.430734E-01   0.824028E+05   0.235947E+06   0.247354E+06   0.235947E+06  -0.567431E-02   0.122508E+06   0.122490E+06   0.137247E-01
   0.437218E+00   0.243170E+06   0.241651E+06   0.300060E-01  -0.418065E-01   0.800971E+05   0.231655E+06   0.242915E+06   0.231655E+06  -0.556546E-02   0.120496E+06   0.120479E+06   0.132932E-01
   0.442372E+00   0.238805E+06   0.237315E+06   0.284665E-01  -0.405130E-01   0.778607E+05   0.227442E+06   0.238555E+06   0.227442E+06  -0.545956E-02   0.118488E+06   0.118471E+06   0.128987E-01
   0.447526E+00   0.234513E+06   0.233047E+06   0.270661E-01  -0.391886E-01   0.756888E+05   0.223300E+06   0.234266E+06   0.223300E+06  -0.535645E-02   0.116475E+06   0.116458E+06   0.125372E-01
   0.452680E+00   0.230292E+06   0.228848E+06   0.257986E-01  -0.378336E-01   0.735800E+05   0.219228E+06   0.230049E+06   0.219228E+06  -0.525617E-02   0.114456E+06   0.114439E+06   0.122009E-01
   0.457834E+00   0.226159E+06   0.224737E+06   0.246579E-01  -0.364541E-01   0.715379E+05   0.215244E+06   0.225920E+06   0.215244E+06  -0.515911E-02   0.112440E+06   0.112424E+06   0.118813E-01
   0.462988E+00   0.222140E+06   0.220738E+06   0.236375E-01  -0.350588E-01   0.695687E+05   0.211369E+06   0.221904E+06   0.211369E+06  -0.506582E-02   0.110441E+06   0.110425E+06   0.115708E-01
   0.468142E+00   0.218251E+06   0.216871E+06   0.227286E-01  -0.336575E-01   0.676760E+05   0.207622E+06   0.218020E+06   0.207622E+06  -0.497662E-02   0.108469E+06   0.108454E+06   0.112641E-01
   0.473296E+00   0.214497E+06   0.213138E+06   0.219201E-01  -0.322584E-01   0.658587E+05   0.204005E+06   0.214269E+06   0.204005E+06  -0.489150E-02   0.106530E+06   0.106515E+06   0.109588E-01
   0.478450E+00   0.210871E+06   0.209536E+06   0.211998E-01  -0.308695E-01   0.641131E+05   0.200513E+06   0.210647E+06   0.200513E+06  -0.481022E-02   0.104625E+06   0.104610E+06   0.106553E-01
   0.483605E+00   0.207367E+06   0.206055E+06   0.205553E-01  -0.294988E-01   0.624352E+05   0.197139E+06   0.207146E+06   0.197139E+06  -0.473248E-02   0.102754E+06   0.102739E+06   0.103563E-01
   0.488759E+00   0.203973E+06   0.202685E+06   0.199740E-01  -0.281542E-01   0.608200E+05   0.193871E+06   0.203756E+06   0.193871E+06  -0.465790E-02   0.100918E+06   0.100903E+06   0.100655E-01
   0.493913E+00   0.200674E+06   0.199410E+06   0.194435E-01  -0.268432E-01   0.592615E+05   0.190697E+06   0.200462E+06   0.190697E+06  -0.458598E-02   0.991143E+05   0.990998E+05   0.978631E-02
   0.499067E+00   0.197454E+06   0.196211E+06   0.189518E-01  -0.255722E-01   0.577529E+05   0.187598E+06   0.197245E+06   0.187598E+06  -0.451615E-02   0.973399E+05   0.973257E+05   0.952090E-02
   0.504221E+00   0.194298E+06   0.193076E+06   0.184880E-01  -0.243480E-01   0.562893E+05   0.184563E+06   0.194093E+06   0.184563E+06  -0.444795E-02   0.955940E+05   0.955800E+05   0.927014E-02
   0.509375E+00   0.191203E+06   0.190000E+06   0.180434E-01  -0.231777E-01   0.548683E+05   0.181587E+06   0.191001E+06   0.181587E+06  -0.438114E-02   0.938803E+05   0.938665E+05   0.903343E-02
   0.514529E+00   0.188171E+06   0.186986E+06   0.176105E-01  -0.220679E-01   0.534897E+05   0.178672E+06   0.187972E+06   0.178672E+06  -0.431563E-02   0.922050E+05   0.921915E+05   0.880903E-02
   0.519683E+00   0.185204E+06   0.184037E+06   0.171833E-01  -0.210240E-01   0.521531E+05   0.175820E+06   0.185008E+06   0.175820E+06  -0.425134E-02   0.905742E+05   0.905608E+05   0.859451E-02
   0.524837E+00   0.182305E+06   0.181154E+06   0.167567E-01  -0.200499E-01   0.508579E+05   0.173035E+06   0.182112E+06   0.173035E+06  -0.418818E-02   0.889930E+05   0.889798E+05   0.838734E-02
   0.529991E+00   0.179476E+06   0.178342E+06   0.163269E-01  -0.191482E-01   0.496043E+05   0.170317E+06   0.179286E+06   0.170317E+06  -0.412615E-02   0.874667E+05   0.874537E+05   0.818551E-02
   0.535145E+00   0.176723E+06   0.175605E+06   0.158915E-01  -0.183204E-01   0.483926E+05   0.167674E+06   0.176535E+06   0.167674E+06  -0.406528E-02   0.860006E+05   0.859878E+05   0.798789E-02
   0.540300E+00   0.174048E+06   0.172946E+06   0.154487E-01  -0.175662E-01   0.472224E+05   0.165105E+06   0.173863E+06   0.165105E+06  -0.400555E-02   0.845978E+05   0.845851E+05   0.779410E-02
   0.545454E+00   0.171446E+06   0.170361E+06   0.149972E-01  -0.168834E-01   0.460914E+05   0.162607E+06   0.171264E+06   0.162607E+06  -0.394683E-02   0.832574E+05   0.832450E+05   0.760444E-02
   0.550608E+00   0.168910E+06   0.167842E+06   0.145367E-01  -0.162685E-01   0.449969E+05   0.160174E+06   0.168731E+06   0.160174E+06  -0.388894E-02   0.819765E+05   0.819643E+05   0.741957E-02
   0.555762E+00   0.166436E+06   0.165384E+06   0.140676E-01  -0.157173E-01   0.439367E+05   0.157800E+06   0.166259E+06   0.157800E+06  -0.383176E-02   0.807523E+05   0.807402E+05   0.724037E-02
   0.560916E+00   0.164019E+06   0.162983E+06   0.135913E-01  -0.152250E-01   0.429091E+05   0.155482E+06   0.163845E+06   0.155482E+06  -0.377524E-02   0.795822E+05   0.795703E+05   0.706761E-02
   0.566070E+00   0.161657E+06   0.160636E+06   0.131099E-01  -0.147860E-01   0.419123E+05   0.153216E+06   0.161485E+06   0.153216E+06  -0.371933E-02   0.784624E+05   0.784507E+05   0.690167E-02
   0.571224E+00   0.159342E+06   0.158336E+06   0.126256E-01  -0.143942E-01   0.409442E+05   0.150997E+06   0.159174E+06   0.150997E+06  -0.366396E-02   0.773883E+05   0.773767E+05   0.674246E-02
   0.576378E+00   0.157073E+06   0.156081E+06   0.121414E-01  -0.140430E-01   0.400032E+05   0.148822E+06   0.156907E+06   0.148822E+06  -0.360913E-02   0.763551E+05   0.763438E+05   0.658950E-02
   0.581532E+00   0.154850E+06   0.153871E+06   0.116606E-01  -0.137266E-01   0.390890E+05   0.146691E+06   0.154685E+06   0.146691E+06  -0.355495E-02   0.753601E+05   0.753489E+05   0.644218E-02
   0.586686E+00   0.152674E+06   0.151709E+06   0.111868E-01  -0.134388E-01   0.382016E+05   0.144607E+06   0.152512E+06   0.144607E+06  -0.350156E-02   0.744009E+05   0.743898E+05   0.629976E-02
   0.591840E+00   0.150547E+06   0.149594E+06   0.107234E-01  -0.131736E-01   0.373404E+05   0.142569E+06   0.150387E+06   0.142569E+06  -0.344907E-02   0.734739E+05   0.734630E+05   0.616152E-02
   0.596995E+00   0.148467E+06   0.147527E+06   0.102737E-01  -0.129251E-01   0.365046E+05   0.140577E+06   0.148309E+06   0.140577E+06  -0.339756E-02   0.725747E+05   0.725639E+05   0.602689E-02
   0.602149E+00   0.146433E+06   0.145506E+06   0.984035E-02  -0.126878E-01   0.356933E+05   0.138630E+06   0.146277E+06   0.138630E+06  -0.334710E-02   0.716989E+05   0.716883E+05   0.589553E-02
   0.607303E+00   0.144446E+06   0.143531E+06   0.942621E-02  -0.124568E-01   0.349061E+05   0.136728E+06   0.144292E+06   0.136728E+06  -0.329781E-02   0.708433E+05   0.708328E+05   0.576737E-02
   0.612457E+00   0.142505E+06   0.141603E+06   0.903347E-02  -0.122279E-01   0.341424E+05   0.134870E+06   0.142354E+06   0.134870E+06  -0.324978E-02   0.700040E+05   0.699937E+05   0.564250E-02
   0.659749E+00   0.126458E+06   0.125657E+06   0.691347E-02  -0.931830E-02   0.280554E+05   0.119528E+06   0.126324E+06   0.119528E+06  -0.288154E-02   0.620160E+05   0.620068E+05   0.465743E-02
   0.710693E+00   0.112138E+06   0.111427E+06   0.556064E-02  -0.673052E-02   0.229788E+05   0.105861E+06   0.112019E+06   0.105861E+06  -0.256475E-02   0.544927E+05   0.544845E+05   0.384282E-02
   0.765571E+00   0.993949E+05   0.987643E+05   0.414272E-02  -0.526900E-02   0.187685E+05   0.937205E+05   0.992890E+05   0.937205E+05  -0.226653E-02   0.484196E+05   0.484123E+05   0.317092E-02
   0.895965E+00   0.768572E+05   0.763688E+05   0.230691E-02  -0.300355E-02   0.121157E+05   0.723036E+05   0.767752E+05   0.723036E+05  -0.174795E-02   0.374193E+05   0.374136E+05   0.210986E-02
   0.125042E+01   0.442350E+05   0.439531E+05   0.618000E-03  -0.966071E-03   0.460365E+04   0.414502E+05   0.441876E+05   0.414502E+05  -0.995365E-03   0.217405E+05   0.217371E+05   0.890201E-03
   0.174510E+01   0.252246E+05   0.250635E+05   0.202343E-03  -0.252576E-03   0.166437E+04   0.235701E+05   0.251976E+05   0.235701E+05  -0.571979E-03   0.121608E+05   0.121588E+05   0.379124E-03
   0.243548E+01   0.142625E+05   0.141711E+05   0.517249E-04  -0.824558E-04   0.575363E+03   0.133017E+05   0.142471E+05   0.133017E+05  -0.319610E-03   0.698638E+04   0.698517E+04   0.165595E-03
