#           k/h    P           
    0.10000E-03    0.55262E+03
    0.10202E-03    0.56324E+03
    0.10408E-03    0.57406E+03
    0.10618E-03    0.58509E+03
    0.10833E-03    0.59632E+03
    0.11052E-03    0.60776E+03
    0.11275E-03    0.61942E+03
    0.11503E-03    0.63130E+03
    0.11735E-03    0.64340E+03
    0.11972E-03    0.65572E+03
    0.12214E-03    0.66828E+03
    0.12461E-03    0.68107E+03
    0.12712E-03    0.69410E+03
    0.12969E-03    0.70737E+03
    0.13231E-03    0.72088E+03
    0.13499E-03    0.73465E+03
    0.13771E-03    0.74867E+03
    0.14049E-03    0.76296E+03
    0.14333E-03    0.77750E+03
    0.14623E-03    0.79231E+03
    0.14918E-03    0.80739E+03
    0.15220E-03    0.82275E+03
    0.15527E-03    0.83839E+03
    0.15841E-03    0.85432E+03
    0.16161E-03    0.87053E+03
    0.16487E-03    0.88704E+03
    0.16820E-03    0.90385E+03
    0.17160E-03    0.92096E+03
    0.17507E-03    0.93838E+03
    0.17860E-03    0.95612E+03
    0.18221E-03    0.97416E+03
    0.18589E-03    0.99254E+03
    0.18965E-03    0.10112E+04
    0.19348E-03    0.10303E+04
    0.19739E-03    0.10496E+04
    0.20138E-03    0.10693E+04
    0.20544E-03    0.10894E+04
    0.20959E-03    0.11098E+04
    0.21383E-03    0.11306E+04
    0.21815E-03    0.11517E+04
    0.22255E-03    0.11732E+04
    0.22705E-03    0.11950E+04
    0.23164E-03    0.12172E+04
    0.23632E-03    0.12399E+04
    0.24109E-03    0.12628E+04
    0.24596E-03    0.12862E+04
    0.25093E-03    0.13100E+04
    0.25600E-03    0.13342E+04
    0.26117E-03    0.13587E+04
    0.26645E-03    0.13837E+04
    0.27183E-03    0.14091E+04
    0.27732E-03    0.14349E+04
    0.28292E-03    0.14612E+04
    0.28864E-03    0.14878E+04
    0.29447E-03    0.15149E+04
    0.30042E-03    0.15424E+04
    0.30649E-03    0.15704E+04
    0.31268E-03    0.15988E+04
    0.31899E-03    0.16276E+04
    0.32544E-03    0.16569E+04
    0.33201E-03    0.16866E+04
    0.33872E-03    0.17168E+04
    0.34556E-03    0.17475E+04
    0.35254E-03    0.17786E+04
    0.35966E-03    0.18102E+04
    0.36693E-03    0.18423E+04
    0.37434E-03    0.18749E+04
    0.38190E-03    0.19079E+04
    0.38962E-03    0.19414E+04
    0.39749E-03    0.19754E+04
    0.40552E-03    0.20099E+04
    0.41371E-03    0.20449E+04
    0.42207E-03    0.20804E+04
    0.43060E-03    0.21164E+04
    0.43929E-03    0.21529E+04
    0.44817E-03    0.21899E+04
    0.45722E-03    0.22275E+04
    0.46646E-03    0.22655E+04
    0.47588E-03    0.23041E+04
    0.48550E-03    0.23431E+04
    0.49530E-03    0.23828E+04
    0.50531E-03    0.24229E+04
    0.51552E-03    0.24636E+04
    0.52593E-03    0.25048E+04
    0.53656E-03    0.25466E+04
    0.54739E-03    0.25889E+04
    0.55845E-03    0.26318E+04
    0.56973E-03    0.26753E+04
    0.58124E-03    0.27193E+04
    0.59299E-03    0.27638E+04
    0.60496E-03    0.28090E+04
    0.61719E-03    0.28547E+04
    0.62965E-03    0.29011E+04
    0.64237E-03    0.29480E+04
    0.65535E-03    0.29955E+04
    0.66859E-03    0.30436E+04
    0.68210E-03    0.30923E+04
    0.69588E-03    0.31417E+04
    0.70993E-03    0.31917E+04
    0.72427E-03    0.32423E+04
    0.73891E-03    0.32936E+04
    0.75383E-03    0.33455E+04
    0.76906E-03    0.33980E+04
    0.78460E-03    0.34513E+04
    0.80045E-03    0.35052E+04
    0.81662E-03    0.35598E+04
    0.83311E-03    0.36150E+04
    0.84994E-03    0.36710E+04
    0.86711E-03    0.37277E+04
    0.88463E-03    0.37851E+04
    0.90250E-03    0.38432E+04
    0.92073E-03    0.39021E+04
    0.93933E-03    0.39617E+04
    0.95831E-03    0.40221E+04
    0.97767E-03    0.40832E+04
    0.99742E-03    0.41451E+04
    0.10176E-02    0.42078E+04
    0.10381E-02    0.42712E+04
    0.10591E-02    0.43355E+04
    0.10805E-02    0.44006E+04
    0.11023E-02    0.44665E+04
    0.11246E-02    0.45333E+04
    0.11473E-02    0.46009E+04
    0.11705E-02    0.46694E+04
    0.11941E-02    0.47387E+04
    0.12182E-02    0.48089E+04
    0.12429E-02    0.48800E+04
    0.12680E-02    0.49520E+04
    0.12936E-02    0.50249E+04
    0.13197E-02    0.50987E+04
    0.13464E-02    0.51735E+04
    0.13736E-02    0.52492E+04
    0.14013E-02    0.53259E+04
    0.14296E-02    0.54035E+04
    0.14585E-02    0.54821E+04
    0.14880E-02    0.55618E+04
    0.15180E-02    0.56424E+04
    0.15487E-02    0.57240E+04
    0.15800E-02    0.58067E+04
    0.16119E-02    0.58904E+04
    0.16445E-02    0.59752E+04
    0.16777E-02    0.60611E+04
    0.17116E-02    0.61480E+04
    0.17462E-02    0.62360E+04
    0.17814E-02    0.63251E+04
    0.18174E-02    0.64154E+04
    0.18541E-02    0.65068E+04
    0.18916E-02    0.65993E+04
    0.19298E-02    0.66929E+04
    0.19688E-02    0.67878E+04
    0.20086E-02    0.68838E+04
    0.20491E-02    0.69809E+04
    0.20905E-02    0.70793E+04
    0.21328E-02    0.71790E+04
    0.21758E-02    0.72798E+04
    0.22198E-02    0.73818E+04
    0.22646E-02    0.74852E+04
    0.23104E-02    0.75897E+04
    0.23571E-02    0.76955E+04
    0.24047E-02    0.78026E+04
    0.24533E-02    0.79110E+04
    0.25028E-02    0.80207E+04
    0.25534E-02    0.81317E+04
    0.26050E-02    0.82440E+04
    0.26576E-02    0.83575E+04
    0.27113E-02    0.84725E+04
    0.27660E-02    0.85887E+04
    0.28219E-02    0.87063E+04
    0.28789E-02    0.88252E+04
    0.29371E-02    0.89454E+04
    0.29964E-02    0.90670E+04
    0.30569E-02    0.91899E+04
    0.31187E-02    0.93141E+04
    0.31817E-02    0.94397E+04
    0.32460E-02    0.95666E+04
    0.33115E-02    0.96949E+04
    0.33784E-02    0.98244E+04
    0.34467E-02    0.99552E+04
    0.35163E-02    0.10087E+05
    0.35874E-02    0.10221E+05
    0.36598E-02    0.10356E+05
    0.37338E-02    0.10491E+05
    0.38092E-02    0.10629E+05
    0.38861E-02    0.10767E+05
    0.39646E-02    0.10907E+05
    0.40447E-02    0.11047E+05
    0.41264E-02    0.11189E+05
    0.42098E-02    0.11332E+05
    0.42948E-02    0.11476E+05
    0.43816E-02    0.11621E+05
    0.44701E-02    0.11767E+05
    0.45604E-02    0.11914E+05
    0.46525E-02    0.12062E+05
    0.47465E-02    0.12211E+05
    0.48424E-02    0.12360E+05
    0.49402E-02    0.12510E+05
    0.50400E-02    0.12661E+05
    0.51419E-02    0.12813E+05
    0.52457E-02    0.12965E+05
    0.53517E-02    0.13117E+05
    0.54598E-02    0.13270E+05
    0.55701E-02    0.13423E+05
    0.56826E-02    0.13577E+05
    0.57974E-02    0.13730E+05
    0.59145E-02    0.13884E+05
    0.60340E-02    0.14037E+05
    0.61559E-02    0.14190E+05
    0.62803E-02    0.14343E+05
    0.64072E-02    0.14496E+05
    0.65366E-02    0.14648E+05
    0.66686E-02    0.14800E+05
    0.68033E-02    0.14950E+05
    0.69408E-02    0.15100E+05
    0.70810E-02    0.15249E+05
    0.72240E-02    0.15397E+05
    0.73700E-02    0.15543E+05
    0.75189E-02    0.15688E+05
    0.76708E-02    0.15832E+05
    0.78257E-02    0.15973E+05
    0.79838E-02    0.16113E+05
    0.81451E-02    0.16251E+05
    0.83096E-02    0.16386E+05
    0.84775E-02    0.16519E+05
    0.86488E-02    0.16649E+05
    0.88235E-02    0.16777E+05
    0.90017E-02    0.16901E+05
    0.91836E-02    0.17022E+05
    0.93691E-02    0.17140E+05
    0.95583E-02    0.17255E+05
    0.97514E-02    0.17365E+05
    0.99484E-02    0.17472E+05
    0.10149E-01    0.17574E+05
    0.10354E-01    0.17672E+05
    0.10564E-01    0.17766E+05
    0.10777E-01    0.17854E+05
    0.10995E-01    0.17937E+05
    0.11217E-01    0.18015E+05
    0.11443E-01    0.18088E+05
    0.11675E-01    0.18155E+05
    0.11910E-01    0.18216E+05
    0.12151E-01    0.18271E+05
    0.12397E-01    0.18319E+05
    0.12647E-01    0.18362E+05
    0.12902E-01    0.18397E+05
    0.13163E-01    0.18426E+05
    0.13429E-01    0.18446E+05
    0.13700E-01    0.18459E+05
    0.13977E-01    0.18463E+05
    0.14259E-01    0.18460E+05
    0.14547E-01    0.18449E+05
    0.14841E-01    0.18431E+05
    0.15141E-01    0.18407E+05
    0.15447E-01    0.18378E+05
    0.15759E-01    0.18342E+05
    0.16077E-01    0.18298E+05
    0.16402E-01    0.18246E+05
    0.16734E-01    0.18183E+05
    0.17072E-01    0.18109E+05
    0.17416E-01    0.18024E+05
    0.17768E-01    0.17929E+05
    0.18127E-01    0.17824E+05
    0.18493E-01    0.17711E+05
    0.18867E-01    0.17590E+05
    0.19248E-01    0.17460E+05
    0.19637E-01    0.17322E+05
    0.20034E-01    0.17173E+05
    0.20438E-01    0.17015E+05
    0.20851E-01    0.16845E+05
    0.21272E-01    0.16665E+05
    0.21702E-01    0.16477E+05
    0.22141E-01    0.16280E+05
    0.22588E-01    0.16076E+05
    0.23044E-01    0.15866E+05
    0.23510E-01    0.15651E+05
    0.23985E-01    0.15430E+05
    0.24469E-01    0.15204E+05
    0.24964E-01    0.14973E+05
    0.25468E-01    0.14737E+05
    0.25982E-01    0.14497E+05
    0.26507E-01    0.14251E+05
    0.27043E-01    0.14002E+05
    0.27589E-01    0.13747E+05
    0.28146E-01    0.13489E+05
    0.28715E-01    0.13226E+05
    0.29295E-01    0.12961E+05
    0.29887E-01    0.12694E+05
    0.30490E-01    0.12426E+05
    0.31106E-01    0.12157E+05
    0.31735E-01    0.11888E+05
    0.32376E-01    0.11620E+05
    0.33030E-01    0.11353E+05
    0.33697E-01    0.11088E+05
    0.34378E-01    0.10826E+05
    0.35072E-01    0.10567E+05
    0.35781E-01    0.10313E+05
    0.36504E-01    0.10065E+05
    0.37241E-01    0.98224E+04
    0.37993E-01    0.95871E+04
    0.38761E-01    0.93588E+04
    0.39544E-01    0.91369E+04
    0.40343E-01    0.89213E+04
    0.41158E-01    0.87115E+04
    0.41989E-01    0.85074E+04
    0.42838E-01    0.83096E+04
    0.43703E-01    0.81191E+04
    0.44586E-01    0.79366E+04
    0.45486E-01    0.77630E+04
    0.46405E-01    0.75985E+04
    0.47343E-01    0.74428E+04
    0.48299E-01    0.72950E+04
    0.49275E-01    0.71547E+04
    0.50270E-01    0.70212E+04
    0.51286E-01    0.68938E+04
    0.52322E-01    0.67718E+04
    0.53379E-01    0.66545E+04
    0.54457E-01    0.65412E+04
    0.55557E-01    0.64313E+04
    0.56680E-01    0.63241E+04
    0.57825E-01    0.62192E+04
    0.58993E-01    0.61158E+04
    0.60184E-01    0.60128E+04
    0.61400E-01    0.59091E+04
    0.62641E-01    0.58037E+04
    0.63906E-01    0.56953E+04
    0.65197E-01    0.55829E+04
    0.66514E-01    0.54653E+04
    0.67858E-01    0.53422E+04
    0.69229E-01    0.52141E+04
    0.70627E-01    0.50816E+04
    0.72054E-01    0.49448E+04
    0.73510E-01    0.48022E+04
    0.74994E-01    0.46529E+04
    0.76509E-01    0.44974E+04
    0.78055E-01    0.43379E+04
    0.79632E-01    0.41765E+04
    0.81241E-01    0.40147E+04
    0.82882E-01    0.38536E+04
    0.84556E-01    0.36944E+04
    0.86264E-01    0.35386E+04
    0.88007E-01    0.33876E+04
    0.89785E-01    0.32427E+04
    0.91598E-01    0.31052E+04
    0.93449E-01    0.29762E+04
    0.95337E-01    0.28567E+04
    0.97263E-01    0.27474E+04
    0.99227E-01    0.26490E+04
    0.10123E+00    0.25613E+04
    0.10328E+00    0.24843E+04
    0.10536E+00    0.24171E+04
    0.10749E+00    0.23583E+04
    0.10966E+00    0.23066E+04
    0.11188E+00    0.22599E+04
    0.11414E+00    0.22164E+04
    0.11644E+00    0.21740E+04
    0.11880E+00    0.21309E+04
    0.12120E+00    0.20853E+04
    0.12365E+00    0.20358E+04
    0.12614E+00    0.19814E+04
    0.12869E+00    0.19214E+04
    0.13129E+00    0.18559E+04
    0.13394E+00    0.17851E+04
    0.13665E+00    0.17102E+04
    0.13941E+00    0.16325E+04
    0.14223E+00    0.15538E+04
    0.14510E+00    0.14760E+04
    0.14803E+00    0.14012E+04
    0.15102E+00    0.13314E+04
    0.15407E+00    0.12683E+04
    0.15718E+00    0.12128E+04
    0.16036E+00    0.11654E+04
    0.16360E+00    0.11256E+04
    0.16690E+00    0.10922E+04
    0.17028E+00    0.10638E+04
    0.17371E+00    0.10386E+04
    0.17722E+00    0.10149E+04
    0.18080E+00    0.99076E+03
    0.18446E+00    0.96442E+03
    0.18818E+00    0.93452E+03
    0.19198E+00    0.90050E+03
    0.19586E+00    0.86282E+03
    0.19982E+00    0.82271E+03
    0.20386E+00    0.78187E+03
    0.20797E+00    0.74197E+03
    0.21218E+00    0.70455E+03
    0.21646E+00    0.67085E+03
    0.22083E+00    0.64170E+03
    0.22530E+00    0.61720E+03
    0.22985E+00    0.59667E+03
    0.23449E+00    0.57887E+03
    0.23923E+00    0.56230E+03
    0.24406E+00    0.54554E+03
    0.24899E+00    0.52742E+03
    0.25402E+00    0.50735E+03
    0.25915E+00    0.48549E+03
    0.26439E+00    0.46268E+03
    0.26973E+00    0.44008E+03
    0.27518E+00    0.41878E+03
    0.28074E+00    0.39961E+03
    0.28641E+00    0.38293E+03
    0.29219E+00    0.36852E+03
    0.29810E+00    0.35569E+03
    0.30412E+00    0.34348E+03
    0.31026E+00    0.33107E+03
    0.31653E+00    0.31797E+03
    0.32292E+00    0.30421E+03
    0.32945E+00    0.29023E+03
    0.33610E+00    0.27669E+03
    0.34289E+00    0.26416E+03
    0.34982E+00    0.25291E+03
    0.35689E+00    0.24280E+03
    0.36409E+00    0.23345E+03
    0.37145E+00    0.22437E+03
    0.37895E+00    0.21522E+03
    0.38661E+00    0.20590E+03
    0.39442E+00    0.19666E+03
    0.40239E+00    0.18781E+03
    0.41052E+00    0.17956E+03
    0.41881E+00    0.17197E+03
    0.42727E+00    0.16489E+03
    0.43590E+00    0.15806E+03
    0.44471E+00    0.15134E+03
    0.45369E+00    0.14471E+03
    0.46286E+00    0.13826E+03
    0.47221E+00    0.13215E+03
    0.48174E+00    0.12641E+03
    0.49148E+00    0.12100E+03
    0.50141E+00    0.11581E+03
    0.51153E+00    0.11076E+03
    0.52187E+00    0.10586E+03
    0.53241E+00    0.10116E+03
    0.54317E+00    0.96698E+02
    0.55414E+00    0.92461E+02
    0.56533E+00    0.88407E+02
    0.57675E+00    0.84503E+02
    0.58840E+00    0.80741E+02
    0.60029E+00    0.77142E+02
    0.61242E+00    0.73710E+02
    0.62479E+00    0.70431E+02
    0.63741E+00    0.67289E+02
    0.65029E+00    0.64281E+02
    0.66342E+00    0.61401E+02
    0.67683E+00    0.58644E+02
    0.69050E+00    0.56008E+02
    0.70445E+00    0.53486E+02
    0.71868E+00    0.51076E+02
    0.73320E+00    0.48772E+02
    0.74801E+00    0.46569E+02
    0.76312E+00    0.44462E+02
    0.77854E+00    0.42446E+02
    0.79426E+00    0.40518E+02
    0.81031E+00    0.38674E+02
    0.82668E+00    0.36910E+02
    0.84338E+00    0.35225E+02
    0.86041E+00    0.33614E+02
    0.87780E+00    0.32074E+02
    0.89553E+00    0.30602E+02
    0.91362E+00    0.29197E+02
    0.93208E+00    0.27854E+02
    0.95091E+00    0.26571E+02
    0.97011E+00    0.25346E+02
    0.98971E+00    0.24176E+02
    0.10097E+01    0.23058E+02
    0.10301E+01    0.21991E+02
    0.10509E+01    0.20972E+02
    0.10721E+01    0.19999E+02
    0.10938E+01    0.19070E+02
    0.11159E+01    0.18183E+02
    0.11384E+01    0.17336E+02
    0.11614E+01    0.16528E+02
    0.11849E+01    0.15756E+02
    0.12088E+01    0.15020E+02
    0.12333E+01    0.14317E+02
    0.12582E+01    0.13646E+02
    0.12836E+01    0.13006E+02
    0.13095E+01    0.12396E+02
    0.13360E+01    0.11813E+02
    0.13630E+01    0.11257E+02
    0.13905E+01    0.10727E+02
    0.14186E+01    0.10220E+02
    0.14472E+01    0.97377E+01
    0.14765E+01    0.92771E+01
    0.15063E+01    0.88378E+01
    0.15367E+01    0.84187E+01
    0.15678E+01    0.80190E+01
    0.15994E+01    0.76377E+01
    0.16318E+01    0.72742E+01
    0.16647E+01    0.69274E+01
    0.16984E+01    0.65968E+01
    0.17327E+01    0.62814E+01
    0.17677E+01    0.59808E+01
    0.18034E+01    0.56942E+01
    0.18398E+01    0.54209E+01
    0.18770E+01    0.51605E+01
    0.19149E+01    0.49123E+01
    0.19536E+01    0.46759E+01
    0.19930E+01    0.44506E+01
    0.20333E+01    0.42359E+01
    0.20744E+01    0.40315E+01
    0.21163E+01    0.38368E+01
    0.21590E+01    0.36515E+01
    0.22026E+01    0.34749E+01
    0.22471E+01    0.33069E+01
    0.22925E+01    0.31469E+01
    0.23388E+01    0.29946E+01
    0.23861E+01    0.28497E+01
    0.24343E+01    0.27118E+01
