#           k/h    P           
    0.10000E-03    0.51208E+03
    0.10202E-03    0.52200E+03
    0.10408E-03    0.53211E+03
    0.10618E-03    0.54242E+03
    0.10833E-03    0.55292E+03
    0.11052E-03    0.56363E+03
    0.11275E-03    0.57455E+03
    0.11503E-03    0.58567E+03
    0.11735E-03    0.59701E+03
    0.11972E-03    0.60858E+03
    0.12214E-03    0.62036E+03
    0.12461E-03    0.63237E+03
    0.12712E-03    0.64462E+03
    0.12969E-03    0.65710E+03
    0.13231E-03    0.66982E+03
    0.13499E-03    0.68278E+03
    0.13771E-03    0.69600E+03
    0.14049E-03    0.70947E+03
    0.14333E-03    0.72321E+03
    0.14623E-03    0.73720E+03
    0.14918E-03    0.75147E+03
    0.15220E-03    0.76601E+03
    0.15527E-03    0.78083E+03
    0.15841E-03    0.79594E+03
    0.16161E-03    0.81134E+03
    0.16487E-03    0.82704E+03
    0.16820E-03    0.84304E+03
    0.17160E-03    0.85934E+03
    0.17507E-03    0.87596E+03
    0.17860E-03    0.89290E+03
    0.18221E-03    0.91017E+03
    0.18589E-03    0.92777E+03
    0.18965E-03    0.94570E+03
    0.19348E-03    0.96399E+03
    0.19739E-03    0.98262E+03
    0.20138E-03    0.10016E+04
    0.20544E-03    0.10210E+04
    0.20959E-03    0.10407E+04
    0.21383E-03    0.10608E+04
    0.21815E-03    0.10813E+04
    0.22255E-03    0.11022E+04
    0.22705E-03    0.11235E+04
    0.23164E-03    0.11451E+04
    0.23632E-03    0.11673E+04
    0.24109E-03    0.11898E+04
    0.24596E-03    0.12127E+04
    0.25093E-03    0.12361E+04
    0.25600E-03    0.12600E+04
    0.26117E-03    0.12843E+04
    0.26645E-03    0.13091E+04
    0.27183E-03    0.13343E+04
    0.27732E-03    0.13600E+04
    0.28292E-03    0.13862E+04
    0.28864E-03    0.14129E+04
    0.29447E-03    0.14402E+04
    0.30042E-03    0.14679E+04
    0.30649E-03    0.14961E+04
    0.31268E-03    0.15249E+04
    0.31899E-03    0.15543E+04
    0.32544E-03    0.15842E+04
    0.33201E-03    0.16146E+04
    0.33872E-03    0.16457E+04
    0.34556E-03    0.16773E+04
    0.35254E-03    0.17095E+04
    0.35966E-03    0.17424E+04
    0.36693E-03    0.17758E+04
    0.37434E-03    0.18099E+04
    0.38190E-03    0.18446E+04
    0.38962E-03    0.18800E+04
    0.39749E-03    0.19160E+04
    0.40552E-03    0.19527E+04
    0.41371E-03    0.19901E+04
    0.42207E-03    0.20282E+04
    0.43060E-03    0.20670E+04
    0.43929E-03    0.21065E+04
    0.44817E-03    0.21468E+04
    0.45722E-03    0.21878E+04
    0.46646E-03    0.22296E+04
    0.47588E-03    0.22721E+04
    0.48550E-03    0.23154E+04
    0.49530E-03    0.23596E+04
    0.50531E-03    0.24045E+04
    0.51552E-03    0.24503E+04
    0.52593E-03    0.24969E+04
    0.53656E-03    0.25443E+04
    0.54739E-03    0.25926E+04
    0.55845E-03    0.26418E+04
    0.56973E-03    0.26919E+04
    0.58124E-03    0.27429E+04
    0.59299E-03    0.27949E+04
    0.60496E-03    0.28477E+04
    0.61719E-03    0.29015E+04
    0.62965E-03    0.29563E+04
    0.64237E-03    0.30121E+04
    0.65535E-03    0.30689E+04
    0.66859E-03    0.31266E+04
    0.68210E-03    0.31854E+04
    0.69588E-03    0.32453E+04
    0.70993E-03    0.33062E+04
    0.72427E-03    0.33681E+04
    0.73891E-03    0.34312E+04
    0.75383E-03    0.34954E+04
    0.76906E-03    0.35606E+04
    0.78460E-03    0.36271E+04
    0.80045E-03    0.36946E+04
    0.81662E-03    0.37634E+04
    0.83311E-03    0.38333E+04
    0.84994E-03    0.39044E+04
    0.86711E-03    0.39767E+04
    0.88463E-03    0.40502E+04
    0.90250E-03    0.41250E+04
    0.92073E-03    0.42011E+04
    0.93933E-03    0.42784E+04
    0.95831E-03    0.43570E+04
    0.97767E-03    0.44369E+04
    0.99742E-03    0.45182E+04
    0.10176E-02    0.46007E+04
    0.10381E-02    0.46847E+04
    0.10591E-02    0.47700E+04
    0.10805E-02    0.48566E+04
    0.11023E-02    0.49447E+04
    0.11246E-02    0.50342E+04
    0.11473E-02    0.51251E+04
    0.11705E-02    0.52174E+04
    0.11941E-02    0.53112E+04
    0.12182E-02    0.54065E+04
    0.12429E-02    0.55033E+04
    0.12680E-02    0.56015E+04
    0.12936E-02    0.57013E+04
    0.13197E-02    0.58025E+04
    0.13464E-02    0.59053E+04
    0.13736E-02    0.60097E+04
    0.14013E-02    0.61156E+04
    0.14296E-02    0.62231E+04
    0.14585E-02    0.63322E+04
    0.14880E-02    0.64429E+04
    0.15180E-02    0.65552E+04
    0.15487E-02    0.66692E+04
    0.15800E-02    0.67848E+04
    0.16119E-02    0.69020E+04
    0.16445E-02    0.70209E+04
    0.16777E-02    0.71414E+04
    0.17116E-02    0.72637E+04
    0.17462E-02    0.73876E+04
    0.17814E-02    0.75133E+04
    0.18174E-02    0.76407E+04
    0.18541E-02    0.77698E+04
    0.18916E-02    0.79006E+04
    0.19298E-02    0.80332E+04
    0.19688E-02    0.81676E+04
    0.20086E-02    0.83037E+04
    0.20491E-02    0.84416E+04
    0.20905E-02    0.85814E+04
    0.21328E-02    0.87229E+04
    0.21758E-02    0.88662E+04
    0.22198E-02    0.90114E+04
    0.22646E-02    0.91584E+04
    0.23104E-02    0.93073E+04
    0.23571E-02    0.94580E+04
    0.24047E-02    0.96105E+04
    0.24533E-02    0.97650E+04
    0.25028E-02    0.99213E+04
    0.25534E-02    0.10079E+05
    0.26050E-02    0.10240E+05
    0.26576E-02    0.10402E+05
    0.27113E-02    0.10565E+05
    0.27660E-02    0.10731E+05
    0.28219E-02    0.10899E+05
    0.28789E-02    0.11069E+05
    0.29371E-02    0.11240E+05
    0.29964E-02    0.11414E+05
    0.30569E-02    0.11589E+05
    0.31187E-02    0.11766E+05
    0.31817E-02    0.11945E+05
    0.32460E-02    0.12126E+05
    0.33115E-02    0.12309E+05
    0.33784E-02    0.12494E+05
    0.34467E-02    0.12681E+05
    0.35163E-02    0.12869E+05
    0.35874E-02    0.13059E+05
    0.36598E-02    0.13251E+05
    0.37338E-02    0.13445E+05
    0.38092E-02    0.13641E+05
    0.38861E-02    0.13838E+05
    0.39646E-02    0.14037E+05
    0.40447E-02    0.14238E+05
    0.41264E-02    0.14440E+05
    0.42098E-02    0.14643E+05
    0.42948E-02    0.14849E+05
    0.43816E-02    0.15055E+05
    0.44701E-02    0.15263E+05
    0.45604E-02    0.15472E+05
    0.46525E-02    0.15683E+05
    0.47465E-02    0.15894E+05
    0.48424E-02    0.16107E+05
    0.49402E-02    0.16321E+05
    0.50400E-02    0.16535E+05
    0.51419E-02    0.16751E+05
    0.52457E-02    0.16967E+05
    0.53517E-02    0.17183E+05
    0.54598E-02    0.17401E+05
    0.55701E-02    0.17618E+05
    0.56826E-02    0.17836E+05
    0.57974E-02    0.18054E+05
    0.59145E-02    0.18272E+05
    0.60340E-02    0.18490E+05
    0.61559E-02    0.18707E+05
    0.62803E-02    0.18924E+05
    0.64072E-02    0.19141E+05
    0.65366E-02    0.19356E+05
    0.66686E-02    0.19571E+05
    0.68033E-02    0.19785E+05
    0.69408E-02    0.19997E+05
    0.70810E-02    0.20208E+05
    0.72240E-02    0.20417E+05
    0.73700E-02    0.20624E+05
    0.75189E-02    0.20830E+05
    0.76708E-02    0.21033E+05
    0.78257E-02    0.21233E+05
    0.79838E-02    0.21431E+05
    0.81451E-02    0.21626E+05
    0.83096E-02    0.21817E+05
    0.84775E-02    0.22005E+05
    0.86488E-02    0.22190E+05
    0.88235E-02    0.22370E+05
    0.90017E-02    0.22546E+05
    0.91836E-02    0.22718E+05
    0.93691E-02    0.22885E+05
    0.95583E-02    0.23047E+05
    0.97514E-02    0.23204E+05
    0.99484E-02    0.23355E+05
    0.10149E-01    0.23501E+05
    0.10354E-01    0.23640E+05
    0.10564E-01    0.23773E+05
    0.10777E-01    0.23899E+05
    0.10995E-01    0.24018E+05
    0.11217E-01    0.24130E+05
    0.11443E-01    0.24234E+05
    0.11675E-01    0.24331E+05
    0.11910E-01    0.24419E+05
    0.12151E-01    0.24499E+05
    0.12397E-01    0.24570E+05
    0.12647E-01    0.24633E+05
    0.12902E-01    0.24687E+05
    0.13163E-01    0.24730E+05
    0.13429E-01    0.24764E+05
    0.13700E-01    0.24786E+05
    0.13977E-01    0.24797E+05
    0.14259E-01    0.24798E+05
    0.14547E-01    0.24789E+05
    0.14841E-01    0.24770E+05
    0.15141E-01    0.24743E+05
    0.15447E-01    0.24709E+05
    0.15759E-01    0.24666E+05
    0.16077E-01    0.24612E+05
    0.16402E-01    0.24546E+05
    0.16734E-01    0.24465E+05
    0.17072E-01    0.24370E+05
    0.17416E-01    0.24259E+05
    0.17768E-01    0.24134E+05
    0.18127E-01    0.23996E+05
    0.18493E-01    0.23847E+05
    0.18867E-01    0.23687E+05
    0.19248E-01    0.23515E+05
    0.19637E-01    0.23331E+05
    0.20034E-01    0.23134E+05
    0.20438E-01    0.22923E+05
    0.20851E-01    0.22697E+05
    0.21272E-01    0.22457E+05
    0.21702E-01    0.22205E+05
    0.22141E-01    0.21942E+05
    0.22588E-01    0.21669E+05
    0.23044E-01    0.21389E+05
    0.23510E-01    0.21101E+05
    0.23985E-01    0.20805E+05
    0.24469E-01    0.20502E+05
    0.24964E-01    0.20192E+05
    0.25468E-01    0.19875E+05
    0.25982E-01    0.19552E+05
    0.26507E-01    0.19223E+05
    0.27043E-01    0.18887E+05
    0.27589E-01    0.18545E+05
    0.28146E-01    0.18198E+05
    0.28715E-01    0.17845E+05
    0.29295E-01    0.17489E+05
    0.29887E-01    0.17130E+05
    0.30490E-01    0.16769E+05
    0.31106E-01    0.16407E+05
    0.31735E-01    0.16044E+05
    0.32376E-01    0.15683E+05
    0.33030E-01    0.15324E+05
    0.33697E-01    0.14967E+05
    0.34378E-01    0.14614E+05
    0.35072E-01    0.14266E+05
    0.35781E-01    0.13923E+05
    0.36504E-01    0.13588E+05
    0.37241E-01    0.13262E+05
    0.37993E-01    0.12945E+05
    0.38761E-01    0.12637E+05
    0.39544E-01    0.12338E+05
    0.40343E-01    0.12047E+05
    0.41158E-01    0.11765E+05
    0.41989E-01    0.11489E+05
    0.42838E-01    0.11223E+05
    0.43703E-01    0.10966E+05
    0.44586E-01    0.10720E+05
    0.45486E-01    0.10486E+05
    0.46405E-01    0.10264E+05
    0.47343E-01    0.10054E+05
    0.48299E-01    0.98547E+04
    0.49275E-01    0.96654E+04
    0.50270E-01    0.94853E+04
    0.51286E-01    0.93134E+04
    0.52322E-01    0.91489E+04
    0.53379E-01    0.89906E+04
    0.54457E-01    0.88377E+04
    0.55557E-01    0.86894E+04
    0.56680E-01    0.85448E+04
    0.57825E-01    0.84031E+04
    0.58993E-01    0.82635E+04
    0.60184E-01    0.81245E+04
    0.61400E-01    0.79846E+04
    0.62641E-01    0.78422E+04
    0.63906E-01    0.76959E+04
    0.65197E-01    0.75441E+04
    0.66514E-01    0.73852E+04
    0.67858E-01    0.72189E+04
    0.69229E-01    0.70458E+04
    0.70627E-01    0.68669E+04
    0.72054E-01    0.66819E+04
    0.73510E-01    0.64893E+04
    0.74994E-01    0.62875E+04
    0.76509E-01    0.60773E+04
    0.78055E-01    0.58618E+04
    0.79632E-01    0.56436E+04
    0.81241E-01    0.54249E+04
    0.82882E-01    0.52071E+04
    0.84556E-01    0.49919E+04
    0.86264E-01    0.47813E+04
    0.88007E-01    0.45772E+04
    0.89785E-01    0.43814E+04
    0.91598E-01    0.41955E+04
    0.93449E-01    0.40211E+04
    0.95337E-01    0.38594E+04
    0.97263E-01    0.37117E+04
    0.99227E-01    0.35786E+04
    0.10123E+00    0.34601E+04
    0.10328E+00    0.33559E+04
    0.10536E+00    0.32649E+04
    0.10749E+00    0.31854E+04
    0.10966E+00    0.31153E+04
    0.11188E+00    0.30521E+04
    0.11414E+00    0.29932E+04
    0.11644E+00    0.29358E+04
    0.11880E+00    0.28773E+04
    0.12120E+00    0.28156E+04
    0.12365E+00    0.27486E+04
    0.12614E+00    0.26749E+04
    0.12869E+00    0.25938E+04
    0.13129E+00    0.25051E+04
    0.13394E+00    0.24094E+04
    0.13665E+00    0.23080E+04
    0.13941E+00    0.22030E+04
    0.14223E+00    0.20965E+04
    0.14510E+00    0.19914E+04
    0.14803E+00    0.18904E+04
    0.15102E+00    0.17961E+04
    0.15407E+00    0.17107E+04
    0.15718E+00    0.16358E+04
    0.16036E+00    0.15716E+04
    0.16360E+00    0.15178E+04
    0.16690E+00    0.14726E+04
    0.17028E+00    0.14342E+04
    0.17371E+00    0.14001E+04
    0.17722E+00    0.13680E+04
    0.18080E+00    0.13353E+04
    0.18446E+00    0.12997E+04
    0.18818E+00    0.12592E+04
    0.19198E+00    0.12133E+04
    0.19586E+00    0.11624E+04
    0.19982E+00    0.11082E+04
    0.20386E+00    0.10531E+04
    0.20797E+00    0.99924E+03
    0.21218E+00    0.94873E+03
    0.21646E+00    0.90326E+03
    0.22083E+00    0.86391E+03
    0.22530E+00    0.83083E+03
    0.22985E+00    0.80310E+03
    0.23449E+00    0.77905E+03
    0.23923E+00    0.75668E+03
    0.24406E+00    0.73404E+03
    0.24899E+00    0.70958E+03
    0.25402E+00    0.68249E+03
    0.25915E+00    0.65301E+03
    0.26439E+00    0.62226E+03
    0.26973E+00    0.59179E+03
    0.27518E+00    0.56309E+03
    0.28074E+00    0.53725E+03
    0.28641E+00    0.51476E+03
    0.29219E+00    0.49534E+03
    0.29810E+00    0.47804E+03
    0.30412E+00    0.46158E+03
    0.31026E+00    0.44485E+03
    0.31653E+00    0.42720E+03
    0.32292E+00    0.40867E+03
    0.32945E+00    0.38985E+03
    0.33610E+00    0.37161E+03
    0.34289E+00    0.35475E+03
    0.34982E+00    0.33960E+03
    0.35689E+00    0.32599E+03
    0.36409E+00    0.31340E+03
    0.37145E+00    0.30118E+03
    0.37895E+00    0.28887E+03
    0.38661E+00    0.27633E+03
    0.39442E+00    0.26390E+03
    0.40239E+00    0.25199E+03
    0.41052E+00    0.24089E+03
    0.41881E+00    0.23069E+03
    0.42727E+00    0.22117E+03
    0.43590E+00    0.21198E+03
    0.44471E+00    0.20295E+03
    0.45369E+00    0.19404E+03
    0.46286E+00    0.18537E+03
    0.47221E+00    0.17717E+03
    0.48174E+00    0.16946E+03
    0.49148E+00    0.16219E+03
    0.50141E+00    0.15521E+03
    0.51153E+00    0.14843E+03
    0.52187E+00    0.14185E+03
    0.53241E+00    0.13554E+03
    0.54317E+00    0.12955E+03
    0.55414E+00    0.12386E+03
    0.56533E+00    0.11842E+03
    0.57675E+00    0.11318E+03
    0.58840E+00    0.10813E+03
    0.60029E+00    0.10330E+03
    0.61242E+00    0.98698E+02
    0.62479E+00    0.94299E+02
    0.63741E+00    0.90085E+02
    0.65029E+00    0.86050E+02
    0.66342E+00    0.82188E+02
    0.67683E+00    0.78492E+02
    0.69050E+00    0.74956E+02
    0.70445E+00    0.71576E+02
    0.71868E+00    0.68346E+02
    0.73320E+00    0.65257E+02
    0.74801E+00    0.62305E+02
    0.76312E+00    0.59481E+02
    0.77854E+00    0.56780E+02
    0.79426E+00    0.54197E+02
    0.81031E+00    0.51727E+02
    0.82668E+00    0.49365E+02
    0.84338E+00    0.47108E+02
    0.86041E+00    0.44950E+02
    0.87780E+00    0.42888E+02
    0.89553E+00    0.40918E+02
    0.91362E+00    0.39036E+02
    0.93208E+00    0.37238E+02
    0.95091E+00    0.35521E+02
    0.97011E+00    0.33881E+02
    0.98971E+00    0.32315E+02
    0.10097E+01    0.30819E+02
    0.10301E+01    0.29391E+02
    0.10509E+01    0.28027E+02
    0.10721E+01    0.26725E+02
    0.10938E+01    0.25483E+02
    0.11159E+01    0.24296E+02
    0.11384E+01    0.23163E+02
    0.11614E+01    0.22082E+02
    0.11849E+01    0.21050E+02
    0.12088E+01    0.20066E+02
    0.12333E+01    0.19126E+02
    0.12582E+01    0.18229E+02
    0.12836E+01    0.17373E+02
    0.13095E+01    0.16557E+02
    0.13360E+01    0.15778E+02
    0.13630E+01    0.15035E+02
    0.13905E+01    0.14326E+02
    0.14186E+01    0.13649E+02
    0.14472E+01    0.13004E+02
    0.14765E+01    0.12388E+02
    0.15063E+01    0.11801E+02
    0.15367E+01    0.11241E+02
    0.15678E+01    0.10707E+02
    0.15994E+01    0.10198E+02
    0.16318E+01    0.97120E+01
    0.16647E+01    0.92488E+01
    0.16984E+01    0.88070E+01
    0.17327E+01    0.83858E+01
    0.17677E+01    0.79842E+01
    0.18034E+01    0.76013E+01
    0.18398E+01    0.72364E+01
    0.18770E+01    0.68886E+01
    0.19149E+01    0.65571E+01
    0.19536E+01    0.62413E+01
    0.19930E+01    0.59404E+01
    0.20333E+01    0.56538E+01
    0.20744E+01    0.53808E+01
    0.21163E+01    0.51209E+01
    0.21590E+01    0.48733E+01
    0.22026E+01    0.46376E+01
    0.22471E+01    0.44133E+01
    0.22925E+01    0.41997E+01
    0.23388E+01    0.39964E+01
    0.23861E+01    0.38029E+01
    0.24343E+01    0.36187E+01
