#          k/h    CDM            baryon         photon         nu             mass_nu        total          no_nu          total_de       Weyl           v_CDM          v_b            v_b-v_c     
   0.102076E-04   0.175586E+08   0.175586E+08   0.233976E+08   0.233972E+08   0.175587E+08   0.175586E+08   0.175586E+08   0.175644E+08  -0.428920E+00   0.104739E+08   0.104739E+08   0.604625E+01
   0.112819E-04   0.175589E+08   0.175589E+08   0.233949E+08   0.233944E+08   0.175590E+08   0.175589E+08   0.175589E+08   0.175647E+08  -0.428929E+00   0.104740E+08   0.104740E+08   0.668239E+01
   0.124693E-04   0.175592E+08   0.175592E+08   0.233917E+08   0.233911E+08   0.175593E+08   0.175592E+08   0.175592E+08   0.175651E+08  -0.428941E+00   0.104740E+08   0.104740E+08   0.738541E+01
   0.137816E-04   0.175597E+08   0.175597E+08   0.233877E+08   0.233869E+08   0.175598E+08   0.175597E+08   0.175597E+08   0.175655E+08  -0.428955E+00   0.104741E+08   0.104741E+08   0.816234E+01
   0.152321E-04   0.175602E+08   0.175602E+08   0.233828E+08   0.233819E+08   0.175603E+08   0.175602E+08   0.175602E+08   0.175661E+08  -0.428972E+00   0.104742E+08   0.104742E+08   0.902090E+01
   0.168352E-04   0.175609E+08   0.175609E+08   0.233769E+08   0.233758E+08   0.175610E+08   0.175609E+08   0.175609E+08   0.175667E+08  -0.428993E+00   0.104744E+08   0.104744E+08   0.996965E+01
   0.186070E-04   0.175617E+08   0.175617E+08   0.233697E+08   0.233683E+08   0.175618E+08   0.175617E+08   0.175617E+08   0.175675E+08  -0.429019E+00   0.104746E+08   0.104746E+08   0.110180E+02
   0.205653E-04   0.175627E+08   0.175627E+08   0.233608E+08   0.233591E+08   0.175628E+08   0.175627E+08   0.175627E+08   0.175685E+08  -0.429050E+00   0.104748E+08   0.104748E+08   0.121764E+02
   0.227297E-04   0.175639E+08   0.175639E+08   0.233500E+08   0.233480E+08   0.175640E+08   0.175639E+08   0.175639E+08   0.175697E+08  -0.429088E+00   0.104750E+08   0.104750E+08   0.134563E+02
   0.251219E-04   0.175654E+08   0.175654E+08   0.233368E+08   0.233343E+08   0.175654E+08   0.175654E+08   0.175654E+08   0.175712E+08  -0.429134E+00   0.104753E+08   0.104753E+08   0.148704E+02
   0.277659E-04   0.175672E+08   0.175671E+08   0.233207E+08   0.233176E+08   0.175672E+08   0.175672E+08   0.175672E+08   0.175730E+08  -0.429191E+00   0.104757E+08   0.104757E+08   0.164325E+02
   0.306881E-04   0.175693E+08   0.175693E+08   0.233011E+08   0.232973E+08   0.175694E+08   0.175694E+08   0.175693E+08   0.175752E+08  -0.429261E+00   0.104762E+08   0.104762E+08   0.181580E+02
   0.339179E-04   0.175720E+08   0.175720E+08   0.232771E+08   0.232725E+08   0.175721E+08   0.175720E+08   0.175720E+08   0.175778E+08  -0.429345E+00   0.104767E+08   0.104767E+08   0.200636E+02
   0.374876E-04   0.175753E+08   0.175753E+08   0.232478E+08   0.232422E+08   0.175754E+08   0.175753E+08   0.175753E+08   0.175811E+08  -0.429448E+00   0.104774E+08   0.104774E+08   0.221680E+02
   0.414330E-04   0.175793E+08   0.175793E+08   0.232121E+08   0.232052E+08   0.175794E+08   0.175793E+08   0.175793E+08   0.175851E+08  -0.429574E+00   0.104782E+08   0.104782E+08   0.244914E+02
   0.457936E-04   0.175841E+08   0.175841E+08   0.231685E+08   0.231602E+08   0.175842E+08   0.175841E+08   0.175841E+08   0.175899E+08  -0.429727E+00   0.104793E+08   0.104793E+08   0.270558E+02
   0.506132E-04   0.175901E+08   0.175901E+08   0.231154E+08   0.231052E+08   0.175902E+08   0.175901E+08   0.175901E+08   0.175958E+08  -0.429914E+00   0.104805E+08   0.104805E+08   0.298856E+02
   0.559400E-04   0.175973E+08   0.175973E+08   0.230507E+08   0.230383E+08   0.175974E+08   0.175973E+08   0.175973E+08   0.176031E+08  -0.430141E+00   0.104820E+08   0.104820E+08   0.330070E+02
   0.618274E-04   0.176061E+08   0.176061E+08   0.229718E+08   0.229567E+08   0.176062E+08   0.176061E+08   0.176061E+08   0.176118E+08  -0.430417E+00   0.104839E+08   0.104839E+08   0.364486E+02
   0.683345E-04   0.176168E+08   0.176168E+08   0.228758E+08   0.228574E+08   0.176169E+08   0.176168E+08   0.176168E+08   0.176225E+08  -0.430753E+00   0.104861E+08   0.104861E+08   0.402411E+02
   0.755264E-04   0.176298E+08   0.176298E+08   0.227591E+08   0.227366E+08   0.176299E+08   0.176298E+08   0.176298E+08   0.176355E+08  -0.431161E+00   0.104888E+08   0.104888E+08   0.444177E+02
   0.834752E-04   0.176456E+08   0.176456E+08   0.226172E+08   0.225899E+08   0.176457E+08   0.176456E+08   0.176456E+08   0.176513E+08  -0.431654E+00   0.104921E+08   0.104921E+08   0.490135E+02
   0.922605E-04   0.176648E+08   0.176648E+08   0.224449E+08   0.224118E+08   0.176649E+08   0.176648E+08   0.176648E+08   0.176704E+08  -0.432252E+00   0.104961E+08   0.104961E+08   0.540656E+02
   0.101971E-03   0.176881E+08   0.176880E+08   0.222360E+08   0.221959E+08   0.176882E+08   0.176881E+08   0.176881E+08   0.176937E+08  -0.432973E+00   0.105009E+08   0.105009E+08   0.596126E+02
   0.112702E-03   0.177163E+08   0.177162E+08   0.219833E+08   0.219347E+08   0.177163E+08   0.177162E+08   0.177162E+08   0.177217E+08  -0.433841E+00   0.105067E+08   0.105067E+08   0.656941E+02
   0.124564E-03   0.177502E+08   0.177501E+08   0.216781E+08   0.216193E+08   0.177503E+08   0.177502E+08   0.177502E+08   0.177556E+08  -0.434884E+00   0.105137E+08   0.105137E+08   0.723495E+02
   0.137674E-03   0.177911E+08   0.177910E+08   0.213104E+08   0.212397E+08   0.177912E+08   0.177911E+08   0.177911E+08   0.177964E+08  -0.436130E+00   0.105221E+08   0.105220E+08   0.796167E+02
   0.152163E-03   0.178402E+08   0.178400E+08   0.208689E+08   0.207840E+08   0.178402E+08   0.178402E+08   0.178402E+08   0.178454E+08  -0.437612E+00   0.105320E+08   0.105320E+08   0.875306E+02
   0.168178E-03   0.178988E+08   0.178987E+08   0.203409E+08   0.202392E+08   0.178989E+08   0.178988E+08   0.178988E+08   0.179039E+08  -0.439366E+00   0.105438E+08   0.105438E+08   0.961197E+02
   0.185878E-03   0.179686E+08   0.179684E+08   0.197123E+08   0.195912E+08   0.179686E+08   0.179686E+08   0.179686E+08   0.179735E+08  -0.441427E+00   0.105578E+08   0.105577E+08   0.105404E+03
   0.205440E-03   0.180512E+08   0.180509E+08   0.189684E+08   0.188250E+08   0.180511E+08   0.180511E+08   0.180511E+08   0.180558E+08  -0.443827E+00   0.105740E+08   0.105740E+08   0.115387E+03
   0.227062E-03   0.181481E+08   0.181478E+08   0.180944E+08   0.179257E+08   0.181481E+08   0.181481E+08   0.181481E+08   0.181526E+08  -0.446595E+00   0.105929E+08   0.105928E+08   0.126057E+03
   0.250959E-03   0.182610E+08   0.182607E+08   0.170766E+08   0.168800E+08   0.182610E+08   0.182610E+08   0.182610E+08   0.182652E+08  -0.449745E+00   0.106144E+08   0.106143E+08   0.137370E+03
   0.277372E-03   0.183913E+08   0.183908E+08   0.159045E+08   0.156778E+08   0.183912E+08   0.183912E+08   0.183912E+08   0.183951E+08  -0.453277E+00   0.106387E+08   0.106385E+08   0.149251E+03
   0.306564E-03   0.185396E+08   0.185391E+08   0.145733E+08   0.143153E+08   0.185395E+08   0.185395E+08   0.185395E+08   0.185431E+08  -0.457167E+00   0.106656E+08   0.106654E+08   0.161576E+03
   0.338828E-03   0.187062E+08   0.187055E+08   0.130872E+08   0.127986E+08   0.187060E+08   0.187061E+08   0.187061E+08   0.187093E+08  -0.461357E+00   0.106947E+08   0.106946E+08   0.174169E+03
   0.374488E-03   0.188900E+08   0.188892E+08   0.114639E+08   0.111477E+08   0.188897E+08   0.188899E+08   0.188899E+08   0.188927E+08  -0.465754E+00   0.107256E+08   0.107254E+08   0.186785E+03
   0.413901E-03   0.190888E+08   0.190878E+08   0.973868E+07   0.940152E+07   0.190884E+08   0.190886E+08   0.190886E+08   0.190910E+08  -0.470232E+00   0.107572E+08   0.107569E+08   0.199109E+03
   0.457462E-03   0.192988E+08   0.192976E+08   0.796841E+07   0.762114E+07   0.192983E+08   0.192985E+08   0.192986E+08   0.193005E+08  -0.474632E+00   0.107883E+08   0.107880E+08   0.210750E+03
   0.505608E-03   0.195146E+08   0.195133E+08   0.623237E+07   0.589052E+07   0.195140E+08   0.195144E+08   0.195144E+08   0.195159E+08  -0.478788E+00   0.108177E+08   0.108174E+08   0.221249E+03
   0.558821E-03   0.197299E+08   0.197283E+08   0.462802E+07   0.431145E+07   0.197291E+08   0.197296E+08   0.197296E+08   0.197307E+08  -0.482549E+00   0.108439E+08   0.108436E+08   0.230103E+03
   0.617635E-03   0.199375E+08   0.199357E+08   0.325842E+07   0.298945E+07   0.199366E+08   0.199371E+08   0.199372E+08   0.199379E+08  -0.485806E+00   0.108658E+08   0.108653E+08   0.236798E+03
   0.682638E-03   0.201307E+08   0.201286E+08   0.220957E+07   0.200924E+07   0.201296E+08   0.201303E+08   0.201304E+08   0.201309E+08  -0.488512E+00   0.108824E+08   0.108820E+08   0.240867E+03
   0.754482E-03   0.203041E+08   0.203017E+08   0.152000E+07   0.140248E+07   0.203027E+08   0.203037E+08   0.203037E+08   0.203040E+08  -0.490681E+00   0.108936E+08   0.108930E+08   0.241954E+03
   0.833888E-03   0.204540E+08   0.204512E+08   0.115316E+07   0.111953E+07   0.204522E+08   0.204534E+08   0.204535E+08   0.204537E+08  -0.492362E+00   0.108991E+08   0.108985E+08   0.239867E+03
   0.921651E-03   0.205784E+08   0.205754E+08   0.992389E+06   0.102648E+07   0.205762E+08   0.205778E+08   0.205779E+08   0.205780E+08  -0.493606E+00   0.108993E+08   0.108986E+08   0.234618E+03
   0.101865E-02   0.206770E+08   0.206736E+08   0.879816E+06   0.950020E+06   0.206743E+08   0.206763E+08   0.206764E+08   0.206765E+08  -0.494447E+00   0.108942E+08   0.108935E+08   0.226398E+03
   0.112586E-02   0.207501E+08   0.207464E+08   0.699677E+06   0.768866E+06   0.207468E+08   0.207493E+08   0.207495E+08   0.207494E+08  -0.494897E+00   0.108837E+08   0.108830E+08   0.215519E+03
   0.124435E-02   0.207981E+08   0.207943E+08   0.457441E+06   0.498112E+06   0.207941E+08   0.207972E+08   0.207975E+08   0.207974E+08  -0.494955E+00   0.108675E+08   0.108667E+08   0.202359E+03
   0.137531E-02   0.208217E+08   0.208176E+08   0.265461E+06   0.270267E+06   0.208167E+08   0.208207E+08   0.208210E+08   0.208207E+08  -0.494607E+00   0.108449E+08   0.108442E+08   0.187365E+03
   0.152006E-02   0.208210E+08   0.208168E+08   0.201629E+06   0.179943E+06   0.208149E+08   0.208199E+08   0.208203E+08   0.208199E+08  -0.493839E+00   0.108155E+08   0.108147E+08   0.171132E+03
   0.168004E-02   0.207962E+08   0.207919E+08   0.188935E+06  -0.321047E+06   0.207887E+08   0.207950E+08   0.207954E+08   0.207950E+08  -0.492629E+00   0.107785E+08   0.107777E+08   0.154448E+03
   0.185685E-02   0.207472E+08   0.207429E+08   0.113987E+06  -0.253870E+06   0.207381E+08   0.207459E+08   0.207465E+08   0.207459E+08  -0.490958E+00   0.107331E+08   0.107323E+08   0.138181E+03
   0.205228E-02   0.206739E+08   0.206696E+08   0.372954E+05  -0.201548E+06   0.206628E+08   0.206724E+08   0.206731E+08   0.206724E+08  -0.488803E+00   0.106787E+08   0.106779E+08   0.123069E+03
   0.226827E-02   0.205760E+08   0.205717E+08   0.444352E+05  -0.160525E+06   0.205625E+08   0.205744E+08   0.205753E+08   0.205744E+08  -0.486143E+00   0.106145E+08   0.106138E+08   0.109637E+03
   0.250700E-02   0.204534E+08   0.204490E+08   0.315787E+05  -0.128177E+06   0.204370E+08   0.204516E+08   0.204527E+08   0.204516E+08  -0.482964E+00   0.105401E+08   0.105394E+08   0.981607E+02
   0.277085E-02   0.203061E+08   0.203016E+08   0.194390E+04  -0.102545E+06   0.202862E+08   0.203040E+08   0.203053E+08   0.203040E+08  -0.479251E+00   0.104550E+08   0.104543E+08   0.884978E+02
   0.306246E-02   0.201340E+08   0.201293E+08   0.764137E+04  -0.821548E+05   0.201099E+08   0.201316E+08   0.201332E+08   0.201316E+08  -0.474997E+00   0.103589E+08   0.103582E+08   0.801520E+02
   0.338478E-02   0.199374E+08   0.199324E+08  -0.946197E+04  -0.658810E+05   0.199082E+08   0.199346E+08   0.199366E+08   0.199346E+08  -0.470199E+00   0.102515E+08   0.102508E+08   0.725536E+02
   0.374101E-02   0.197163E+08   0.197111E+08  -0.803173E+04  -0.528596E+05   0.196810E+08   0.197130E+08   0.197154E+08   0.197130E+08  -0.464851E+00   0.101327E+08   0.101320E+08   0.653251E+02
   0.413473E-02   0.194708E+08   0.194652E+08  -0.897925E+04  -0.424196E+05   0.194283E+08   0.194670E+08   0.194699E+08   0.194670E+08  -0.458951E+00   0.100024E+08   0.100016E+08   0.585040E+02
   0.456989E-02   0.192007E+08   0.191948E+08  -0.709846E+04  -0.340367E+05   0.191496E+08   0.191962E+08   0.191997E+08   0.191962E+08  -0.452488E+00   0.986008E+07   0.985936E+07   0.523590E+02
   0.505085E-02   0.189055E+08   0.188991E+08  -0.439780E+04  -0.272980E+05   0.188443E+08   0.189002E+08   0.189044E+08   0.189002E+08  -0.445446E+00   0.970551E+07   0.970480E+07   0.470100E+02
   0.558243E-02   0.185842E+08   0.185773E+08  -0.465466E+04  -0.218770E+05   0.185112E+08   0.185781E+08   0.185831E+08   0.185781E+08  -0.437802E+00   0.953807E+07   0.953736E+07   0.422577E+02
   0.616996E-02   0.182356E+08   0.182280E+08  -0.387363E+04  -0.175137E+05   0.181489E+08   0.182284E+08   0.182343E+08   0.182284E+08  -0.429521E+00   0.935696E+07   0.935626E+07   0.378792E+02
   0.681932E-02   0.178579E+08   0.178495E+08  -0.452793E+04  -0.140012E+05   0.177554E+08   0.178495E+08   0.178565E+08   0.178495E+08  -0.420559E+00   0.916120E+07   0.916051E+07   0.339286E+02
   0.753702E-02   0.174490E+08   0.174396E+08  -0.410664E+04  -0.111737E+05   0.173284E+08   0.174392E+08   0.174474E+08   0.174392E+08  -0.410865E+00   0.894964E+07   0.894895E+07   0.304674E+02
   0.833025E-02   0.170066E+08   0.169960E+08  -0.249877E+04  -0.889837E+04   0.168656E+08   0.169952E+08   0.170048E+08   0.169952E+08  -0.400383E+00   0.872104E+07   0.872036E+07   0.273497E+02
   0.920698E-02   0.165283E+08   0.165163E+08  -0.440890E+04  -0.706859E+04   0.163646E+08   0.165151E+08   0.165263E+08   0.165151E+08  -0.389055E+00   0.847414E+07   0.847346E+07   0.245457E+02
   0.101760E-01   0.160118E+08   0.159982E+08  -0.265450E+04  -0.559858E+04   0.158233E+08   0.159967E+08   0.160096E+08   0.159967E+08  -0.376829E+00   0.820776E+07   0.820709E+07   0.220718E+02
   0.112469E-01   0.154554E+08   0.154398E+08  -0.251459E+04  -0.441923E+04   0.152399E+08   0.154381E+08   0.154528E+08   0.154381E+08  -0.363660E+00   0.792093E+07   0.792026E+07   0.198549E+02
   0.124306E-01   0.148577E+08   0.148398E+08  -0.203459E+04  -0.347477E+04   0.146135E+08   0.148380E+08   0.148547E+08   0.148380E+08  -0.349516E+00   0.761291E+07   0.761225E+07   0.178891E+02
   0.137389E-01   0.142177E+08   0.141973E+08  -0.174296E+04  -0.272008E+04   0.139434E+08   0.141955E+08   0.142143E+08   0.141955E+08  -0.334376E+00   0.728327E+07   0.728261E+07   0.161380E+02
   0.151849E-01   0.135353E+08   0.135119E+08  -0.113605E+04  -0.211862E+04   0.132299E+08   0.135105E+08   0.135314E+08   0.135105E+08  -0.318235E+00   0.693189E+07   0.693122E+07   0.145791E+02
   0.167830E-01   0.128249E+08   0.127983E+08  -0.103277E+04  -0.164255E+04   0.124878E+08   0.127974E+08   0.128204E+08   0.127974E+08  -0.301434E+00   0.656617E+07   0.656551E+07   0.131951E+02
   0.185493E-01   0.120661E+08   0.120360E+08  -0.777513E+03  -0.126460E+04   0.116977E+08   0.120360E+08   0.120611E+08   0.120360E+08  -0.283496E+00   0.617571E+07   0.617504E+07   0.119413E+02
   0.205016E-01   0.112744E+08   0.112405E+08  -0.466324E+03  -0.967006E+03   0.108759E+08   0.112415E+08   0.112687E+08   0.112415E+08  -0.264782E+00   0.576838E+07   0.576772E+07   0.108001E+02
   0.226592E-01   0.104478E+08   0.104102E+08  -0.395660E+03  -0.733407E+03   0.100218E+08   0.104125E+08   0.104415E+08   0.104125E+08  -0.245252E+00   0.534330E+07   0.534264E+07   0.974028E+01
   0.250440E-01   0.961347E+07   0.957234E+07  -0.301717E+03  -0.552349E+03   0.916301E+07   0.957589E+07   0.960656E+07   0.957589E+07  -0.225546E+00   0.491440E+07   0.491374E+07   0.874441E+01
   0.276798E-01   0.878251E+07   0.873838E+07  -0.192723E+03  -0.413044E+03   0.831109E+07   0.874301E+07   0.877510E+07   0.874301E+07  -0.205928E+00   0.448740E+07   0.448675E+07   0.778473E+01
   0.305930E-01   0.796158E+07   0.791541E+07  -0.224097E+03  -0.306516E+03   0.747313E+07   0.792059E+07   0.795383E+07   0.792059E+07  -0.186556E+00   0.406576E+07   0.406513E+07   0.683753E+01
   0.338127E-01   0.717184E+07   0.712500E+07  -0.144601E+03  -0.226046E+03   0.666997E+07   0.712981E+07   0.716397E+07   0.712981E+07  -0.167930E+00   0.366034E+07   0.365974E+07   0.588980E+01
   0.373714E-01   0.643807E+07   0.639240E+07  -0.909707E+02  -0.166142E+03   0.592561E+07   0.639549E+07   0.643040E+07   0.639549E+07  -0.150634E+00   0.328387E+07   0.328331E+07   0.494077E+01
   0.413045E-01   0.578342E+07   0.574101E+07  -0.777684E+02  -0.122213E+03   0.525996E+07   0.574059E+07   0.577630E+07   0.574059E+07  -0.135209E+00   0.294813E+07   0.294763E+07   0.400517E+01
   0.454350E-01   0.523353E+07   0.519617E+07   0.557063E+02  -0.914396E+02   0.470149E+07   0.519090E+07   0.522726E+07   0.519090E+07  -0.122262E+00   0.266635E+07   0.266592E+07   0.314998E+01
   0.495654E-01   0.480558E+07   0.477411E+07   0.428894E+02  -0.705907E+02   0.426381E+07   0.476319E+07   0.480029E+07   0.476319E+07  -0.112188E+00   0.244715E+07   0.244679E+07   0.243686E+01
   0.536959E-01   0.446370E+07   0.443814E+07   0.338725E+02  -0.559041E+02   0.391127E+07   0.442150E+07   0.445941E+07   0.442150E+07  -0.104140E+00   0.227207E+07   0.227176E+07   0.186951E+01
   0.578264E-01   0.417754E+07   0.415719E+07   0.272750E+02  -0.451424E+02   0.361480E+07   0.413544E+07   0.417412E+07   0.413544E+07  -0.974022E-01   0.212551E+07   0.212526E+07   0.144337E+01
   0.619568E-01   0.392607E+07   0.390972E+07   0.222797E+02  -0.369814E+02   0.335459E+07   0.388399E+07   0.392332E+07   0.388399E+07  -0.914798E-01   0.199669E+07   0.199648E+07   0.114572E+01
   0.660873E-01   0.369060E+07   0.367682E+07   0.183650E+02  -0.305734E+02   0.311363E+07   0.364855E+07   0.368829E+07   0.364855E+07  -0.859343E-01   0.187606E+07   0.187587E+07   0.955336E+00
   0.702177E-01   0.346007E+07   0.344745E+07   0.152152E+02  -0.254061E+02   0.288201E+07   0.341812E+07   0.345795E+07   0.341812E+07  -0.805070E-01   0.175796E+07   0.175778E+07   0.846834E+00
   0.743482E-01   0.323388E+07   0.322123E+07   0.126530E+02  -0.211921E+02   0.265927E+07   0.319217E+07   0.323176E+07   0.319217E+07  -0.751851E-01   0.164210E+07   0.164193E+07   0.794196E+00
   0.784786E-01   0.300839E+07   0.299493E+07   0.105375E+02  -0.177032E+02   0.244226E+07   0.296713E+07   0.300613E+07   0.296713E+07  -0.698849E-01   0.152668E+07   0.152649E+07   0.771622E+00
   0.826091E-01   0.279221E+07   0.277759E+07   0.880403E+01  -0.148365E+02   0.223783E+07   0.275158E+07   0.278975E+07   0.275158E+07  -0.648080E-01   0.141608E+07   0.141589E+07   0.759176E+00
   0.867395E-01   0.259129E+07   0.257560E+07   0.739186E+01  -0.124951E+02   0.205035E+07   0.255143E+07   0.258866E+07   0.255143E+07  -0.600938E-01   0.131336E+07   0.131316E+07   0.741985E+00
   0.918936E-01   0.236926E+07   0.235282E+07   0.600266E+01  -0.101855E+02   0.184508E+07   0.233044E+07   0.236650E+07   0.233044E+07  -0.548888E-01   0.119992E+07   0.119973E+07   0.701308E+00
   0.970477E-01   0.218483E+07   0.216862E+07   0.494805E+01  -0.842743E+01   0.167487E+07   0.214703E+07   0.218211E+07   0.214703E+07  -0.505690E-01   0.110578E+07   0.110560E+07   0.635920E+00
   0.102202E+00   0.203964E+07   0.202463E+07   0.415315E+01  -0.709952E+01   0.153944E+07   0.200270E+07   0.203712E+07   0.200270E+07  -0.471695E-01   0.103172E+07   0.103155E+07   0.552091E+00
   0.107356E+00   0.192840E+07   0.191528E+07   0.354899E+01  -0.608859E+01   0.143327E+07   0.189211E+07   0.192619E+07   0.189211E+07  -0.445647E-01   0.974995E+06   0.974846E+06   0.461566E+00
   0.112510E+00   0.184025E+07   0.182930E+07   0.307550E+01  -0.529497E+01   0.134708E+07   0.180443E+07   0.183841E+07   0.180443E+07  -0.424997E-01   0.930053E+06   0.929926E+06   0.376806E+00
   0.117664E+00   0.176326E+07   0.175429E+07   0.268736E+01  -0.464296E+01   0.127136E+07   0.172784E+07   0.176175E+07   0.172784E+07  -0.406957E-01   0.890799E+06   0.890690E+06   0.307502E+00
   0.122818E+00   0.168811E+07   0.168059E+07   0.235526E+01  -0.408343E+01   0.119899E+07   0.165311E+07   0.168685E+07   0.165311E+07  -0.389356E-01   0.852487E+06   0.852391E+06   0.258639E+00
   0.127972E+00   0.160941E+07   0.160266E+07   0.206272E+01  -0.358873E+01   0.112605E+07   0.157493E+07   0.160828E+07   0.157493E+07  -0.370943E-01   0.812372E+06   0.812284E+06   0.230113E+00
   0.133126E+00   0.152566E+07   0.151902E+07   0.180197E+01  -0.314602E+01   0.105158E+07   0.149184E+07   0.152454E+07   0.149184E+07  -0.351372E-01   0.769700E+06   0.769613E+06   0.217724E+00
   0.138280E+00   0.143861E+07   0.143162E+07   0.157048E+01  -0.275140E+01   0.976876E+06   0.140558E+07   0.143744E+07   0.140558E+07  -0.331057E-01   0.725376E+06   0.725287E+06   0.215003E+00
   0.143435E+00   0.135211E+07   0.134458E+07   0.136805E+01  -0.240503E+01   0.904584E+06   0.131998E+07   0.135084E+07   0.131998E+07  -0.310894E-01   0.681364E+06   0.681271E+06   0.215216E+00
   0.148589E+00   0.127081E+07   0.126282E+07   0.119484E+01  -0.210771E+01   0.837729E+06   0.123961E+07   0.126947E+07   0.123961E+07  -0.291966E-01   0.640031E+06   0.639936E+06   0.213006E+00
   0.153743E+00   0.119899E+07   0.119080E+07   0.105018E+01  -0.185873E+01   0.778891E+06   0.116866E+07   0.119761E+07   0.116866E+07  -0.275253E-01   0.603536E+06   0.603442E+06   0.205334E+00
   0.158897E+00   0.113910E+07   0.113109E+07   0.931663E+00  -0.165437E+01   0.729341E+06   0.110951E+07   0.113776E+07   0.110951E+07  -0.261323E-01   0.573125E+06   0.573034E+06   0.191631E+00
   0.164051E+00   0.109091E+07   0.108340E+07   0.835023E+00  -0.148751E+01   0.688540E+06   0.106191E+07   0.108965E+07   0.106191E+07  -0.250111E-01   0.548660E+06   0.548575E+06   0.173317E+00
   0.169205E+00   0.105190E+07   0.104512E+07   0.755088E+00  -0.134934E+01   0.654558E+06   0.102336E+07   0.105076E+07   0.102336E+07  -0.241031E-01   0.528860E+06   0.528782E+06   0.152976E+00
   0.174359E+00   0.101868E+07   0.101271E+07   0.687088E+00  -0.123162E+01   0.625029E+06   0.990524E+06   0.101768E+07   0.990524E+06  -0.233297E-01   0.512003E+06   0.511933E+06   0.133452E+00
   0.179513E+00   0.987984E+06   0.982739E+06   0.627256E+00  -0.112780E+01   0.597776E+06   0.960179E+06   0.987104E+06   0.960179E+06  -0.226150E-01   0.496425E+06   0.496362E+06   0.117051E+00
   0.184667E+00   0.956973E+06   0.952253E+06   0.572821E+00  -0.103307E+01   0.570980E+06   0.929542E+06   0.956181E+06   0.929542E+06  -0.218934E-01   0.480689E+06   0.480631E+06   0.105035E+00
   0.189821E+00   0.923745E+06   0.919306E+06   0.522117E+00  -0.944460E+00   0.543568E+06   0.896760E+06   0.923000E+06   0.896760E+06  -0.211213E-01   0.463835E+06   0.463779E+06   0.975054E-01
   0.194975E+00   0.887955E+06   0.883572E+06   0.474604E+00  -0.861083E+00   0.515342E+06   0.861501E+06   0.887219E+06   0.861501E+06  -0.202909E-01   0.445691E+06   0.445636E+06   0.936138E-01
   0.200130E+00   0.850741E+06   0.846257E+06   0.430589E+00  -0.783547E+00   0.487004E+06   0.824886E+06   0.849988E+06   0.824886E+06  -0.194285E-01   0.426837E+06   0.426781E+06   0.919539E-01
   0.205284E+00   0.813862E+06   0.809216E+06   0.390590E+00  -0.712849E+00   0.459568E+06   0.788635E+06   0.813082E+06   0.788635E+06  -0.185747E-01   0.408162E+06   0.408106E+06   0.909905E-01
   0.210438E+00   0.778977E+06   0.774199E+06   0.354946E+00  -0.649674E+00   0.433939E+06   0.754368E+06   0.778174E+06   0.754368E+06  -0.177676E-01   0.390506E+06   0.390450E+06   0.894438E-01
   0.215592E+00   0.747392E+06   0.742581E+06   0.323744E+00  -0.594251E+00   0.410778E+06   0.723361E+06   0.746584E+06   0.723361E+06  -0.170373E-01   0.374529E+06   0.374473E+06   0.865469E-01
   0.220746E+00   0.719911E+06   0.715195E+06   0.296809E+00  -0.546331E+00   0.390432E+06   0.696388E+06   0.719119E+06   0.696388E+06  -0.164020E-01   0.360634E+06   0.360580E+06   0.821241E-01
   0.225900E+00   0.696569E+06   0.692068E+06   0.273662E+00  -0.505104E+00   0.372815E+06   0.673476E+06   0.695813E+06   0.673476E+06  -0.158623E-01   0.348835E+06   0.348784E+06   0.764998E-01
   0.231054E+00   0.676615E+06   0.672410E+06   0.253587E+00  -0.469308E+00   0.357423E+06   0.653884E+06   0.675909E+06   0.653884E+06  -0.154009E-01   0.338751E+06   0.338702E+06   0.703046E-01
   0.236208E+00   0.658858E+06   0.654975E+06   0.235811E+00  -0.437563E+00   0.343549E+06   0.636445E+06   0.658206E+06   0.636445E+06  -0.149902E-01   0.329778E+06   0.329733E+06   0.642550E-01
   0.241362E+00   0.642079E+06   0.638491E+06   0.219669E+00  -0.408677E+00   0.330504E+06   0.619971E+06   0.641476E+06   0.619971E+06  -0.146021E-01   0.321301E+06   0.321258E+06   0.589579E-01
   0.246516E+00   0.625273E+06   0.621912E+06   0.204672E+00  -0.381761E+00   0.317746E+06   0.603480E+06   0.624709E+06   0.603480E+06  -0.142137E-01   0.312811E+06   0.312771E+06   0.547773E-01
   0.251670E+00   0.607813E+06   0.604593E+06   0.190521E+00  -0.356278E+00   0.304948E+06   0.586364E+06   0.607272E+06   0.586364E+06  -0.138106E-01   0.303994E+06   0.303955E+06   0.517868E-01
   0.256825E+00   0.589562E+06   0.586403E+06   0.177113E+00  -0.332046E+00   0.292051E+06   0.568493E+06   0.589032E+06   0.568493E+06  -0.133897E-01   0.294781E+06   0.294742E+06   0.498045E-01
   0.261979E+00   0.570861E+06   0.567704E+06   0.164493E+00  -0.309164E+00   0.279228E+06   0.550200E+06   0.570331E+06   0.550200E+06  -0.129588E-01   0.285345E+06   0.285307E+06   0.484859E-01
   0.267133E+00   0.552308E+06   0.549126E+06   0.152769E+00  -0.287845E+00   0.266772E+06   0.532064E+06   0.551774E+06   0.532064E+06  -0.125317E-01   0.275987E+06   0.275949E+06   0.474341E-01
   0.272287E+00   0.534516E+06   0.531317E+06   0.142033E+00  -0.268273E+00   0.254968E+06   0.514684E+06   0.533979E+06   0.514684E+06  -0.121223E-01   0.267017E+06   0.266979E+06   0.463017E-01
   0.277441E+00   0.517977E+06   0.514791E+06   0.132325E+00  -0.250540E+00   0.244028E+06   0.498534E+06   0.517442E+06   0.498534E+06  -0.117419E-01   0.258682E+06   0.258644E+06   0.448627E-01
   0.282595E+00   0.502980E+06   0.499850E+06   0.123625E+00  -0.234623E+00   0.234059E+06   0.483893E+06   0.502454E+06   0.483893E+06  -0.113971E-01   0.251126E+06   0.251090E+06   0.430411E-01
   0.287749E+00   0.489563E+06   0.486531E+06   0.115851E+00  -0.220381E+00   0.225046E+06   0.470796E+06   0.489054E+06   0.470796E+06  -0.110886E-01   0.244369E+06   0.244333E+06   0.408984E-01
   0.292903E+00   0.477509E+06   0.474606E+06   0.108869E+00  -0.207574E+00   0.216857E+06   0.459030E+06   0.477022E+06   0.459030E+06  -0.108115E-01   0.238299E+06   0.238265E+06   0.385892E-01
   0.298057E+00   0.466428E+06   0.463665E+06   0.102524E+00  -0.195917E+00   0.209287E+06   0.448213E+06   0.465964E+06   0.448213E+06  -0.105567E-01   0.232721E+06   0.232688E+06   0.363035E-01
   0.303211E+00   0.455882E+06   0.453251E+06   0.966675E-01  -0.185137E+00   0.202121E+06   0.437922E+06   0.455440E+06   0.437922E+06  -0.103143E-01   0.227412E+06   0.227381E+06   0.342121E-01
   0.308365E+00   0.445499E+06   0.442979E+06   0.911840E-01  -0.175019E+00   0.195180E+06   0.427794E+06   0.445076E+06   0.427794E+06  -0.100758E-01   0.222187E+06   0.222157E+06   0.324281E-01
   0.313520E+00   0.435043E+06   0.432604E+06   0.859991E-01  -0.165425E+00   0.188356E+06   0.417602E+06   0.434633E+06   0.417602E+06  -0.983575E-02   0.216926E+06   0.216897E+06   0.309890E-01
   0.318674E+00   0.424441E+06   0.422054E+06   0.810787E-01  -0.156296E+00   0.181616E+06   0.407275E+06   0.424040E+06   0.407275E+06  -0.959252E-02   0.211593E+06   0.211564E+06   0.298610E-01
   0.323828E+00   0.413767E+06   0.411410E+06   0.764196E-01  -0.147627E+00   0.174989E+06   0.396885E+06   0.413371E+06   0.396885E+06  -0.934782E-02   0.206226E+06   0.206197E+06   0.289594E-01
   0.328982E+00   0.403196E+06   0.400856E+06   0.720362E-01  -0.139451E+00   0.168546E+06   0.386603E+06   0.402803E+06   0.386603E+06  -0.910563E-02   0.200912E+06   0.200884E+06   0.281769E-01
   0.334136E+00   0.392942E+06   0.390618E+06   0.679471E-01  -0.131808E+00   0.162372E+06   0.376633E+06   0.392552E+06   0.376633E+06  -0.887082E-02   0.195758E+06   0.195731E+06   0.274129E-01
   0.339290E+00   0.383197E+06   0.380897E+06   0.641640E-01  -0.124723E+00   0.156538E+06   0.367162E+06   0.382811E+06   0.367162E+06  -0.864775E-02   0.190863E+06   0.190836E+06   0.265955E-01
   0.344444E+00   0.374078E+06   0.371816E+06   0.606838E-01  -0.118195E+00   0.151080E+06   0.358303E+06   0.373698E+06   0.358303E+06  -0.843909E-02   0.186283E+06   0.186256E+06   0.256922E-01
   0.349598E+00   0.365606E+06   0.363396E+06   0.574876E-01  -0.112190E+00   0.145996E+06   0.350073E+06   0.365235E+06   0.350073E+06  -0.824525E-02   0.182029E+06   0.182003E+06   0.247091E-01
   0.354752E+00   0.357714E+06   0.355567E+06   0.545441E-01  -0.106653E+00   0.141247E+06   0.342408E+06   0.357354E+06   0.342408E+06  -0.806472E-02   0.178068E+06   0.178042E+06   0.236812E-01
   0.359906E+00   0.350283E+06   0.348204E+06   0.518176E-01  -0.101516E+00   0.136775E+06   0.335192E+06   0.349934E+06   0.335192E+06  -0.789477E-02   0.174338E+06   0.174314E+06   0.226584E-01
   0.365060E+00   0.343175E+06   0.341163E+06   0.492728E-01  -0.967126E-01   0.132519E+06   0.328292E+06   0.342837E+06   0.328292E+06  -0.773225E-02   0.170771E+06   0.170748E+06   0.216902E-01
   0.370215E+00   0.336260E+06   0.334307E+06   0.468791E-01  -0.921860E-01   0.128422E+06   0.321581E+06   0.335932E+06   0.321581E+06  -0.757418E-02   0.167302E+06   0.167279E+06   0.208130E-01
   0.375369E+00   0.329434E+06   0.327532E+06   0.446129E-01  -0.878912E-01   0.124441E+06   0.314960E+06   0.329115E+06   0.314960E+06  -0.741824E-02   0.163878E+06   0.163856E+06   0.200434E-01
   0.380523E+00   0.322643E+06   0.320780E+06   0.424590E-01  -0.838003E-01   0.120552E+06   0.308376E+06   0.322330E+06   0.308376E+06  -0.726316E-02   0.160472E+06   0.160450E+06   0.193772E-01
   0.385677E+00   0.315896E+06   0.314063E+06   0.404121E-01  -0.799039E-01   0.116755E+06   0.301837E+06   0.315588E+06   0.301837E+06  -0.710915E-02   0.157089E+06   0.157068E+06   0.187946E-01
   0.390831E+00   0.309245E+06   0.307438E+06   0.384727E-01  -0.762044E-01   0.113069E+06   0.295396E+06   0.308942E+06   0.295396E+06  -0.695744E-02   0.153756E+06   0.153734E+06   0.182670E-01
   0.395985E+00   0.302765E+06   0.300980E+06   0.366434E-01  -0.727082E-01   0.109516E+06   0.289122E+06   0.302465E+06   0.289122E+06  -0.680966E-02   0.150508E+06   0.150487E+06   0.177650E-01
   0.401139E+00   0.296513E+06   0.294753E+06   0.349245E-01  -0.694173E-01   0.106116E+06   0.283071E+06   0.296218E+06   0.283071E+06  -0.666715E-02   0.147376E+06   0.147355E+06   0.172649E-01
   0.406293E+00   0.290526E+06   0.288793E+06   0.333136E-01  -0.663279E-01   0.102876E+06   0.277278E+06   0.290235E+06   0.277278E+06  -0.653072E-02   0.144377E+06   0.144356E+06   0.167529E-01
   0.411447E+00   0.284821E+06   0.283120E+06   0.318058E-01  -0.634322E-01   0.997978E+05   0.271760E+06   0.284536E+06   0.271760E+06  -0.640074E-02   0.141519E+06   0.141499E+06   0.162263E-01
   0.416601E+00   0.279395E+06   0.277729E+06   0.303947E-01  -0.607180E-01   0.968762E+05   0.266512E+06   0.279115E+06   0.266512E+06  -0.627715E-02   0.138803E+06   0.138783E+06   0.156922E-01
   0.421755E+00   0.274215E+06   0.272587E+06   0.290708E-01  -0.581679E-01   0.940952E+05   0.261504E+06   0.273942E+06   0.261504E+06  -0.615919E-02   0.136210E+06   0.136190E+06   0.151631E-01
   0.426910E+00   0.269226E+06   0.267636E+06   0.278231E-01  -0.557609E-01   0.914320E+05   0.256682E+06   0.268959E+06   0.256682E+06  -0.604561E-02   0.133712E+06   0.133694E+06   0.146523E-01
   0.432064E+00   0.264374E+06   0.262820E+06   0.266419E-01  -0.534781E-01   0.888650E+05   0.251994E+06   0.264113E+06   0.251994E+06  -0.593519E-02   0.131284E+06   0.131266E+06   0.141713E-01
   0.437218E+00   0.259625E+06   0.258103E+06   0.255199E-01  -0.513063E-01   0.863804E+05   0.247407E+06   0.259370E+06   0.247407E+06  -0.582715E-02   0.128908E+06   0.128890E+06   0.137266E-01
   0.442372E+00   0.254963E+06   0.253470E+06   0.244524E-01  -0.492361E-01   0.839702E+05   0.242904E+06   0.254712E+06   0.242904E+06  -0.572111E-02   0.126576E+06   0.126558E+06   0.133196E-01
   0.447526E+00   0.250377E+06   0.248909E+06   0.234355E-01  -0.472606E-01   0.816295E+05   0.238477E+06   0.250130E+06   0.238477E+06  -0.561684E-02   0.124282E+06   0.124265E+06   0.129458E-01
   0.452680E+00   0.245867E+06   0.244422E+06   0.224666E-01  -0.453751E-01   0.793565E+05   0.234126E+06   0.245625E+06   0.234126E+06  -0.551436E-02   0.122027E+06   0.122010E+06   0.125977E-01
   0.457834E+00   0.241452E+06   0.240028E+06   0.215448E-01  -0.435782E-01   0.771553E+05   0.229868E+06   0.241213E+06   0.229868E+06  -0.541406E-02   0.119820E+06   0.119803E+06   0.122666E-01
   0.462988E+00   0.237159E+06   0.235754E+06   0.206701E-01  -0.418704E-01   0.750326E+05   0.225727E+06   0.236923E+06   0.225727E+06  -0.531654E-02   0.117673E+06   0.117657E+06   0.119451E-01
   0.468142E+00   0.233005E+06   0.231622E+06   0.198415E-01  -0.402502E-01   0.729924E+05   0.221723E+06   0.232773E+06   0.221723E+06  -0.522222E-02   0.115597E+06   0.115581E+06   0.116279E-01
   0.473296E+00   0.228994E+06   0.227633E+06   0.190569E-01  -0.387140E-01   0.710333E+05   0.217858E+06   0.228766E+06   0.217858E+06  -0.513119E-02   0.113593E+06   0.113577E+06   0.113126E-01
   0.478450E+00   0.225121E+06   0.223783E+06   0.183135E-01  -0.372564E-01   0.691516E+05   0.214126E+06   0.224897E+06   0.214126E+06  -0.504330E-02   0.111658E+06   0.111642E+06   0.109995E-01
   0.483605E+00   0.221378E+06   0.220064E+06   0.176085E-01  -0.358722E-01   0.673428E+05   0.210520E+06   0.221157E+06   0.210520E+06  -0.495836E-02   0.109788E+06   0.109773E+06   0.106913E-01
   0.488759E+00   0.217753E+06   0.216462E+06   0.169392E-01  -0.345562E-01   0.656017E+05   0.207029E+06   0.217536E+06   0.207029E+06  -0.487614E-02   0.107978E+06   0.107963E+06   0.103916E-01
   0.493913E+00   0.214230E+06   0.212963E+06   0.163024E-01  -0.333023E-01   0.639217E+05   0.203637E+06   0.214017E+06   0.203637E+06  -0.479625E-02   0.106219E+06   0.106204E+06   0.101038E-01
   0.499067E+00   0.210790E+06   0.209546E+06   0.156951E-01  -0.321048E-01   0.622957E+05   0.200326E+06   0.210581E+06   0.200326E+06  -0.471828E-02   0.104501E+06   0.104487E+06   0.983017E-02
   0.504221E+00   0.207420E+06   0.206196E+06   0.151149E-01  -0.309589E-01   0.607181E+05   0.197083E+06   0.207215E+06   0.197083E+06  -0.464189E-02   0.102819E+06   0.102804E+06   0.957144E-02
   0.509375E+00   0.204115E+06   0.202910E+06   0.145601E-01  -0.298617E-01   0.591868E+05   0.193904E+06   0.203913E+06   0.193904E+06  -0.456701E-02   0.101169E+06   0.101155E+06   0.932701E-02
   0.514529E+00   0.200877E+06   0.199691E+06   0.140297E-01  -0.288112E-01   0.577011E+05   0.190790E+06   0.200678E+06   0.190790E+06  -0.449367E-02   0.995534E+05   0.995394E+05   0.909514E-02
   0.519683E+00   0.197710E+06   0.196540E+06   0.135228E-01  -0.278058E-01   0.562607E+05   0.187745E+06   0.197513E+06   0.187745E+06  -0.442194E-02   0.979728E+05   0.979590E+05   0.887340E-02
   0.524837E+00   0.194614E+06   0.193461E+06   0.130384E-01  -0.268437E-01   0.548652E+05   0.184769E+06   0.194420E+06   0.184769E+06  -0.435186E-02   0.964283E+05   0.964147E+05   0.865925E-02
   0.529991E+00   0.191594E+06   0.190457E+06   0.125758E-01  -0.259234E-01   0.535144E+05   0.181867E+06   0.191403E+06   0.181867E+06  -0.428351E-02   0.949218E+05   0.949084E+05   0.845068E-02
   0.535145E+00   0.188655E+06   0.187535E+06   0.121341E-01  -0.250438E-01   0.522089E+05   0.179044E+06   0.188467E+06   0.179044E+06  -0.421700E-02   0.934559E+05   0.934427E+05   0.824655E-02
   0.540300E+00   0.185799E+06   0.184695E+06   0.117127E-01  -0.242035E-01   0.509481E+05   0.176300E+06   0.185613E+06   0.176300E+06  -0.415239E-02   0.920316E+05   0.920186E+05   0.804650E-02
   0.545454E+00   0.183021E+06   0.181934E+06   0.113103E-01  -0.234000E-01   0.497297E+05   0.173633E+06   0.182838E+06   0.173633E+06  -0.408957E-02   0.906467E+05   0.906339E+05   0.785079E-02
   0.550608E+00   0.180314E+06   0.179244E+06   0.109256E-01  -0.226309E-01   0.485507E+05   0.171035E+06   0.180134E+06   0.171035E+06  -0.402837E-02   0.892973E+05   0.892847E+05   0.766008E-02
   0.555762E+00   0.177673E+06   0.176619E+06   0.105574E-01  -0.218939E-01   0.474085E+05   0.168499E+06   0.177496E+06   0.168499E+06  -0.396865E-02   0.879806E+05   0.879682E+05   0.747523E-02
   0.560916E+00   0.175093E+06   0.174055E+06   0.102049E-01  -0.211873E-01   0.463013E+05   0.166024E+06   0.174919E+06   0.166024E+06  -0.391035E-02   0.866949E+05   0.866827E+05   0.729701E-02
   0.566070E+00   0.172571E+06   0.171548E+06   0.986697E-02  -0.205092E-01   0.452273E+05   0.163604E+06   0.172399E+06   0.163604E+06  -0.385336E-02   0.854380E+05   0.854259E+05   0.712578E-02
   0.571224E+00   0.170100E+06   0.169092E+06   0.954282E-02  -0.198579E-01   0.441840E+05   0.161235E+06   0.169931E+06   0.161235E+06  -0.379755E-02   0.842070E+05   0.841951E+05   0.696143E-02
   0.576378E+00   0.167677E+06   0.166684E+06   0.923159E-02  -0.192317E-01   0.431699E+05   0.158912E+06   0.167510E+06   0.158912E+06  -0.374283E-02   0.830001E+05   0.829883E+05   0.680350E-02
   0.581532E+00   0.165303E+06   0.164323E+06   0.893280E-02  -0.186299E-01   0.421844E+05   0.156636E+06   0.165139E+06   0.156636E+06  -0.368923E-02   0.818175E+05   0.818059E+05   0.665134E-02
   0.586686E+00   0.162980E+06   0.162014E+06   0.864605E-02  -0.180515E-01   0.412276E+05   0.154409E+06   0.162818E+06   0.154409E+06  -0.363679E-02   0.806606E+05   0.806491E+05   0.650423E-02
   0.591840E+00   0.160709E+06   0.159755E+06   0.837088E-02  -0.174959E-01   0.402991E+05   0.152233E+06   0.160549E+06   0.152233E+06  -0.358554E-02   0.795296E+05   0.795183E+05   0.636146E-02
   0.596995E+00   0.158489E+06   0.157547E+06   0.810672E-02  -0.169618E-01   0.393977E+05   0.150106E+06   0.158331E+06   0.150106E+06  -0.353543E-02   0.784238E+05   0.784126E+05   0.622243E-02
   0.602149E+00   0.156317E+06   0.155388E+06   0.785307E-02  -0.164485E-01   0.385227E+05   0.148026E+06   0.156161E+06   0.148026E+06  -0.348644E-02   0.773426E+05   0.773316E+05   0.608680E-02
   0.607303E+00   0.154195E+06   0.153279E+06   0.760948E-02  -0.159550E-01   0.376736E+05   0.145994E+06   0.154041E+06   0.145994E+06  -0.343858E-02   0.762863E+05   0.762755E+05   0.595451E-02
   0.612457E+00   0.152123E+06   0.151219E+06   0.737550E-02  -0.154808E-01   0.368498E+05   0.144010E+06   0.151971E+06   0.144010E+06  -0.339184E-02   0.752548E+05   0.752441E+05   0.582563E-02
   0.659749E+00   0.134984E+06   0.134182E+06   0.108437E-01  -0.662278E-02   0.302808E+05   0.127618E+06   0.134850E+06   0.127618E+06  -0.328491E-02   0.667296E+05   0.667201E+05   0.480857E-02
   0.710693E+00   0.119696E+06   0.118984E+06   0.636631E-02  -0.696779E-02   0.248053E+05   0.113022E+06   0.119576E+06   0.113022E+06  -0.279416E-02   0.591302E+05   0.591217E+05   0.396774E-02
   0.765571E+00   0.106091E+06   0.105459E+06   0.787474E-03  -0.939108E-02   0.202622E+05   0.100057E+06   0.105985E+06   0.100057E+06  -0.218259E-02   0.523763E+05   0.523688E+05   0.327420E-02
   0.895965E+00   0.820315E+05   0.815422E+05   0.383556E-02  -0.190669E-02   0.130833E+05   0.771868E+05   0.819493E+05   0.771868E+05  -0.201716E-02   0.404515E+05   0.404456E+05   0.217889E-02
   0.125042E+01   0.472102E+05   0.469278E+05   0.755680E-03  -0.936525E-03   0.497362E+04   0.442451E+05   0.471628E+05   0.442451E+05  -0.108796E-02   0.232317E+05   0.232282E+05   0.919804E-03
   0.174510E+01   0.269200E+05   0.267585E+05   0.508103E-03   0.133579E-04   0.179863E+04   0.251574E+05   0.268929E+05   0.251574E+05  -0.726562E-03   0.132287E+05   0.132266E+05   0.392121E-03
   0.243548E+01   0.152205E+05   0.151290E+05   0.210320E-03   0.667586E-04   0.621823E+03   0.141966E+05   0.152051E+05   0.141966E+05  -0.455814E-03   0.747304E+04   0.747179E+04   0.171574E-03
