#           k/h    P           
    0.10000E-03    0.52502E+03
    0.10202E-03    0.53516E+03
    0.10408E-03    0.54549E+03
    0.10618E-03    0.55602E+03
    0.10833E-03    0.56675E+03
    0.11052E-03    0.57769E+03
    0.11275E-03    0.58884E+03
    0.11503E-03    0.60019E+03
    0.11735E-03    0.61177E+03
    0.11972E-03    0.62357E+03
    0.12214E-03    0.63559E+03
    0.12461E-03    0.64784E+03
    0.12712E-03    0.66032E+03
    0.12969E-03    0.67304E+03
    0.13231E-03    0.68600E+03
    0.13499E-03    0.69921E+03
    0.13771E-03    0.71267E+03
    0.14049E-03    0.72638E+03
    0.14333E-03    0.74036E+03
    0.14623E-03    0.75460E+03
    0.14918E-03    0.76911E+03
    0.15220E-03    0.78389E+03
    0.15527E-03    0.79895E+03
    0.15841E-03    0.81430E+03
    0.16161E-03    0.82993E+03
    0.16487E-03    0.84586E+03
    0.16820E-03    0.86209E+03
    0.17160E-03    0.87862E+03
    0.17507E-03    0.89547E+03
    0.17860E-03    0.91263E+03
    0.18221E-03    0.93011E+03
    0.18589E-03    0.94792E+03
    0.18965E-03    0.96606E+03
    0.19348E-03    0.98453E+03
    0.19739E-03    0.10034E+04
    0.20138E-03    0.10225E+04
    0.20544E-03    0.10421E+04
    0.20959E-03    0.10619E+04
    0.21383E-03    0.10822E+04
    0.21815E-03    0.11028E+04
    0.22255E-03    0.11238E+04
    0.22705E-03    0.11452E+04
    0.23164E-03    0.11670E+04
    0.23632E-03    0.11892E+04
    0.24109E-03    0.12118E+04
    0.24596E-03    0.12348E+04
    0.25093E-03    0.12583E+04
    0.25600E-03    0.12821E+04
    0.26117E-03    0.13064E+04
    0.26645E-03    0.13311E+04
    0.27183E-03    0.13563E+04
    0.27732E-03    0.13819E+04
    0.28292E-03    0.14080E+04
    0.28864E-03    0.14346E+04
    0.29447E-03    0.14616E+04
    0.30042E-03    0.14892E+04
    0.30649E-03    0.15172E+04
    0.31268E-03    0.15457E+04
    0.31899E-03    0.15747E+04
    0.32544E-03    0.16042E+04
    0.33201E-03    0.16343E+04
    0.33872E-03    0.16649E+04
    0.34556E-03    0.16960E+04
    0.35254E-03    0.17277E+04
    0.35966E-03    0.17599E+04
    0.36693E-03    0.17927E+04
    0.37434E-03    0.18260E+04
    0.38190E-03    0.18599E+04
    0.38962E-03    0.18945E+04
    0.39749E-03    0.19296E+04
    0.40552E-03    0.19653E+04
    0.41371E-03    0.20016E+04
    0.42207E-03    0.20386E+04
    0.43060E-03    0.20762E+04
    0.43929E-03    0.21144E+04
    0.44817E-03    0.21533E+04
    0.45722E-03    0.21929E+04
    0.46646E-03    0.22331E+04
    0.47588E-03    0.22740E+04
    0.48550E-03    0.23156E+04
    0.49530E-03    0.23579E+04
    0.50531E-03    0.24009E+04
    0.51552E-03    0.24447E+04
    0.52593E-03    0.24891E+04
    0.53656E-03    0.25344E+04
    0.54739E-03    0.25804E+04
    0.55845E-03    0.26271E+04
    0.56973E-03    0.26747E+04
    0.58124E-03    0.27230E+04
    0.59299E-03    0.27722E+04
    0.60496E-03    0.28221E+04
    0.61719E-03    0.28730E+04
    0.62965E-03    0.29246E+04
    0.64237E-03    0.29772E+04
    0.65535E-03    0.30306E+04
    0.66859E-03    0.30849E+04
    0.68210E-03    0.31401E+04
    0.69588E-03    0.31963E+04
    0.70993E-03    0.32534E+04
    0.72427E-03    0.33115E+04
    0.73891E-03    0.33705E+04
    0.75383E-03    0.34305E+04
    0.76906E-03    0.34916E+04
    0.78460E-03    0.35537E+04
    0.80045E-03    0.36168E+04
    0.81662E-03    0.36810E+04
    0.83311E-03    0.37463E+04
    0.84994E-03    0.38127E+04
    0.86711E-03    0.38803E+04
    0.88463E-03    0.39489E+04
    0.90250E-03    0.40188E+04
    0.92073E-03    0.40898E+04
    0.93933E-03    0.41621E+04
    0.95831E-03    0.42355E+04
    0.97767E-03    0.43102E+04
    0.99742E-03    0.43862E+04
    0.10176E-02    0.44635E+04
    0.10381E-02    0.45421E+04
    0.10591E-02    0.46220E+04
    0.10805E-02    0.47033E+04
    0.11023E-02    0.47860E+04
    0.11246E-02    0.48701E+04
    0.11473E-02    0.49556E+04
    0.11705E-02    0.50425E+04
    0.11941E-02    0.51309E+04
    0.12182E-02    0.52208E+04
    0.12429E-02    0.53122E+04
    0.12680E-02    0.54052E+04
    0.12936E-02    0.54997E+04
    0.13197E-02    0.55958E+04
    0.13464E-02    0.56935E+04
    0.13736E-02    0.57928E+04
    0.14013E-02    0.58937E+04
    0.14296E-02    0.59963E+04
    0.14585E-02    0.61007E+04
    0.14880E-02    0.62067E+04
    0.15180E-02    0.63144E+04
    0.15487E-02    0.64239E+04
    0.15800E-02    0.65352E+04
    0.16119E-02    0.66483E+04
    0.16445E-02    0.67632E+04
    0.16777E-02    0.68799E+04
    0.17116E-02    0.69985E+04
    0.17462E-02    0.71190E+04
    0.17814E-02    0.72413E+04
    0.18174E-02    0.73656E+04
    0.18541E-02    0.74918E+04
    0.18916E-02    0.76199E+04
    0.19298E-02    0.77500E+04
    0.19688E-02    0.78821E+04
    0.20086E-02    0.80162E+04
    0.20491E-02    0.81523E+04
    0.20905E-02    0.82904E+04
    0.21328E-02    0.84305E+04
    0.21758E-02    0.85727E+04
    0.22198E-02    0.87170E+04
    0.22646E-02    0.88634E+04
    0.23104E-02    0.90118E+04
    0.23571E-02    0.91623E+04
    0.24047E-02    0.93149E+04
    0.24533E-02    0.94696E+04
    0.25028E-02    0.96265E+04
    0.25534E-02    0.97854E+04
    0.26050E-02    0.99465E+04
    0.26576E-02    0.10110E+05
    0.27113E-02    0.10275E+05
    0.27660E-02    0.10442E+05
    0.28219E-02    0.10612E+05
    0.28789E-02    0.10784E+05
    0.29371E-02    0.10957E+05
    0.29964E-02    0.11133E+05
    0.30569E-02    0.11311E+05
    0.31187E-02    0.11491E+05
    0.31817E-02    0.11673E+05
    0.32460E-02    0.11857E+05
    0.33115E-02    0.12043E+05
    0.33784E-02    0.12231E+05
    0.34467E-02    0.12421E+05
    0.35163E-02    0.12613E+05
    0.35874E-02    0.12807E+05
    0.36598E-02    0.13003E+05
    0.37338E-02    0.13201E+05
    0.38092E-02    0.13400E+05
    0.38861E-02    0.13601E+05
    0.39646E-02    0.13804E+05
    0.40447E-02    0.14009E+05
    0.41264E-02    0.14215E+05
    0.42098E-02    0.14423E+05
    0.42948E-02    0.14632E+05
    0.43816E-02    0.14843E+05
    0.44701E-02    0.15055E+05
    0.45604E-02    0.15269E+05
    0.46525E-02    0.15483E+05
    0.47465E-02    0.15699E+05
    0.48424E-02    0.15916E+05
    0.49402E-02    0.16134E+05
    0.50400E-02    0.16352E+05
    0.51419E-02    0.16572E+05
    0.52457E-02    0.16792E+05
    0.53517E-02    0.17013E+05
    0.54598E-02    0.17234E+05
    0.55701E-02    0.17456E+05
    0.56826E-02    0.17677E+05
    0.57974E-02    0.17899E+05
    0.59145E-02    0.18121E+05
    0.60340E-02    0.18342E+05
    0.61559E-02    0.18564E+05
    0.62803E-02    0.18784E+05
    0.64072E-02    0.19005E+05
    0.65366E-02    0.19224E+05
    0.66686E-02    0.19442E+05
    0.68033E-02    0.19659E+05
    0.69408E-02    0.19875E+05
    0.70810E-02    0.20089E+05
    0.72240E-02    0.20302E+05
    0.73700E-02    0.20512E+05
    0.75189E-02    0.20721E+05
    0.76708E-02    0.20927E+05
    0.78257E-02    0.21130E+05
    0.79838E-02    0.21331E+05
    0.81451E-02    0.21529E+05
    0.83096E-02    0.21723E+05
    0.84775E-02    0.21914E+05
    0.86488E-02    0.22101E+05
    0.88235E-02    0.22285E+05
    0.90017E-02    0.22464E+05
    0.91836E-02    0.22638E+05
    0.93691E-02    0.22808E+05
    0.95583E-02    0.22972E+05
    0.97514E-02    0.23131E+05
    0.99484E-02    0.23285E+05
    0.10149E-01    0.23433E+05
    0.10354E-01    0.23574E+05
    0.10564E-01    0.23709E+05
    0.10777E-01    0.23838E+05
    0.10995E-01    0.23959E+05
    0.11217E-01    0.24073E+05
    0.11443E-01    0.24179E+05
    0.11675E-01    0.24277E+05
    0.11910E-01    0.24367E+05
    0.12151E-01    0.24449E+05
    0.12397E-01    0.24522E+05
    0.12647E-01    0.24587E+05
    0.12902E-01    0.24642E+05
    0.13163E-01    0.24688E+05
    0.13429E-01    0.24723E+05
    0.13700E-01    0.24747E+05
    0.13977E-01    0.24759E+05
    0.14259E-01    0.24761E+05
    0.14547E-01    0.24753E+05
    0.14841E-01    0.24736E+05
    0.15141E-01    0.24711E+05
    0.15447E-01    0.24678E+05
    0.15759E-01    0.24636E+05
    0.16077E-01    0.24583E+05
    0.16402E-01    0.24518E+05
    0.16734E-01    0.24439E+05
    0.17072E-01    0.24345E+05
    0.17416E-01    0.24235E+05
    0.17768E-01    0.24111E+05
    0.18127E-01    0.23975E+05
    0.18493E-01    0.23826E+05
    0.18867E-01    0.23667E+05
    0.19248E-01    0.23496E+05
    0.19637E-01    0.23313E+05
    0.20034E-01    0.23117E+05
    0.20438E-01    0.22906E+05
    0.20851E-01    0.22681E+05
    0.21272E-01    0.22442E+05
    0.21702E-01    0.22191E+05
    0.22141E-01    0.21929E+05
    0.22588E-01    0.21657E+05
    0.23044E-01    0.21377E+05
    0.23510E-01    0.21089E+05
    0.23985E-01    0.20794E+05
    0.24469E-01    0.20492E+05
    0.24964E-01    0.20182E+05
    0.25468E-01    0.19866E+05
    0.25982E-01    0.19544E+05
    0.26507E-01    0.19215E+05
    0.27043E-01    0.18879E+05
    0.27589E-01    0.18538E+05
    0.28146E-01    0.18191E+05
    0.28715E-01    0.17839E+05
    0.29295E-01    0.17483E+05
    0.29887E-01    0.17124E+05
    0.30490E-01    0.16763E+05
    0.31106E-01    0.16402E+05
    0.31735E-01    0.16040E+05
    0.32376E-01    0.15679E+05
    0.33030E-01    0.15320E+05
    0.33697E-01    0.14963E+05
    0.34378E-01    0.14610E+05
    0.35072E-01    0.14262E+05
    0.35781E-01    0.13920E+05
    0.36504E-01    0.13585E+05
    0.37241E-01    0.13259E+05
    0.37993E-01    0.12942E+05
    0.38761E-01    0.12635E+05
    0.39544E-01    0.12336E+05
    0.40343E-01    0.12045E+05
    0.41158E-01    0.11762E+05
    0.41989E-01    0.11487E+05
    0.42838E-01    0.11221E+05
    0.43703E-01    0.10964E+05
    0.44586E-01    0.10718E+05
    0.45486E-01    0.10484E+05
    0.46405E-01    0.10263E+05
    0.47343E-01    0.10053E+05
    0.48299E-01    0.98534E+04
    0.49275E-01    0.96642E+04
    0.50270E-01    0.94842E+04
    0.51286E-01    0.93124E+04
    0.52322E-01    0.91479E+04
    0.53379E-01    0.89896E+04
    0.54457E-01    0.88368E+04
    0.55557E-01    0.86885E+04
    0.56680E-01    0.85440E+04
    0.57825E-01    0.84024E+04
    0.58993E-01    0.82628E+04
    0.60184E-01    0.81239E+04
    0.61400E-01    0.79839E+04
    0.62641E-01    0.78416E+04
    0.63906E-01    0.76953E+04
    0.65197E-01    0.75435E+04
    0.66514E-01    0.73847E+04
    0.67858E-01    0.72185E+04
    0.69229E-01    0.70454E+04
    0.70627E-01    0.68665E+04
    0.72054E-01    0.66816E+04
    0.73510E-01    0.64890E+04
    0.74994E-01    0.62872E+04
    0.76509E-01    0.60770E+04
    0.78055E-01    0.58615E+04
    0.79632E-01    0.56433E+04
    0.81241E-01    0.54246E+04
    0.82882E-01    0.52069E+04
    0.84556E-01    0.49917E+04
    0.86264E-01    0.47811E+04
    0.88007E-01    0.45770E+04
    0.89785E-01    0.43812E+04
    0.91598E-01    0.41954E+04
    0.93449E-01    0.40210E+04
    0.95337E-01    0.38593E+04
    0.97263E-01    0.37116E+04
    0.99227E-01    0.35785E+04
    0.10123E+00    0.34600E+04
    0.10328E+00    0.33558E+04
    0.10536E+00    0.32648E+04
    0.10749E+00    0.31853E+04
    0.10966E+00    0.31153E+04
    0.11188E+00    0.30521E+04
    0.11414E+00    0.29931E+04
    0.11644E+00    0.29357E+04
    0.11880E+00    0.28773E+04
    0.12120E+00    0.28155E+04
    0.12365E+00    0.27485E+04
    0.12614E+00    0.26749E+04
    0.12869E+00    0.25937E+04
    0.13129E+00    0.25050E+04
    0.13394E+00    0.24094E+04
    0.13665E+00    0.23080E+04
    0.13941E+00    0.22030E+04
    0.14223E+00    0.20965E+04
    0.14510E+00    0.19914E+04
    0.14803E+00    0.18903E+04
    0.15102E+00    0.17960E+04
    0.15407E+00    0.17107E+04
    0.15718E+00    0.16357E+04
    0.16036E+00    0.15716E+04
    0.16360E+00    0.15177E+04
    0.16690E+00    0.14726E+04
    0.17028E+00    0.14342E+04
    0.17371E+00    0.14001E+04
    0.17722E+00    0.13680E+04
    0.18080E+00    0.13353E+04
    0.18446E+00    0.12997E+04
    0.18818E+00    0.12592E+04
    0.19198E+00    0.12133E+04
    0.19586E+00    0.11624E+04
    0.19982E+00    0.11082E+04
    0.20386E+00    0.10531E+04
    0.20797E+00    0.99924E+03
    0.21218E+00    0.94873E+03
    0.21646E+00    0.90325E+03
    0.22083E+00    0.86390E+03
    0.22530E+00    0.83082E+03
    0.22985E+00    0.80310E+03
    0.23449E+00    0.77905E+03
    0.23923E+00    0.75667E+03
    0.24406E+00    0.73403E+03
    0.24899E+00    0.70957E+03
    0.25402E+00    0.68249E+03
    0.25915E+00    0.65300E+03
    0.26439E+00    0.62225E+03
    0.26973E+00    0.59179E+03
    0.27518E+00    0.56309E+03
    0.28074E+00    0.53725E+03
    0.28641E+00    0.51476E+03
    0.29219E+00    0.49534E+03
    0.29810E+00    0.47804E+03
    0.30412E+00    0.46158E+03
    0.31026E+00    0.44485E+03
    0.31653E+00    0.42720E+03
    0.32292E+00    0.40867E+03
    0.32945E+00    0.38985E+03
    0.33610E+00    0.37161E+03
    0.34289E+00    0.35475E+03
    0.34982E+00    0.33960E+03
    0.35689E+00    0.32599E+03
    0.36409E+00    0.31339E+03
    0.37145E+00    0.30118E+03
    0.37895E+00    0.28886E+03
    0.38661E+00    0.27633E+03
    0.39442E+00    0.26390E+03
    0.40239E+00    0.25199E+03
    0.41052E+00    0.24089E+03
    0.41881E+00    0.23069E+03
    0.42727E+00    0.22117E+03
    0.43590E+00    0.21198E+03
    0.44471E+00    0.20295E+03
    0.45369E+00    0.19404E+03
    0.46286E+00    0.18537E+03
    0.47221E+00    0.17717E+03
    0.48174E+00    0.16946E+03
    0.49148E+00    0.16219E+03
    0.50141E+00    0.15521E+03
    0.51153E+00    0.14843E+03
    0.52187E+00    0.14185E+03
    0.53241E+00    0.13554E+03
    0.54317E+00    0.12955E+03
    0.55414E+00    0.12386E+03
    0.56533E+00    0.11842E+03
    0.57675E+00    0.11318E+03
    0.58840E+00    0.10813E+03
    0.60029E+00    0.10330E+03
    0.61242E+00    0.98697E+02
    0.62479E+00    0.94299E+02
    0.63741E+00    0.90085E+02
    0.65029E+00    0.86050E+02
    0.66342E+00    0.82187E+02
    0.67683E+00    0.78492E+02
    0.69050E+00    0.74956E+02
    0.70445E+00    0.71576E+02
    0.71868E+00    0.68345E+02
    0.73320E+00    0.65257E+02
    0.74801E+00    0.62305E+02
    0.76312E+00    0.59481E+02
    0.77854E+00    0.56780E+02
    0.79426E+00    0.54197E+02
    0.81031E+00    0.51727E+02
    0.82668E+00    0.49365E+02
    0.84338E+00    0.47108E+02
    0.86041E+00    0.44950E+02
    0.87780E+00    0.42888E+02
    0.89553E+00    0.40918E+02
    0.91362E+00    0.39036E+02
    0.93208E+00    0.37238E+02
    0.95091E+00    0.35521E+02
    0.97011E+00    0.33881E+02
    0.98971E+00    0.32315E+02
    0.10097E+01    0.30819E+02
    0.10301E+01    0.29391E+02
    0.10509E+01    0.28027E+02
    0.10721E+01    0.26725E+02
    0.10938E+01    0.25483E+02
    0.11159E+01    0.24296E+02
    0.11384E+01    0.23163E+02
    0.11614E+01    0.22082E+02
    0.11849E+01    0.21050E+02
    0.12088E+01    0.20066E+02
    0.12333E+01    0.19126E+02
    0.12582E+01    0.18229E+02
    0.12836E+01    0.17373E+02
    0.13095E+01    0.16557E+02
    0.13360E+01    0.15778E+02
    0.13630E+01    0.15035E+02
    0.13905E+01    0.14326E+02
    0.14186E+01    0.13649E+02
    0.14472E+01    0.13004E+02
    0.14765E+01    0.12388E+02
    0.15063E+01    0.11801E+02
    0.15367E+01    0.11241E+02
    0.15678E+01    0.10707E+02
    0.15994E+01    0.10198E+02
    0.16318E+01    0.97120E+01
    0.16647E+01    0.92488E+01
    0.16984E+01    0.88070E+01
    0.17327E+01    0.83858E+01
    0.17677E+01    0.79842E+01
    0.18034E+01    0.76013E+01
    0.18398E+01    0.72364E+01
    0.18770E+01    0.68886E+01
    0.19149E+01    0.65571E+01
    0.19536E+01    0.62413E+01
    0.19930E+01    0.59404E+01
    0.20333E+01    0.56538E+01
    0.20744E+01    0.53808E+01
    0.21163E+01    0.51209E+01
    0.21590E+01    0.48733E+01
    0.22026E+01    0.46376E+01
    0.22471E+01    0.44133E+01
    0.22925E+01    0.41997E+01
    0.23388E+01    0.39964E+01
    0.23861E+01    0.38029E+01
    0.24343E+01    0.36187E+01
