#          k/h    CDM            baryon         photon         nu             mass_nu        total          no_nu          total_de       Weyl           v_CDM          v_b            v_b-v_c     
   0.102076E-04   0.204186E+08   0.204186E+08   0.272111E+08   0.272107E+08   0.204187E+08   0.204186E+08   0.204186E+08   0.204254E+08  -0.362059E+00   0.111905E+08   0.111905E+08   0.591057E+01
   0.112819E-04   0.204186E+08   0.204186E+08   0.272081E+08   0.272076E+08   0.204187E+08   0.204186E+08   0.204186E+08   0.204254E+08  -0.362059E+00   0.111905E+08   0.111905E+08   0.653244E+01
   0.124693E-04   0.204186E+08   0.204186E+08   0.272044E+08   0.272038E+08   0.204187E+08   0.204186E+08   0.204186E+08   0.204254E+08  -0.362059E+00   0.111905E+08   0.111905E+08   0.721968E+01
   0.137816E-04   0.204186E+08   0.204186E+08   0.271998E+08   0.271991E+08   0.204187E+08   0.204186E+08   0.204186E+08   0.204254E+08  -0.362060E+00   0.111905E+08   0.111905E+08   0.797916E+01
   0.152321E-04   0.204186E+08   0.204186E+08   0.271943E+08   0.271934E+08   0.204187E+08   0.204186E+08   0.204186E+08   0.204254E+08  -0.362060E+00   0.111904E+08   0.111904E+08   0.881844E+01
   0.168352E-04   0.204186E+08   0.204186E+08   0.271875E+08   0.271864E+08   0.204187E+08   0.204186E+08   0.204186E+08   0.204254E+08  -0.362061E+00   0.111904E+08   0.111904E+08   0.974588E+01
   0.186070E-04   0.204186E+08   0.204185E+08   0.271792E+08   0.271779E+08   0.204186E+08   0.204186E+08   0.204186E+08   0.204253E+08  -0.362062E+00   0.111904E+08   0.111904E+08   0.107707E+02
   0.205653E-04   0.204185E+08   0.204185E+08   0.271691E+08   0.271675E+08   0.204186E+08   0.204185E+08   0.204185E+08   0.204253E+08  -0.362063E+00   0.111904E+08   0.111904E+08   0.119031E+02
   0.227297E-04   0.204185E+08   0.204185E+08   0.271568E+08   0.271548E+08   0.204186E+08   0.204185E+08   0.204185E+08   0.204253E+08  -0.362064E+00   0.111904E+08   0.111904E+08   0.131542E+02
   0.251219E-04   0.204185E+08   0.204185E+08   0.271417E+08   0.271393E+08   0.204185E+08   0.204185E+08   0.204185E+08   0.204252E+08  -0.362066E+00   0.111903E+08   0.111903E+08   0.145364E+02
   0.277659E-04   0.204184E+08   0.204184E+08   0.271233E+08   0.271204E+08   0.204185E+08   0.204184E+08   0.204184E+08   0.204252E+08  -0.362068E+00   0.111903E+08   0.111903E+08   0.160634E+02
   0.306881E-04   0.204184E+08   0.204184E+08   0.271008E+08   0.270972E+08   0.204184E+08   0.204184E+08   0.204184E+08   0.204251E+08  -0.362070E+00   0.111903E+08   0.111903E+08   0.177500E+02
   0.339179E-04   0.204183E+08   0.204183E+08   0.270734E+08   0.270690E+08   0.204184E+08   0.204183E+08   0.204183E+08   0.204251E+08  -0.362073E+00   0.111902E+08   0.111902E+08   0.196127E+02
   0.374876E-04   0.204182E+08   0.204182E+08   0.270400E+08   0.270346E+08   0.204183E+08   0.204182E+08   0.204182E+08   0.204250E+08  -0.362076E+00   0.111901E+08   0.111901E+08   0.216697E+02
   0.414330E-04   0.204181E+08   0.204181E+08   0.269992E+08   0.269926E+08   0.204182E+08   0.204181E+08   0.204181E+08   0.204249E+08  -0.362080E+00   0.111900E+08   0.111900E+08   0.239405E+02
   0.457936E-04   0.204180E+08   0.204180E+08   0.269494E+08   0.269414E+08   0.204181E+08   0.204180E+08   0.204180E+08   0.204247E+08  -0.362085E+00   0.111899E+08   0.111899E+08   0.264470E+02
   0.506132E-04   0.204178E+08   0.204178E+08   0.268887E+08   0.268790E+08   0.204179E+08   0.204178E+08   0.204178E+08   0.204246E+08  -0.362092E+00   0.111898E+08   0.111898E+08   0.292126E+02
   0.559400E-04   0.204177E+08   0.204176E+08   0.268148E+08   0.268029E+08   0.204177E+08   0.204177E+08   0.204176E+08   0.204244E+08  -0.362099E+00   0.111897E+08   0.111897E+08   0.322631E+02
   0.618274E-04   0.204174E+08   0.204174E+08   0.267247E+08   0.267102E+08   0.204175E+08   0.204174E+08   0.204174E+08   0.204241E+08  -0.362109E+00   0.111895E+08   0.111895E+08   0.356263E+02
   0.683345E-04   0.204172E+08   0.204171E+08   0.266151E+08   0.265974E+08   0.204172E+08   0.204172E+08   0.204172E+08   0.204238E+08  -0.362120E+00   0.111893E+08   0.111893E+08   0.393322E+02
   0.755264E-04   0.204168E+08   0.204168E+08   0.264817E+08   0.264603E+08   0.204169E+08   0.204168E+08   0.204168E+08   0.204234E+08  -0.362134E+00   0.111890E+08   0.111890E+08   0.434129E+02
   0.834752E-04   0.204164E+08   0.204164E+08   0.263196E+08   0.262936E+08   0.204165E+08   0.204164E+08   0.204164E+08   0.204230E+08  -0.362151E+00   0.111886E+08   0.111886E+08   0.479027E+02
   0.922605E-04   0.204159E+08   0.204159E+08   0.261229E+08   0.260913E+08   0.204160E+08   0.204159E+08   0.204159E+08   0.204224E+08  -0.362171E+00   0.111882E+08   0.111882E+08   0.528376E+02
   0.101971E-03   0.204153E+08   0.204152E+08   0.258845E+08   0.258462E+08   0.204154E+08   0.204153E+08   0.204153E+08   0.204218E+08  -0.362197E+00   0.111877E+08   0.111877E+08   0.582551E+02
   0.112702E-03   0.204146E+08   0.204145E+08   0.255961E+08   0.255496E+08   0.204146E+08   0.204146E+08   0.204146E+08   0.204210E+08  -0.362228E+00   0.111871E+08   0.111871E+08   0.641931E+02
   0.124564E-03   0.204137E+08   0.204136E+08   0.252478E+08   0.251917E+08   0.204137E+08   0.204137E+08   0.204137E+08   0.204200E+08  -0.362266E+00   0.111864E+08   0.111864E+08   0.706899E+02
   0.137674E-03   0.204126E+08   0.204125E+08   0.248284E+08   0.247609E+08   0.204126E+08   0.204126E+08   0.204125E+08   0.204187E+08  -0.362312E+00   0.111855E+08   0.111854E+08   0.777817E+02
   0.152163E-03   0.204112E+08   0.204111E+08   0.243251E+08   0.242439E+08   0.204113E+08   0.204112E+08   0.204112E+08   0.204173E+08  -0.362368E+00   0.111844E+08   0.111843E+08   0.855013E+02
   0.168178E-03   0.204096E+08   0.204094E+08   0.237233E+08   0.236262E+08   0.204096E+08   0.204096E+08   0.204096E+08   0.204155E+08  -0.362437E+00   0.111830E+08   0.111830E+08   0.938756E+02
   0.185878E-03   0.204076E+08   0.204074E+08   0.230073E+08   0.228916E+08   0.204076E+08   0.204076E+08   0.204076E+08   0.204133E+08  -0.362521E+00   0.111814E+08   0.111813E+08   0.102922E+03
   0.205440E-03   0.204052E+08   0.204049E+08   0.221604E+08   0.220234E+08   0.204051E+08   0.204051E+08   0.204051E+08   0.204106E+08  -0.362625E+00   0.111793E+08   0.111793E+08   0.112643E+03
   0.227062E-03   0.204022E+08   0.204019E+08   0.211661E+08   0.210050E+08   0.204022E+08   0.204022E+08   0.204022E+08   0.204074E+08  -0.362751E+00   0.111769E+08   0.111768E+08   0.123021E+03
   0.250959E-03   0.203986E+08   0.203982E+08   0.200092E+08   0.198214E+08   0.203985E+08   0.203986E+08   0.203986E+08   0.204035E+08  -0.362905E+00   0.111739E+08   0.111738E+08   0.134014E+03
   0.277372E-03   0.203943E+08   0.203938E+08   0.186780E+08   0.184613E+08   0.203941E+08   0.203942E+08   0.203942E+08   0.203988E+08  -0.363094E+00   0.111703E+08   0.111702E+08   0.145540E+03
   0.306564E-03   0.203890E+08   0.203884E+08   0.171673E+08   0.169207E+08   0.203888E+08   0.203889E+08   0.203889E+08   0.203931E+08  -0.363324E+00   0.111659E+08   0.111658E+08   0.157476E+03
   0.338828E-03   0.203826E+08   0.203819E+08   0.154823E+08   0.152062E+08   0.203823E+08   0.203824E+08   0.203824E+08   0.203863E+08  -0.363607E+00   0.111606E+08   0.111604E+08   0.169642E+03
   0.374488E-03   0.203748E+08   0.203740E+08   0.136428E+08   0.133400E+08   0.203745E+08   0.203747E+08   0.203747E+08   0.203781E+08  -0.363952E+00   0.111542E+08   0.111540E+08   0.181792E+03
   0.413901E-03   0.203655E+08   0.203645E+08   0.116881E+08   0.113647E+08   0.203651E+08   0.203653E+08   0.203653E+08   0.203682E+08  -0.364374E+00   0.111464E+08   0.111461E+08   0.193612E+03
   0.457462E-03   0.203542E+08   0.203531E+08   0.968095E+07   0.934667E+07   0.203537E+08   0.203540E+08   0.203540E+08   0.203564E+08  -0.364889E+00   0.111370E+08   0.111367E+08   0.204711E+03
   0.505608E-03   0.203407E+08   0.203394E+08   0.770778E+07   0.737678E+07   0.203401E+08   0.203404E+08   0.203405E+08   0.203423E+08  -0.365518E+00   0.111257E+08   0.111254E+08   0.214637E+03
   0.558821E-03   0.203245E+08   0.203230E+08   0.587409E+07   0.556425E+07   0.203238E+08   0.203242E+08   0.203242E+08   0.203257E+08  -0.366285E+00   0.111122E+08   0.111118E+08   0.222894E+03
   0.617635E-03   0.203052E+08   0.203034E+08   0.429053E+07   0.402164E+07   0.203043E+08   0.203049E+08   0.203049E+08   0.203059E+08  -0.367216E+00   0.110960E+08   0.110956E+08   0.228984E+03
   0.682638E-03   0.202822E+08   0.202802E+08   0.304890E+07   0.283922E+07   0.202811E+08   0.202818E+08   0.202819E+08   0.202826E+08  -0.368344E+00   0.110767E+08   0.110762E+08   0.232456E+03
   0.754482E-03   0.202550E+08   0.202527E+08   0.219096E+07   0.205212E+07   0.202536E+08   0.202546E+08   0.202546E+08   0.202551E+08  -0.369704E+00   0.110538E+08   0.110533E+08   0.232975E+03
   0.833888E-03   0.202230E+08   0.202203E+08   0.168092E+07   0.161266E+07   0.202212E+08   0.202224E+08   0.202225E+08   0.202228E+08  -0.371335E+00   0.110268E+08   0.110262E+08   0.230377E+03
   0.921651E-03   0.201853E+08   0.201823E+08   0.140169E+07   0.138891E+07   0.201831E+08   0.201847E+08   0.201848E+08   0.201850E+08  -0.373275E+00   0.109950E+08   0.109943E+08   0.224696E+03
   0.101865E-02   0.201412E+08   0.201379E+08   0.119518E+07   0.121074E+07   0.201385E+08   0.201405E+08   0.201406E+08   0.201408E+08  -0.375565E+00   0.109577E+08   0.109570E+08   0.216145E+03
   0.112586E-02   0.200898E+08   0.200863E+08   0.945411E+06   0.960203E+06   0.200866E+08   0.200890E+08   0.200892E+08   0.200892E+08  -0.378238E+00   0.109143E+08   0.109136E+08   0.205059E+03
   0.124435E-02   0.200302E+08   0.200265E+08   0.655061E+06   0.651319E+06   0.200262E+08   0.200293E+08   0.200296E+08   0.200295E+08  -0.381324E+00   0.108640E+08   0.108633E+08   0.191831E+03
   0.137531E-02   0.199614E+08   0.199575E+08   0.428440E+06   0.406690E+06   0.199565E+08   0.199604E+08   0.199607E+08   0.199605E+08  -0.384837E+00   0.108061E+08   0.108054E+08   0.176927E+03
   0.152006E-02   0.198824E+08   0.198784E+08   0.333000E+06   0.304917E+06   0.198764E+08   0.198813E+08   0.198817E+08   0.198814E+08  -0.388772E+00   0.107400E+08   0.107392E+08   0.160949E+03
   0.168004E-02   0.197921E+08   0.197881E+08   0.288207E+06  -0.622815E+06   0.197849E+08   0.197910E+08   0.197915E+08   0.197910E+08  -0.393091E+00   0.106651E+08   0.106644E+08   0.144687E+03
   0.185685E-02   0.196897E+08   0.196857E+08   0.187937E+06  -0.480767E+06   0.196809E+08   0.196885E+08   0.196891E+08   0.196885E+08  -0.397725E+00   0.105811E+08   0.105804E+08   0.128988E+03
   0.205228E-02   0.195743E+08   0.195702E+08   0.968151E+05  -0.367960E+06   0.195635E+08   0.195729E+08   0.195736E+08   0.195729E+08  -0.402553E+00   0.104879E+08   0.104872E+08   0.114559E+03
   0.226827E-02   0.194449E+08   0.194409E+08   0.906727E+05  -0.279156E+06   0.194318E+08   0.194434E+08   0.194443E+08   0.194434E+08  -0.407409E+00   0.103855E+08   0.103848E+08   0.101887E+03
   0.250700E-02   0.193011E+08   0.192969E+08   0.634051E+05  -0.209965E+06   0.192851E+08   0.192993E+08   0.193004E+08   0.192993E+08  -0.412081E+00   0.102745E+08   0.102738E+08   0.912004E+02
   0.277085E-02   0.191420E+08   0.191378E+08   0.279618E+05  -0.156683E+06   0.191226E+08   0.191400E+08   0.191413E+08   0.191400E+08  -0.416325E+00   0.101553E+08   0.101546E+08   0.823042E+02
   0.306246E-02   0.189673E+08   0.189628E+08   0.277763E+05  -0.116170E+06   0.189438E+08   0.189650E+08   0.189666E+08   0.189650E+08  -0.419880E+00   0.100287E+08   0.100280E+08   0.746638E+02
   0.338478E-02   0.187763E+08   0.187716E+08   0.456142E+04  -0.857641E+05   0.187478E+08   0.187736E+08   0.187755E+08   0.187736E+08  -0.422492E+00   0.989538E+07   0.989469E+07   0.676895E+02
   0.374101E-02   0.185683E+08   0.185633E+08   0.245690E+04  -0.632272E+05   0.185339E+08   0.185651E+08   0.185674E+08   0.185651E+08  -0.423942E+00   0.975588E+07   0.975520E+07   0.610073E+02
   0.413473E-02   0.183422E+08   0.183369E+08  -0.179717E+04  -0.467017E+05   0.183008E+08   0.183385E+08   0.183413E+08   0.183385E+08  -0.424063E+00   0.961035E+07   0.960967E+07   0.546772E+02
   0.456989E-02   0.180969E+08   0.180912E+08  -0.295721E+04  -0.346797E+05   0.180471E+08   0.180925E+08   0.180959E+08   0.180925E+08  -0.422749E+00   0.945851E+07   0.945784E+07   0.489908E+02
   0.505085E-02   0.178305E+08   0.178244E+08  -0.645091E+03  -0.259685E+05   0.177709E+08   0.178254E+08   0.178295E+08   0.178254E+08  -0.419957E+00   0.929962E+07   0.929895E+07   0.440749E+02
   0.558243E-02   0.175412E+08   0.175344E+08  -0.170062E+04  -0.196515E+05   0.174700E+08   0.175352E+08   0.175400E+08   0.175352E+08  -0.415697E+00   0.913252E+07   0.913186E+07   0.397189E+02
   0.616996E-02   0.172265E+08   0.172191E+08  -0.212641E+04  -0.150435E+05   0.171420E+08   0.172195E+08   0.172253E+08   0.172195E+08  -0.410016E+00   0.895574E+07   0.895508E+07   0.356829E+02
   0.681932E-02   0.168840E+08   0.168758E+08  -0.305857E+04  -0.116457E+05   0.167840E+08   0.168758E+08   0.168826E+08   0.168758E+08  -0.402985E+00   0.876755E+07   0.876689E+07   0.320193E+02
   0.753702E-02   0.165111E+08   0.165018E+08  -0.310968E+04  -0.910310E+04   0.163935E+08   0.165015E+08   0.165095E+08   0.165015E+08  -0.394685E+00   0.856611E+07   0.856546E+07   0.288072E+02
   0.833025E-02   0.161051E+08   0.160947E+08  -0.151791E+04  -0.716830E+04   0.159677E+08   0.160940E+08   0.161033E+08   0.160940E+08  -0.385194E+00   0.834959E+07   0.834894E+07   0.259142E+02
   0.920698E-02   0.156635E+08   0.156517E+08  -0.336287E+04  -0.567129E+04   0.155040E+08   0.156507E+08   0.156615E+08   0.156507E+08  -0.374581E+00   0.811622E+07   0.811557E+07   0.233081E+02
   0.101760E-01   0.151842E+08   0.151707E+08  -0.191764E+04  -0.449616E+04   0.150005E+08   0.151694E+08   0.151819E+08   0.151694E+08  -0.362899E+00   0.786442E+07   0.786378E+07   0.210019E+02
   0.112469E-01   0.146652E+08   0.146497E+08  -0.190490E+04  -0.356349E+04   0.144553E+08   0.146482E+08   0.146626E+08   0.146482E+08  -0.350185E+00   0.759290E+07   0.759226E+07   0.189327E+02
   0.124306E-01   0.141052E+08   0.140875E+08  -0.168972E+04  -0.281799E+04   0.138675E+08   0.140860E+08   0.141022E+08   0.140860E+08  -0.336467E+00   0.730072E+07   0.730008E+07   0.170969E+02
   0.137389E-01   0.135036E+08   0.134833E+08  -0.138267E+04  -0.222004E+04   0.132369E+08   0.134820E+08   0.135002E+08   0.134820E+08  -0.321768E+00   0.698736E+07   0.698672E+07   0.154585E+02
   0.151849E-01   0.128608E+08   0.128375E+08  -0.825398E+03  -0.174024E+04   0.125640E+08   0.128366E+08   0.128569E+08   0.128366E+08  -0.306115E+00   0.665282E+07   0.665219E+07   0.139992E+02
   0.167830E-01   0.121902E+08   0.121637E+08  -0.840999E+03  -0.135735E+04   0.118629E+08   0.121634E+08   0.121857E+08   0.121634E+08  -0.289846E+00   0.630408E+07   0.630344E+07   0.127018E+02
   0.185493E-01   0.114722E+08   0.114422E+08  -0.607483E+03  -0.105070E+04   0.111149E+08   0.114428E+08   0.114672E+08   0.114428E+08  -0.272494E+00   0.593088E+07   0.593024E+07   0.115240E+02
   0.205016E-01   0.107220E+08   0.106883E+08  -0.339944E+03  -0.807302E+03   0.103359E+08   0.106900E+08   0.107164E+08   0.106900E+08  -0.254420E+00   0.554106E+07   0.554042E+07   0.104491E+02
   0.226592E-01   0.993793E+07   0.990043E+07  -0.316407E+03  -0.614827E+03   0.952562E+07   0.990355E+07   0.993163E+07   0.990355E+07  -0.235584E+00   0.513380E+07   0.513316E+07   0.944727E+01
   0.250440E-01   0.914592E+07   0.910489E+07  -0.238335E+03  -0.464696E+03   0.871046E+07   0.910940E+07   0.913903E+07   0.910940E+07  -0.216602E+00   0.472258E+07   0.472194E+07   0.850137E+01
   0.276798E-01   0.835667E+07   0.831263E+07  -0.143789E+03  -0.348554E+03   0.790150E+07   0.831831E+07   0.834928E+07   0.831831E+07  -0.197721E+00   0.431293E+07   0.431230E+07   0.758450E+01
   0.305930E-01   0.757656E+07   0.753046E+07  -0.182254E+03  -0.259326E+03   0.710551E+07   0.753678E+07   0.756882E+07   0.753678E+07  -0.179091E+00   0.390822E+07   0.390761E+07   0.667375E+01
   0.338127E-01   0.682579E+07   0.677902E+07  -0.120012E+03  -0.191662E+03   0.634236E+07   0.678505E+07   0.681794E+07   0.678505E+07  -0.161188E+00   0.351893E+07   0.351834E+07   0.575658E+01
   0.373714E-01   0.612806E+07   0.608245E+07  -0.757822E+02  -0.141131E+03   0.563496E+07   0.608683E+07   0.612041E+07   0.608683E+07  -0.144571E+00   0.315733E+07   0.315679E+07   0.483279E+01
   0.413045E-01   0.550551E+07   0.546315E+07  -0.533193E+02  -0.103980E+03   0.500238E+07   0.546409E+07   0.549840E+07   0.546409E+07  -0.129758E+00   0.283484E+07   0.283435E+07   0.391757E+01
   0.454350E-01   0.498252E+07   0.494521E+07   0.636060E+02  -0.778996E+02   0.447166E+07   0.494136E+07   0.497626E+07   0.494136E+07  -0.117329E+00   0.256415E+07   0.256373E+07   0.307804E+01
   0.495654E-01   0.457543E+07   0.454402E+07   0.489388E+02  -0.602006E+02   0.405569E+07   0.453458E+07   0.457016E+07   0.453458E+07  -0.107659E+00   0.235355E+07   0.235319E+07   0.237638E+01
   0.536959E-01   0.425021E+07   0.422470E+07   0.386326E+02  -0.477165E+02   0.372066E+07   0.420960E+07   0.424592E+07   0.420960E+07  -0.999351E-01   0.218533E+07   0.218503E+07   0.181770E+01
   0.578264E-01   0.397797E+07   0.395766E+07   0.310988E+02  -0.385588E+02   0.343893E+07   0.393752E+07   0.397456E+07   0.393752E+07  -0.934700E-01   0.204451E+07   0.204427E+07   0.139839E+01
   0.619568E-01   0.373874E+07   0.372243E+07   0.253989E+02  -0.316076E+02   0.319168E+07   0.369835E+07   0.373600E+07   0.369835E+07  -0.877880E-01   0.192073E+07   0.192052E+07   0.110630E+01
   0.660873E-01   0.351471E+07   0.350096E+07   0.209344E+02  -0.261451E+02   0.296272E+07   0.347439E+07   0.351240E+07   0.347439E+07  -0.824681E-01   0.180480E+07   0.180461E+07   0.920624E+00
   0.702177E-01   0.329535E+07   0.328276E+07   0.173438E+02  -0.217368E+02   0.274262E+07   0.325516E+07   0.329324E+07   0.325516E+07  -0.772618E-01   0.169128E+07   0.169111E+07   0.816230E+00
   0.743482E-01   0.308011E+07   0.306749E+07   0.144239E+02  -0.181394E+02   0.253092E+07   0.304015E+07   0.307799E+07   0.304015E+07  -0.721565E-01   0.157991E+07   0.157974E+07   0.767202E+00
   0.784786E-01   0.286550E+07   0.285206E+07   0.120135E+02  -0.151591E+02   0.232462E+07   0.282599E+07   0.286324E+07   0.282599E+07  -0.670717E-01   0.146894E+07   0.146876E+07   0.747850E+00
   0.826091E-01   0.265973E+07   0.264514E+07   0.100385E+02  -0.127091E+02   0.213026E+07   0.262084E+07   0.265728E+07   0.262084E+07  -0.622012E-01   0.136259E+07   0.136241E+07   0.738233E+00
   0.867395E-01   0.246849E+07   0.245283E+07   0.842960E+01  -0.107072E+02   0.195199E+07   0.243032E+07   0.246586E+07   0.243032E+07  -0.576787E-01   0.126382E+07   0.126363E+07   0.723489E+00
   0.918936E-01   0.225713E+07   0.224072E+07   0.684689E+01  -0.873153E+01   0.175676E+07   0.221996E+07   0.225438E+07   0.221996E+07  -0.526852E-01   0.115473E+07   0.115454E+07   0.685360E+00
   0.970477E-01   0.208156E+07   0.206537E+07   0.564533E+01  -0.722714E+01   0.159486E+07   0.204537E+07   0.207884E+07   0.204537E+07  -0.485409E-01   0.106420E+07   0.106402E+07   0.622006E+00
   0.102202E+00   0.194334E+07   0.192835E+07   0.473963E+01  -0.609047E+01   0.146604E+07   0.190799E+07   0.194082E+07   0.190799E+07  -0.452798E-01   0.992975E+06   0.992810E+06   0.539766E+00
   0.107356E+00   0.183744E+07   0.182435E+07   0.405126E+01  -0.522491E+01   0.136507E+07   0.180273E+07   0.183524E+07   0.180273E+07  -0.427813E-01   0.938434E+06   0.938289E+06   0.450479E+00
   0.112510E+00   0.175353E+07   0.174260E+07   0.351174E+01  -0.454526E+01   0.128309E+07   0.171929E+07   0.175169E+07   0.171929E+07  -0.408007E-01   0.895224E+06   0.895100E+06   0.366716E+00
   0.117664E+00   0.168023E+07   0.167128E+07   0.306942E+01  -0.398670E+01   0.121107E+07   0.164639E+07   0.167873E+07   0.164639E+07  -0.390703E-01   0.857479E+06   0.857374E+06   0.298262E+00
   0.122818E+00   0.160869E+07   0.160118E+07   0.269090E+01  -0.350721E+01   0.114222E+07   0.157525E+07   0.160743E+07   0.157525E+07  -0.373820E-01   0.820634E+06   0.820542E+06   0.250167E+00
   0.127972E+00   0.153375E+07   0.152701E+07   0.235738E+01  -0.308312E+01   0.107283E+07   0.150082E+07   0.153262E+07   0.150082E+07  -0.356153E-01   0.782048E+06   0.781963E+06   0.222365E+00
   0.133126E+00   0.145398E+07   0.144736E+07   0.206001E+01  -0.270344E+01   0.100195E+07   0.142169E+07   0.145287E+07   0.142169E+07  -0.337372E-01   0.740995E+06   0.740911E+06   0.210666E+00
   0.138280E+00   0.137107E+07   0.136410E+07   0.179592E+01  -0.236490E+01   0.930846E+06   0.133954E+07   0.136990E+07   0.133954E+07  -0.317876E-01   0.698346E+06   0.698259E+06   0.208598E+00
   0.143435E+00   0.128868E+07   0.128116E+07   0.156492E+01  -0.206765E+01   0.862028E+06   0.125800E+07   0.128741E+07   0.125800E+07  -0.298524E-01   0.655992E+06   0.655902E+06   0.209415E+00
   0.148589E+00   0.121124E+07   0.120325E+07   0.136722E+01  -0.181243E+01   0.798384E+06   0.118144E+07   0.120990E+07   0.118144E+07  -0.280356E-01   0.616215E+06   0.616122E+06   0.207744E+00
   0.153743E+00   0.114281E+07   0.113464E+07   0.120207E+01  -0.159866E+01   0.742376E+06   0.111384E+07   0.114144E+07   0.111384E+07  -0.264314E-01   0.581093E+06   0.581001E+06   0.200537E+00
   0.158897E+00   0.108576E+07   0.107776E+07   0.106674E+01  -0.142318E+01   0.695215E+06   0.105750E+07   0.108442E+07   0.105750E+07  -0.250944E-01   0.551826E+06   0.551737E+06   0.187223E+00
   0.164051E+00   0.103985E+07   0.103235E+07   0.956381E+00  -0.127990E+01   0.656391E+06   0.101216E+07   0.103859E+07   0.101216E+07  -0.240183E-01   0.528284E+06   0.528201E+06   0.169228E+00
   0.169205E+00   0.100268E+07   0.995920E+06   0.865092E+00  -0.116123E+01   0.624064E+06   0.975442E+06   0.100155E+07   0.975442E+06  -0.231470E-01   0.509231E+06   0.509155E+06   0.149154E+00
   0.174359E+00   0.971038E+06   0.965080E+06   0.787423E+00  -0.106011E+01   0.595977E+06   0.944169E+06   0.970038E+06   0.944169E+06  -0.224048E-01   0.493011E+06   0.492943E+06   0.129860E+00
   0.179513E+00   0.941794E+06   0.936558E+06   0.719068E+00  -0.970919E+00   0.570055E+06   0.915268E+06   0.940915E+06   0.915268E+06  -0.217189E-01   0.478022E+06   0.477961E+06   0.113667E+00
   0.184667E+00   0.912248E+06   0.907537E+06   0.656863E+00  -0.889524E+00   0.544563E+06   0.886084E+06   0.911457E+06   0.886084E+06  -0.210264E-01   0.462879E+06   0.462822E+06   0.101848E+00
   0.189821E+00   0.880588E+06   0.876158E+06   0.598898E+00  -0.813366E+00   0.518476E+06   0.854853E+06   0.879844E+06   0.854853E+06  -0.202852E-01   0.446657E+06   0.446604E+06   0.945128E-01
   0.194975E+00   0.846485E+06   0.842111E+06   0.544558E+00  -0.741686E+00   0.491605E+06   0.821259E+06   0.845751E+06   0.821259E+06  -0.194880E-01   0.429193E+06   0.429140E+06   0.908132E-01
   0.200130E+00   0.811024E+06   0.806549E+06   0.494200E+00  -0.675010E+00   0.464620E+06   0.786369E+06   0.810273E+06   0.786369E+06  -0.186600E-01   0.411043E+06   0.410990E+06   0.893398E-01
   0.205284E+00   0.775882E+06   0.771244E+06   0.448423E+00  -0.614204E+00   0.438490E+06   0.751824E+06   0.775104E+06   0.751824E+06  -0.178403E-01   0.393066E+06   0.393012E+06   0.885526E-01
   0.210438E+00   0.742638E+06   0.737867E+06   0.407619E+00  -0.559858E+00   0.414078E+06   0.719170E+06   0.741837E+06   0.719170E+06  -0.170654E-01   0.376069E+06   0.376014E+06   0.871676E-01
   0.215592E+00   0.712539E+06   0.707734E+06   0.371892E+00  -0.512175E+00   0.392015E+06   0.689622E+06   0.711732E+06   0.689622E+06  -0.163642E-01   0.360688E+06   0.360633E+06   0.844151E-01
   0.220746E+00   0.686350E+06   0.681640E+06   0.341047E+00  -0.470944E+00   0.372634E+06   0.663918E+06   0.685559E+06   0.663918E+06  -0.157543E-01   0.347311E+06   0.347258E+06   0.801187E-01
   0.225900E+00   0.664105E+06   0.659610E+06   0.314538E+00  -0.435469E+00   0.355854E+06   0.642085E+06   0.663350E+06   0.642085E+06  -0.152362E-01   0.335953E+06   0.335903E+06   0.746035E-01
   0.231054E+00   0.645088E+06   0.640890E+06   0.291543E+00  -0.404665E+00   0.341194E+06   0.623416E+06   0.644383E+06   0.623416E+06  -0.147931E-01   0.326246E+06   0.326198E+06   0.685035E-01
   0.236208E+00   0.628165E+06   0.624289E+06   0.271179E+00  -0.377345E+00   0.327980E+06   0.606800E+06   0.627514E+06   0.606800E+06  -0.143988E-01   0.317609E+06   0.317564E+06   0.625393E-01
   0.241362E+00   0.612174E+06   0.608592E+06   0.252684E+00  -0.352482E+00   0.315556E+06   0.591101E+06   0.611573E+06   0.591101E+06  -0.140263E-01   0.309448E+06   0.309406E+06   0.573214E-01
   0.246516E+00   0.596157E+06   0.592802E+06   0.235495E+00  -0.329311E+00   0.303403E+06   0.575387E+06   0.595594E+06   0.575387E+06  -0.136534E-01   0.301275E+06   0.301236E+06   0.532167E-01
   0.251670E+00   0.579516E+06   0.576302E+06   0.219271E+00  -0.307369E+00   0.291211E+06   0.559075E+06   0.578976E+06   0.559075E+06  -0.132663E-01   0.292786E+06   0.292748E+06   0.503007E-01
   0.256825E+00   0.562120E+06   0.558967E+06   0.203892E+00  -0.286500E+00   0.278921E+06   0.542043E+06   0.561591E+06   0.542043E+06  -0.128622E-01   0.283916E+06   0.283878E+06   0.483919E-01
   0.261979E+00   0.544296E+06   0.541144E+06   0.189413E+00  -0.266790E+00   0.266701E+06   0.524606E+06   0.543767E+06   0.524606E+06  -0.124484E-01   0.274830E+06   0.274793E+06   0.471449E-01
   0.267133E+00   0.526612E+06   0.523435E+06   0.175958E+00  -0.248423E+00   0.254829E+06   0.507320E+06   0.526078E+06   0.507320E+06  -0.120382E-01   0.265819E+06   0.265782E+06   0.461615E-01
   0.272287E+00   0.509654E+06   0.506459E+06   0.163634E+00  -0.231559E+00   0.243578E+06   0.490754E+06   0.509117E+06   0.490754E+06  -0.116451E-01   0.257182E+06   0.257146E+06   0.450934E-01
   0.277441E+00   0.493888E+06   0.490707E+06   0.152488E+00  -0.216279E+00   0.233150E+06   0.475360E+06   0.493354E+06   0.475360E+06  -0.112798E-01   0.249156E+06   0.249120E+06   0.437133E-01
   0.282595E+00   0.479593E+06   0.476468E+06   0.142497E+00  -0.202562E+00   0.223648E+06   0.461404E+06   0.479068E+06   0.461404E+06  -0.109487E-01   0.241881E+06   0.241846E+06   0.419452E-01
   0.287749E+00   0.466804E+06   0.463777E+06   0.133568E+00  -0.190288E+00   0.215058E+06   0.448921E+06   0.466296E+06   0.448921E+06  -0.106524E-01   0.235375E+06   0.235340E+06   0.398507E-01
   0.292903E+00   0.455314E+06   0.452416E+06   0.125549E+00  -0.179250E+00   0.207253E+06   0.437706E+06   0.454828E+06   0.437706E+06  -0.103863E-01   0.229531E+06   0.229498E+06   0.375852E-01
   0.298057E+00   0.444752E+06   0.441993E+06   0.118260E+00  -0.169202E+00   0.200038E+06   0.427397E+06   0.444288E+06   0.427397E+06  -0.101417E-01   0.224159E+06   0.224128E+06   0.353395E-01
   0.303211E+00   0.434699E+06   0.432072E+06   0.111530E+00  -0.159909E+00   0.193207E+06   0.417588E+06   0.434258E+06   0.417588E+06  -0.990890E-02   0.219048E+06   0.219018E+06   0.332858E-01
   0.308365E+00   0.424801E+06   0.422286E+06   0.105228E+00  -0.151186E+00   0.186590E+06   0.407934E+06   0.424379E+06   0.407934E+06  -0.967983E-02   0.214017E+06   0.213987E+06   0.315379E-01
   0.313520E+00   0.414834E+06   0.412400E+06   0.992669E-01  -0.142914E+00   0.180084E+06   0.398219E+06   0.414425E+06   0.398219E+06  -0.944929E-02   0.208951E+06   0.208922E+06   0.301338E-01
   0.318674E+00   0.404727E+06   0.402345E+06   0.936084E-01  -0.135041E+00   0.173655E+06   0.388375E+06   0.404327E+06   0.388375E+06  -0.921570E-02   0.203815E+06   0.203788E+06   0.290400E-01
   0.323828E+00   0.394552E+06   0.392199E+06   0.882488E-01  -0.127564E+00   0.167334E+06   0.378471E+06   0.394157E+06   0.378471E+06  -0.898068E-02   0.198647E+06   0.198619E+06   0.281717E-01
   0.328982E+00   0.384475E+06   0.382139E+06   0.832051E-01  -0.120511E+00   0.161187E+06   0.368668E+06   0.384083E+06   0.368668E+06  -0.874807E-02   0.193529E+06   0.193502E+06   0.274212E-01
   0.334136E+00   0.374700E+06   0.372380E+06   0.784991E-01  -0.113917E+00   0.155295E+06   0.359164E+06   0.374310E+06   0.359164E+06  -0.852254E-02   0.188567E+06   0.188540E+06   0.266876E-01
   0.339290E+00   0.365409E+06   0.363114E+06   0.741443E-01  -0.107804E+00   0.149727E+06   0.350135E+06   0.365024E+06   0.350135E+06  -0.830829E-02   0.183852E+06   0.183826E+06   0.258988E-01
   0.344444E+00   0.356717E+06   0.354458E+06   0.701377E-01  -0.102171E+00   0.144519E+06   0.341689E+06   0.356337E+06   0.341689E+06  -0.810788E-02   0.179442E+06   0.179416E+06   0.250222E-01
   0.349598E+00   0.348640E+06   0.346434E+06   0.664573E-01  -0.969896E-01   0.139667E+06   0.333843E+06   0.348270E+06   0.333843E+06  -0.792171E-02   0.175345E+06   0.175320E+06   0.240638E-01
   0.354752E+00   0.341116E+06   0.338972E+06   0.630676E-01  -0.922109E-01   0.135135E+06   0.326536E+06   0.340756E+06   0.326536E+06  -0.774832E-02   0.171530E+06   0.171505E+06   0.230589E-01
   0.359906E+00   0.334031E+06   0.331955E+06   0.599271E-01  -0.877770E-01   0.130868E+06   0.319657E+06   0.333683E+06   0.319657E+06  -0.758508E-02   0.167938E+06   0.167914E+06   0.220577E-01
   0.365060E+00   0.327255E+06   0.325246E+06   0.569955E-01  -0.836313E-01   0.126807E+06   0.313079E+06   0.326918E+06   0.313079E+06  -0.742898E-02   0.164503E+06   0.164480E+06   0.211098E-01
   0.370215E+00   0.320662E+06   0.318713E+06   0.542375E-01  -0.797238E-01   0.122897E+06   0.306681E+06   0.320335E+06   0.306681E+06  -0.727716E-02   0.161162E+06   0.161140E+06   0.202521E-01
   0.375369E+00   0.314155E+06   0.312255E+06   0.516257E-01  -0.760161E-01   0.119098E+06   0.300368E+06   0.313836E+06   0.300368E+06  -0.712737E-02   0.157865E+06   0.157843E+06   0.195014E-01
   0.380523E+00   0.307680E+06   0.305820E+06   0.491428E-01  -0.724839E-01   0.115386E+06   0.294091E+06   0.307368E+06   0.294091E+06  -0.697842E-02   0.154585E+06   0.154563E+06   0.188534E-01
   0.385677E+00   0.301247E+06   0.299418E+06   0.467827E-01  -0.691193E-01   0.111762E+06   0.287857E+06   0.300940E+06   0.287857E+06  -0.683049E-02   0.151326E+06   0.151305E+06   0.182885E-01
   0.390831E+00   0.294907E+06   0.293102E+06   0.445461E-01  -0.659244E-01   0.108243E+06   0.281716E+06   0.294604E+06   0.281716E+06  -0.668476E-02   0.148116E+06   0.148095E+06   0.177779E-01
   0.395985E+00   0.288728E+06   0.286946E+06   0.424359E-01  -0.629048E-01   0.104852E+06   0.275733E+06   0.288429E+06   0.275733E+06  -0.654281E-02   0.144988E+06   0.144967E+06   0.172924E-01
   0.401139E+00   0.282768E+06   0.281010E+06   0.404528E-01  -0.600623E-01   0.101606E+06   0.269964E+06   0.282472E+06   0.269964E+06  -0.640592E-02   0.141971E+06   0.141951E+06   0.168079E-01
   0.406293E+00   0.277059E+06   0.275329E+06   0.385939E-01  -0.573938E-01   0.985126E+05   0.264441E+06   0.276769E+06   0.264441E+06  -0.627486E-02   0.139082E+06   0.139063E+06   0.163106E-01
   0.411447E+00   0.271620E+06   0.269921E+06   0.368538E-01  -0.548922E-01   0.955735E+05   0.259180E+06   0.271335E+06   0.259180E+06  -0.615001E-02   0.136331E+06   0.136311E+06   0.157981E-01
   0.416601E+00   0.266446E+06   0.264783E+06   0.352249E-01  -0.525474E-01   0.927835E+05   0.254176E+06   0.266167E+06   0.254176E+06  -0.603129E-02   0.133714E+06   0.133695E+06   0.152773E-01
   0.421755E+00   0.261508E+06   0.259882E+06   0.336964E-01  -0.503442E-01   0.901275E+05   0.249401E+06   0.261235E+06   0.249401E+06  -0.591798E-02   0.131216E+06   0.131198E+06   0.147607E-01
   0.426910E+00   0.256751E+06   0.255163E+06   0.322558E-01  -0.482645E-01   0.875837E+05   0.244804E+06   0.256484E+06   0.244804E+06  -0.580888E-02   0.128811E+06   0.128793E+06   0.142619E-01
   0.432064E+00   0.252124E+06   0.250572E+06   0.308916E-01  -0.462920E-01   0.851315E+05   0.240333E+06   0.251864E+06   0.240333E+06  -0.570280E-02   0.126473E+06   0.126455E+06   0.137924E-01
   0.437218E+00   0.247597E+06   0.246077E+06   0.295956E-01  -0.444151E-01   0.827578E+05   0.235959E+06   0.247341E+06   0.235959E+06  -0.559901E-02   0.124184E+06   0.124167E+06   0.133589E-01
   0.442372E+00   0.243151E+06   0.241660E+06   0.283623E-01  -0.426260E-01   0.804550E+05   0.231666E+06   0.242901E+06   0.231666E+06  -0.549715E-02   0.121938E+06   0.121921E+06   0.129625E-01
   0.447526E+00   0.238778E+06   0.237312E+06   0.271873E-01  -0.409185E-01   0.782182E+05   0.227445E+06   0.238532E+06   0.227445E+06  -0.539698E-02   0.119728E+06   0.119712E+06   0.125991E-01
   0.452680E+00   0.234479E+06   0.233035E+06   0.260675E-01  -0.392887E-01   0.760461E+05   0.223296E+06   0.234236E+06   0.223296E+06  -0.529853E-02   0.117556E+06   0.117540E+06   0.122610E-01
   0.457834E+00   0.230269E+06   0.228846E+06   0.250020E-01  -0.377354E-01   0.739423E+05   0.219236E+06   0.230030E+06   0.219236E+06  -0.520218E-02   0.115430E+06   0.115414E+06   0.119397E-01
   0.462988E+00   0.226175E+06   0.224773E+06   0.239906E-01  -0.362588E-01   0.719134E+05   0.215287E+06   0.225939E+06   0.215287E+06  -0.510849E-02   0.113363E+06   0.113347E+06   0.116275E-01
   0.468142E+00   0.222214E+06   0.220833E+06   0.230325E-01  -0.348581E-01   0.699631E+05   0.211469E+06   0.221982E+06   0.211469E+06  -0.501789E-02   0.111363E+06   0.111347E+06   0.113192E-01
   0.473296E+00   0.218390E+06   0.217031E+06   0.221251E-01  -0.335298E-01   0.680905E+05   0.207783E+06   0.218162E+06   0.207783E+06  -0.493043E-02   0.109433E+06   0.109417E+06   0.110123E-01
   0.478450E+00   0.214697E+06   0.213361E+06   0.212653E-01  -0.322694E-01   0.662918E+05   0.204225E+06   0.214473E+06   0.204225E+06  -0.484599E-02   0.107569E+06   0.107554E+06   0.107074E-01
   0.483605E+00   0.211127E+06   0.209815E+06   0.204498E-01  -0.310724E-01   0.645626E+05   0.200786E+06   0.210907E+06   0.200786E+06  -0.476440E-02   0.105768E+06   0.105753E+06   0.104071E-01
   0.488759E+00   0.207671E+06   0.206382E+06   0.196754E-01  -0.299343E-01   0.628982E+05   0.197457E+06   0.207454E+06   0.197457E+06  -0.468541E-02   0.104024E+06   0.104009E+06   0.101149E-01
   0.493913E+00   0.204312E+06   0.203047E+06   0.189385E-01  -0.288499E-01   0.612921E+05   0.194223E+06   0.204099E+06   0.194223E+06  -0.460866E-02   0.102330E+06   0.102315E+06   0.983438E-02
   0.499067E+00   0.201032E+06   0.199789E+06   0.182357E-01  -0.278141E-01   0.597375E+05   0.191066E+06   0.200823E+06   0.191066E+06  -0.453375E-02   0.100675E+06   0.100661E+06   0.956773E-02
   0.504221E+00   0.197818E+06   0.196596E+06   0.175641E-01  -0.268229E-01   0.582292E+05   0.187974E+06   0.197613E+06   0.187974E+06  -0.446037E-02   0.990547E+05   0.990406E+05   0.931576E-02
   0.509375E+00   0.194667E+06   0.193464E+06   0.169218E-01  -0.258738E-01   0.567648E+05   0.184942E+06   0.194465E+06   0.184942E+06  -0.438842E-02   0.974657E+05   0.974518E+05   0.907788E-02
   0.514529E+00   0.191579E+06   0.190394E+06   0.163077E-01  -0.249650E-01   0.553441E+05   0.181973E+06   0.191380E+06   0.181973E+06  -0.431797E-02   0.959092E+05   0.958956E+05   0.885235E-02
   0.519683E+00   0.188559E+06   0.187391E+06   0.157207E-01  -0.240951E-01   0.539666E+05   0.179068E+06   0.188363E+06   0.179068E+06  -0.424905E-02   0.943867E+05   0.943732E+05   0.863674E-02
   0.524837E+00   0.185607E+06   0.184456E+06   0.151596E-01  -0.232627E-01   0.526319E+05   0.176231E+06   0.185413E+06   0.176231E+06  -0.418172E-02   0.928989E+05   0.928857E+05   0.842851E-02
   0.529991E+00   0.182727E+06   0.181592E+06   0.146237E-01  -0.224664E-01   0.513399E+05   0.173463E+06   0.182536E+06   0.173463E+06  -0.411605E-02   0.914477E+05   0.914347E+05   0.822567E-02
   0.535145E+00   0.179924E+06   0.178806E+06   0.141120E-01  -0.217053E-01   0.500911E+05   0.170770E+06   0.179736E+06   0.170770E+06  -0.405216E-02   0.900357E+05   0.900228E+05   0.802705E-02
   0.540300E+00   0.177200E+06   0.176099E+06   0.136237E-01  -0.209781E-01   0.488850E+05   0.168154E+06   0.177016E+06   0.168154E+06  -0.399008E-02   0.886637E+05   0.886510E+05   0.783232E-02
   0.545454E+00   0.174552E+06   0.173467E+06   0.131574E-01  -0.202828E-01   0.477193E+05   0.165611E+06   0.174370E+06   0.165611E+06  -0.392972E-02   0.873296E+05   0.873171E+05   0.764174E-02
   0.550608E+00   0.171971E+06   0.170902E+06   0.127114E-01  -0.196171E-01   0.465912E+05   0.163133E+06   0.171791E+06   0.163133E+06  -0.387092E-02   0.860298E+05   0.860175E+05   0.745599E-02
   0.555762E+00   0.169452E+06   0.168400E+06   0.122847E-01  -0.189792E-01   0.454983E+05   0.160715E+06   0.169275E+06   0.160715E+06  -0.381355E-02   0.847614E+05   0.847493E+05   0.727594E-02
   0.560916E+00   0.166992E+06   0.165955E+06   0.118759E-01  -0.183676E-01   0.444388E+05   0.158354E+06   0.166818E+06   0.158354E+06  -0.375753E-02   0.835229E+05   0.835110E+05   0.710235E-02
   0.566070E+00   0.164586E+06   0.163565E+06   0.114841E-01  -0.177807E-01   0.434110E+05   0.156047E+06   0.164415E+06   0.156047E+06  -0.370278E-02   0.823121E+05   0.823003E+05   0.693561E-02
   0.571224E+00   0.162230E+06   0.161224E+06   0.111082E-01  -0.172168E-01   0.424127E+05   0.153787E+06   0.162061E+06   0.153787E+06  -0.364915E-02   0.811263E+05   0.811147E+05   0.677561E-02
   0.576378E+00   0.159920E+06   0.158928E+06   0.107473E-01  -0.166747E-01   0.414422E+05   0.151571E+06   0.159753E+06   0.151571E+06  -0.359659E-02   0.799636E+05   0.799522E+05   0.662191E-02
   0.581532E+00   0.157656E+06   0.156678E+06   0.104007E-01  -0.161537E-01   0.404991E+05   0.149401E+06   0.157492E+06   0.149401E+06  -0.354508E-02   0.788245E+05   0.788132E+05   0.647385E-02
   0.586686E+00   0.155441E+06   0.154476E+06   0.100680E-01  -0.156529E-01   0.395835E+05   0.147278E+06   0.155279E+06   0.147278E+06  -0.349470E-02   0.777100E+05   0.776988E+05   0.633072E-02
   0.591840E+00   0.153275E+06   0.152323E+06   0.974872E-02  -0.151718E-01   0.386948E+05   0.145202E+06   0.153115E+06   0.145202E+06  -0.344546E-02   0.766205E+05   0.766095E+05   0.619179E-02
   0.596995E+00   0.151158E+06   0.150218E+06   0.944219E-02  -0.147094E-01   0.378321E+05   0.143173E+06   0.151000E+06   0.143173E+06  -0.339731E-02   0.755552E+05   0.755444E+05   0.605650E-02
   0.602149E+00   0.149087E+06   0.148159E+06   0.914781E-02  -0.142648E-01   0.369945E+05   0.141190E+06   0.148931E+06   0.141190E+06  -0.335024E-02   0.745137E+05   0.745030E+05   0.592449E-02
   0.607303E+00   0.147063E+06   0.146148E+06   0.886514E-02  -0.138375E-01   0.361817E+05   0.139252E+06   0.146910E+06   0.139252E+06  -0.330426E-02   0.734962E+05   0.734856E+05   0.579570E-02
   0.612457E+00   0.145087E+06   0.144185E+06   0.859368E-02  -0.134267E-01   0.353930E+05   0.137360E+06   0.144935E+06   0.137360E+06  -0.325936E-02   0.725025E+05   0.724921E+05   0.567022E-02
   0.659749E+00   0.128743E+06   0.127942E+06   0.653360E-02  -0.102933E-01   0.291005E+05   0.121727E+06   0.128608E+06   0.121727E+06  -0.288841E-02   0.642894E+05   0.642802E+05   0.468033E-02
   0.710693E+00   0.114163E+06   0.113452E+06   0.496474E-02  -0.788534E-02   0.238534E+05   0.107806E+06   0.114043E+06   0.107806E+06  -0.255808E-02   0.569703E+05   0.569621E+05   0.386175E-02
   0.765571E+00   0.101188E+06   0.100557E+06   0.373290E-02  -0.607613E-02   0.194973E+05   0.954400E+05   0.101082E+06   0.954400E+05  -0.226254E-02   0.504635E+05   0.504562E+05   0.318653E-02
   0.895965E+00   0.782417E+05   0.777532E+05   0.213271E-02  -0.339822E-02   0.126063E+05   0.736262E+05   0.781597E+05   0.736262E+05  -0.174898E-02   0.389725E+05   0.389668E+05   0.212028E-02
   0.125042E+01   0.450303E+05   0.447483E+05   0.602140E-03  -0.102883E-02   0.480639E+04   0.422045E+05   0.449829E+05   0.422045E+05  -0.100019E-02   0.223840E+05   0.223806E+05   0.894670E-03
   0.174510E+01   0.256773E+05   0.255161E+05   0.178622E-03  -0.298180E-03   0.174308E+04   0.239969E+05   0.256502E+05   0.239969E+05  -0.570107E-03   0.127459E+05   0.127439E+05   0.381088E-03
   0.243548E+01   0.145180E+05   0.144266E+05   0.617116E-04  -0.765681E-04   0.604209E+03   0.135415E+05   0.145027E+05   0.135415E+05  -0.327457E-03   0.719988E+04   0.719866E+04   0.166504E-03
