#           k/h    P           
    0.10000E-03            NaN
    0.10202E-03            NaN
    0.10408E-03            NaN
    0.10618E-03            NaN
    0.10833E-03            NaN
    0.11052E-03            NaN
    0.11275E-03            NaN
    0.11503E-03            NaN
    0.11735E-03            NaN
    0.11972E-03            NaN
    0.12214E-03            NaN
    0.12461E-03            NaN
    0.12712E-03            NaN
    0.12969E-03            NaN
    0.13231E-03            NaN
    0.13499E-03            NaN
    0.13771E-03            NaN
    0.14049E-03            NaN
    0.14333E-03            NaN
    0.14623E-03            NaN
    0.14918E-03            NaN
    0.15220E-03            NaN
    0.15527E-03            NaN
    0.15841E-03            NaN
    0.16161E-03            NaN
    0.16487E-03            NaN
    0.16820E-03            NaN
    0.17160E-03            NaN
    0.17507E-03            NaN
    0.17860E-03            NaN
    0.18221E-03            NaN
    0.18589E-03            NaN
    0.18965E-03            NaN
    0.19348E-03            NaN
    0.19739E-03            NaN
    0.20138E-03            NaN
    0.20544E-03            NaN
    0.20959E-03            NaN
    0.21383E-03            NaN
    0.21815E-03            NaN
    0.22255E-03            NaN
    0.22705E-03            NaN
    0.23164E-03            NaN
    0.23632E-03            NaN
    0.24109E-03            NaN
    0.24596E-03            NaN
    0.25093E-03            NaN
    0.25600E-03            NaN
    0.26117E-03            NaN
    0.26645E-03            NaN
    0.27183E-03            NaN
    0.27732E-03            NaN
    0.28292E-03            NaN
    0.28864E-03            NaN
    0.29447E-03            NaN
    0.30042E-03            NaN
    0.30649E-03            NaN
    0.31268E-03            NaN
    0.31899E-03            NaN
    0.32544E-03            NaN
    0.33201E-03            NaN
    0.33872E-03            NaN
    0.34556E-03            NaN
    0.35254E-03            NaN
    0.35966E-03            NaN
    0.36693E-03            NaN
    0.37434E-03            NaN
    0.38190E-03            NaN
    0.38962E-03            NaN
    0.39749E-03            NaN
    0.40552E-03            NaN
    0.41371E-03            NaN
    0.42207E-03            NaN
    0.43060E-03            NaN
    0.43929E-03            NaN
    0.44817E-03            NaN
    0.45722E-03            NaN
    0.46646E-03            NaN
    0.47588E-03            NaN
    0.48550E-03            NaN
    0.49530E-03            NaN
    0.50531E-03            NaN
    0.51552E-03            NaN
    0.52593E-03            NaN
    0.53656E-03            NaN
    0.54739E-03            NaN
    0.55845E-03            NaN
    0.56973E-03            NaN
    0.58124E-03            NaN
    0.59299E-03            NaN
    0.60496E-03            NaN
    0.61719E-03            NaN
    0.62965E-03            NaN
    0.64237E-03            NaN
    0.65535E-03            NaN
    0.66859E-03            NaN
    0.68210E-03            NaN
    0.69588E-03            NaN
    0.70993E-03            NaN
    0.72427E-03            NaN
    0.73891E-03            NaN
    0.75383E-03            NaN
    0.76906E-03            NaN
    0.78460E-03            NaN
    0.80045E-03            NaN
    0.81662E-03            NaN
    0.83311E-03            NaN
    0.84994E-03            NaN
    0.86711E-03            NaN
    0.88463E-03            NaN
    0.90250E-03            NaN
    0.92073E-03            NaN
    0.93933E-03            NaN
    0.95831E-03            NaN
    0.97767E-03            NaN
    0.99742E-03            NaN
    0.10176E-02            NaN
    0.10381E-02            NaN
    0.10591E-02            NaN
    0.10805E-02            NaN
    0.11023E-02            NaN
    0.11246E-02            NaN
    0.11473E-02            NaN
    0.11705E-02            NaN
    0.11941E-02            NaN
    0.12182E-02            NaN
    0.12429E-02            NaN
    0.12680E-02            NaN
    0.12936E-02            NaN
    0.13197E-02            NaN
    0.13464E-02            NaN
    0.13736E-02            NaN
    0.14013E-02            NaN
    0.14296E-02            NaN
    0.14585E-02            NaN
    0.14880E-02            NaN
    0.15180E-02            NaN
    0.15487E-02            NaN
    0.15800E-02            NaN
    0.16119E-02            NaN
    0.16445E-02            NaN
    0.16777E-02            NaN
    0.17116E-02            NaN
    0.17462E-02            NaN
    0.17814E-02            NaN
    0.18174E-02            NaN
    0.18541E-02            NaN
    0.18916E-02            NaN
    0.19298E-02            NaN
    0.19688E-02            NaN
    0.20086E-02            NaN
    0.20491E-02            NaN
    0.20905E-02            NaN
    0.21328E-02            NaN
    0.21758E-02            NaN
    0.22198E-02            NaN
    0.22646E-02            NaN
    0.23104E-02            NaN
    0.23571E-02            NaN
    0.24047E-02            NaN
    0.24533E-02            NaN
    0.25028E-02            NaN
    0.25534E-02            NaN
    0.26050E-02            NaN
    0.26576E-02            NaN
    0.27113E-02            NaN
    0.27660E-02            NaN
    0.28219E-02            NaN
    0.28789E-02            NaN
    0.29371E-02            NaN
    0.29964E-02            NaN
    0.30569E-02            NaN
    0.31187E-02            NaN
    0.31817E-02            NaN
    0.32460E-02            NaN
    0.33115E-02            NaN
    0.33784E-02            NaN
    0.34467E-02            NaN
    0.35163E-02            NaN
    0.35874E-02            NaN
    0.36598E-02            NaN
    0.37338E-02            NaN
    0.38092E-02            NaN
    0.38861E-02            NaN
    0.39646E-02            NaN
    0.40447E-02            NaN
    0.41264E-02            NaN
    0.42098E-02            NaN
    0.42948E-02            NaN
    0.43816E-02            NaN
    0.44701E-02            NaN
    0.45604E-02            NaN
    0.46525E-02            NaN
    0.47465E-02            NaN
    0.48424E-02            NaN
    0.49402E-02            NaN
    0.50400E-02            NaN
    0.51419E-02            NaN
    0.52457E-02            NaN
    0.53517E-02            NaN
    0.54598E-02            NaN
    0.55701E-02            NaN
    0.56826E-02            NaN
    0.57974E-02            NaN
    0.59145E-02            NaN
    0.60340E-02            NaN
    0.61559E-02            NaN
    0.62803E-02            NaN
    0.64072E-02            NaN
    0.65366E-02            NaN
    0.66686E-02            NaN
    0.68033E-02            NaN
    0.69408E-02            NaN
    0.70810E-02            NaN
    0.72240E-02            NaN
    0.73700E-02            NaN
    0.75189E-02            NaN
    0.76708E-02            NaN
    0.78257E-02            NaN
    0.79838E-02            NaN
    0.81451E-02            NaN
    0.83096E-02            NaN
    0.84775E-02            NaN
    0.86488E-02            NaN
    0.88235E-02            NaN
    0.90017E-02            NaN
    0.91836E-02            NaN
    0.93691E-02            NaN
    0.95583E-02            NaN
    0.97514E-02            NaN
    0.99484E-02            NaN
    0.10149E-01            NaN
    0.10354E-01            NaN
    0.10564E-01            NaN
    0.10777E-01            NaN
    0.10995E-01            NaN
    0.11217E-01            NaN
    0.11443E-01            NaN
    0.11675E-01            NaN
    0.11910E-01            NaN
    0.12151E-01            NaN
    0.12397E-01            NaN
    0.12647E-01            NaN
    0.12902E-01            NaN
    0.13163E-01            NaN
    0.13429E-01            NaN
    0.13700E-01            NaN
    0.13977E-01            NaN
    0.14259E-01            NaN
    0.14547E-01            NaN
    0.14841E-01            NaN
    0.15141E-01            NaN
    0.15447E-01            NaN
    0.15759E-01            NaN
    0.16077E-01            NaN
    0.16402E-01            NaN
    0.16734E-01            NaN
    0.17072E-01            NaN
    0.17416E-01            NaN
    0.17768E-01            NaN
    0.18127E-01            NaN
    0.18493E-01            NaN
    0.18867E-01            NaN
    0.19248E-01            NaN
    0.19637E-01            NaN
    0.20034E-01            NaN
    0.20438E-01            NaN
    0.20851E-01            NaN
    0.21272E-01            NaN
    0.21702E-01            NaN
    0.22141E-01            NaN
    0.22588E-01            NaN
    0.23044E-01            NaN
    0.23510E-01            NaN
    0.23985E-01            NaN
    0.24469E-01            NaN
    0.24964E-01            NaN
    0.25468E-01            NaN
    0.25982E-01            NaN
    0.26507E-01            NaN
    0.27043E-01            NaN
    0.27589E-01            NaN
    0.28146E-01            NaN
    0.28715E-01            NaN
    0.29295E-01            NaN
    0.29887E-01            NaN
    0.30490E-01            NaN
    0.31106E-01            NaN
    0.31735E-01            NaN
    0.32376E-01            NaN
    0.33030E-01            NaN
    0.33697E-01            NaN
    0.34378E-01            NaN
    0.35072E-01            NaN
    0.35781E-01            NaN
    0.36504E-01            NaN
    0.37241E-01            NaN
    0.37993E-01            NaN
    0.38761E-01            NaN
    0.39544E-01            NaN
    0.40343E-01            NaN
    0.41158E-01            NaN
    0.41989E-01            NaN
    0.42838E-01            NaN
    0.43703E-01            NaN
    0.44586E-01            NaN
    0.45486E-01            NaN
    0.46405E-01            NaN
    0.47343E-01            NaN
    0.48299E-01            NaN
    0.49275E-01            NaN
    0.50270E-01            NaN
    0.51286E-01            NaN
    0.52322E-01            NaN
    0.53379E-01            NaN
    0.54457E-01            NaN
    0.55557E-01            NaN
    0.56680E-01            NaN
    0.57825E-01            NaN
    0.58993E-01            NaN
    0.60184E-01            NaN
    0.61400E-01            NaN
    0.62641E-01            NaN
    0.63906E-01            NaN
    0.65197E-01            NaN
    0.66514E-01            NaN
    0.67858E-01            NaN
    0.69229E-01            NaN
    0.70627E-01            NaN
    0.72054E-01            NaN
    0.73510E-01            NaN
    0.74994E-01            NaN
    0.76509E-01            NaN
    0.78055E-01            NaN
    0.79632E-01            NaN
    0.81241E-01            NaN
    0.82882E-01            NaN
    0.84556E-01            NaN
    0.86264E-01            NaN
    0.88007E-01            NaN
    0.89785E-01            NaN
    0.91598E-01            NaN
    0.93449E-01            NaN
    0.95337E-01            NaN
    0.97263E-01            NaN
    0.99227E-01            NaN
    0.10123E+00            NaN
    0.10328E+00            NaN
    0.10536E+00            NaN
    0.10749E+00            NaN
    0.10966E+00            NaN
    0.11188E+00            NaN
    0.11414E+00            NaN
    0.11644E+00            NaN
    0.11880E+00            NaN
    0.12120E+00            NaN
    0.12365E+00            NaN
    0.12614E+00            NaN
    0.12869E+00            NaN
    0.13129E+00            NaN
    0.13394E+00            NaN
    0.13665E+00            NaN
    0.13941E+00            NaN
    0.14223E+00            NaN
    0.14510E+00            NaN
    0.14803E+00            NaN
    0.15102E+00            NaN
    0.15407E+00            NaN
    0.15718E+00            NaN
    0.16036E+00            NaN
    0.16360E+00            NaN
    0.16690E+00            NaN
    0.17028E+00            NaN
    0.17371E+00            NaN
    0.17722E+00            NaN
    0.18080E+00            NaN
    0.18446E+00            NaN
    0.18818E+00            NaN
    0.19198E+00            NaN
    0.19586E+00            NaN
    0.19982E+00            NaN
    0.20386E+00            NaN
    0.20797E+00            NaN
    0.21218E+00            NaN
    0.21646E+00            NaN
    0.22083E+00            NaN
    0.22530E+00            NaN
    0.22985E+00            NaN
    0.23449E+00            NaN
    0.23923E+00            NaN
    0.24406E+00            NaN
    0.24899E+00            NaN
    0.25402E+00            NaN
    0.25915E+00            NaN
    0.26439E+00            NaN
    0.26973E+00            NaN
    0.27518E+00            NaN
    0.28074E+00            NaN
    0.28641E+00            NaN
    0.29219E+00            NaN
    0.29810E+00            NaN
    0.30412E+00            NaN
    0.31026E+00            NaN
    0.31653E+00            NaN
    0.32292E+00            NaN
    0.32945E+00            NaN
    0.33610E+00            NaN
    0.34289E+00            NaN
    0.34982E+00            NaN
    0.35689E+00            NaN
    0.36409E+00            NaN
    0.37145E+00            NaN
    0.37895E+00            NaN
    0.38661E+00            NaN
    0.39442E+00            NaN
    0.40239E+00            NaN
    0.41052E+00            NaN
    0.41881E+00            NaN
    0.42727E+00            NaN
    0.43590E+00            NaN
    0.44471E+00            NaN
    0.45369E+00            NaN
    0.46286E+00            NaN
    0.47221E+00            NaN
    0.48174E+00            NaN
    0.49148E+00            NaN
    0.50141E+00            NaN
    0.51153E+00            NaN
    0.52187E+00            NaN
    0.53241E+00            NaN
    0.54317E+00            NaN
    0.55414E+00            NaN
    0.56533E+00            NaN
    0.57675E+00            NaN
    0.58840E+00            NaN
    0.60029E+00            NaN
    0.61242E+00            NaN
    0.62479E+00            NaN
    0.63741E+00            NaN
    0.65029E+00            NaN
    0.66342E+00            NaN
    0.67683E+00            NaN
    0.69050E+00            NaN
    0.70445E+00            NaN
    0.71868E+00            NaN
    0.73320E+00            NaN
    0.74801E+00            NaN
    0.76312E+00            NaN
    0.77854E+00            NaN
    0.79426E+00            NaN
    0.81031E+00            NaN
    0.82668E+00            NaN
    0.84338E+00            NaN
    0.86041E+00            NaN
    0.87780E+00            NaN
    0.89553E+00            NaN
    0.91362E+00            NaN
    0.93208E+00            NaN
    0.95091E+00            NaN
    0.97011E+00            NaN
    0.98971E+00            NaN
    0.10097E+01            NaN
    0.10301E+01            NaN
    0.10509E+01            NaN
    0.10721E+01            NaN
    0.10938E+01            NaN
    0.11159E+01            NaN
    0.11384E+01            NaN
    0.11614E+01            NaN
    0.11849E+01            NaN
    0.12088E+01            NaN
    0.12333E+01            NaN
    0.12582E+01            NaN
    0.12836E+01            NaN
    0.13095E+01            NaN
    0.13360E+01            NaN
    0.13630E+01            NaN
    0.13905E+01            NaN
    0.14186E+01            NaN
    0.14472E+01            NaN
    0.14765E+01            NaN
    0.15063E+01            NaN
    0.15367E+01            NaN
    0.15678E+01            NaN
    0.15994E+01            NaN
    0.16318E+01            NaN
    0.16647E+01            NaN
    0.16984E+01            NaN
    0.17327E+01            NaN
    0.17677E+01            NaN
    0.18034E+01            NaN
    0.18398E+01            NaN
    0.18770E+01            NaN
    0.19149E+01            NaN
    0.19536E+01            NaN
    0.19930E+01            NaN
    0.20333E+01            NaN
    0.20744E+01            NaN
    0.21163E+01            NaN
    0.21590E+01            NaN
    0.22026E+01            NaN
    0.22471E+01            NaN
    0.22925E+01            NaN
    0.23388E+01            NaN
    0.23861E+01            NaN
    0.24343E+01            NaN
