#          k/h    CDM            baryon         photon         nu             mass_nu        total          no_nu          total_de       Weyl           v_CDM          v_b            v_b-v_c     
   0.102076E-04   0.207033E+08   0.207033E+08   0.275904E+08   0.275900E+08   0.207034E+08   0.207033E+08   0.207033E+08   0.207102E+08  -0.465724E+00   0.979746E+07   0.979746E+07   0.611364E+01
   0.112819E-04   0.207032E+08   0.207032E+08   0.275872E+08   0.275867E+08   0.207033E+08   0.207032E+08   0.207032E+08   0.207101E+08  -0.465720E+00   0.979742E+07   0.979742E+07   0.675686E+01
   0.124693E-04   0.207031E+08   0.207031E+08   0.275832E+08   0.275826E+08   0.207032E+08   0.207031E+08   0.207031E+08   0.207100E+08  -0.465716E+00   0.979737E+07   0.979737E+07   0.746771E+01
   0.137816E-04   0.207030E+08   0.207030E+08   0.275784E+08   0.275777E+08   0.207031E+08   0.207030E+08   0.207030E+08   0.207099E+08  -0.465712E+00   0.979730E+07   0.979730E+07   0.825327E+01
   0.152321E-04   0.207028E+08   0.207028E+08   0.275725E+08   0.275716E+08   0.207029E+08   0.207028E+08   0.207028E+08   0.207097E+08  -0.465706E+00   0.979722E+07   0.979722E+07   0.912137E+01
   0.168352E-04   0.207026E+08   0.207026E+08   0.275653E+08   0.275642E+08   0.207027E+08   0.207026E+08   0.207026E+08   0.207095E+08  -0.465698E+00   0.979713E+07   0.979713E+07   0.100807E+02
   0.186070E-04   0.207023E+08   0.207023E+08   0.275565E+08   0.275552E+08   0.207024E+08   0.207023E+08   0.207023E+08   0.207092E+08  -0.465690E+00   0.979701E+07   0.979701E+07   0.111407E+02
   0.205653E-04   0.207020E+08   0.207020E+08   0.275458E+08   0.275441E+08   0.207021E+08   0.207020E+08   0.207020E+08   0.207089E+08  -0.465679E+00   0.979686E+07   0.979686E+07   0.123119E+02
   0.227297E-04   0.207016E+08   0.207016E+08   0.275327E+08   0.275306E+08   0.207017E+08   0.207016E+08   0.207016E+08   0.207085E+08  -0.465666E+00   0.979669E+07   0.979669E+07   0.136059E+02
   0.251219E-04   0.207011E+08   0.207011E+08   0.275166E+08   0.275142E+08   0.207012E+08   0.207011E+08   0.207011E+08   0.207080E+08  -0.465650E+00   0.979648E+07   0.979647E+07   0.150356E+02
   0.277659E-04   0.207005E+08   0.207005E+08   0.274971E+08   0.274941E+08   0.207006E+08   0.207005E+08   0.207005E+08   0.207074E+08  -0.465630E+00   0.979621E+07   0.979621E+07   0.166149E+02
   0.306881E-04   0.206998E+08   0.206998E+08   0.274732E+08   0.274696E+08   0.206999E+08   0.206998E+08   0.206998E+08   0.207066E+08  -0.465606E+00   0.979589E+07   0.979589E+07   0.183593E+02
   0.339179E-04   0.206989E+08   0.206989E+08   0.274441E+08   0.274396E+08   0.206990E+08   0.206989E+08   0.206989E+08   0.207057E+08  -0.465577E+00   0.979550E+07   0.979550E+07   0.202858E+02
   0.374876E-04   0.206978E+08   0.206978E+08   0.274086E+08   0.274031E+08   0.206979E+08   0.206978E+08   0.206978E+08   0.207047E+08  -0.465542E+00   0.979502E+07   0.979502E+07   0.224131E+02
   0.414330E-04   0.206965E+08   0.206965E+08   0.273652E+08   0.273585E+08   0.206966E+08   0.206965E+08   0.206965E+08   0.207033E+08  -0.465498E+00   0.979444E+07   0.979444E+07   0.247616E+02
   0.457936E-04   0.206949E+08   0.206949E+08   0.273123E+08   0.273042E+08   0.206950E+08   0.206949E+08   0.206949E+08   0.207017E+08  -0.465446E+00   0.979373E+07   0.979373E+07   0.273537E+02
   0.506132E-04   0.206929E+08   0.206929E+08   0.272479E+08   0.272379E+08   0.206930E+08   0.206929E+08   0.206929E+08   0.206997E+08  -0.465381E+00   0.979286E+07   0.979286E+07   0.302137E+02
   0.559400E-04   0.206905E+08   0.206905E+08   0.271693E+08   0.271572E+08   0.206906E+08   0.206905E+08   0.206905E+08   0.206973E+08  -0.465302E+00   0.979180E+07   0.979180E+07   0.333681E+02
   0.618274E-04   0.206876E+08   0.206875E+08   0.270736E+08   0.270588E+08   0.206876E+08   0.206876E+08   0.206876E+08   0.206943E+08  -0.465206E+00   0.979051E+07   0.979050E+07   0.368455E+02
   0.683345E-04   0.206840E+08   0.206840E+08   0.269571E+08   0.269392E+08   0.206841E+08   0.206840E+08   0.206840E+08   0.206907E+08  -0.465090E+00   0.978894E+07   0.978893E+07   0.406771E+02
   0.755264E-04   0.206796E+08   0.206796E+08   0.268155E+08   0.267936E+08   0.206797E+08   0.206796E+08   0.206796E+08   0.206863E+08  -0.464947E+00   0.978702E+07   0.978701E+07   0.448957E+02
   0.834752E-04   0.206743E+08   0.206743E+08   0.266433E+08   0.266168E+08   0.206744E+08   0.206743E+08   0.206743E+08   0.206810E+08  -0.464774E+00   0.978469E+07   0.978467E+07   0.495368E+02
   0.922605E-04   0.206679E+08   0.206678E+08   0.264344E+08   0.264022E+08   0.206680E+08   0.206679E+08   0.206679E+08   0.206745E+08  -0.464564E+00   0.978184E+07   0.978183E+07   0.546371E+02
   0.101971E-03   0.206600E+08   0.206600E+08   0.261813E+08   0.261422E+08   0.206601E+08   0.206600E+08   0.206600E+08   0.206666E+08  -0.464309E+00   0.977839E+07   0.977837E+07   0.602351E+02
   0.112702E-03   0.206505E+08   0.206504E+08   0.258750E+08   0.258277E+08   0.206506E+08   0.206505E+08   0.206505E+08   0.206570E+08  -0.463999E+00   0.977419E+07   0.977416E+07   0.663697E+02
   0.124564E-03   0.206389E+08   0.206388E+08   0.255054E+08   0.254482E+08   0.206390E+08   0.206389E+08   0.206389E+08   0.206453E+08  -0.463624E+00   0.976909E+07   0.976906E+07   0.730797E+02
   0.137674E-03   0.206249E+08   0.206248E+08   0.250603E+08   0.249914E+08   0.206249E+08   0.206249E+08   0.206249E+08   0.206311E+08  -0.463171E+00   0.976292E+07   0.976288E+07   0.804017E+02
   0.152163E-03   0.206079E+08   0.206078E+08   0.245264E+08   0.244436E+08   0.206080E+08   0.206079E+08   0.206079E+08   0.206140E+08  -0.462625E+00   0.975545E+07   0.975541E+07   0.883686E+02
   0.168178E-03   0.205874E+08   0.205872E+08   0.238882E+08   0.237891E+08   0.205874E+08   0.205874E+08   0.205874E+08   0.205934E+08  -0.461968E+00   0.974644E+07   0.974639E+07   0.970066E+02
   0.185878E-03   0.205627E+08   0.205625E+08   0.231293E+08   0.230112E+08   0.205627E+08   0.205627E+08   0.205627E+08   0.205684E+08  -0.461181E+00   0.973558E+07   0.973552E+07   0.106331E+03
   0.205440E-03   0.205330E+08   0.205328E+08   0.222322E+08   0.220923E+08   0.205330E+08   0.205330E+08   0.205330E+08   0.205385E+08  -0.460243E+00   0.972256E+07   0.972249E+07   0.116344E+03
   0.227062E-03   0.204975E+08   0.204972E+08   0.211797E+08   0.210151E+08   0.204975E+08   0.204975E+08   0.204975E+08   0.205027E+08  -0.459129E+00   0.970699E+07   0.970690E+07   0.127023E+03
   0.250959E-03   0.204552E+08   0.204548E+08   0.199563E+08   0.197641E+08   0.204551E+08   0.204551E+08   0.204551E+08   0.204601E+08  -0.457813E+00   0.968844E+07   0.968834E+07   0.138318E+03
   0.277372E-03   0.204050E+08   0.204045E+08   0.185502E+08   0.183283E+08   0.204048E+08   0.204049E+08   0.204049E+08   0.204095E+08  -0.456271E+00   0.966648E+07   0.966636E+07   0.150144E+03
   0.306564E-03   0.203458E+08   0.203452E+08   0.169569E+08   0.167039E+08   0.203456E+08   0.203457E+08   0.203457E+08   0.203499E+08  -0.454478E+00   0.964063E+07   0.964048E+07   0.162363E+03
   0.338828E-03   0.202765E+08   0.202758E+08   0.151832E+08   0.148992E+08   0.202763E+08   0.202764E+08   0.202764E+08   0.202801E+08  -0.452411E+00   0.961040E+07   0.961023E+07   0.174782E+03
   0.374488E-03   0.201960E+08   0.201952E+08   0.132517E+08   0.129390E+08   0.201957E+08   0.201959E+08   0.201959E+08   0.201991E+08  -0.450054E+00   0.957536E+07   0.957515E+07   0.187139E+03
   0.413901E-03   0.201034E+08   0.201025E+08   0.112061E+08   0.108701E+08   0.201031E+08   0.201032E+08   0.201033E+08   0.201060E+08  -0.447398E+00   0.953509E+07   0.953485E+07   0.199097E+03
   0.457462E-03   0.199980E+08   0.199969E+08   0.911497E+07   0.876449E+07   0.199976E+08   0.199978E+08   0.199978E+08   0.200001E+08  -0.444442E+00   0.948929E+07   0.948900E+07   0.210243E+03
   0.505608E-03   0.198794E+08   0.198781E+08   0.707232E+07   0.671989E+07   0.198788E+08   0.198791E+08   0.198792E+08   0.198809E+08  -0.441195E+00   0.943776E+07   0.943743E+07   0.220099E+03
   0.558821E-03   0.197475E+08   0.197460E+08   0.519163E+07   0.485289E+07   0.197468E+08   0.197472E+08   0.197473E+08   0.197485E+08  -0.437677E+00   0.938046E+07   0.938007E+07   0.228143E+03
   0.617635E-03   0.196028E+08   0.196010E+08   0.359083E+07   0.328254E+07   0.196019E+08   0.196025E+08   0.196025E+08   0.196033E+08  -0.433913E+00   0.931745E+07   0.931702E+07   0.233855E+03
   0.682638E-03   0.194460E+08   0.194439E+08   0.236603E+07   0.210256E+07   0.194449E+08   0.194456E+08   0.194457E+08   0.194462E+08  -0.429932E+00   0.924897E+07   0.924849E+07   0.236770E+03
   0.754482E-03   0.192782E+08   0.192758E+08   0.155785E+07   0.134653E+07   0.192768E+08   0.192777E+08   0.192778E+08   0.192781E+08  -0.425764E+00   0.917532E+07   0.917478E+07   0.236550E+03
   0.833888E-03   0.191005E+08   0.190978E+08   0.112231E+07   0.959182E+06   0.190987E+08   0.191000E+08   0.191000E+08   0.191002E+08  -0.421434E+00   0.909686E+07   0.909628E+07   0.233044E+03
   0.921651E-03   0.189142E+08   0.189112E+08   0.927847E+06   0.796668E+06   0.189120E+08   0.189136E+08   0.189137E+08   0.189138E+08  -0.416969E+00   0.901403E+07   0.901340E+07   0.226311E+03
   0.101865E-02   0.187204E+08   0.187171E+08   0.800340E+06   0.677825E+06   0.187178E+08   0.187197E+08   0.187199E+08   0.187199E+08  -0.412390E+00   0.892724E+07   0.892657E+07   0.216601E+03
   0.112586E-02   0.185203E+08   0.185167E+08   0.613868E+06   0.481536E+06   0.185170E+08   0.185195E+08   0.185197E+08   0.185196E+08  -0.407718E+00   0.883692E+07   0.883624E+07   0.204288E+03
   0.124435E-02   0.183147E+08   0.183110E+08   0.373080E+06   0.229655E+06   0.183107E+08   0.183138E+08   0.183141E+08   0.183139E+08  -0.402969E+00   0.874350E+07   0.874280E+07   0.189807E+03
   0.137531E-02   0.181046E+08   0.181007E+08   0.193121E+06   0.561921E+05   0.180997E+08   0.181036E+08   0.181039E+08   0.181036E+08  -0.398159E+00   0.864736E+07   0.864664E+07   0.173658E+03
   0.152006E-02   0.178906E+08   0.178866E+08   0.147579E+06   0.386837E+05   0.178846E+08   0.178895E+08   0.178899E+08   0.178896E+08  -0.393296E+00   0.854883E+07   0.854812E+07   0.156494E+03
   0.168004E-02   0.176733E+08   0.176694E+08   0.147351E+06  -0.216018E+06   0.176660E+08   0.176722E+08   0.176727E+08   0.176722E+08  -0.388383E+00   0.844822E+07   0.844752E+07   0.139161E+03
   0.185685E-02   0.174533E+08   0.174493E+08   0.757704E+05  -0.174270E+06   0.174444E+08   0.174520E+08   0.174526E+08   0.174520E+08  -0.383434E+00   0.834575E+07   0.834507E+07   0.122568E+03
   0.205228E-02   0.172307E+08   0.172268E+08   0.613104E+04  -0.140581E+06   0.172199E+08   0.172294E+08   0.172301E+08   0.172294E+08  -0.378455E+00   0.824165E+07   0.824099E+07   0.107468E+03
   0.226827E-02   0.170059E+08   0.170020E+08   0.260743E+05  -0.113452E+06   0.169927E+08   0.170044E+08   0.170052E+08   0.170044E+08  -0.373434E+00   0.813603E+07   0.813539E+07   0.943795E+02
   0.250700E-02   0.167787E+08   0.167748E+08   0.169887E+05  -0.915158E+05   0.167627E+08   0.167770E+08   0.167780E+08   0.167770E+08  -0.368381E+00   0.802892E+07   0.802830E+07   0.835478E+02
   0.277085E-02   0.165489E+08   0.165449E+08  -0.760924E+04  -0.738379E+05   0.165296E+08   0.165470E+08   0.165483E+08   0.165470E+08  -0.363277E+00   0.792028E+07   0.791966E+07   0.747636E+02
   0.306246E-02   0.163161E+08   0.163119E+08   0.970709E+04  -0.595414E+05   0.162927E+08   0.163139E+08   0.163154E+08   0.163139E+08  -0.358120E+00   0.780988E+07   0.780926E+07   0.674391E+02
   0.338478E-02   0.160795E+08   0.160750E+08  -0.816969E+04  -0.480176E+05   0.160511E+08   0.160768E+08   0.160787E+08   0.160768E+08  -0.352878E+00   0.769739E+07   0.769677E+07   0.609132E+02
   0.374101E-02   0.158378E+08   0.158331E+08  -0.563445E+04  -0.386966E+05   0.158036E+08   0.158347E+08   0.158370E+08   0.158347E+08  -0.347538E+00   0.758229E+07   0.758168E+07   0.547242E+02
   0.413473E-02   0.155896E+08   0.155846E+08  -0.807330E+04  -0.311660E+05   0.155485E+08   0.155860E+08   0.155888E+08   0.155860E+08  -0.342058E+00   0.746388E+07   0.746328E+07   0.488645E+02
   0.456989E-02   0.153331E+08   0.153277E+08  -0.588897E+04  -0.250856E+05   0.152838E+08   0.153288E+08   0.153322E+08   0.153288E+08  -0.336395E+00   0.734130E+07   0.734070E+07   0.435985E+02
   0.505085E-02   0.150660E+08   0.150602E+08  -0.344970E+04  -0.201732E+05   0.150070E+08   0.150610E+08   0.150650E+08   0.150610E+08  -0.330503E+00   0.721352E+07   0.721293E+07   0.390713E+02
   0.558243E-02   0.147860E+08   0.147796E+08  -0.420750E+04  -0.162041E+05   0.147157E+08   0.147802E+08   0.147850E+08   0.147802E+08  -0.324328E+00   0.707942E+07   0.707883E+07   0.351102E+02
   0.616996E-02   0.144906E+08   0.144835E+08  -0.200988E+04  -0.129992E+05   0.144071E+08   0.144837E+08   0.144894E+08   0.144837E+08  -0.317810E+00   0.693776E+07   0.693718E+07   0.314954E+02
   0.681932E-02   0.141770E+08   0.141691E+08  -0.350137E+04  -0.104102E+05   0.140784E+08   0.141690E+08   0.141757E+08   0.141689E+08  -0.310895E+00   0.678730E+07   0.678673E+07   0.282588E+02
   0.753702E-02   0.138426E+08   0.138337E+08  -0.269594E+04  -0.831902E+04   0.137267E+08   0.138332E+08   0.138411E+08   0.138332E+08  -0.303524E+00   0.662676E+07   0.662618E+07   0.254390E+02
   0.833025E-02   0.134848E+08   0.134747E+08  -0.159768E+04  -0.663366E+04   0.133495E+08   0.134738E+08   0.134831E+08   0.134738E+08  -0.295632E+00   0.645486E+07   0.645428E+07   0.228959E+02
   0.920698E-02   0.131009E+08   0.130894E+08  -0.404421E+04  -0.527569E+04   0.129440E+08   0.130882E+08   0.130990E+08   0.130882E+08  -0.287167E+00   0.627037E+07   0.626980E+07   0.206229E+02
   0.101760E-01   0.126886E+08   0.126754E+08  -0.218977E+04  -0.418246E+04   0.125081E+08   0.126740E+08   0.126864E+08   0.126740E+08  -0.278076E+00   0.607218E+07   0.607161E+07   0.186318E+02
   0.112469E-01   0.122458E+08   0.122307E+08  -0.220999E+04  -0.330388E+04   0.120399E+08   0.122292E+08   0.122433E+08   0.122292E+08  -0.268315E+00   0.585931E+07   0.585874E+07   0.168483E+02
   0.124306E-01   0.117711E+08   0.117537E+08  -0.164413E+04  -0.259984E+04   0.115381E+08   0.117523E+08   0.117682E+08   0.117523E+08  -0.257848E+00   0.563105E+07   0.563048E+07   0.152716E+02
   0.137389E-01   0.112634E+08   0.112434E+08  -0.163291E+04  -0.203625E+04   0.110022E+08   0.112422E+08   0.112601E+08   0.112422E+08  -0.246656E+00   0.538691E+07   0.538634E+07   0.138716E+02
   0.151849E-01   0.107222E+08   0.106992E+08  -0.103413E+04  -0.158675E+04   0.104320E+08   0.106985E+08   0.107183E+08   0.106985E+08  -0.234725E+00   0.512665E+07   0.512608E+07   0.126257E+02
   0.167830E-01   0.101589E+08   0.101327E+08  -0.910334E+03  -0.123068E+04   0.983939E+07   0.101327E+08   0.101545E+08   0.101327E+08  -0.222310E+00   0.485583E+07   0.485525E+07   0.115201E+02
   0.185493E-01   0.955799E+07   0.952820E+07  -0.684865E+03  -0.947836E+03   0.920975E+07   0.952925E+07   0.955299E+07   0.952925E+07  -0.209070E+00   0.456696E+07   0.456637E+07   0.105152E+02
   0.205016E-01   0.893102E+07   0.889749E+07  -0.401283E+03  -0.725004E+03   0.855546E+07   0.889980E+07   0.892539E+07   0.889980E+07  -0.195259E+00   0.426563E+07   0.426504E+07   0.959437E+01
   0.226592E-01   0.827645E+07   0.823917E+07  -0.307622E+03  -0.549973E+03   0.787636E+07   0.824296E+07   0.827019E+07   0.824296E+07  -0.180848E+00   0.395117E+07   0.395058E+07   0.872927E+01
   0.250440E-01   0.761585E+07   0.757502E+07  -0.245477E+03  -0.414293E+03   0.719432E+07   0.758032E+07   0.760900E+07   0.758032E+07  -0.166310E+00   0.363393E+07   0.363333E+07   0.790268E+01
   0.276798E-01   0.695798E+07   0.691413E+07  -0.152231E+03  -0.309868E+03   0.651858E+07   0.692074E+07   0.695062E+07   0.692074E+07  -0.151838E+00   0.331814E+07   0.331755E+07   0.708898E+01
   0.305930E-01   0.630799E+07   0.626205E+07  -0.195645E+03  -0.229985E+03   0.585463E+07   0.626946E+07   0.630028E+07   0.626946E+07  -0.137549E+00   0.300630E+07   0.300572E+07   0.626689E+01
   0.338127E-01   0.568270E+07   0.563608E+07  -0.120284E+03  -0.169635E+03   0.521894E+07   0.564334E+07   0.567487E+07   0.564334E+07  -0.123812E+00   0.270650E+07   0.270595E+07   0.542479E+01
   0.373714E-01   0.510169E+07   0.505622E+07  -0.643324E+02  -0.124702E+03   0.463032E+07   0.506199E+07   0.509406E+07   0.506199E+07  -0.111058E+00   0.242812E+07   0.242761E+07   0.456305E+01
   0.413045E-01   0.458334E+07   0.454111E+07  -0.756383E+02  -0.917418E+02   0.410425E+07   0.454361E+07   0.457625E+07   0.454361E+07  -0.996846E-01   0.217990E+07   0.217945E+07   0.369816E+01
   0.454350E-01   0.414786E+07   0.411066E+07   0.401500E+02  -0.686518E+02   0.366329E+07   0.410853E+07   0.414161E+07   0.410853E+07  -0.901391E-01   0.197159E+07   0.197120E+07   0.289739E+01
   0.495654E-01   0.380891E+07   0.377759E+07   0.309062E+02  -0.530053E+02   0.331773E+07   0.377005E+07   0.380365E+07   0.377005E+07  -0.827129E-01   0.180956E+07   0.180923E+07   0.222422E+01
   0.536959E-01   0.353813E+07   0.351271E+07   0.244049E+02  -0.419821E+02   0.303942E+07   0.349967E+07   0.353386E+07   0.349967E+07  -0.767810E-01   0.168016E+07   0.167988E+07   0.168716E+01
   0.578264E-01   0.331150E+07   0.329128E+07   0.196484E+02  -0.339046E+02   0.280548E+07   0.327335E+07   0.330811E+07   0.327335E+07  -0.718156E-01   0.157185E+07   0.157163E+07   0.128488E+01
   0.619568E-01   0.311238E+07   0.309616E+07   0.160475E+02  -0.277790E+02   0.260039E+07   0.307444E+07   0.310966E+07   0.307444E+07  -0.674516E-01   0.147667E+07   0.147648E+07   0.100668E+01
   0.660873E-01   0.292596E+07   0.291229E+07   0.132260E+02  -0.229685E+02   0.241081E+07   0.288820E+07   0.292366E+07   0.288820E+07  -0.633655E-01   0.138753E+07   0.138737E+07   0.832802E+00
   0.702177E-01   0.274347E+07   0.273095E+07   0.109564E+02  -0.190887E+02   0.222899E+07   0.270593E+07   0.274136E+07   0.270593E+07  -0.593666E-01   0.130027E+07   0.130011E+07   0.738714E+00
   0.743482E-01   0.256442E+07   0.255187E+07   0.911049E+01  -0.159244E+02   0.205454E+07   0.252720E+07   0.256232E+07   0.252720E+07  -0.554454E-01   0.121467E+07   0.121451E+07   0.698765E+00
   0.784786E-01   0.238593E+07   0.237256E+07   0.758650E+01  -0.133044E+02   0.188498E+07   0.234919E+07   0.238368E+07   0.234919E+07  -0.515401E-01   0.112937E+07   0.112921E+07   0.687530E+00
   0.826091E-01   0.221479E+07   0.220026E+07   0.633779E+01  -0.111514E+02   0.172556E+07   0.217869E+07   0.221235E+07   0.217869E+07  -0.477992E-01   0.104764E+07   0.104747E+07   0.685043E+00
   0.867395E-01   0.205573E+07   0.204011E+07   0.532075E+01  -0.939275E+01   0.157957E+07   0.202036E+07   0.205310E+07   0.202036E+07  -0.443255E-01   0.971726E+06   0.971550E+06   0.676476E+00
   0.918936E-01   0.187992E+07   0.186355E+07   0.432045E+01  -0.765770E+01   0.141993E+07   0.184555E+07   0.187717E+07   0.184555E+07  -0.404903E-01   0.887897E+06   0.887720E+06   0.644784E+00
   0.970477E-01   0.173386E+07   0.171771E+07   0.356122E+01  -0.633689E+01   0.128766E+07   0.170048E+07   0.173115E+07   0.170048E+07  -0.373075E-01   0.818330E+06   0.818160E+06   0.586573E+00
   0.102202E+00   0.161886E+07   0.160391E+07   0.298905E+01  -0.533915E+01   0.118244E+07   0.158634E+07   0.161635E+07   0.158634E+07  -0.348035E-01   0.763611E+06   0.763455E+06   0.508351E+00
   0.107356E+00   0.153075E+07   0.151770E+07   0.255424E+01  -0.457952E+01   0.109993E+07   0.149891E+07   0.152856E+07   0.149891E+07  -0.328853E-01   0.721718E+06   0.721582E+06   0.422197E+00
   0.112510E+00   0.146093E+07   0.145004E+07   0.221350E+01  -0.398315E+01   0.103292E+07   0.142963E+07   0.145910E+07   0.142963E+07  -0.313652E-01   0.688537E+06   0.688422E+06   0.340957E+00
   0.117664E+00   0.139995E+07   0.139104E+07   0.193419E+01  -0.349316E+01   0.974060E+06   0.136911E+07   0.139846E+07   0.136911E+07  -0.300375E-01   0.659560E+06   0.659463E+06   0.274657E+00
   0.122818E+00   0.134045E+07   0.133298E+07   0.169520E+01  -0.307262E+01   0.917896E+06   0.131006E+07   0.133919E+07   0.131006E+07  -0.287419E-01   0.631275E+06   0.631190E+06   0.228514E+00
   0.127972E+00   0.127812E+07   0.127142E+07   0.148467E+01  -0.270075E+01   0.861406E+06   0.124825E+07   0.127699E+07   0.124825E+07  -0.273860E-01   0.601647E+06   0.601569E+06   0.202552E+00
   0.133126E+00   0.121178E+07   0.120519E+07   0.129700E+01  -0.236790E+01   0.803841E+06   0.118254E+07   0.121067E+07   0.118254E+07  -0.259443E-01   0.570117E+06   0.570040E+06   0.192613E+00
   0.138280E+00   0.114282E+07   0.113588E+07   0.113038E+01  -0.207117E+01   0.746199E+06   0.111431E+07   0.114165E+07   0.111431E+07  -0.244472E-01   0.537355E+06   0.537276E+06   0.192212E+00
   0.143435E+00   0.107428E+07   0.106679E+07   0.984674E+00  -0.181068E+01   0.690490E+06   0.104657E+07   0.107302E+07   0.104657E+07  -0.229611E-01   0.504815E+06   0.504732E+06   0.194570E+00
   0.148589E+00   0.100985E+07   0.100190E+07   0.860008E+00  -0.158704E+01   0.639013E+06   0.982965E+06   0.100852E+07   0.982965E+06  -0.215657E-01   0.474252E+06   0.474165E+06   0.194279E+00
   0.153743E+00   0.952922E+06   0.944771E+06   0.755890E+00  -0.139975E+01   0.593723E+06   0.926807E+06   0.951553E+06   0.926807E+06  -0.203336E-01   0.447265E+06   0.447178E+06   0.188262E+00
   0.158897E+00   0.905448E+06   0.897466E+06   0.670597E+00  -0.124600E+01   0.555573E+06   0.880005E+06   0.904108E+06   0.880005E+06  -0.193068E-01   0.424778E+06   0.424695E+06   0.175940E+00
   0.164051E+00   0.867240E+06   0.859765E+06   0.601054E+00  -0.112046E+01   0.524139E+06   0.842344E+06   0.865985E+06   0.842344E+06  -0.184806E-01   0.406693E+06   0.406615E+06   0.158762E+00
   0.169205E+00   0.836307E+06   0.829567E+06   0.543538E+00  -0.101649E+01   0.497940E+06   0.811854E+06   0.835176E+06   0.811854E+06  -0.178116E-01   0.392061E+06   0.391990E+06   0.139370E+00
   0.174359E+00   0.809971E+06   0.804035E+06   0.494611E+00  -0.927901E+00   0.475165E+06   0.785889E+06   0.808974E+06   0.785889E+06  -0.172420E-01   0.379606E+06   0.379543E+06   0.120665E+00
   0.179513E+00   0.785633E+06   0.780418E+06   0.451561E+00  -0.849766E+00   0.454158E+06   0.761894E+06   0.784757E+06   0.761894E+06  -0.167155E-01   0.368096E+06   0.368040E+06   0.105005E+00
   0.184667E+00   0.761043E+06   0.756352E+06   0.412391E+00  -0.778464E+00   0.433531E+06   0.737661E+06   0.760256E+06   0.737661E+06  -0.161839E-01   0.356466E+06   0.356414E+06   0.936928E-01
   0.189821E+00   0.734691E+06   0.730280E+06   0.375902E+00  -0.711758E+00   0.412471E+06   0.711718E+06   0.733950E+06   0.711718E+06  -0.156147E-01   0.344002E+06   0.343953E+06   0.868547E-01
   0.194975E+00   0.706301E+06   0.701945E+06   0.341706E+00  -0.648981E+00   0.390826E+06   0.683803E+06   0.705569E+06   0.683803E+06  -0.150023E-01   0.330580E+06   0.330531E+06   0.836471E-01
   0.200130E+00   0.676777E+06   0.672319E+06   0.310025E+00  -0.590594E+00   0.369127E+06   0.654804E+06   0.676028E+06   0.654804E+06  -0.143660E-01   0.316626E+06   0.316577E+06   0.826517E-01
   0.205284E+00   0.647514E+06   0.642892E+06   0.281233E+00  -0.537350E+00   0.348142E+06   0.626088E+06   0.646738E+06   0.626088E+06  -0.137360E-01   0.302803E+06   0.302752E+06   0.823158E-01
   0.210438E+00   0.619827E+06   0.615073E+06   0.255576E+00  -0.489767E+00   0.328554E+06   0.598941E+06   0.619029E+06   0.598941E+06  -0.131404E-01   0.289732E+06   0.289681E+06   0.813450E-01
   0.215592E+00   0.594757E+06   0.589968E+06   0.233118E+00  -0.448019E+00   0.310858E+06   0.574375E+06   0.593953E+06   0.574375E+06  -0.126015E-01   0.277904E+06   0.277853E+06   0.789627E-01
   0.220746E+00   0.572942E+06   0.568247E+06   0.213732E+00  -0.411921E+00   0.295314E+06   0.553008E+06   0.572153E+06   0.553008E+06  -0.121327E-01   0.267618E+06   0.267568E+06   0.749895E-01
   0.225900E+00   0.554410E+06   0.549931E+06   0.197074E+00  -0.380862E+00   0.281852E+06   0.534861E+06   0.553658E+06   0.534861E+06  -0.117346E-01   0.258885E+06   0.258838E+06   0.697539E-01
   0.231054E+00   0.538568E+06   0.534383E+06   0.182626E+00  -0.353893E+00   0.270088E+06   0.519347E+06   0.537865E+06   0.519347E+06  -0.113942E-01   0.251423E+06   0.251379E+06   0.638977E-01
   0.236208E+00   0.524469E+06   0.520606E+06   0.169834E+00  -0.329976E+00   0.259484E+06   0.505540E+06   0.523820E+06   0.505540E+06  -0.110913E-01   0.244784E+06   0.244743E+06   0.581518E-01
   0.241362E+00   0.511146E+06   0.507578E+06   0.158217E+00  -0.308210E+00   0.249518E+06   0.492495E+06   0.510547E+06   0.492495E+06  -0.108051E-01   0.238511E+06   0.238473E+06   0.531367E-01
   0.246516E+00   0.497801E+06   0.494460E+06   0.147423E+00  -0.287928E+00   0.239779E+06   0.479435E+06   0.497240E+06   0.479435E+06  -0.105185E-01   0.232228E+06   0.232192E+06   0.492266E-01
   0.251670E+00   0.483935E+06   0.480734E+06   0.137237E+00  -0.268723E+00   0.230020E+06   0.465875E+06   0.483398E+06   0.465875E+06  -0.102210E-01   0.225700E+06   0.225665E+06   0.465013E-01
   0.256825E+00   0.469440E+06   0.466298E+06   0.127584E+00  -0.250460E+00   0.220195E+06   0.451712E+06   0.468912E+06   0.451712E+06  -0.991030E-02   0.218877E+06   0.218842E+06   0.447804E-01
   0.261979E+00   0.454585E+06   0.451445E+06   0.118498E+00  -0.233213E+00   0.210436E+06   0.437210E+06   0.454058E+06   0.437210E+06  -0.959213E-02   0.211886E+06   0.211852E+06   0.437167E-01
   0.267133E+00   0.439845E+06   0.436681E+06   0.110056E+00  -0.217142E+00   0.200962E+06   0.422830E+06   0.439314E+06   0.422830E+06  -0.927666E-02   0.204953E+06   0.204918E+06   0.429088E-01
   0.272287E+00   0.425710E+06   0.422527E+06   0.102326E+00  -0.202387E+00   0.191990E+06   0.409049E+06   0.425175E+06   0.409049E+06  -0.897430E-02   0.198306E+06   0.198272E+06   0.420050E-01
   0.277441E+00   0.412567E+06   0.409397E+06   0.953361E-01  -0.189018E+00   0.183677E+06   0.396242E+06   0.412035E+06   0.396242E+06  -0.869333E-02   0.192129E+06   0.192095E+06   0.407761E-01
   0.282595E+00   0.400648E+06   0.397534E+06   0.890721E-01  -0.177017E+00   0.176102E+06   0.384633E+06   0.400126E+06   0.384633E+06  -0.843863E-02   0.186530E+06   0.186497E+06   0.391449E-01
   0.287749E+00   0.389985E+06   0.386968E+06   0.834749E-01  -0.166279E+00   0.169254E+06   0.374248E+06   0.389478E+06   0.374248E+06  -0.821080E-02   0.181523E+06   0.181491E+06   0.371737E-01
   0.292903E+00   0.380404E+06   0.377516E+06   0.784485E-01  -0.156622E+00   0.163032E+06   0.364920E+06   0.379919E+06   0.364920E+06  -0.800614E-02   0.177026E+06   0.176996E+06   0.350198E-01
   0.298057E+00   0.371596E+06   0.368847E+06   0.738801E-01  -0.147832E+00   0.157282E+06   0.356345E+06   0.371134E+06   0.356345E+06  -0.781801E-02   0.172893E+06   0.172864E+06   0.328767E-01
   0.303211E+00   0.363213E+06   0.360596E+06   0.696635E-01  -0.139702E+00   0.151840E+06   0.348186E+06   0.362773E+06   0.348186E+06  -0.763900E-02   0.168960E+06   0.168932E+06   0.309194E-01
   0.308365E+00   0.354958E+06   0.352452E+06   0.657153E-01  -0.132072E+00   0.146573E+06   0.340156E+06   0.354538E+06   0.340156E+06  -0.746282E-02   0.165088E+06   0.165061E+06   0.292637E-01
   0.313520E+00   0.346646E+06   0.344220E+06   0.619818E-01  -0.124837E+00   0.141399E+06   0.332072E+06   0.346238E+06   0.332072E+06  -0.728548E-02   0.161189E+06   0.161163E+06   0.279493E-01
   0.318674E+00   0.338216E+06   0.335843E+06   0.584384E-01  -0.117951E+00   0.136293E+06   0.323881E+06   0.337818E+06   0.323881E+06  -0.710576E-02   0.157236E+06   0.157210E+06   0.269430E-01
   0.323828E+00   0.329729E+06   0.327384E+06   0.550830E-01  -0.111412E+00   0.131277E+06   0.315638E+06   0.329335E+06   0.315638E+06  -0.692492E-02   0.153256E+06   0.153231E+06   0.261598E-01
   0.328982E+00   0.321323E+06   0.318995E+06   0.519259E-01  -0.105245E+00   0.126403E+06   0.307479E+06   0.320932E+06   0.307479E+06  -0.674592E-02   0.149315E+06   0.149290E+06   0.254912E-01
   0.334136E+00   0.313168E+06   0.310856E+06   0.489807E-01  -0.994790E-01   0.121735E+06   0.299568E+06   0.312780E+06   0.299568E+06  -0.657235E-02   0.145494E+06   0.145469E+06   0.248355E-01
   0.339290E+00   0.305417E+06   0.303129E+06   0.462558E-01  -0.941342E-01   0.117325E+06   0.292052E+06   0.305033E+06   0.292052E+06  -0.640745E-02   0.141863E+06   0.141839E+06   0.241199E-01
   0.344444E+00   0.298164E+06   0.295914E+06   0.437491E-01  -0.892095E-01   0.113200E+06   0.285021E+06   0.297786E+06   0.285021E+06  -0.625320E-02   0.138467E+06   0.138443E+06   0.233114E-01
   0.349598E+00   0.291425E+06   0.289226E+06   0.414468E-01  -0.846797E-01   0.109358E+06   0.278490E+06   0.291056E+06   0.278490E+06  -0.610993E-02   0.135312E+06   0.135288E+06   0.224162E-01
   0.354752E+00   0.285147E+06   0.283011E+06   0.393267E-01  -0.805022E-01   0.105769E+06   0.272408E+06   0.284788E+06   0.272408E+06  -0.597648E-02   0.132374E+06   0.132351E+06   0.214700E-01
   0.359906E+00   0.279235E+06   0.277166E+06   0.373626E-01  -0.766264E-01   0.102390E+06   0.266682E+06   0.278888E+06   0.266682E+06  -0.585085E-02   0.129608E+06   0.129586E+06   0.205238E-01
   0.365060E+00   0.273580E+06   0.271578E+06   0.355295E-01  -0.730026E-01   0.991754E+05   0.261206E+06   0.273244E+06   0.261206E+06  -0.573071E-02   0.126963E+06   0.126941E+06   0.196281E-01
   0.370215E+00   0.268078E+06   0.266136E+06   0.338051E-01  -0.695873E-01   0.960814E+05   0.255880E+06   0.267752E+06   0.255880E+06  -0.561386E-02   0.124390E+06   0.124369E+06   0.188203E-01
   0.375369E+00   0.262647E+06   0.260755E+06   0.321724E-01  -0.663468E-01   0.930756E+05   0.250624E+06   0.262329E+06   0.250624E+06  -0.549856E-02   0.121850E+06   0.121830E+06   0.181176E-01
   0.380523E+00   0.257243E+06   0.255390E+06   0.306206E-01  -0.632600E-01   0.901404E+05   0.245397E+06   0.256932E+06   0.245397E+06  -0.538388E-02   0.119323E+06   0.119303E+06   0.175163E-01
   0.385677E+00   0.251874E+06   0.250051E+06   0.291457E-01  -0.603198E-01   0.872764E+05   0.240206E+06   0.251568E+06   0.240206E+06  -0.526999E-02   0.116813E+06   0.116793E+06   0.169966E-01
   0.390831E+00   0.246582E+06   0.244784E+06   0.277482E-01  -0.575282E-01   0.844967E+05   0.235091E+06   0.246280E+06   0.235091E+06  -0.515777E-02   0.114339E+06   0.114320E+06   0.165298E-01
   0.395985E+00   0.241424E+06   0.239649E+06   0.264299E-01  -0.548898E-01   0.818191E+05   0.230109E+06   0.241126E+06   0.230109E+06  -0.504846E-02   0.111929E+06   0.111910E+06   0.160861E-01
   0.401139E+00   0.236449E+06   0.234697E+06   0.251913E-01  -0.524063E-01   0.792568E+05   0.225304E+06   0.236154E+06   0.225304E+06  -0.494304E-02   0.109605E+06   0.109586E+06   0.156415E-01
   0.406293E+00   0.231683E+06   0.229959E+06   0.240304E-01  -0.500749E-01   0.768162E+05   0.220704E+06   0.231394E+06   0.220704E+06  -0.484212E-02   0.107379E+06   0.107360E+06   0.151821E-01
   0.411447E+00   0.227142E+06   0.225449E+06   0.229438E-01  -0.478894E-01   0.744984E+05   0.216321E+06   0.226858E+06   0.216321E+06  -0.474597E-02   0.105258E+06   0.105240E+06   0.147054E-01
   0.416601E+00   0.222822E+06   0.221165E+06   0.219269E-01  -0.458409E-01   0.722992E+05   0.212154E+06   0.222544E+06   0.212154E+06  -0.465453E-02   0.103242E+06   0.103224E+06   0.142185E-01
   0.421755E+00   0.218699E+06   0.217079E+06   0.209728E-01  -0.439162E-01   0.702065E+05   0.208176E+06   0.218427E+06   0.208176E+06  -0.456727E-02   0.101317E+06   0.101300E+06   0.137340E-01
   0.426910E+00   0.214727E+06   0.213145E+06   0.200737E-01  -0.420995E-01   0.682030E+05   0.204346E+06   0.214461E+06   0.204346E+06  -0.448325E-02   0.994638E+05   0.994468E+05   0.132659E-01
   0.432064E+00   0.210864E+06   0.209317E+06   0.192224E-01  -0.403765E-01   0.662727E+05   0.200623E+06   0.210604E+06   0.200623E+06  -0.440155E-02   0.976615E+05   0.976449E+05   0.128258E-01
   0.437218E+00   0.207083E+06   0.205569E+06   0.184137E-01  -0.387372E-01   0.644049E+05   0.196979E+06   0.206828E+06   0.196979E+06  -0.432161E-02   0.958977E+05   0.958815E+05   0.124207E-01
   0.442372E+00   0.203370E+06   0.201885E+06   0.176443E-01  -0.371746E-01   0.625938E+05   0.193402E+06   0.203121E+06   0.193402E+06  -0.424314E-02   0.941662E+05   0.941502E+05   0.120517E-01
   0.447526E+00   0.199718E+06   0.198258E+06   0.169113E-01  -0.356835E-01   0.608354E+05   0.189886E+06   0.199473E+06   0.189886E+06  -0.416598E-02   0.924631E+05   0.924474E+05   0.117148E-01
   0.452680E+00   0.196128E+06   0.194689E+06   0.162129E-01  -0.342602E-01   0.591285E+05   0.186428E+06   0.195886E+06   0.186428E+06  -0.409014E-02   0.907888E+05   0.907733E+05   0.114024E-01
   0.457834E+00   0.192612E+06   0.191194E+06   0.155484E-01  -0.329038E-01   0.574761E+05   0.183045E+06   0.192374E+06   0.183045E+06  -0.401590E-02   0.891497E+05   0.891344E+05   0.111058E-01
   0.462988E+00   0.189192E+06   0.187795E+06   0.149177E-01  -0.316146E-01   0.558829E+05   0.179755E+06   0.188958E+06   0.179755E+06  -0.394372E-02   0.875558E+05   0.875408E+05   0.108173E-01
   0.468142E+00   0.185884E+06   0.184508E+06   0.143203E-01  -0.303916E-01   0.543519E+05   0.176573E+06   0.185653E+06   0.176573E+06  -0.387391E-02   0.860141E+05   0.859993E+05   0.105318E-01
   0.473296E+00   0.182690E+06   0.181336E+06   0.137547E-01  -0.292319E-01   0.528822E+05   0.173501E+06   0.182463E+06   0.173501E+06  -0.380652E-02   0.845259E+05   0.845113E+05   0.102468E-01
   0.478450E+00   0.179605E+06   0.178274E+06   0.132187E-01  -0.281316E-01   0.514707E+05   0.170536E+06   0.179382E+06   0.170536E+06  -0.374146E-02   0.830889E+05   0.830746E+05   0.996280E-02
   0.483605E+00   0.176623E+06   0.175316E+06   0.127104E-01  -0.270866E-01   0.501140E+05   0.167670E+06   0.176404E+06   0.167670E+06  -0.367858E-02   0.817000E+05   0.816860E+05   0.968245E-02
   0.488759E+00   0.173736E+06   0.172452E+06   0.122278E-01  -0.260931E-01   0.488083E+05   0.164896E+06   0.173520E+06   0.164896E+06  -0.361772E-02   0.803554E+05   0.803416E+05   0.940952E-02
   0.493913E+00   0.170929E+06   0.169669E+06   0.117686E-01  -0.251465E-01   0.475487E+05   0.162200E+06   0.170718E+06   0.162200E+06  -0.355857E-02   0.790488E+05   0.790353E+05   0.914749E-02
   0.499067E+00   0.168189E+06   0.166951E+06   0.113307E-01  -0.242425E-01   0.463299E+05   0.159569E+06   0.167982E+06   0.159569E+06  -0.350084E-02   0.777733E+05   0.777600E+05   0.889868E-02
   0.504221E+00   0.165504E+06   0.164287E+06   0.109123E-01  -0.233774E-01   0.451477E+05   0.156991E+06   0.165300E+06   0.156991E+06  -0.344429E-02   0.765235E+05   0.765104E+05   0.866398E-02
   0.509375E+00   0.162871E+06   0.161673E+06   0.105122E-01  -0.225490E-01   0.440004E+05   0.154463E+06   0.162670E+06   0.154463E+06  -0.338884E-02   0.752981E+05   0.752852E+05   0.844283E-02
   0.514529E+00   0.160292E+06   0.159111E+06   0.101297E-01  -0.217559E-01   0.428876E+05   0.151988E+06   0.160094E+06   0.151988E+06  -0.333454E-02   0.740977E+05   0.740850E+05   0.823348E-02
   0.519683E+00   0.157768E+06   0.156605E+06   0.976409E-02  -0.209968E-01   0.418091E+05   0.149567E+06   0.157573E+06   0.149567E+06  -0.328142E-02   0.729234E+05   0.729109E+05   0.803352E-02
   0.524837E+00   0.155302E+06   0.154155E+06   0.941472E-02  -0.202704E-01   0.407643E+05   0.147201E+06   0.155109E+06   0.147201E+06  -0.322951E-02   0.717759E+05   0.717636E+05   0.784042E-02
   0.529991E+00   0.152895E+06   0.151764E+06   0.908100E-02  -0.195756E-01   0.397533E+05   0.144894E+06   0.152705E+06   0.144894E+06  -0.317889E-02   0.706566E+05   0.706444E+05   0.765219E-02
   0.535145E+00   0.150553E+06   0.149439E+06   0.876246E-02  -0.189115E-01   0.387764E+05   0.142649E+06   0.150366E+06   0.142649E+06  -0.312964E-02   0.695674E+05   0.695554E+05   0.746766E-02
   0.540300E+00   0.148277E+06   0.147180E+06   0.845849E-02  -0.182770E-01   0.378332E+05   0.140468E+06   0.148093E+06   0.140468E+06  -0.308178E-02   0.685091E+05   0.684973E+05   0.728652E-02
   0.545454E+00   0.146064E+06   0.144983E+06   0.816822E-02  -0.176704E-01   0.369219E+05   0.138347E+06   0.145882E+06   0.138347E+06  -0.303525E-02   0.674800E+05   0.674684E+05   0.710904E-02
   0.550608E+00   0.143907E+06   0.142842E+06   0.789069E-02  -0.170896E-01   0.360402E+05   0.136281E+06   0.143728E+06   0.136281E+06  -0.298992E-02   0.664773E+05   0.664658E+05   0.693594E-02
   0.555762E+00   0.141802E+06   0.140753E+06   0.762510E-02  -0.165331E-01   0.351863E+05   0.134265E+06   0.141626E+06   0.134265E+06  -0.294569E-02   0.654988E+05   0.654875E+05   0.676812E-02
   0.560916E+00   0.139746E+06   0.138713E+06   0.737075E-02  -0.159996E-01   0.343587E+05   0.132296E+06   0.139572E+06   0.132296E+06  -0.290250E-02   0.645433E+05   0.645322E+05   0.660636E-02
   0.566070E+00   0.137735E+06   0.136718E+06   0.712699E-02  -0.154876E-01   0.335560E+05   0.130372E+06   0.137564E+06   0.130372E+06  -0.286028E-02   0.636092E+05   0.635982E+05   0.645108E-02
   0.571224E+00   0.135766E+06   0.134764E+06   0.689311E-02  -0.149958E-01   0.327764E+05   0.128487E+06   0.135598E+06   0.128487E+06  -0.281893E-02   0.626943E+05   0.626835E+05   0.630220E-02
   0.576378E+00   0.133835E+06   0.132847E+06   0.666856E-02  -0.145230E-01   0.320186E+05   0.126639E+06   0.133669E+06   0.126639E+06  -0.277840E-02   0.617973E+05   0.617866E+05   0.615928E-02
   0.581532E+00   0.131943E+06   0.130968E+06   0.645296E-02  -0.140686E-01   0.312824E+05   0.124829E+06   0.131779E+06   0.124829E+06  -0.273868E-02   0.609183E+05   0.609078E+05   0.602169E-02
   0.586686E+00   0.130091E+06   0.129130E+06   0.624605E-02  -0.136319E-01   0.305676E+05   0.123058E+06   0.129930E+06   0.123058E+06  -0.269983E-02   0.600584E+05   0.600480E+05   0.588870E-02
   0.591840E+00   0.128281E+06   0.127332E+06   0.604748E-02  -0.132123E-01   0.298741E+05   0.121327E+06   0.128122E+06   0.121327E+06  -0.266185E-02   0.592177E+05   0.592074E+05   0.575961E-02
   0.596995E+00   0.126511E+06   0.125574E+06   0.585686E-02  -0.128090E-01   0.292010E+05   0.119635E+06   0.126354E+06   0.119635E+06  -0.262472E-02   0.583956E+05   0.583856E+05   0.563384E-02
   0.602149E+00   0.124780E+06   0.123856E+06   0.567381E-02  -0.124214E-01   0.285478E+05   0.117980E+06   0.124625E+06   0.117980E+06  -0.258842E-02   0.575919E+05   0.575820E+05   0.551107E-02
   0.607303E+00   0.123088E+06   0.122177E+06   0.549807E-02  -0.120487E-01   0.279141E+05   0.116364E+06   0.122935E+06   0.116364E+06  -0.255296E-02   0.568067E+05   0.567969E+05   0.539123E-02
   0.612457E+00   0.121436E+06   0.120537E+06   0.532931E-02  -0.116905E-01   0.272994E+05   0.114785E+06   0.121285E+06   0.114785E+06  -0.251833E-02   0.560398E+05   0.560302E+05   0.527443E-02
   0.659749E+00   0.107771E+06   0.106973E+06   0.404918E-02  -0.895890E-02   0.224041E+05   0.101743E+06   0.107637E+06   0.101743E+06  -0.223218E-02   0.497006E+05   0.496920E+05   0.435336E-02
   0.710693E+00   0.955785E+05   0.948701E+05   0.307506E-02  -0.686045E-02   0.183289E+05   0.901255E+05   0.954595E+05   0.901255E+05  -0.197730E-02   0.440500E+05   0.440424E+05   0.359168E-02
   0.765571E+00   0.847261E+05   0.840976E+05   0.233478E-02  -0.525070E-02   0.149527E+05   0.798026E+05   0.846205E+05   0.798026E+05  -0.175082E-02   0.390252E+05   0.390184E+05   0.296347E-02
   0.895965E+00   0.655277E+05   0.650409E+05   0.130478E-02  -0.297369E-02   0.963121E+04   0.615860E+05   0.654460E+05   0.615860E+05  -0.135123E-02   0.301483E+05   0.301430E+05   0.197134E-02
   0.125042E+01   0.377269E+05   0.374460E+05   0.377461E-03  -0.884852E-03   0.364399E+04   0.353260E+05   0.376798E+05   0.353260E+05  -0.775065E-03   0.173250E+05   0.173219E+05   0.830970E-03
   0.174510E+01   0.215180E+05   0.213574E+05   0.108265E-03  -0.260906E-03   0.131259E+04   0.200956E+05   0.214910E+05   0.200956E+05  -0.440847E-03   0.986883E+04   0.986699E+04   0.353219E-03
   0.243548E+01   0.121682E+05   0.120772E+05   0.312581E-04  -0.758331E-04   0.452261E+03   0.113437E+05   0.121529E+05   0.113437E+05  -0.248890E-03   0.557607E+04   0.557494E+04   0.153761E-03
