#          k/h    CDM            baryon         photon         nu             mass_nu        total          no_nu          total_de       Weyl           v_CDM          v_b            v_b-v_c     
   0.102076E-04  -0.185786E+09  -0.185786E+09  -0.247718E+09  -0.247719E+09  -0.185786E+09  -0.185786E+09  -0.185786E+09  -0.185848E+09  -0.502098E+02  -0.902084E+09  -0.902084E+09   0.463240E+01
   0.112819E-04  -0.185785E+09  -0.185785E+09  -0.247719E+09  -0.247719E+09  -0.185785E+09  -0.185785E+09  -0.185785E+09  -0.185847E+09  -0.502098E+02  -0.902083E+09  -0.902083E+09   0.511976E+01
   0.124693E-04  -0.185785E+09  -0.185785E+09  -0.247720E+09  -0.247720E+09  -0.185785E+09  -0.185785E+09  -0.185785E+09  -0.185847E+09  -0.502098E+02  -0.902082E+09  -0.902082E+09   0.565834E+01
   0.137816E-04  -0.185785E+09  -0.185785E+09  -0.247721E+09  -0.247721E+09  -0.185785E+09  -0.185785E+09  -0.185785E+09  -0.185847E+09  -0.502097E+02  -0.902081E+09  -0.902081E+09   0.625352E+01
   0.152321E-04  -0.185785E+09  -0.185785E+09  -0.247722E+09  -0.247723E+09  -0.185785E+09  -0.185785E+09  -0.185785E+09  -0.185846E+09  -0.502096E+02  -0.902079E+09  -0.902079E+09   0.691123E+01
   0.168352E-04  -0.185784E+09  -0.185784E+09  -0.247723E+09  -0.247724E+09  -0.185784E+09  -0.185784E+09  -0.185784E+09  -0.185846E+09  -0.502095E+02  -0.902078E+09  -0.902078E+09   0.763799E+01
   0.186070E-04  -0.185784E+09  -0.185784E+09  -0.247725E+09  -0.247726E+09  -0.185784E+09  -0.185784E+09  -0.185784E+09  -0.185846E+09  -0.502094E+02  -0.902075E+09  -0.902075E+09   0.844103E+01
   0.205653E-04  -0.185783E+09  -0.185783E+09  -0.247727E+09  -0.247729E+09  -0.185783E+09  -0.185783E+09  -0.185783E+09  -0.185845E+09  -0.502093E+02  -0.902072E+09  -0.902072E+09   0.932830E+01
   0.227297E-04  -0.185782E+09  -0.185782E+09  -0.247730E+09  -0.247732E+09  -0.185782E+09  -0.185782E+09  -0.185782E+09  -0.185844E+09  -0.502091E+02  -0.902069E+09  -0.902069E+09   0.103086E+02
   0.251219E-04  -0.185782E+09  -0.185782E+09  -0.247733E+09  -0.247736E+09  -0.185781E+09  -0.185782E+09  -0.185782E+09  -0.185843E+09  -0.502089E+02  -0.902064E+09  -0.902064E+09   0.113915E+02
   0.277659E-04  -0.185780E+09  -0.185780E+09  -0.247737E+09  -0.247740E+09  -0.185780E+09  -0.185780E+09  -0.185780E+09  -0.185842E+09  -0.502086E+02  -0.902059E+09  -0.902059E+09   0.125876E+02
   0.306881E-04  -0.185779E+09  -0.185779E+09  -0.247742E+09  -0.247746E+09  -0.185779E+09  -0.185779E+09  -0.185779E+09  -0.185841E+09  -0.502083E+02  -0.902052E+09  -0.902052E+09   0.139087E+02
   0.339179E-04  -0.185778E+09  -0.185778E+09  -0.247748E+09  -0.247752E+09  -0.185777E+09  -0.185778E+09  -0.185778E+09  -0.185839E+09  -0.502079E+02  -0.902044E+09  -0.902044E+09   0.153676E+02
   0.374876E-04  -0.185776E+09  -0.185776E+09  -0.247755E+09  -0.247760E+09  -0.185776E+09  -0.185776E+09  -0.185776E+09  -0.185837E+09  -0.502074E+02  -0.902035E+09  -0.902035E+09   0.169782E+02
   0.414330E-04  -0.185773E+09  -0.185773E+09  -0.247764E+09  -0.247770E+09  -0.185773E+09  -0.185773E+09  -0.185773E+09  -0.185835E+09  -0.502069E+02  -0.902023E+09  -0.902023E+09   0.187560E+02
   0.457936E-04  -0.185770E+09  -0.185770E+09  -0.247775E+09  -0.247782E+09  -0.185770E+09  -0.185770E+09  -0.185770E+09  -0.185832E+09  -0.502062E+02  -0.902008E+09  -0.902008E+09   0.207178E+02
   0.506132E-04  -0.185767E+09  -0.185767E+09  -0.247788E+09  -0.247797E+09  -0.185767E+09  -0.185767E+09  -0.185767E+09  -0.185829E+09  -0.502053E+02  -0.901991E+09  -0.901991E+09   0.228817E+02
   0.559400E-04  -0.185762E+09  -0.185762E+09  -0.247803E+09  -0.247814E+09  -0.185762E+09  -0.185762E+09  -0.185762E+09  -0.185824E+09  -0.502043E+02  -0.901969E+09  -0.901969E+09   0.252677E+02
   0.618274E-04  -0.185757E+09  -0.185757E+09  -0.247822E+09  -0.247835E+09  -0.185757E+09  -0.185757E+09  -0.185757E+09  -0.185819E+09  -0.502030E+02  -0.901943E+09  -0.901943E+09   0.278970E+02
   0.683345E-04  -0.185750E+09  -0.185750E+09  -0.247845E+09  -0.247861E+09  -0.185750E+09  -0.185750E+09  -0.185750E+09  -0.185812E+09  -0.502014E+02  -0.901910E+09  -0.901910E+09   0.307926E+02
   0.755264E-04  -0.185742E+09  -0.185742E+09  -0.247872E+09  -0.247892E+09  -0.185742E+09  -0.185742E+09  -0.185742E+09  -0.185804E+09  -0.501995E+02  -0.901871E+09  -0.901871E+09   0.339788E+02
   0.834752E-04  -0.185733E+09  -0.185733E+09  -0.247904E+09  -0.247928E+09  -0.185733E+09  -0.185733E+09  -0.185733E+09  -0.185795E+09  -0.501972E+02  -0.901823E+09  -0.901823E+09   0.374815E+02
   0.922605E-04  -0.185721E+09  -0.185721E+09  -0.247943E+09  -0.247972E+09  -0.185721E+09  -0.185721E+09  -0.185721E+09  -0.185783E+09  -0.501944E+02  -0.901764E+09  -0.901764E+09   0.413273E+02
   0.101971E-03  -0.185706E+09  -0.185706E+09  -0.247988E+09  -0.248024E+09  -0.185706E+09  -0.185706E+09  -0.185706E+09  -0.185768E+09  -0.501909E+02  -0.901692E+09  -0.901692E+09   0.455438E+02
   0.112702E-03  -0.185688E+09  -0.185688E+09  -0.248041E+09  -0.248085E+09  -0.185688E+09  -0.185688E+09  -0.185688E+09  -0.185750E+09  -0.501866E+02  -0.901604E+09  -0.901604E+09   0.501582E+02
   0.124564E-03  -0.185667E+09  -0.185667E+09  -0.248103E+09  -0.248156E+09  -0.185667E+09  -0.185667E+09  -0.185667E+09  -0.185729E+09  -0.501814E+02  -0.901497E+09  -0.901497E+09   0.551968E+02
   0.137674E-03  -0.185640E+09  -0.185640E+09  -0.248173E+09  -0.248237E+09  -0.185640E+09  -0.185640E+09  -0.185640E+09  -0.185702E+09  -0.501751E+02  -0.901366E+09  -0.901366E+09   0.606835E+02
   0.152163E-03  -0.185608E+09  -0.185608E+09  -0.248250E+09  -0.248327E+09  -0.185608E+09  -0.185608E+09  -0.185608E+09  -0.185670E+09  -0.501674E+02  -0.901206E+09  -0.901206E+09   0.666381E+02
   0.168178E-03  -0.185568E+09  -0.185568E+09  -0.248334E+09  -0.248427E+09  -0.185568E+09  -0.185568E+09  -0.185568E+09  -0.185630E+09  -0.501579E+02  -0.901010E+09  -0.901010E+09   0.730734E+02
   0.185878E-03  -0.185520E+09  -0.185520E+09  -0.248420E+09  -0.248532E+09  -0.185520E+09  -0.185520E+09  -0.185520E+09  -0.185582E+09  -0.501464E+02  -0.900772E+09  -0.900772E+09   0.799923E+02
   0.205440E-03  -0.185461E+09  -0.185461E+09  -0.248502E+09  -0.248635E+09  -0.185461E+09  -0.185461E+09  -0.185461E+09  -0.185523E+09  -0.501323E+02  -0.900480E+09  -0.900480E+09   0.873834E+02
   0.227062E-03  -0.185389E+09  -0.185389E+09  -0.248568E+09  -0.248726E+09  -0.185389E+09  -0.185389E+09  -0.185389E+09  -0.185451E+09  -0.501151E+02  -0.900124E+09  -0.900124E+09   0.952157E+02
   0.250959E-03  -0.185301E+09  -0.185301E+09  -0.248601E+09  -0.248788E+09  -0.185301E+09  -0.185301E+09  -0.185301E+09  -0.185363E+09  -0.500941E+02  -0.899690E+09  -0.899690E+09   0.103432E+03
   0.277372E-03  -0.185193E+09  -0.185193E+09  -0.248572E+09  -0.248792E+09  -0.185193E+09  -0.185193E+09  -0.185193E+09  -0.185255E+09  -0.500685E+02  -0.899159E+09  -0.899159E+09   0.111940E+03
   0.306564E-03  -0.185062E+09  -0.185062E+09  -0.248442E+09  -0.248698E+09  -0.185062E+09  -0.185062E+09  -0.185062E+09  -0.185124E+09  -0.500372E+02  -0.898511E+09  -0.898511E+09   0.120607E+03
   0.338828E-03  -0.184901E+09  -0.184902E+09  -0.248152E+09  -0.248449E+09  -0.184902E+09  -0.184901E+09  -0.184901E+09  -0.184964E+09  -0.499990E+02  -0.897721E+09  -0.897721E+09   0.129249E+03
   0.374488E-03  -0.184706E+09  -0.184706E+09  -0.247622E+09  -0.247963E+09  -0.184706E+09  -0.184706E+09  -0.184706E+09  -0.184768E+09  -0.499523E+02  -0.896755E+09  -0.896756E+09   0.137620E+03
   0.413901E-03  -0.184467E+09  -0.184467E+09  -0.246745E+09  -0.247132E+09  -0.184467E+09  -0.184467E+09  -0.184467E+09  -0.184528E+09  -0.498954E+02  -0.895578E+09  -0.895578E+09   0.145414E+03
   0.457462E-03  -0.184175E+09  -0.184176E+09  -0.245382E+09  -0.245819E+09  -0.184175E+09  -0.184175E+09  -0.184175E+09  -0.184236E+09  -0.498260E+02  -0.894141E+09  -0.894141E+09   0.152261E+03
   0.505608E-03  -0.183819E+09  -0.183820E+09  -0.243366E+09  -0.243857E+09  -0.183820E+09  -0.183819E+09  -0.183819E+09  -0.183880E+09  -0.497413E+02  -0.892389E+09  -0.892389E+09   0.157740E+03
   0.558821E-03  -0.183385E+09  -0.183386E+09  -0.240507E+09  -0.241059E+09  -0.183386E+09  -0.183385E+09  -0.183385E+09  -0.183445E+09  -0.496381E+02  -0.890253E+09  -0.890253E+09   0.161405E+03
   0.617635E-03  -0.182855E+09  -0.182857E+09  -0.236610E+09  -0.237239E+09  -0.182856E+09  -0.182856E+09  -0.182856E+09  -0.182915E+09  -0.495123E+02  -0.887650E+09  -0.887650E+09   0.162823E+03
   0.682638E-03  -0.182210E+09  -0.182212E+09  -0.231504E+09  -0.232236E+09  -0.182211E+09  -0.182211E+09  -0.182211E+09  -0.182268E+09  -0.493591E+02  -0.884479E+09  -0.884480E+09   0.161634E+03
   0.754482E-03  -0.181424E+09  -0.181426E+09  -0.225081E+09  -0.225963E+09  -0.181425E+09  -0.181425E+09  -0.181424E+09  -0.181481E+09  -0.491726E+02  -0.880621E+09  -0.880621E+09   0.157613E+03
   0.833888E-03  -0.180467E+09  -0.180470E+09  -0.217328E+09  -0.218430E+09  -0.180469E+09  -0.180468E+09  -0.180468E+09  -0.180522E+09  -0.489457E+02  -0.875928E+09  -0.875929E+09   0.150725E+03
   0.921651E-03  -0.179303E+09  -0.179306E+09  -0.208340E+09  -0.209759E+09  -0.179305E+09  -0.179304E+09  -0.179304E+09  -0.179356E+09  -0.486700E+02  -0.870227E+09  -0.870227E+09   0.141153E+03
   0.101865E-02  -0.177890E+09  -0.177893E+09  -0.198286E+09  -0.200140E+09  -0.177892E+09  -0.177890E+09  -0.177890E+09  -0.177940E+09  -0.483353E+02  -0.863309E+09  -0.863309E+09   0.129268E+03
   0.112586E-02  -0.176175E+09  -0.176178E+09  -0.187330E+09  -0.189738E+09  -0.176178E+09  -0.176175E+09  -0.176175E+09  -0.176222E+09  -0.479295E+02  -0.854927E+09  -0.854927E+09   0.115561E+03
   0.124435E-02  -0.174098E+09  -0.174101E+09  -0.175558E+09  -0.178617E+09  -0.174101E+09  -0.174098E+09  -0.174098E+09  -0.174142E+09  -0.474383E+02  -0.844789E+09  -0.844789E+09   0.100572E+03
   0.137531E-02  -0.171587E+09  -0.171591E+09  -0.162988E+09  -0.166752E+09  -0.171592E+09  -0.171588E+09  -0.171588E+09  -0.171629E+09  -0.468450E+02  -0.832554E+09  -0.832554E+09   0.848866E+02
   0.152006E-02  -0.168561E+09  -0.168565E+09  -0.149710E+09  -0.154184E+09  -0.168567E+09  -0.168562E+09  -0.168562E+09  -0.168600E+09  -0.461300E+02  -0.817829E+09  -0.817829E+09   0.691987E+02
   0.168004E-02  -0.164927E+09  -0.164931E+09  -0.135990E+09   0.259133E+09  -0.164934E+09  -0.164928E+09  -0.164928E+09  -0.164931E+09  -0.452713E+02  -0.800170E+09  -0.800170E+09   0.543428E+02
   0.185685E-02  -0.160574E+09  -0.160578E+09  -0.122126E+09   0.207266E+09  -0.160582E+09  -0.160575E+09  -0.160575E+09  -0.160580E+09  -0.442425E+02  -0.779059E+09  -0.779059E+09   0.411712E+02
   0.205228E-02  -0.155385E+09  -0.155389E+09  -0.108267E+09   0.164925E+09  -0.155396E+09  -0.155387E+09  -0.155386E+09  -0.155392E+09  -0.430161E+02  -0.753957E+09  -0.753958E+09   0.303511E+02
   0.226827E-02  -0.149237E+09  -0.149240E+09  -0.945435E+08   0.130401E+09  -0.149249E+09  -0.149238E+09  -0.149237E+09  -0.149244E+09  -0.415618E+02  -0.724285E+09  -0.724285E+09   0.222908E+02
   0.250700E-02  -0.141999E+09  -0.142003E+09  -0.812641E+08   0.102303E+09  -0.142015E+09  -0.142001E+09  -0.142000E+09  -0.142007E+09  -0.398480E+02  -0.689459E+09  -0.689459E+09   0.171040E+02
   0.277085E-02  -0.133550E+09  -0.133554E+09  -0.686055E+08   0.794907E+08  -0.133569E+09  -0.133552E+09  -0.133551E+09  -0.133557E+09  -0.378442E+02  -0.648942E+09  -0.648942E+09   0.144548E+02
   0.306246E-02  -0.123785E+09  -0.123789E+09  -0.566986E+08   0.610370E+08  -0.123807E+09  -0.123787E+09  -0.123785E+09  -0.123792E+09  -0.355234E+02  -0.602305E+09  -0.602305E+09   0.136449E+02
   0.338478E-02  -0.112636E+09  -0.112640E+09  -0.457562E+08   0.461834E+08  -0.112663E+09  -0.112638E+09  -0.112637E+09  -0.112643E+09  -0.328660E+02  -0.549324E+09  -0.549324E+09   0.139046E+02
   0.374101E-02  -0.100097E+09  -0.100101E+09  -0.358650E+08   0.343106E+08  -0.100130E+09  -0.100100E+09  -0.100098E+09  -0.100103E+09  -0.298660E+02  -0.490098E+09  -0.490098E+09   0.146678E+02
   0.413473E-02  -0.862516E+08  -0.862565E+08  -0.271532E+08   0.249115E+08  -0.862918E+08  -0.862552E+08  -0.862524E+08  -0.862578E+08  -0.265367E+02  -0.425193E+09  -0.425193E+09   0.157930E+02
   0.456989E-02  -0.713083E+08  -0.713136E+08  -0.196896E+08   0.175685E+08  -0.713566E+08  -0.713124E+08  -0.713092E+08  -0.713144E+08  -0.229195E+02  -0.355797E+09  -0.355797E+09   0.173656E+02
   0.505085E-02  -0.556295E+08  -0.556352E+08  -0.135114E+08   0.119347E+08  -0.556875E+08  -0.556344E+08  -0.556304E+08  -0.556357E+08  -0.190909E+02  -0.283851E+09  -0.283851E+09   0.193051E+02
   0.558243E-02  -0.397538E+08  -0.397603E+08  -0.862071E+07   0.771793E+07  -0.398234E+08  -0.397597E+08  -0.397549E+08  -0.397605E+08  -0.151686E+02  -0.212120E+09  -0.212120E+09   0.212016E+02
   0.616996E-02  -0.243938E+08  -0.244009E+08  -0.495991E+07   0.466699E+07  -0.244767E+08  -0.244006E+08  -0.243950E+08  -0.244011E+08  -0.113127E+02  -0.144121E+09  -0.144122E+09   0.226350E+02
   0.681932E-02  -0.103933E+08  -0.104014E+08  -0.242317E+07   0.256110E+07  -0.104918E+08  -0.104014E+08  -0.103947E+08  -0.104016E+08  -0.771859E+01  -0.838436E+08  -0.838441E+08   0.235140E+02
   0.753702E-02   0.136821E+07   0.135914E+07  -0.849541E+06   0.120193E+07   0.125208E+07   0.135876E+07   0.136669E+07   0.135871E+07  -0.459781E+01  -0.351836E+08  -0.351841E+08   0.238299E+02
   0.833025E-02   0.101349E+08   0.101246E+08  -0.340329E+05   0.408879E+06   0.999873E+07   0.101239E+08   0.101332E+08   0.101239E+08  -0.214465E+01  -0.110425E+07  -0.110484E+07   0.234379E+02
   0.920698E-02   0.154785E+08   0.154668E+08   0.249806E+06   0.180366E+05   0.153201E+08   0.154657E+08   0.154765E+08   0.154658E+08  -0.490170E+00   0.173579E+08   0.173573E+08   0.223830E+02
   0.101760E-01   0.174972E+08   0.174838E+08   0.236470E+06  -0.115362E+06   0.173143E+08   0.174825E+08   0.174950E+08   0.174825E+08   0.346689E+00   0.219008E+08   0.219002E+08   0.208453E+02
   0.112469E-01   0.169112E+08   0.168958E+08   0.112947E+06  -0.111455E+06   0.167020E+08   0.168944E+08   0.169086E+08   0.168944E+08   0.491386E+00   0.170564E+08   0.170557E+08   0.189999E+02
   0.124306E-01   0.149417E+08   0.149240E+08   0.698107E+04  -0.592704E+05   0.147045E+08   0.149225E+08   0.149387E+08   0.149225E+08   0.202941E+00   0.907530E+07   0.907466E+07   0.171041E+02
   0.137389E-01   0.129178E+08   0.128976E+08  -0.317815E+05  -0.124849E+05   0.126516E+08   0.128963E+08   0.129144E+08   0.128962E+08  -0.198351E+00   0.358810E+07   0.358747E+07   0.153439E+02
   0.151849E-01   0.117284E+08   0.117052E+08  -0.184993E+05   0.884110E+04   0.114323E+08   0.117043E+08   0.117245E+08   0.117043E+08  -0.451140E+00   0.302671E+07   0.302608E+07   0.138297E+02
   0.167830E-01   0.114441E+08   0.114176E+08   0.390205E+04   0.888908E+04   0.111175E+08   0.114174E+08   0.114397E+08   0.114174E+08  -0.462535E+00   0.565488E+07   0.565424E+07   0.125626E+02
   0.185493E-01   0.113948E+08   0.113648E+08   0.896133E+04   0.155307E+04   0.110383E+08   0.113654E+08   0.113897E+08   0.113654E+08  -0.323647E+00   0.754601E+07   0.754538E+07   0.114464E+02
   0.205016E-01   0.108914E+08   0.108577E+08  -0.993114E+01  -0.264529E+04   0.105062E+08   0.108595E+08   0.108857E+08   0.108595E+08  -0.203746E+00   0.652552E+07   0.652488E+07   0.104071E+02
   0.226592E-01   0.985279E+07   0.981530E+07  -0.533269E+04  -0.201174E+04   0.944146E+07   0.981849E+07   0.984650E+07   0.981849E+07  -0.188631E+00   0.424518E+07   0.424455E+07   0.940516E+01
   0.250440E-01   0.881126E+07   0.877023E+07  -0.123476E+04  -0.221223E+03   0.837684E+07   0.877480E+07   0.880437E+07   0.877480E+07  -0.223224E+00   0.360392E+07   0.360328E+07   0.845286E+01
   0.276798E-01   0.811713E+07   0.807311E+07   0.225994E+04   0.133135E+03   0.766314E+07   0.807886E+07   0.810974E+07   0.807886E+07  -0.217864E+00   0.446002E+07   0.445939E+07   0.754425E+01
   0.305930E-01   0.751462E+07   0.746853E+07  -0.779890E+02  -0.291716E+03   0.704486E+07   0.747493E+07   0.750688E+07   0.747493E+07  -0.175035E+00   0.429197E+07   0.429136E+07   0.664656E+01
   0.338127E-01   0.672377E+07   0.667701E+07  -0.131933E+04  -0.280909E+03   0.624172E+07   0.668312E+07   0.671592E+07   0.668312E+07  -0.152985E+00   0.306740E+07   0.306682E+07   0.573390E+01
   0.373714E-01   0.596809E+07   0.592248E+07   0.422153E+03  -0.711271E+02   0.547647E+07   0.592696E+07   0.596043E+07   0.592696E+07  -0.148822E+00   0.289936E+07   0.289882E+07   0.481212E+01
   0.413045E-01   0.542117E+07   0.537882E+07   0.803533E+02  -0.900259E+02   0.491965E+07   0.537987E+07   0.541406E+07   0.537987E+07  -0.129668E+00   0.299454E+07   0.299406E+07   0.390214E+01
   0.454350E-01   0.489813E+07   0.486083E+07   0.413597E+02  -0.854145E+02   0.438898E+07   0.485709E+07   0.489187E+07   0.485709E+07  -0.114988E+00   0.229724E+07   0.229682E+07   0.306541E+01
   0.495654E-01   0.447430E+07   0.444289E+07   0.649026E+02  -0.404165E+02   0.395638E+07   0.443357E+07   0.446902E+07   0.443357E+07  -0.109365E+00   0.227116E+07   0.227081E+07   0.236522E+01
   0.536959E-01   0.418395E+07   0.415844E+07   0.413066E+02  -0.461538E+02   0.365636E+07   0.414348E+07   0.417967E+07   0.414348E+07  -0.990353E-01   0.221344E+07   0.221315E+07   0.180867E+01
   0.578264E-01   0.390320E+07   0.388290E+07   0.267540E+02  -0.359150E+02   0.336624E+07   0.386290E+07   0.389980E+07   0.386290E+07  -0.929152E-01   0.183941E+07   0.183917E+07   0.139038E+01
   0.619568E-01   0.366382E+07   0.364752E+07   0.325428E+02  -0.241479E+02   0.311896E+07   0.362359E+07   0.366108E+07   0.362359E+07  -0.885143E-01   0.191008E+07   0.190988E+07   0.109917E+01
   0.660873E-01   0.345786E+07   0.344412E+07   0.204721E+02  -0.255524E+02   0.290818E+07   0.341770E+07   0.345555E+07   0.341770E+07  -0.816630E-01   0.176435E+07   0.176417E+07   0.914558E+00
   0.702177E-01   0.323095E+07   0.321836E+07   0.171098E+02  -0.186496E+02   0.268060E+07   0.319092E+07   0.322884E+07   0.319092E+07  -0.772928E-01   0.154756E+07   0.154739E+07   0.810727E+00
   0.743482E-01   0.302258E+07   0.300997E+07   0.176977E+02  -0.151117E+02   0.247585E+07   0.298280E+07   0.302046E+07   0.298280E+07  -0.723407E-01   0.159184E+07   0.159167E+07   0.762369E+00
   0.784786E-01   0.281697E+07   0.280355E+07   0.112831E+02  -0.144836E+02   0.227858E+07   0.277764E+07   0.281472E+07   0.277764E+07  -0.665457E-01   0.139294E+07   0.139277E+07   0.743658E+00
   0.826091E-01   0.260748E+07   0.259290E+07   0.108182E+02  -0.105447E+02   0.208051E+07   0.256876E+07   0.260503E+07   0.256876E+07  -0.623825E-01   0.127966E+07   0.127947E+07   0.734450E+00
   0.867395E-01   0.242454E+07   0.240887E+07   0.978120E+01  -0.944452E+01   0.191054E+07   0.238654E+07   0.242191E+07   0.238654E+07  -0.575902E-01   0.126969E+07   0.126950E+07   0.720194E+00
   0.918936E-01   0.221568E+07   0.219926E+07   0.655194E+01  -0.780686E+01   0.171781E+07   0.217868E+07   0.221292E+07   0.217868E+07  -0.525516E-01   0.106434E+07   0.106415E+07   0.682507E+00
   0.970477E-01   0.204315E+07   0.202696E+07   0.666097E+01  -0.619602E+01   0.155897E+07   0.200714E+07   0.204044E+07   0.200714E+07  -0.485724E-01   0.106292E+07   0.106274E+07   0.619513E+00
   0.102202E+00   0.190875E+07   0.189376E+07   0.454518E+01  -0.555206E+01   0.143399E+07   0.187357E+07   0.190623E+07   0.187357E+07  -0.450991E-01   0.925791E+06   0.925626E+06   0.537570E+00
   0.107356E+00   0.180286E+07   0.178977E+07   0.470811E+01  -0.442594E+01   0.133306E+07   0.176832E+07   0.180066E+07   0.176832E+07  -0.428493E-01   0.924058E+06   0.923913E+06   0.448487E+00
   0.112510E+00   0.172279E+07   0.171187E+07   0.348047E+01  -0.416404E+01   0.125499E+07   0.168874E+07   0.172096E+07   0.168874E+07  -0.406235E-01   0.849397E+06   0.849274E+06   0.364921E+00
   0.117664E+00   0.164843E+07   0.163948E+07   0.344290E+01  -0.338152E+01   0.118196E+07   0.161478E+07   0.164693E+07   0.161478E+07  -0.391310E-01   0.829324E+06   0.829220E+06   0.296599E+00
   0.122818E+00   0.158052E+07   0.157302E+07   0.279322E+01  -0.319572E+01   0.111680E+07   0.154728E+07   0.157926E+07   0.154728E+07  -0.372369E-01   0.792943E+06   0.792851E+06   0.248660E+00
   0.127972E+00   0.150490E+07   0.149816E+07   0.253191E+01  -0.264185E+01   0.104674E+07   0.147216E+07   0.150377E+07   0.147216E+07  -0.356457E-01   0.743710E+06   0.743626E+06   0.220970E+00
   0.133126E+00   0.142830E+07   0.142168E+07   0.223447E+01  -0.243513E+01   0.979037E+06   0.139620E+07   0.142719E+07   0.139620E+07  -0.336381E-01   0.726396E+06   0.726313E+06   0.209407E+00
   0.138280E+00   0.134563E+07   0.133865E+07   0.185549E+01  -0.205525E+01   0.908150E+06   0.131428E+07   0.134446E+07   0.131428E+07  -0.317825E-01   0.656376E+06   0.656290E+06   0.207446E+00
   0.143435E+00   0.126561E+07   0.125810E+07   0.175131E+01  -0.183758E+01   0.841675E+06   0.123512E+07   0.126435E+07   0.123512E+07  -0.297971E-01   0.648102E+06   0.648013E+06   0.208377E+00
   0.148589E+00   0.118911E+07   0.118113E+07   0.137888E+01  -0.159703E+01   0.778933E+06   0.115950E+07   0.118777E+07   0.115950E+07  -0.280027E-01   0.576734E+06   0.576642E+06   0.206800E+00
   0.153743E+00   0.112209E+07   0.111391E+07   0.136401E+01  -0.140403E+01   0.724287E+06   0.109330E+07   0.112071E+07   0.109330E+07  -0.264076E-01   0.574310E+06   0.574218E+06   0.199678E+00
   0.158897E+00   0.106621E+07   0.105820E+07   0.107062E+01  -0.126744E+01   0.678276E+06   0.103813E+07   0.106486E+07   0.103813E+07  -0.250452E-01   0.518177E+06   0.518088E+06   0.186433E+00
   0.164051E+00   0.102080E+07   0.101331E+07   0.108152E+01  -0.111511E+01   0.639954E+06   0.993294E+06   0.101955E+07   0.993294E+06  -0.240125E-01   0.518919E+06   0.518836E+06   0.168494E+00
   0.169205E+00   0.984795E+06   0.978034E+06   0.879561E+00  -0.104045E+01   0.608795E+06   0.957735E+06   0.983660E+06   0.957735E+06  -0.230914E-01   0.482518E+06   0.482443E+06   0.148470E+00
   0.174359E+00   0.953160E+06   0.947204E+06   0.875146E+00  -0.920663E+00   0.580734E+06   0.926474E+06   0.952160E+06   0.926474E+06  -0.224057E-01   0.479211E+06   0.479143E+06   0.129215E+00
   0.179513E+00   0.925058E+06   0.919823E+06   0.749378E+00  -0.871107E+00   0.555969E+06   0.898715E+06   0.924179E+06   0.898715E+06  -0.216651E-01   0.458365E+06   0.458304E+06   0.113062E+00
   0.184667E+00   0.895456E+06   0.890745E+06   0.711601E+00  -0.773579E+00   0.530430E+06   0.869476E+06   0.894665E+06   0.869476E+06  -0.210258E-01   0.444559E+06   0.444503E+06   0.101276E+00
   0.189821E+00   0.864922E+06   0.860494E+06   0.642074E+00  -0.727839E+00   0.505465E+06   0.839371E+06   0.864179E+06   0.839371E+06  -0.202398E-01   0.433264E+06   0.433211E+06   0.939779E-01
   0.194975E+00   0.830975E+06   0.826602E+06   0.574460E+00  -0.648089E+00   0.478732E+06   0.805932E+06   0.830241E+06   0.805932E+06  -0.194810E-01   0.407942E+06   0.407889E+06   0.903103E-01
   0.200130E+00   0.796529E+06   0.792054E+06   0.542831E+00  -0.600921E+00   0.452732E+06   0.772054E+06   0.795778E+06   0.772054E+06  -0.186265E-01   0.402094E+06   0.402041E+06   0.888724E-01
   0.205284E+00   0.761770E+06   0.757132E+06   0.463479E+00  -0.540153E+00   0.426949E+06   0.737890E+06   0.760991E+06   0.737890E+06  -0.178256E-01   0.371247E+06   0.371192E+06   0.881154E-01
   0.210438E+00   0.729282E+06   0.724512E+06   0.454429E+00  -0.495432E+00   0.403256E+06   0.705990E+06   0.728481E+06   0.705990E+06  -0.170433E-01   0.369222E+06   0.369167E+06   0.867603E-01
   0.215592E+00   0.699682E+06   0.694878E+06   0.380830E+00  -0.453286E+00   0.381658E+06   0.676937E+06   0.698875E+06   0.676937E+06  -0.163431E-01   0.340311E+06   0.340257E+06   0.840333E-01
   0.220746E+00   0.673933E+06   0.669224E+06   0.381431E+00  -0.414570E+00   0.362693E+06   0.651673E+06   0.673142E+06   0.651673E+06  -0.157409E-01   0.340473E+06   0.340420E+06   0.797595E-01
   0.225900E+00   0.652201E+06   0.647707E+06   0.323188E+00  -0.387287E+00   0.346410E+06   0.630351E+06   0.651446E+06   0.630351E+06  -0.152111E-01   0.318248E+06   0.318198E+06   0.742642E-01
   0.231054E+00   0.633369E+06   0.629171E+06   0.323497E+00  -0.355022E+00   0.331926E+06   0.611866E+06   0.632664E+06   0.611866E+06  -0.147850E-01   0.317958E+06   0.317911E+06   0.681807E-01
   0.236208E+00   0.616953E+06   0.613077E+06   0.282553E+00  -0.336491E+00   0.319215E+06   0.595756E+06   0.616302E+06   0.595756E+06  -0.143725E-01   0.303173E+06   0.303129E+06   0.622325E-01
   0.241362E+00   0.601035E+06   0.597454E+06   0.275880E+00  -0.308934E+00   0.306861E+06   0.580131E+06   0.600434E+06   0.580131E+06  -0.140201E-01   0.299042E+06   0.299001E+06   0.570279E-01
   0.246516E+00   0.585530E+06   0.582176E+06   0.250302E+00  -0.293736E+00   0.295212E+06   0.564928E+06   0.584967E+06   0.564928E+06  -0.136285E-01   0.290198E+06   0.290159E+06   0.529378E-01
   0.251670E+00   0.568984E+06   0.565770E+06   0.234688E+00  -0.269748E+00   0.283102E+06   0.548711E+06   0.568444E+06   0.548711E+06  -0.132595E-01   0.280443E+06   0.280405E+06   0.500343E-01
   0.256825E+00   0.552088E+06   0.548935E+06   0.221128E+00  -0.255099E+00   0.271292E+06   0.532176E+06   0.551558E+06   0.532176E+06  -0.128409E-01   0.275716E+06   0.275679E+06   0.481394E-01
   0.261979E+00   0.534438E+06   0.531287E+06   0.199067E+00  -0.234839E+00   0.259221E+06   0.514913E+06   0.533909E+06   0.514913E+06  -0.124394E-01   0.261400E+06   0.261363E+06   0.469046E-01
   0.267133E+00   0.517185E+06   0.514009E+06   0.193805E+00  -0.220525E+00   0.247751E+06   0.498056E+06   0.516652E+06   0.498056E+06  -0.120215E-01   0.259524E+06   0.259488E+06   0.459340E-01
   0.272287E+00   0.500467E+06   0.497273E+06   0.169946E+00  -0.204599E+00   0.236711E+06   0.481727E+06   0.499930E+06   0.481727E+06  -0.116335E-01   0.243747E+06   0.243710E+06   0.448770E-01
   0.277441E+00   0.485016E+06   0.481835E+06   0.169220E+00  -0.191347E+00   0.226571E+06   0.466646E+06   0.484482E+06   0.466646E+06  -0.112675E-01   0.243617E+06   0.243581E+06   0.435077E-01
   0.282595E+00   0.470989E+06   0.467864E+06   0.147592E+00  -0.179624E+00   0.217314E+06   0.452957E+06   0.470464E+06   0.452957E+06  -0.109349E-01   0.229375E+06   0.229340E+06   0.417492E-01
   0.287749E+00   0.458391E+06   0.455365E+06   0.148005E+00  -0.167881E+00   0.208897E+06   0.440664E+06   0.457883E+06   0.440664E+06  -0.106435E-01   0.229582E+06   0.229548E+06   0.396633E-01
   0.292903E+00   0.447176E+06   0.444278E+06   0.130895E+00  -0.159377E+00   0.201352E+06   0.429723E+06   0.446689E+06   0.429723E+06  -0.103713E-01   0.218592E+06   0.218559E+06   0.374057E-01
   0.298057E+00   0.436720E+06   0.433962E+06   0.129810E+00  -0.149035E+00   0.194231E+06   0.419519E+06   0.436257E+06   0.419519E+06  -0.101348E-01   0.217441E+06   0.217409E+06   0.351670E-01
   0.303211E+00   0.426945E+06   0.424320E+06   0.117858E+00  -0.142364E+00   0.187666E+06   0.409987E+06   0.426505E+06   0.409987E+06  -0.989376E-02   0.209998E+06   0.209968E+06   0.331203E-01
   0.308365E+00   0.417128E+06   0.414613E+06   0.113829E+00  -0.133143E+00   0.181117E+06   0.400413E+06   0.416705E+06   0.400413E+06  -0.967363E-02   0.206137E+06   0.206108E+06   0.313785E-01
   0.313520E+00   0.407437E+06   0.405004E+06   0.106640E+00  -0.127214E+00   0.174872E+06   0.390974E+06   0.407029E+06   0.390974E+06  -0.943520E-02   0.201767E+06   0.201739E+06   0.299810E-01
   0.318674E+00   0.397427E+06   0.395045E+06   0.996668E-01  -0.119066E+00   0.168520E+06   0.381224E+06   0.397027E+06   0.381224E+06  -0.920915E-02   0.194977E+06   0.194950E+06   0.288931E-01
   0.323828E+00   0.387509E+06   0.385157E+06   0.962444E-01  -0.113398E+00   0.162435E+06   0.371576E+06   0.387114E+06   0.371576E+06  -0.896848E-02   0.192968E+06   0.192940E+06   0.280310E-01
   0.328982E+00   0.377558E+06   0.375222E+06   0.874516E-01  -0.106483E+00   0.156392E+06   0.361898E+06   0.377166E+06   0.361898E+06  -0.874056E-02   0.184237E+06   0.184211E+06   0.272860E-01
   0.334136E+00   0.367998E+06   0.365678E+06   0.864858E-01  -0.101061E+00   0.150693E+06   0.352607E+06   0.367608E+06   0.352607E+06  -0.851256E-02   0.183796E+06   0.183769E+06   0.265580E-01
   0.339290E+00   0.358857E+06   0.356562E+06   0.774049E-01  -0.954933E-01   0.145253E+06   0.343726E+06   0.358472E+06   0.343726E+06  -0.829968E-02   0.174708E+06   0.174682E+06   0.257743E-01
   0.344444E+00   0.350321E+06   0.348064E+06   0.775212E-01  -0.904501E-01   0.140182E+06   0.335436E+06   0.349942E+06   0.335436E+06  -0.809995E-02   0.174925E+06   0.174899E+06   0.249025E-01
   0.349598E+00   0.342407E+06   0.340201E+06   0.694462E-01  -0.861095E-01   0.135474E+06   0.327752E+06   0.342037E+06   0.327752E+06  -0.791221E-02   0.166880E+06   0.166855E+06   0.239485E-01
   0.354752E+00   0.334989E+06   0.332846E+06   0.694249E-01  -0.814986E-01   0.131031E+06   0.320549E+06   0.334629E+06   0.320549E+06  -0.774195E-02   0.166720E+06   0.166695E+06   0.229476E-01
   0.359906E+00   0.328074E+06   0.325998E+06   0.631258E-01  -0.780533E-01   0.126918E+06   0.313838E+06   0.327725E+06   0.313838E+06  -0.757518E-02   0.160520E+06   0.160496E+06   0.219503E-01
   0.365060E+00   0.321372E+06   0.319363E+06   0.621227E-01  -0.738566E-01   0.122917E+06   0.307333E+06   0.321034E+06   0.307333E+06  -0.742353E-02   0.159067E+06   0.159044E+06   0.210060E-01
   0.370215E+00   0.314949E+06   0.313000E+06   0.578567E-01  -0.709365E-01   0.119163E+06   0.301105E+06   0.314622E+06   0.301105E+06  -0.726745E-02   0.154945E+06   0.154923E+06   0.201520E-01
   0.375369E+00   0.308508E+06   0.306609E+06   0.555413E-01  -0.671437E-01   0.115414E+06   0.294858E+06   0.308189E+06   0.294858E+06  -0.712219E-02   0.151735E+06   0.151713E+06   0.194044E-01
   0.380523E+00   0.302198E+06   0.300339E+06   0.531469E-01  -0.644729E-01   0.111850E+06   0.288744E+06   0.301886E+06   0.288744E+06  -0.696944E-02   0.149493E+06   0.149471E+06   0.187599E-01
   0.385677E+00   0.295840E+06   0.294011E+06   0.496944E-01  -0.611162E-01   0.108284E+06   0.282583E+06   0.295533E+06   0.282583E+06  -0.682508E-02   0.144680E+06   0.144659E+06   0.181980E-01
   0.390831E+00   0.289647E+06   0.287843E+06   0.487285E-01  -0.585752E-01   0.104894E+06   0.276588E+06   0.289344E+06   0.276588E+06  -0.667688E-02   0.143870E+06   0.143850E+06   0.176906E-01
   0.395985E+00   0.283557E+06   0.281775E+06   0.446673E-01  -0.557113E-01   0.101573E+06   0.270693E+06   0.283258E+06   0.270693E+06  -0.653690E-02   0.138159E+06   0.138138E+06   0.172079E-01
   0.401139E+00   0.277717E+06   0.275959E+06   0.445393E-01  -0.532892E-01   0.984295E+05   0.265043E+06   0.277422E+06   0.265043E+06  -0.639926E-02   0.138177E+06   0.138156E+06   0.167262E-01
   0.406293E+00   0.272109E+06   0.270379E+06   0.404908E-01  -0.509203E-01   0.954189E+05   0.259619E+06   0.271818E+06   0.259619E+06  -0.626841E-02   0.132452E+06   0.132432E+06   0.162316E-01
   0.411447E+00   0.266761E+06   0.265062E+06   0.405902E-01  -0.486335E-01   0.925547E+05   0.254448E+06   0.266476E+06   0.254448E+06  -0.614445E-02   0.132583E+06   0.132564E+06   0.157216E-01
   0.416601E+00   0.261695E+06   0.260032E+06   0.370760E-01  -0.466913E-01   0.898572E+05   0.249552E+06   0.261416E+06   0.249552E+06  -0.602445E-02   0.127614E+06   0.127595E+06   0.152032E-01
   0.421755E+00   0.256824E+06   0.255199E+06   0.369068E-01  -0.445594E-01   0.872538E+05   0.244843E+06   0.256551E+06   0.244843E+06  -0.591323E-02   0.127197E+06   0.127179E+06   0.146888E-01
   0.426910E+00   0.252179E+06   0.250592E+06   0.342447E-01  -0.429268E-01   0.848073E+05   0.240356E+06   0.251912E+06   0.240356E+06  -0.580194E-02   0.123455E+06   0.123437E+06   0.141922E-01
   0.432064E+00   0.247607E+06   0.246056E+06   0.335036E-01  -0.409582E-01   0.823951E+05   0.235939E+06   0.247347E+06   0.235939E+06  -0.569850E-02   0.122013E+06   0.121996E+06   0.137247E-01
   0.437218E+00   0.243190E+06   0.241671E+06   0.317852E-01  -0.395134E-01   0.801178E+05   0.231676E+06   0.242935E+06   0.231676E+06  -0.559231E-02   0.119634E+06   0.119617E+06   0.132932E-01
   0.442372E+00   0.238797E+06   0.237306E+06   0.304093E-01  -0.377275E-01   0.778521E+05   0.227433E+06   0.238547E+06   0.227433E+06  -0.549295E-02   0.117041E+06   0.117023E+06   0.128987E-01
   0.447526E+00   0.234528E+06   0.233062E+06   0.295343E-01  -0.363878E-01   0.757042E+05   0.223315E+06   0.234282E+06   0.223315E+06  -0.539080E-02   0.115890E+06   0.115873E+06   0.125372E-01
   0.452680E+00   0.230285E+06   0.228842E+06   0.276669E-01  -0.348060E-01   0.735734E+05   0.219222E+06   0.230043E+06   0.219222E+06  -0.529417E-02   0.112371E+06   0.112354E+06   0.122009E-01
   0.457834E+00   0.226166E+06   0.224744E+06   0.273933E-01  -0.335274E-01   0.715455E+05   0.215251E+06   0.225928E+06   0.215251E+06  -0.519669E-02   0.112088E+06   0.112072E+06   0.118813E-01
   0.462988E+00   0.222136E+06   0.220735E+06   0.253052E-01  -0.321625E-01   0.695655E+05   0.211366E+06   0.221901E+06   0.211366E+06  -0.510384E-02   0.108129E+06   0.108113E+06   0.115707E-01
   0.468142E+00   0.218251E+06   0.216870E+06   0.253305E-01  -0.309374E-01   0.676752E+05   0.207622E+06   0.218019E+06   0.207622E+06  -0.501313E-02   0.108242E+06   0.108226E+06   0.112641E-01
   0.473296E+00   0.214498E+06   0.213139E+06   0.233199E-01  -0.297802E-01   0.658592E+05   0.204006E+06   0.214270E+06   0.204006E+06  -0.492550E-02   0.104410E+06   0.104395E+06   0.109588E-01
   0.478450E+00   0.210864E+06   0.209528E+06   0.233477E-01  -0.286120E-01   0.641053E+05   0.200506E+06   0.210639E+06   0.200506E+06  -0.484187E-02   0.104405E+06   0.104390E+06   0.106553E-01
   0.483605E+00   0.207370E+06   0.206058E+06   0.216558E-01  -0.276264E-01   0.624385E+05   0.197142E+06   0.207150E+06   0.197142E+06  -0.475930E-02   0.101170E+06   0.101155E+06   0.103563E-01
   0.488759E+00   0.203960E+06   0.202672E+06   0.214632E-01  -0.265254E-01   0.608076E+05   0.193859E+06   0.203744E+06   0.193859E+06  -0.468173E-02   0.100625E+06   0.100610E+06   0.100655E-01
   0.493913E+00   0.200679E+06   0.199414E+06   0.202316E-01  -0.256652E-01   0.592659E+05   0.190702E+06   0.200466E+06   0.190702E+06  -0.460358E-02   0.982795E+05   0.982650E+05   0.978631E-02
   0.499067E+00   0.197440E+06   0.196197E+06   0.197055E-01  -0.246441E-01   0.577389E+05   0.187584E+06   0.197231E+06   0.187584E+06  -0.453031E-02   0.969586E+05   0.969444E+05   0.952087E-02
   0.504221E+00   0.194302E+06   0.193080E+06   0.189596E-01  -0.238631E-01   0.562930E+05   0.184566E+06   0.194096E+06   0.184566E+06  -0.445550E-02   0.955643E+05   0.955503E+05   0.927015E-02
   0.509375E+00   0.191190E+06   0.189988E+06   0.181041E-01  -0.229344E-01   0.548558E+05   0.181574E+06   0.190988E+06   0.181574E+06  -0.438501E-02   0.934646E+05   0.934508E+05   0.903340E-02
   0.514529E+00   0.188172E+06   0.186988E+06   0.177699E-01  -0.222007E-01   0.534913E+05   0.178673E+06   0.187974E+06   0.178673E+06  -0.431348E-02   0.928839E+05   0.928703E+05   0.880904E-02
   0.519683E+00   0.185195E+06   0.184028E+06   0.166864E-01  -0.213752E-01   0.521442E+05   0.175812E+06   0.184999E+06   0.175812E+06  -0.424553E-02   0.902288E+05   0.902154E+05   0.859449E-02
   0.524837E+00   0.182304E+06   0.181153E+06   0.166215E-01  -0.206716E-01   0.508567E+05   0.173033E+06   0.182110E+06   0.173033E+06  -0.417769E-02   0.901689E+05   0.901557E+05   0.838734E-02
   0.529991E+00   0.179472E+06   0.178337E+06   0.154623E-01  -0.199504E-01   0.496002E+05   0.170313E+06   0.179281E+06   0.170313E+06  -0.411235E-02   0.873126E+05   0.872996E+05   0.818551E-02
   0.535145E+00   0.176719E+06   0.175601E+06   0.154980E-01  -0.192718E-01   0.483887E+05   0.167670E+06   0.176532E+06   0.167670E+06  -0.404859E-02   0.874028E+05   0.873900E+05   0.798789E-02
   0.540300E+00   0.174048E+06   0.172947E+06   0.144210E-01  -0.186468E-01   0.472229E+05   0.165105E+06   0.173863E+06   0.165105E+06  -0.398623E-02   0.847335E+05   0.847209E+05   0.779411E-02
   0.545454E+00   0.171440E+06   0.170356E+06   0.144046E-01  -0.179965E-01   0.460858E+05   0.162602E+06   0.171258E+06   0.162602E+06  -0.392655E-02   0.846165E+05   0.846041E+05   0.760444E-02
   0.550608E+00   0.168915E+06   0.167847E+06   0.135315E-01  -0.174495E-01   0.450012E+05   0.160178E+06   0.168735E+06   0.160178E+06  -0.386701E-02   0.824443E+05   0.824321E+05   0.741958E-02
   0.555762E+00   0.166430E+06   0.165378E+06   0.133565E-01  -0.168338E-01   0.439308E+05   0.157794E+06   0.166253E+06   0.157794E+06  -0.381064E-02   0.818512E+05   0.818391E+05   0.724037E-02
   0.560916E+00   0.164026E+06   0.162990E+06   0.127509E-01  -0.163436E-01   0.429155E+05   0.155488E+06   0.163852E+06   0.155488E+06  -0.375368E-02   0.803500E+05   0.803381E+05   0.706763E-02
   0.566070E+00   0.161652E+06   0.160631E+06   0.123758E-01  -0.157715E-01   0.419075E+05   0.153211E+06   0.161481E+06   0.153211E+06  -0.369999E-02   0.791695E+05   0.791578E+05   0.690167E-02
   0.571224E+00   0.159349E+06   0.158343E+06   0.120374E-01  -0.153184E-01   0.409509E+05   0.151004E+06   0.159180E+06   0.151004E+06  -0.364549E-02   0.783506E+05   0.783390E+05   0.674247E-02
   0.576378E+00   0.157071E+06   0.156079E+06   0.114835E-01  -0.147970E-01   0.400007E+05   0.148820E+06   0.156904E+06   0.148820E+06  -0.359379E-02   0.766355E+05   0.766241E+05   0.658950E-02
   0.581532E+00   0.154855E+06   0.153877E+06   0.113568E-01  -0.143664E-01   0.390947E+05   0.146697E+06   0.154691E+06   0.146697E+06  -0.354170E-02   0.763576E+05   0.763464E+05   0.644219E-02
   0.586686E+00   0.152674E+06   0.151709E+06   0.106936E-01  -0.139001E-01   0.382020E+05   0.144607E+06   0.152512E+06   0.144607E+06  -0.349183E-02   0.743048E+05   0.742937E+05   0.629976E-02
   0.591840E+00   0.150550E+06   0.149598E+06   0.106899E-01  -0.134848E-01   0.373441E+05   0.142573E+06   0.150391E+06   0.142573E+06  -0.344239E-02   0.743277E+05   0.743167E+05   0.616153E-02
   0.596995E+00   0.148470E+06   0.147530E+06   0.100095E-01  -0.130729E-01   0.365077E+05   0.140580E+06   0.148312E+06   0.140580E+06  -0.339433E-02   0.722106E+05   0.721998E+05   0.602689E-02
   0.602149E+00   0.146434E+06   0.145507E+06   0.100304E-01  -0.126707E-01   0.356946E+05   0.138631E+06   0.146279E+06   0.138631E+06  -0.334748E-02   0.722492E+05   0.722386E+05   0.589553E-02
   0.607303E+00   0.144451E+06   0.143537E+06   0.942136E-02  -0.123069E-01   0.349113E+05   0.136733E+06   0.144298E+06   0.136733E+06  -0.330120E-02   0.703423E+05   0.703318E+05   0.576737E-02
   0.612457E+00   0.142505E+06   0.141602E+06   0.938381E-02  -0.119205E-01   0.341417E+05   0.134870E+06   0.142353E+06   0.134870E+06  -0.325684E-02   0.701454E+05   0.701351E+05   0.564250E-02
   0.659749E+00   0.126458E+06   0.125657E+06   0.714328E-02  -0.915622E-02   0.280550E+05   0.119528E+06   0.126323E+06   0.119528E+06  -0.288587E-02   0.622748E+05   0.622656E+05   0.465743E-02
   0.710693E+00   0.112135E+06   0.111424E+06   0.531033E-02  -0.700733E-02   0.229758E+05   0.105858E+06   0.112016E+06   0.105858E+06  -0.255618E-02   0.546102E+05   0.546020E+05   0.384282E-02
   0.765571E+00   0.993935E+05   0.987628E+05   0.402110E-02  -0.536989E-02   0.187670E+05   0.937191E+05   0.992876E+05   0.937191E+05  -0.226291E-02   0.483130E+05   0.483057E+05   0.317092E-02
   0.895965E+00   0.768572E+05   0.763688E+05   0.229415E-02  -0.304922E-02   0.121157E+05   0.723036E+05   0.767752E+05   0.723036E+05  -0.174571E-02   0.376511E+05   0.376455E+05   0.210986E-02
   0.125042E+01   0.442348E+05   0.439529E+05   0.661812E-03  -0.908671E-03   0.460343E+04   0.414499E+05   0.441874E+05   0.414499E+05  -0.100086E-02   0.215540E+05   0.215507E+05   0.890201E-03
   0.174510E+01   0.252246E+05   0.250635E+05   0.191960E-03  -0.267913E-03   0.166435E+04   0.235701E+05   0.251976E+05   0.235701E+05  -0.569118E-03   0.122932E+05   0.122912E+05   0.379124E-03
   0.243548E+01   0.142624E+05   0.141711E+05   0.548655E-04  -0.781578E-04   0.575314E+03   0.133016E+05   0.142471E+05   0.133016E+05  -0.321172E-03   0.692613E+04   0.692492E+04   0.165595E-03
