#          k/h    CDM            baryon         photon         nu             mass_nu        total          no_nu          total_de       Weyl           v_CDM          v_b            v_b-v_c     
   0.102076E-04   0.201576E+08   0.201576E+08   0.268633E+08   0.268629E+08   0.201577E+08   0.201577E+08   0.201576E+08   0.201644E+08  -0.449128E+00   0.966311E+07   0.966311E+07   0.588003E+01
   0.112819E-04   0.201576E+08   0.201576E+08   0.268602E+08   0.268597E+08   0.201577E+08   0.201576E+08   0.201576E+08   0.201643E+08  -0.449127E+00   0.966312E+07   0.966312E+07   0.649868E+01
   0.124693E-04   0.201576E+08   0.201576E+08   0.268565E+08   0.268559E+08   0.201576E+08   0.201576E+08   0.201576E+08   0.201643E+08  -0.449127E+00   0.966314E+07   0.966314E+07   0.718237E+01
   0.137816E-04   0.201575E+08   0.201575E+08   0.268519E+08   0.268512E+08   0.201576E+08   0.201575E+08   0.201575E+08   0.201642E+08  -0.449127E+00   0.966315E+07   0.966315E+07   0.793792E+01
   0.152321E-04   0.201574E+08   0.201574E+08   0.268463E+08   0.268455E+08   0.201575E+08   0.201574E+08   0.201574E+08   0.201641E+08  -0.449126E+00   0.966317E+07   0.966317E+07   0.877286E+01
   0.168352E-04   0.201573E+08   0.201573E+08   0.268395E+08   0.268384E+08   0.201574E+08   0.201573E+08   0.201573E+08   0.201640E+08  -0.449126E+00   0.966320E+07   0.966320E+07   0.969551E+01
   0.186070E-04   0.201572E+08   0.201572E+08   0.268312E+08   0.268299E+08   0.201573E+08   0.201572E+08   0.201572E+08   0.201639E+08  -0.449125E+00   0.966323E+07   0.966323E+07   0.107150E+02
   0.205653E-04   0.201570E+08   0.201570E+08   0.268210E+08   0.268194E+08   0.201571E+08   0.201571E+08   0.201570E+08   0.201638E+08  -0.449125E+00   0.966327E+07   0.966327E+07   0.118415E+02
   0.227297E-04   0.201569E+08   0.201569E+08   0.268086E+08   0.268066E+08   0.201570E+08   0.201569E+08   0.201569E+08   0.201636E+08  -0.449124E+00   0.966332E+07   0.966332E+07   0.130862E+02
   0.251219E-04   0.201567E+08   0.201566E+08   0.267935E+08   0.267910E+08   0.201567E+08   0.201567E+08   0.201567E+08   0.201634E+08  -0.449123E+00   0.966337E+07   0.966337E+07   0.144613E+02
   0.277659E-04   0.201564E+08   0.201564E+08   0.267749E+08   0.267720E+08   0.201565E+08   0.201564E+08   0.201564E+08   0.201631E+08  -0.449121E+00   0.966344E+07   0.966344E+07   0.159803E+02
   0.306881E-04   0.201561E+08   0.201561E+08   0.267524E+08   0.267488E+08   0.201562E+08   0.201561E+08   0.201561E+08   0.201628E+08  -0.449120E+00   0.966353E+07   0.966353E+07   0.176582E+02
   0.339179E-04   0.201557E+08   0.201557E+08   0.267248E+08   0.267204E+08   0.201558E+08   0.201557E+08   0.201557E+08   0.201624E+08  -0.449118E+00   0.966363E+07   0.966363E+07   0.195113E+02
   0.374876E-04   0.201552E+08   0.201552E+08   0.266911E+08   0.266858E+08   0.201553E+08   0.201552E+08   0.201552E+08   0.201619E+08  -0.449115E+00   0.966376E+07   0.966376E+07   0.215575E+02
   0.414330E-04   0.201546E+08   0.201546E+08   0.266501E+08   0.266436E+08   0.201547E+08   0.201546E+08   0.201546E+08   0.201613E+08  -0.449112E+00   0.966391E+07   0.966391E+07   0.238165E+02
   0.457936E-04   0.201539E+08   0.201539E+08   0.266000E+08   0.265921E+08   0.201540E+08   0.201539E+08   0.201539E+08   0.201605E+08  -0.449109E+00   0.966410E+07   0.966410E+07   0.263099E+02
   0.506132E-04   0.201530E+08   0.201530E+08   0.265390E+08   0.265293E+08   0.201531E+08   0.201530E+08   0.201530E+08   0.201597E+08  -0.449104E+00   0.966433E+07   0.966432E+07   0.290611E+02
   0.559400E-04   0.201520E+08   0.201519E+08   0.264646E+08   0.264528E+08   0.201520E+08   0.201520E+08   0.201520E+08   0.201586E+08  -0.449099E+00   0.966461E+07   0.966460E+07   0.320957E+02
   0.618274E-04   0.201507E+08   0.201506E+08   0.263740E+08   0.263596E+08   0.201507E+08   0.201507E+08   0.201507E+08   0.201572E+08  -0.449092E+00   0.966494E+07   0.966494E+07   0.354413E+02
   0.683345E-04   0.201491E+08   0.201490E+08   0.262637E+08   0.262462E+08   0.201492E+08   0.201491E+08   0.201491E+08   0.201556E+08  -0.449084E+00   0.966535E+07   0.966534E+07   0.391277E+02
   0.755264E-04   0.201471E+08   0.201471E+08   0.261296E+08   0.261082E+08   0.201472E+08   0.201471E+08   0.201471E+08   0.201537E+08  -0.449073E+00   0.966584E+07   0.966583E+07   0.431869E+02
   0.834752E-04   0.201448E+08   0.201448E+08   0.259665E+08   0.259406E+08   0.201449E+08   0.201448E+08   0.201448E+08   0.201513E+08  -0.449060E+00   0.966644E+07   0.966642E+07   0.476529E+02
   0.922605E-04   0.201419E+08   0.201419E+08   0.257687E+08   0.257372E+08   0.201420E+08   0.201419E+08   0.201419E+08   0.201484E+08  -0.449044E+00   0.966715E+07   0.966714E+07   0.525615E+02
   0.101971E-03   0.201384E+08   0.201384E+08   0.255289E+08   0.254907E+08   0.201385E+08   0.201384E+08   0.201384E+08   0.201448E+08  -0.449024E+00   0.966801E+07   0.966800E+07   0.579499E+02
   0.112702E-03   0.201342E+08   0.201341E+08   0.252388E+08   0.251926E+08   0.201343E+08   0.201342E+08   0.201342E+08   0.201405E+08  -0.448998E+00   0.966904E+07   0.966902E+07   0.638559E+02
   0.124564E-03   0.201291E+08   0.201290E+08   0.248885E+08   0.248327E+08   0.201291E+08   0.201291E+08   0.201291E+08   0.201353E+08  -0.448966E+00   0.967026E+07   0.967023E+07   0.703171E+02
   0.137674E-03   0.201228E+08   0.201227E+08   0.244668E+08   0.243995E+08   0.201229E+08   0.201228E+08   0.201228E+08   0.201289E+08  -0.448925E+00   0.967169E+07   0.967166E+07   0.773696E+02
   0.152163E-03   0.201153E+08   0.201151E+08   0.239606E+08   0.238798E+08   0.201153E+08   0.201153E+08   0.201153E+08   0.201212E+08  -0.448873E+00   0.967337E+07   0.967334E+07   0.850460E+02
   0.168178E-03   0.201062E+08   0.201060E+08   0.233555E+08   0.232588E+08   0.201062E+08   0.201061E+08   0.201061E+08   0.201120E+08  -0.448807E+00   0.967532E+07   0.967528E+07   0.933724E+02
   0.185878E-03   0.200952E+08   0.200950E+08   0.226356E+08   0.225204E+08   0.200952E+08   0.200951E+08   0.200951E+08   0.201008E+08  -0.448721E+00   0.967755E+07   0.967749E+07   0.102366E+03
   0.205440E-03   0.200819E+08   0.200817E+08   0.217842E+08   0.216478E+08   0.200819E+08   0.200819E+08   0.200819E+08   0.200873E+08  -0.448611E+00   0.968006E+07   0.967999E+07   0.112028E+03
   0.227062E-03   0.200661E+08   0.200658E+08   0.207848E+08   0.206242E+08   0.200661E+08   0.200661E+08   0.200661E+08   0.200712E+08  -0.448468E+00   0.968281E+07   0.968272E+07   0.122342E+03
   0.250959E-03   0.200472E+08   0.200469E+08   0.196221E+08   0.194348E+08   0.200472E+08   0.200472E+08   0.200472E+08   0.200520E+08  -0.448283E+00   0.968574E+07   0.968564E+07   0.133264E+03
   0.277372E-03   0.200248E+08   0.200244E+08   0.182847E+08   0.180685E+08   0.200247E+08   0.200247E+08   0.200247E+08   0.200293E+08  -0.448043E+00   0.968873E+07   0.968861E+07   0.144712E+03
   0.306564E-03   0.199983E+08   0.199978E+08   0.167674E+08   0.165211E+08   0.199982E+08   0.199982E+08   0.199982E+08   0.200024E+08  -0.447733E+00   0.969160E+07   0.969146E+07   0.156562E+03
   0.338828E-03   0.199673E+08   0.199667E+08   0.150757E+08   0.147996E+08   0.199671E+08   0.199672E+08   0.199672E+08   0.199710E+08  -0.447335E+00   0.969406E+07   0.969389E+07   0.168633E+03
   0.374488E-03   0.199313E+08   0.199305E+08   0.132299E+08   0.129266E+08   0.199310E+08   0.199311E+08   0.199311E+08   0.199344E+08  -0.446830E+00   0.969575E+07   0.969554E+07   0.180681E+03
   0.413901E-03   0.198898E+08   0.198889E+08   0.112701E+08   0.109452E+08   0.198894E+08   0.198896E+08   0.198896E+08   0.198924E+08  -0.446196E+00   0.969617E+07   0.969593E+07   0.192388E+03
   0.457462E-03   0.198425E+08   0.198414E+08   0.925975E+07   0.892275E+07   0.198420E+08   0.198423E+08   0.198423E+08   0.198446E+08  -0.445414E+00   0.969478E+07   0.969450E+07   0.203366E+03
   0.505608E-03   0.197894E+08   0.197881E+08   0.728662E+07   0.695090E+07   0.197888E+08   0.197891E+08   0.197891E+08   0.197909E+08  -0.444470E+00   0.969096E+07   0.969064E+07   0.213164E+03
   0.558821E-03   0.197304E+08   0.197289E+08   0.545741E+07   0.513998E+07   0.197296E+08   0.197301E+08   0.197301E+08   0.197314E+08  -0.443357E+00   0.968415E+07   0.968378E+07   0.221285E+03
   0.617635E-03   0.196659E+08   0.196641E+08   0.388405E+07   0.360358E+07   0.196650E+08   0.196655E+08   0.196656E+08   0.196665E+08  -0.442080E+00   0.967389E+07   0.967347E+07   0.227234E+03
   0.682638E-03   0.195964E+08   0.195944E+08   0.265930E+07   0.243273E+07   0.195953E+08   0.195960E+08   0.195960E+08   0.195966E+08  -0.440656E+00   0.965992E+07   0.965944E+07   0.230564E+03
   0.754482E-03   0.195226E+08   0.195203E+08   0.182531E+07   0.166284E+07   0.195212E+08   0.195221E+08   0.195222E+08   0.195226E+08  -0.439108E+00   0.964220E+07   0.964168E+07   0.230945E+03
   0.833888E-03   0.194452E+08   0.194426E+08   0.134576E+07   0.124582E+07   0.194435E+08   0.194447E+08   0.194447E+08   0.194450E+08  -0.437460E+00   0.962090E+07   0.962033E+07   0.228218E+03
   0.921651E-03   0.193649E+08   0.193620E+08   0.110200E+07   0.104867E+07   0.193628E+08   0.193643E+08   0.193644E+08   0.193645E+08  -0.435735E+00   0.959629E+07   0.959568E+07   0.222423E+03
   0.101865E-02   0.192822E+08   0.192790E+08   0.933559E+06   0.899878E+06   0.192795E+08   0.192815E+08   0.192816E+08   0.192817E+08  -0.433946E+00   0.956865E+07   0.956800E+07   0.213781E+03
   0.112586E-02   0.191972E+08   0.191938E+08   0.721894E+06   0.680343E+06   0.191941E+08   0.191965E+08   0.191967E+08   0.191967E+08  -0.432098E+00   0.953819E+07   0.953751E+07   0.202631E+03
   0.124435E-02   0.191101E+08   0.191065E+08   0.467569E+06   0.403605E+06   0.191062E+08   0.191093E+08   0.191095E+08   0.191094E+08  -0.430191E+00   0.950502E+07   0.950431E+07   0.189372E+03
   0.137531E-02   0.190205E+08   0.190166E+08   0.273755E+06   0.192337E+06   0.190157E+08   0.190195E+08   0.190198E+08   0.190196E+08  -0.428218E+00   0.946910E+07   0.946838E+07   0.174470E+03
   0.152006E-02   0.189277E+08   0.189238E+08   0.207549E+06   0.124942E+06   0.189218E+08   0.189267E+08   0.189271E+08   0.189268E+08  -0.426169E+00   0.943031E+07   0.942958E+07   0.158529E+03
   0.168004E-02   0.188311E+08   0.188272E+08   0.188304E+06  -0.233402E+06   0.188239E+08   0.188300E+08   0.188305E+08   0.188300E+08  -0.424026E+00   0.938842E+07   0.938771E+07   0.142335E+03
   0.185685E-02   0.187297E+08   0.187257E+08   0.109786E+06  -0.189035E+06   0.187208E+08   0.187284E+08   0.187290E+08   0.187284E+08  -0.421769E+00   0.934307E+07   0.934236E+07   0.126732E+03
   0.205228E-02   0.186222E+08   0.186182E+08   0.367097E+05  -0.153186E+06   0.186114E+08   0.186208E+08   0.186215E+08   0.186208E+08  -0.419371E+00   0.929380E+07   0.929311E+07   0.112423E+03
   0.226827E-02   0.185073E+08   0.185033E+08   0.452596E+05  -0.124175E+06   0.184942E+08   0.185058E+08   0.185066E+08   0.185058E+08  -0.416802E+00   0.924008E+07   0.923940E+07   0.998906E+02
   0.250700E-02   0.183836E+08   0.183795E+08   0.296786E+05  -0.100670E+06   0.183677E+08   0.183819E+08   0.183829E+08   0.183819E+08  -0.414029E+00   0.918128E+07   0.918061E+07   0.893563E+02
   0.277085E-02   0.182495E+08   0.182453E+08   0.342875E+04  -0.816074E+05   0.182301E+08   0.182475E+08   0.182488E+08   0.182475E+08  -0.411017E+00   0.911670E+07   0.911603E+07   0.806202E+02
   0.306246E-02   0.181032E+08   0.180988E+08   0.104903E+05  -0.661352E+05   0.180797E+08   0.181009E+08   0.181025E+08   0.181009E+08  -0.407728E+00   0.904556E+07   0.904489E+07   0.731413E+02
   0.338478E-02   0.179430E+08   0.179383E+08  -0.727181E+04  -0.535706E+05   0.179146E+08   0.179403E+08   0.179422E+08   0.179403E+08  -0.404120E+00   0.896703E+07   0.896636E+07   0.663248E+02
   0.374101E-02   0.177669E+08   0.177619E+08  -0.537064E+04  -0.433637E+05   0.177326E+08   0.177637E+08   0.177660E+08   0.177637E+08  -0.400152E+00   0.888021E+07   0.887954E+07   0.597925E+02
   0.413473E-02   0.175729E+08   0.175676E+08  -0.693335E+04  -0.350710E+05   0.175316E+08   0.175692E+08   0.175720E+08   0.175692E+08  -0.395776E+00   0.878414E+07   0.878347E+07   0.536012E+02
   0.456989E-02   0.173588E+08   0.173532E+08  -0.632904E+04  -0.283338E+05   0.173092E+08   0.173545E+08   0.173579E+08   0.173545E+08  -0.390946E+00   0.867778E+07   0.867712E+07   0.480413E+02
   0.505085E-02   0.171225E+08   0.171164E+08  -0.289964E+04  -0.228613E+05   0.170631E+08   0.171175E+08   0.171215E+08   0.171175E+08  -0.385611E+00   0.856005E+07   0.855939E+07   0.432391E+02
   0.558243E-02   0.168617E+08   0.168550E+08  -0.323827E+04  -0.184180E+05   0.167907E+08   0.168557E+08   0.168606E+08   0.168557E+08  -0.379718E+00   0.842983E+07   0.842918E+07   0.389849E+02
   0.616996E-02   0.165739E+08   0.165665E+08  -0.319995E+04  -0.148124E+05   0.164896E+08   0.165669E+08   0.165727E+08   0.165669E+08  -0.373216E+00   0.828597E+07   0.828532E+07   0.350394E+02
   0.681932E-02   0.162569E+08   0.162487E+08  -0.383809E+04  -0.118886E+05   0.161572E+08   0.162487E+08   0.162555E+08   0.162487E+08  -0.366049E+00   0.812730E+07   0.812665E+07   0.314560E+02
   0.753702E-02   0.159082E+08   0.158990E+08  -0.370412E+04  -0.952015E+04   0.157909E+08   0.158987E+08   0.159067E+08   0.158987E+08  -0.358165E+00   0.795263E+07   0.795199E+07   0.283146E+02
   0.833025E-02   0.155256E+08   0.155152E+08  -0.200467E+04  -0.760369E+04   0.153885E+08   0.155145E+08   0.155238E+08   0.155145E+08  -0.349512E+00   0.776082E+07   0.776019E+07   0.254839E+02
   0.920698E-02   0.151068E+08   0.150950E+08  -0.390684E+04  -0.605515E+04   0.149477E+08   0.150940E+08   0.151048E+08   0.150940E+08  -0.340040E+00   0.755082E+07   0.755018E+07   0.229331E+02
   0.101760E-01   0.146500E+08   0.146366E+08  -0.236015E+04  -0.480601E+04   0.144668E+08   0.146353E+08   0.146478E+08   0.146353E+08  -0.329707E+00   0.732166E+07   0.732103E+07   0.206756E+02
   0.112469E-01   0.141537E+08   0.141383E+08  -0.232442E+04  -0.380035E+04   0.139444E+08   0.141368E+08   0.141511E+08   0.141368E+08  -0.318478E+00   0.707260E+07   0.707197E+07   0.186495E+02
   0.124306E-01   0.136167E+08   0.135990E+08  -0.202750E+04  -0.299259E+04   0.133797E+08   0.135976E+08   0.136137E+08   0.135976E+08  -0.306330E+00   0.680312E+07   0.680250E+07   0.168519E+02
   0.137389E-01   0.130387E+08   0.130184E+08  -0.167994E+04  -0.234554E+04   0.127727E+08   0.130171E+08   0.130353E+08   0.130171E+08  -0.293255E+00   0.651305E+07   0.651242E+07   0.152474E+02
   0.151849E-01   0.124201E+08   0.123969E+08  -0.106206E+04  -0.182884E+04   0.121242E+08   0.123960E+08   0.124162E+08   0.123960E+08  -0.279263E+00   0.620259E+07   0.620197E+07   0.138180E+02
   0.167830E-01   0.117742E+08   0.117477E+08  -0.103748E+04  -0.141917E+04   0.114478E+08   0.117475E+08   0.117697E+08   0.117475E+08  -0.264652E+00   0.587843E+07   0.587780E+07   0.125469E+02
   0.185493E-01   0.110820E+08   0.110520E+08  -0.767058E+03  -0.109342E+04   0.107258E+08   0.110527E+08   0.110770E+08   0.110527E+08  -0.249001E+00   0.553114E+07   0.553050E+07   0.113925E+02
   0.205016E-01   0.103584E+08   0.103246E+08  -0.463692E+03  -0.836623E+03   0.997350E+07   0.103265E+08   0.103527E+08   0.103265E+08  -0.232640E+00   0.516809E+07   0.516746E+07   0.103382E+02
   0.226592E-01   0.960165E+07   0.956417E+07  -0.410947E+03  -0.634846E+03   0.919083E+07   0.956738E+07   0.959536E+07   0.956738E+07  -0.215539E+00   0.478860E+07   0.478797E+07   0.935444E+01
   0.250440E-01   0.883708E+07   0.879606E+07  -0.310148E+03  -0.478332E+03   0.840327E+07   0.880067E+07   0.883019E+07   0.880066E+07  -0.198266E+00   0.440529E+07   0.440465E+07   0.842422E+01
   0.276798E-01   0.807498E+07   0.803096E+07  -0.197900E+03  -0.357832E+03   0.762165E+07   0.803675E+07   0.806759E+07   0.803675E+07  -0.181056E+00   0.402335E+07   0.402273E+07   0.752081E+01
   0.305930E-01   0.732156E+07   0.727547E+07  -0.222659E+03  -0.265632E+03   0.685253E+07   0.728192E+07   0.731382E+07   0.728192E+07  -0.164051E+00   0.364595E+07   0.364534E+07   0.662158E+01
   0.338127E-01   0.659638E+07   0.654963E+07  -0.149903E+03  -0.195953E+03   0.611516E+07   0.655580E+07   0.658853E+07   0.655580E+07  -0.147692E+00   0.328288E+07   0.328230E+07   0.571409E+01
   0.373714E-01   0.592236E+07   0.587676E+07  -0.977402E+02  -0.144063E+03   0.543165E+07   0.588130E+07   0.591470E+07   0.588130E+07  -0.132497E+00   0.294562E+07   0.294508E+07   0.479831E+01
   0.413045E-01   0.532091E+07   0.527856E+07  -0.696790E+02  -0.105999E+03   0.482039E+07   0.527968E+07   0.531380E+07   0.527968E+07  -0.118943E+00   0.264480E+07   0.264432E+07   0.388957E+01
   0.454350E-01   0.481561E+07   0.477831E+07   0.526947E+02  -0.793281E+02   0.430756E+07   0.477465E+07   0.480935E+07   0.477465E+07  -0.107566E+00   0.239231E+07   0.239189E+07   0.305501E+01
   0.495654E-01   0.442227E+07   0.439087E+07   0.405734E+02  -0.612536E+02   0.390556E+07   0.438163E+07   0.441700E+07   0.438163E+07  -0.987118E-01   0.219585E+07   0.219550E+07   0.235701E+01
   0.536959E-01   0.410802E+07   0.408252E+07   0.320458E+02  -0.485189E+02   0.358173E+07   0.406764E+07   0.410374E+07   0.406764E+07  -0.916380E-01   0.203893E+07   0.203864E+07   0.180109E+01
   0.578264E-01   0.384497E+07   0.382467E+07   0.258062E+02  -0.391859E+02   0.330940E+07   0.380476E+07   0.384156E+07   0.380476E+07  -0.857157E-01   0.190757E+07   0.190733E+07   0.138395E+01
   0.619568E-01   0.361380E+07   0.359750E+07   0.210818E+02  -0.321072E+02   0.307044E+07   0.357367E+07   0.361106E+07   0.357367E+07  -0.805097E-01   0.179210E+07   0.179190E+07   0.109364E+01
   0.660873E-01   0.339732E+07   0.338358E+07   0.173791E+02  -0.265481E+02   0.284922E+07   0.335727E+07   0.339501E+07   0.335727E+07  -0.756344E-01   0.168395E+07   0.168377E+07   0.909472E+00
   0.702177E-01   0.318535E+07   0.317277E+07   0.143997E+02  -0.220646E+02   0.263667E+07   0.314544E+07   0.318324E+07   0.314544E+07  -0.708622E-01   0.157805E+07   0.157788E+07   0.806391E+00
   0.743482E-01   0.297735E+07   0.296474E+07   0.119759E+02  -0.184076E+02   0.243234E+07   0.293769E+07   0.297524E+07   0.293769E+07  -0.661819E-01   0.147416E+07   0.147399E+07   0.758520E+00
   0.784786E-01   0.276996E+07   0.275654E+07   0.997454E+01  -0.153794E+02   0.223333E+07   0.273075E+07   0.276771E+07   0.273075E+07  -0.615199E-01   0.137062E+07   0.137045E+07   0.740200E+00
   0.826091E-01   0.257112E+07   0.255654E+07   0.833442E+01  -0.128908E+02   0.204593E+07   0.253252E+07   0.256867E+07   0.253252E+07  -0.570540E-01   0.127141E+07   0.127123E+07   0.731490E+00
   0.867395E-01   0.238631E+07   0.237064E+07   0.699822E+01  -0.108580E+02   0.187411E+07   0.234844E+07   0.238368E+07   0.234844E+07  -0.529069E-01   0.117926E+07   0.117907E+07   0.717531E+00
   0.918936E-01   0.218204E+07   0.216563E+07   0.568365E+01  -0.885252E+01   0.168599E+07   0.214517E+07   0.217929E+07   0.214517E+07  -0.483276E-01   0.107749E+07   0.107730E+07   0.680220E+00
   0.970477E-01   0.201236E+07   0.199617E+07   0.468564E+01  -0.732576E+01   0.153001E+07   0.197647E+07   0.200964E+07   0.197647E+07  -0.445270E-01   0.993020E+06   0.992840E+06   0.617519E+00
   0.102202E+00   0.187877E+07   0.186378E+07   0.393336E+01  -0.617242E+01   0.140587E+07   0.184372E+07   0.187625E+07   0.184372E+07  -0.415364E-01   0.926572E+06   0.926407E+06   0.535789E+00
   0.107356E+00   0.177642E+07   0.176333E+07   0.336159E+01  -0.529430E+01   0.130853E+07   0.174201E+07   0.177422E+07   0.174201E+07  -0.392451E-01   0.875689E+06   0.875545E+06   0.446900E+00
   0.112510E+00   0.169531E+07   0.168439E+07   0.291346E+01  -0.460489E+01   0.122948E+07   0.166139E+07   0.169348E+07   0.166139E+07  -0.374288E-01   0.835378E+06   0.835256E+06   0.363456E+00
   0.117664E+00   0.162447E+07   0.161552E+07   0.254607E+01  -0.403840E+01   0.116002E+07   0.159095E+07   0.162297E+07   0.159095E+07  -0.358419E-01   0.800167E+06   0.800063E+06   0.295276E+00
   0.122818E+00   0.155532E+07   0.154782E+07   0.223169E+01  -0.355220E+01   0.109366E+07   0.152222E+07   0.155406E+07   0.152222E+07  -0.342935E-01   0.765795E+06   0.765703E+06   0.247429E+00
   0.127972E+00   0.148290E+07   0.147616E+07   0.195472E+01  -0.312225E+01   0.102684E+07   0.145030E+07   0.148176E+07   0.145030E+07  -0.326732E-01   0.729797E+06   0.729712E+06   0.219859E+00
   0.133126E+00   0.140580E+07   0.139918E+07   0.170781E+01  -0.273741E+01   0.958645E+06   0.137384E+07   0.140469E+07   0.137384E+07  -0.309507E-01   0.691495E+06   0.691412E+06   0.208383E+00
   0.138280E+00   0.132566E+07   0.131869E+07   0.148857E+01  -0.239433E+01   0.890289E+06   0.129446E+07   0.132449E+07   0.129446E+07  -0.291624E-01   0.651703E+06   0.651618E+06   0.206526E+00
   0.143435E+00   0.124602E+07   0.123851E+07   0.129684E+01  -0.209314E+01   0.824173E+06   0.121567E+07   0.124476E+07   0.121567E+07  -0.273874E-01   0.612186E+06   0.612097E+06   0.207537E+00
   0.148589E+00   0.117117E+07   0.116319E+07   0.113277E+01  -0.183457E+01   0.763051E+06   0.114170E+07   0.116983E+07   0.114170E+07  -0.257208E-01   0.575073E+06   0.574981E+06   0.206042E+00
   0.153743E+00   0.110503E+07   0.109686E+07   0.995726E+00  -0.161802E+01   0.709271E+06   0.107638E+07   0.110366E+07   0.107638E+07  -0.242494E-01   0.542303E+06   0.542211E+06   0.198985E+00
   0.158897E+00   0.104988E+07   0.104188E+07   0.883449E+00  -0.144027E+01   0.663982E+06   0.102195E+07   0.104854E+07   0.102195E+07  -0.230230E-01   0.514996E+06   0.514908E+06   0.185796E+00
   0.164051E+00   0.100550E+07   0.998008E+06   0.791898E+00  -0.129513E+01   0.626686E+06   0.978135E+06   0.100425E+07   0.978135E+06  -0.220360E-01   0.493031E+06   0.492949E+06   0.167904E+00
   0.169205E+00   0.969575E+06   0.962815E+06   0.716171E+00  -0.117494E+01   0.595618E+06   0.942657E+06   0.968440E+06   0.942657E+06  -0.212367E-01   0.475256E+06   0.475181E+06   0.147916E+00
   0.174359E+00   0.938985E+06   0.933030E+06   0.651749E+00  -0.107253E+01   0.568619E+06   0.912441E+06   0.937985E+06   0.912441E+06  -0.205560E-01   0.460124E+06   0.460057E+06   0.128697E+00
   0.179513E+00   0.910717E+06   0.905482E+06   0.595058E+00  -0.982203E+00   0.543705E+06   0.884517E+06   0.909838E+06   0.884517E+06  -0.199269E-01   0.446140E+06   0.446079E+06   0.112571E+00
   0.184667E+00   0.882156E+06   0.877447E+06   0.543476E+00  -0.899782E+00   0.519219E+06   0.856321E+06   0.881365E+06   0.856321E+06  -0.192917E-01   0.432012E+06   0.431956E+06   0.100817E+00
   0.189821E+00   0.851551E+06   0.847123E+06   0.495421E+00  -0.822675E+00   0.494184E+06   0.826145E+06   0.850808E+06   0.826145E+06  -0.186119E-01   0.416877E+06   0.416824E+06   0.935443E-01
   0.194975E+00   0.818584E+06   0.814212E+06   0.450383E+00  -0.750110E+00   0.468420E+06   0.793685E+06   0.817850E+06   0.793685E+06  -0.178806E-01   0.400583E+06   0.400530E+06   0.899069E-01
   0.200130E+00   0.784304E+06   0.779830E+06   0.408654E+00  -0.682621E+00   0.442566E+06   0.759972E+06   0.783553E+06   0.759972E+06  -0.171211E-01   0.383647E+06   0.383594E+06   0.884939E-01
   0.205284E+00   0.750331E+06   0.745694E+06   0.370728E+00  -0.621078E+00   0.417544E+06   0.726592E+06   0.749553E+06   0.726592E+06  -0.163691E-01   0.366873E+06   0.366819E+06   0.877638E-01
   0.210438E+00   0.718192E+06   0.713423E+06   0.336929E+00  -0.566079E+00   0.394174E+06   0.695039E+06   0.717392E+06   0.695039E+06  -0.156582E-01   0.351012E+06   0.350958E+06   0.864311E-01
   0.215592E+00   0.689094E+06   0.684291E+06   0.307341E+00  -0.517826E+00   0.373055E+06   0.666487E+06   0.688287E+06   0.666487E+06  -0.150150E-01   0.336660E+06   0.336606E+06   0.837255E-01
   0.220746E+00   0.663774E+06   0.659067E+06   0.281798E+00  -0.476103E+00   0.354503E+06   0.641651E+06   0.662984E+06   0.641651E+06  -0.144555E-01   0.324178E+06   0.324126E+06   0.794699E-01
   0.225900E+00   0.642268E+06   0.637776E+06   0.259847E+00  -0.440206E+00   0.338436E+06   0.620554E+06   0.641514E+06   0.620554E+06  -0.139802E-01   0.313580E+06   0.313530E+06   0.739901E-01
   0.231054E+00   0.623883E+06   0.619686E+06   0.240809E+00  -0.409037E+00   0.324396E+06   0.602516E+06   0.623179E+06   0.602516E+06  -0.135738E-01   0.304523E+06   0.304476E+06   0.679210E-01
   0.236208E+00   0.607522E+06   0.603647E+06   0.223950E+00  -0.381394E+00   0.311740E+06   0.586462E+06   0.606872E+06   0.586462E+06  -0.132121E-01   0.296464E+06   0.296420E+06   0.619843E-01
   0.241362E+00   0.592062E+06   0.588482E+06   0.208641E+00  -0.356239E+00   0.299843E+06   0.571294E+06   0.591461E+06   0.571294E+06  -0.128704E-01   0.288850E+06   0.288809E+06   0.567921E-01
   0.246516E+00   0.576577E+06   0.573223E+06   0.194415E+00  -0.332797E+00   0.288211E+06   0.556110E+06   0.576014E+06   0.556110E+06  -0.125284E-01   0.281224E+06   0.281185E+06   0.527120E-01
   0.251670E+00   0.560488E+06   0.557275E+06   0.180990E+00  -0.310601E+00   0.276549E+06   0.540349E+06   0.559948E+06   0.540349E+06  -0.121733E-01   0.273303E+06   0.273266E+06   0.498201E-01
   0.256825E+00   0.543670E+06   0.540517E+06   0.168268E+00  -0.289493E+00   0.264803E+06   0.523891E+06   0.543140E+06   0.523891E+06  -0.118025E-01   0.265026E+06   0.264989E+06   0.479351E-01
   0.261979E+00   0.526436E+06   0.523285E+06   0.156293E+00  -0.269559E+00   0.253130E+06   0.507043E+06   0.525907E+06   0.507043E+06  -0.114229E-01   0.256548E+06   0.256511E+06   0.467112E-01
   0.267133E+00   0.509338E+06   0.506163E+06   0.145167E+00  -0.250984E+00   0.241794E+06   0.490339E+06   0.508805E+06   0.490339E+06  -0.110466E-01   0.248139E+06   0.248102E+06   0.457501E-01
   0.272287E+00   0.492941E+06   0.489748E+06   0.134977E+00  -0.233932E+00   0.231054E+06   0.474331E+06   0.492405E+06   0.474331E+06  -0.106860E-01   0.240079E+06   0.240043E+06   0.447027E-01
   0.277441E+00   0.477698E+06   0.474518E+06   0.125763E+00  -0.218480E+00   0.221102E+06   0.459456E+06   0.477164E+06   0.459456E+06  -0.103509E-01   0.232589E+06   0.232553E+06   0.433418E-01
   0.282595E+00   0.463876E+06   0.460752E+06   0.117505E+00  -0.204611E+00   0.212034E+06   0.445971E+06   0.463351E+06   0.445971E+06  -0.100471E-01   0.225800E+06   0.225765E+06   0.415910E-01
   0.287749E+00   0.451510E+06   0.448484E+06   0.110125E+00  -0.192200E+00   0.203835E+06   0.433909E+06   0.451002E+06   0.433909E+06  -0.977534E-02   0.219728E+06   0.219694E+06   0.395121E-01
   0.292903E+00   0.440400E+06   0.437503E+06   0.103498E+00  -0.181040E+00   0.196385E+06   0.423072E+06   0.439914E+06   0.423072E+06  -0.953121E-02   0.214275E+06   0.214242E+06   0.372607E-01
   0.298057E+00   0.430187E+06   0.427429E+06   0.974745E-01  -0.170882E+00   0.189499E+06   0.413111E+06   0.429724E+06   0.413111E+06  -0.930680E-02   0.209263E+06   0.209231E+06   0.350280E-01
   0.303211E+00   0.420467E+06   0.417841E+06   0.919145E-01  -0.161486E+00   0.182980E+06   0.403633E+06   0.420026E+06   0.403633E+06  -0.909327E-02   0.204493E+06   0.204463E+06   0.329865E-01
   0.308365E+00   0.410897E+06   0.408382E+06   0.867082E-01  -0.152668E+00   0.176668E+06   0.394305E+06   0.410474E+06   0.394305E+06  -0.888313E-02   0.199798E+06   0.199769E+06   0.312502E-01
   0.313520E+00   0.401259E+06   0.398825E+06   0.817848E-01  -0.144307E+00   0.170464E+06   0.384917E+06   0.400850E+06   0.384917E+06  -0.867164E-02   0.195071E+06   0.195043E+06   0.298575E-01
   0.318674E+00   0.391486E+06   0.389105E+06   0.771120E-01  -0.136349E+00   0.164337E+06   0.375405E+06   0.391086E+06   0.375405E+06  -0.845734E-02   0.190278E+06   0.190251E+06   0.287748E-01
   0.323828E+00   0.381647E+06   0.379295E+06   0.726868E-01  -0.128792E+00   0.158315E+06   0.365835E+06   0.381252E+06   0.365835E+06  -0.824173E-02   0.185454E+06   0.185427E+06   0.279172E-01
   0.328982E+00   0.371903E+06   0.369567E+06   0.685231E-01  -0.121665E+00   0.152462E+06   0.356362E+06   0.371510E+06   0.356362E+06  -0.802832E-02   0.180679E+06   0.180652E+06   0.271771E-01
   0.334136E+00   0.362450E+06   0.360131E+06   0.646387E-01  -0.115001E+00   0.146853E+06   0.347178E+06   0.362061E+06   0.347178E+06  -0.782142E-02   0.176047E+06   0.176021E+06   0.264534E-01
   0.339290E+00   0.353467E+06   0.351172E+06   0.610447E-01  -0.108824E+00   0.141554E+06   0.338453E+06   0.353081E+06   0.338453E+06  -0.762485E-02   0.171647E+06   0.171621E+06   0.256738E-01
   0.344444E+00   0.345061E+06   0.342803E+06   0.577384E-01  -0.103132E+00   0.136597E+06   0.330291E+06   0.344682E+06   0.330291E+06  -0.744098E-02   0.167531E+06   0.167505E+06   0.248058E-01
   0.349598E+00   0.337250E+06   0.335045E+06   0.547017E-01  -0.978964E-01   0.131980E+06   0.322710E+06   0.336880E+06   0.322710E+06  -0.727019E-02   0.163708E+06   0.163683E+06   0.238554E-01
   0.354752E+00   0.329975E+06   0.327831E+06   0.519050E-01  -0.930681E-01   0.127667E+06   0.315649E+06   0.329615E+06   0.315649E+06  -0.711111E-02   0.160147E+06   0.160123E+06   0.228580E-01
   0.359906E+00   0.323123E+06   0.321048E+06   0.493143E-01  -0.885884E-01   0.123607E+06   0.309001E+06   0.322775E+06   0.309001E+06  -0.696135E-02   0.156795E+06   0.156772E+06   0.218637E-01
   0.365060E+00   0.316570E+06   0.314562E+06   0.468962E-01  -0.843999E-01   0.119743E+06   0.302645E+06   0.316233E+06   0.302645E+06  -0.681815E-02   0.153590E+06   0.153567E+06   0.209224E-01
   0.370215E+00   0.310195E+06   0.308246E+06   0.446215E-01  -0.804524E-01   0.116025E+06   0.296462E+06   0.309868E+06   0.296462E+06  -0.667886E-02   0.150471E+06   0.150449E+06   0.200711E-01
   0.375369E+00   0.303902E+06   0.302003E+06   0.424678E-01  -0.767069E-01   0.112413E+06   0.290362E+06   0.303583E+06   0.290362E+06  -0.654144E-02   0.147394E+06   0.147372E+06   0.193264E-01
   0.380523E+00   0.297640E+06   0.295781E+06   0.404206E-01  -0.731390E-01   0.108884E+06   0.284296E+06   0.297328E+06   0.284296E+06  -0.640478E-02   0.144333E+06   0.144312E+06   0.186843E-01
   0.385677E+00   0.291419E+06   0.289590E+06   0.384749E-01  -0.697405E-01   0.105441E+06   0.278272E+06   0.291112E+06   0.278272E+06  -0.626906E-02   0.141292E+06   0.141271E+06   0.181251E-01
   0.390831E+00   0.285288E+06   0.283484E+06   0.366313E-01  -0.665137E-01   0.102099E+06   0.272337E+06   0.284985E+06   0.272337E+06  -0.613536E-02   0.138295E+06   0.138274E+06   0.176201E-01
   0.395985E+00   0.279312E+06   0.277531E+06   0.348922E-01  -0.634641E-01   0.988790E+05   0.266556E+06   0.279013E+06   0.266556E+06  -0.600512E-02   0.135376E+06   0.135355E+06   0.171398E-01
   0.401139E+00   0.273548E+06   0.271791E+06   0.332579E-01  -0.605934E-01   0.957969E+05   0.260981E+06   0.273253E+06   0.260981E+06  -0.587952E-02   0.132560E+06   0.132540E+06   0.166604E-01
   0.406293E+00   0.268028E+06   0.266298E+06   0.317261E-01  -0.578986E-01   0.928603E+05   0.255643E+06   0.267737E+06   0.255643E+06  -0.575928E-02   0.129864E+06   0.129844E+06   0.161679E-01
   0.411447E+00   0.262767E+06   0.261069E+06   0.302924E-01  -0.553725E-01   0.900708E+05   0.250559E+06   0.262482E+06   0.250559E+06  -0.564473E-02   0.127296E+06   0.127276E+06   0.156599E-01
   0.416601E+00   0.257764E+06   0.256101E+06   0.289505E-01  -0.530047E-01   0.874230E+05   0.245724E+06   0.257485E+06   0.245724E+06  -0.553580E-02   0.124853E+06   0.124834E+06   0.151434E-01
   0.421755E+00   0.252987E+06   0.251362E+06   0.276914E-01  -0.507800E-01   0.849028E+05   0.241109E+06   0.252714E+06   0.241109E+06  -0.543184E-02   0.122522E+06   0.122504E+06   0.146309E-01
   0.426910E+00   0.248387E+06   0.246800E+06   0.265049E-01  -0.486801E-01   0.824894E+05   0.236666E+06   0.248120E+06   0.236666E+06  -0.533174E-02   0.120277E+06   0.120259E+06   0.141360E-01
   0.432064E+00   0.243912E+06   0.242361E+06   0.253813E-01  -0.466885E-01   0.801635E+05   0.232346E+06   0.243652E+06   0.232346E+06  -0.523442E-02   0.118095E+06   0.118077E+06   0.136702E-01
   0.437218E+00   0.239534E+06   0.238015E+06   0.243141E-01  -0.447936E-01   0.779124E+05   0.228119E+06   0.239278E+06   0.228119E+06  -0.513919E-02   0.115959E+06   0.115941E+06   0.132402E-01
   0.442372E+00   0.235234E+06   0.233744E+06   0.232986E-01  -0.429874E-01   0.757292E+05   0.223970E+06   0.234984E+06   0.223970E+06  -0.504573E-02   0.113862E+06   0.113845E+06   0.128473E-01
   0.447526E+00   0.231005E+06   0.229540E+06   0.223312E-01  -0.412637E-01   0.736092E+05   0.219891E+06   0.230759E+06   0.219891E+06  -0.495382E-02   0.111799E+06   0.111783E+06   0.124873E-01
   0.452680E+00   0.226846E+06   0.225403E+06   0.214094E-01  -0.396185E-01   0.715509E+05   0.215881E+06   0.226604E+06   0.215881E+06  -0.486349E-02   0.109772E+06   0.109756E+06   0.121524E-01
   0.457834E+00   0.222775E+06   0.221353E+06   0.205323E-01  -0.380505E-01   0.695579E+05   0.211957E+06   0.222536E+06   0.211957E+06  -0.477508E-02   0.107787E+06   0.107771E+06   0.118342E-01
   0.462988E+00   0.218815E+06   0.217414E+06   0.197000E-01  -0.365602E-01   0.676362E+05   0.208141E+06   0.218580E+06   0.208141E+06  -0.468912E-02   0.105858E+06   0.105842E+06   0.115250E-01
   0.468142E+00   0.214985E+06   0.213604E+06   0.189115E-01  -0.351463E-01   0.657893E+05   0.204451E+06   0.214753E+06   0.204451E+06  -0.460599E-02   0.103991E+06   0.103975E+06   0.112196E-01
   0.473296E+00   0.211286E+06   0.209927E+06   0.181649E-01  -0.338057E-01   0.640162E+05   0.200889E+06   0.211058E+06   0.200889E+06  -0.452574E-02   0.102189E+06   0.102174E+06   0.109155E-01
   0.478450E+00   0.207714E+06   0.206379E+06   0.174574E-01  -0.325336E-01   0.623133E+05   0.197450E+06   0.207490E+06   0.197450E+06  -0.444826E-02   0.100449E+06   0.100434E+06   0.106133E-01
   0.483605E+00   0.204261E+06   0.202950E+06   0.167865E-01  -0.313256E-01   0.606766E+05   0.194127E+06   0.204041E+06   0.194127E+06  -0.437339E-02   0.987681E+05   0.987532E+05   0.103154E-01
   0.488759E+00   0.200918E+06   0.199630E+06   0.161494E-01  -0.301770E-01   0.591014E+05   0.190909E+06   0.200702E+06   0.190909E+06  -0.430091E-02   0.971403E+05   0.971256E+05   0.100257E-01
   0.493913E+00   0.197669E+06   0.196405E+06   0.155433E-01  -0.290827E-01   0.575817E+05   0.187784E+06   0.197457E+06   0.187784E+06  -0.423050E-02   0.955586E+05   0.955442E+05   0.974751E-02
   0.499067E+00   0.194497E+06   0.193255E+06   0.149652E-01  -0.280375E-01   0.561110E+05   0.184733E+06   0.194288E+06   0.184733E+06  -0.416176E-02   0.940145E+05   0.940003E+05   0.948311E-02
   0.504221E+00   0.191389E+06   0.190167E+06   0.144128E-01  -0.270374E-01   0.546843E+05   0.181744E+06   0.191183E+06   0.181744E+06  -0.409442E-02   0.925017E+05   0.924877E+05   0.923332E-02
   0.509375E+00   0.188340E+06   0.187138E+06   0.138847E-01  -0.260796E-01   0.532996E+05   0.178813E+06   0.188138E+06   0.178813E+06  -0.402841E-02   0.910184E+05   0.910046E+05   0.899756E-02
   0.514529E+00   0.185354E+06   0.184170E+06   0.133797E-01  -0.251627E-01   0.519564E+05   0.175944E+06   0.185155E+06   0.175944E+06  -0.396376E-02   0.895654E+05   0.895519E+05   0.877408E-02
   0.519683E+00   0.182433E+06   0.181265E+06   0.128971E-01  -0.242851E-01   0.506543E+05   0.173137E+06   0.182237E+06   0.173137E+06  -0.390052E-02   0.881442E+05   0.881308E+05   0.856044E-02
   0.524837E+00   0.179577E+06   0.178427E+06   0.124358E-01  -0.234452E-01   0.493929E+05   0.170394E+06   0.179384E+06   0.170394E+06  -0.383874E-02   0.867553E+05   0.867422E+05   0.835412E-02
   0.529991E+00   0.176792E+06   0.175657E+06   0.119952E-01  -0.226419E-01   0.481721E+05   0.167719E+06   0.176601E+06   0.167719E+06  -0.377848E-02   0.854006E+05   0.853877E+05   0.815313E-02
   0.535145E+00   0.174081E+06   0.172963E+06   0.115747E-01  -0.218741E-01   0.469923E+05   0.165117E+06   0.173893E+06   0.165117E+06  -0.371985E-02   0.840824E+05   0.840697E+05   0.795630E-02
   0.540300E+00   0.171446E+06   0.170345E+06   0.111733E-01  -0.211405E-01   0.458530E+05   0.162589E+06   0.171261E+06   0.162589E+06  -0.366289E-02   0.828017E+05   0.827891E+05   0.776329E-02
   0.545454E+00   0.168884E+06   0.167800E+06   0.107901E-01  -0.204390E-01   0.447520E+05   0.160130E+06   0.168702E+06   0.160130E+06  -0.360750E-02   0.815563E+05   0.815439E+05   0.757436E-02
   0.550608E+00   0.166388E+06   0.165320E+06   0.104236E-01  -0.197676E-01   0.436868E+05   0.157735E+06   0.166208E+06   0.157735E+06  -0.355355E-02   0.803428E+05   0.803306E+05   0.739021E-02
   0.555762E+00   0.163951E+06   0.162899E+06   0.100729E-01  -0.191242E-01   0.426549E+05   0.155398E+06   0.163774E+06   0.155398E+06  -0.350090E-02   0.791588E+05   0.791468E+05   0.721170E-02
   0.560916E+00   0.161571E+06   0.160536E+06   0.973710E-02  -0.185072E-01   0.416548E+05   0.153117E+06   0.161398E+06   0.153117E+06  -0.344950E-02   0.780025E+05   0.779907E+05   0.703961E-02
   0.566070E+00   0.159245E+06   0.158224E+06   0.941523E-02  -0.179152E-01   0.406848E+05   0.150886E+06   0.159073E+06   0.150886E+06  -0.339925E-02   0.768722E+05   0.768605E+05   0.687432E-02
   0.571224E+00   0.156966E+06   0.155960E+06   0.910641E-02  -0.173466E-01   0.397427E+05   0.148702E+06   0.156797E+06   0.148702E+06  -0.335004E-02   0.757652E+05   0.757537E+05   0.671573E-02
   0.576378E+00   0.154731E+06   0.153739E+06   0.880991E-02  -0.167999E-01   0.388271E+05   0.146561E+06   0.154565E+06   0.146561E+06  -0.330180E-02   0.746798E+05   0.746684E+05   0.656339E-02
   0.581532E+00   0.152541E+06   0.151563E+06   0.852522E-02  -0.162743E-01   0.379375E+05   0.144463E+06   0.152377E+06   0.144463E+06  -0.325454E-02   0.736163E+05   0.736051E+05   0.641665E-02
   0.586686E+00   0.150399E+06   0.149434E+06   0.825200E-02  -0.157694E-01   0.370739E+05   0.142411E+06   0.150237E+06   0.142411E+06  -0.320831E-02   0.725758E+05   0.725648E+05   0.627480E-02
   0.591840E+00   0.148304E+06   0.147352E+06   0.798979E-02  -0.152842E-01   0.362359E+05   0.140405E+06   0.148144E+06   0.140405E+06  -0.316312E-02   0.715587E+05   0.715478E+05   0.613712E-02
   0.596995E+00   0.146255E+06   0.145316E+06   0.773807E-02  -0.148179E-01   0.354225E+05   0.138444E+06   0.146097E+06   0.138444E+06  -0.311893E-02   0.705642E+05   0.705534E+05   0.600303E-02
   0.602149E+00   0.144252E+06   0.143325E+06   0.749635E-02  -0.143696E-01   0.346330E+05   0.136526E+06   0.144096E+06   0.136526E+06  -0.307574E-02   0.695918E+05   0.695812E+05   0.587218E-02
   0.607303E+00   0.142295E+06   0.141380E+06   0.726425E-02  -0.139387E-01   0.338669E+05   0.134653E+06   0.142141E+06   0.134653E+06  -0.303354E-02   0.686419E+05   0.686314E+05   0.574453E-02
   0.612457E+00   0.140383E+06   0.139481E+06   0.704130E-02  -0.135245E-01   0.331236E+05   0.132824E+06   0.140231E+06   0.132824E+06  -0.299234E-02   0.677142E+05   0.677038E+05   0.562015E-02
   0.659749E+00   0.124572E+06   0.123771E+06   0.237175E-02  -0.133446E-01   0.271983E+05   0.117713E+06   0.124438E+06   0.117713E+06  -0.257251E-02   0.600469E+05   0.600377E+05   0.463895E-02
   0.710693E+00   0.110468E+06   0.109757E+06   0.494773E-02  -0.705497E-02   0.222645E+05   0.104257E+06   0.110348E+06   0.104257E+06  -0.237613E-02   0.532140E+05   0.532058E+05   0.382756E-02
   0.765571E+00   0.979154E+05   0.972849E+05   0.264049E-02  -0.652155E-02   0.181744E+05   0.923022E+05   0.978095E+05   0.923022E+05  -0.206341E-02   0.471353E+05   0.471280E+05   0.315825E-02
   0.895965E+00   0.757151E+05   0.752268E+05   0.925278E-04  -0.507433E-02   0.117184E+05   0.712130E+05   0.756331E+05   0.712130E+05  -0.152423E-02   0.364076E+05   0.364019E+05   0.210138E-02
   0.125042E+01   0.435800E+05   0.432981E+05   0.189380E-02   0.370033E-03   0.444301E+04   0.408293E+05   0.435326E+05   0.408293E+05  -0.105345E-02   0.209130E+05   0.209097E+05   0.886557E-03
   0.174510E+01   0.248518E+05   0.246907E+05   0.405429E-03  -0.400841E-04   0.160323E+04   0.232189E+05   0.248248E+05   0.232189E+05  -0.571900E-03   0.119094E+05   0.119074E+05   0.377518E-03
   0.243548E+01   0.140519E+05   0.139605E+05   0.462271E-04  -0.829883E-04   0.553267E+03   0.131041E+05   0.140365E+05   0.131041E+05  -0.297012E-03   0.672789E+04   0.672669E+04   0.164850E-03
