   0.107196E-04   0.180735E+08   0.180735E+08   0.240858E+08   0.240854E+08   0.180736E+08   0.180735E+08   0.180735E+08   0.180795E+08  -0.626064E+00   0.110623E+08   0.110623E+08   0.545153E+01
   0.118408E-04   0.180735E+08   0.180735E+08   0.240831E+08   0.240826E+08   0.180736E+08   0.180735E+08   0.180735E+08   0.180795E+08  -0.626067E+00   0.110624E+08   0.110624E+08   0.602157E+01
   0.130793E-04   0.180735E+08   0.180735E+08   0.240798E+08   0.240793E+08   0.180736E+08   0.180735E+08   0.180735E+08   0.180796E+08  -0.626070E+00   0.110625E+08   0.110625E+08   0.665117E+01
   0.144474E-04   0.180735E+08   0.180735E+08   0.240758E+08   0.240752E+08   0.180736E+08   0.180735E+08   0.180735E+08   0.180796E+08  -0.626074E+00   0.110626E+08   0.110626E+08   0.734655E+01
   0.159585E-04   0.180736E+08   0.180736E+08   0.240710E+08   0.240701E+08   0.180736E+08   0.180736E+08   0.180736E+08   0.180796E+08  -0.626079E+00   0.110627E+08   0.110627E+08   0.811454E+01
   0.176278E-04   0.180736E+08   0.180736E+08   0.240650E+08   0.240640E+08   0.180737E+08   0.180736E+08   0.180736E+08   0.180796E+08  -0.626085E+00   0.110628E+08   0.110628E+08   0.896272E+01
   0.194716E-04   0.180736E+08   0.180736E+08   0.240578E+08   0.240565E+08   0.180737E+08   0.180736E+08   0.180736E+08   0.180796E+08  -0.626093E+00   0.110630E+08   0.110630E+08   0.989941E+01
   0.215083E-04   0.180736E+08   0.180736E+08   0.240489E+08   0.240474E+08   0.180737E+08   0.180736E+08   0.180736E+08   0.180796E+08  -0.626102E+00   0.110632E+08   0.110632E+08   0.109338E+02
   0.237580E-04   0.180737E+08   0.180737E+08   0.240381E+08   0.240363E+08   0.180738E+08   0.180737E+08   0.180737E+08   0.180797E+08  -0.626113E+00   0.110634E+08   0.110634E+08   0.120760E+02
   0.262431E-04   0.180737E+08   0.180737E+08   0.240250E+08   0.240228E+08   0.180738E+08   0.180737E+08   0.180737E+08   0.180797E+08  -0.626127E+00   0.110638E+08   0.110638E+08   0.133372E+02
   0.289880E-04   0.180738E+08   0.180738E+08   0.240090E+08   0.240063E+08   0.180738E+08   0.180738E+08   0.180738E+08   0.180798E+08  -0.626144E+00   0.110641E+08   0.110641E+08   0.147296E+02
   0.320201E-04   0.180738E+08   0.180738E+08   0.239894E+08   0.239861E+08   0.180739E+08   0.180738E+08   0.180738E+08   0.180798E+08  -0.626164E+00   0.110646E+08   0.110646E+08   0.162668E+02
   0.353693E-04   0.180739E+08   0.180739E+08   0.239656E+08   0.239616E+08   0.180740E+08   0.180739E+08   0.180739E+08   0.180799E+08  -0.626189E+00   0.110652E+08   0.110652E+08   0.179635E+02
   0.390689E-04   0.180740E+08   0.180740E+08   0.239365E+08   0.239316E+08   0.180741E+08   0.180740E+08   0.180740E+08   0.180800E+08  -0.626220E+00   0.110659E+08   0.110659E+08   0.198361E+02
   0.431554E-04   0.180741E+08   0.180741E+08   0.239011E+08   0.238952E+08   0.180742E+08   0.180741E+08   0.180741E+08   0.180801E+08  -0.626257E+00   0.110667E+08   0.110667E+08   0.219023E+02
   0.476694E-04   0.180742E+08   0.180742E+08   0.238580E+08   0.238507E+08   0.180743E+08   0.180742E+08   0.180742E+08   0.180802E+08  -0.626302E+00   0.110677E+08   0.110677E+08   0.241817E+02
   0.526555E-04   0.180744E+08   0.180744E+08   0.238055E+08   0.237966E+08   0.180745E+08   0.180744E+08   0.180744E+08   0.180804E+08  -0.626357E+00   0.110690E+08   0.110690E+08   0.266954E+02
   0.581631E-04   0.180746E+08   0.180746E+08   0.237416E+08   0.237308E+08   0.180747E+08   0.180746E+08   0.180746E+08   0.180806E+08  -0.626424E+00   0.110705E+08   0.110705E+08   0.294667E+02
   0.642469E-04   0.180749E+08   0.180749E+08   0.236638E+08   0.236506E+08   0.180750E+08   0.180749E+08   0.180749E+08   0.180808E+08  -0.626506E+00   0.110724E+08   0.110724E+08   0.325206E+02
   0.709670E-04   0.180752E+08   0.180752E+08   0.235692E+08   0.235532E+08   0.180753E+08   0.180752E+08   0.180752E+08   0.180811E+08  -0.626606E+00   0.110747E+08   0.110747E+08   0.358842E+02
   0.783900E-04   0.180756E+08   0.180755E+08   0.234543E+08   0.234349E+08   0.180756E+08   0.180756E+08   0.180756E+08   0.180814E+08  -0.626728E+00   0.110774E+08   0.110774E+08   0.395864E+02
   0.865894E-04   0.180760E+08   0.180760E+08   0.233148E+08   0.232912E+08   0.180761E+08   0.180760E+08   0.180760E+08   0.180818E+08  -0.626876E+00   0.110808E+08   0.110808E+08   0.436582E+02
   0.956464E-04   0.180766E+08   0.180765E+08   0.231457E+08   0.231170E+08   0.180767E+08   0.180766E+08   0.180766E+08   0.180824E+08  -0.627057E+00   0.110849E+08   0.110849E+08   0.481322E+02
   0.105651E-03   0.180773E+08   0.180772E+08   0.229409E+08   0.229062E+08   0.180773E+08   0.180773E+08   0.180773E+08   0.180830E+08  -0.627277E+00   0.110899E+08   0.110899E+08   0.530424E+02
   0.116702E-03   0.180781E+08   0.180780E+08   0.226934E+08   0.226514E+08   0.180782E+08   0.180781E+08   0.180781E+08   0.180838E+08  -0.627544E+00   0.110960E+08   0.110960E+08   0.584236E+02
   0.128908E-03   0.180791E+08   0.180791E+08   0.223948E+08   0.223441E+08   0.180792E+08   0.180791E+08   0.180791E+08   0.180847E+08  -0.627870E+00   0.111034E+08   0.111034E+08   0.643106E+02
   0.142392E-03   0.180804E+08   0.180803E+08   0.220356E+08   0.219745E+08   0.180804E+08   0.180804E+08   0.180804E+08   0.180859E+08  -0.628265E+00   0.111124E+08   0.111124E+08   0.707372E+02
   0.157286E-03   0.180819E+08   0.180818E+08   0.216047E+08   0.215314E+08   0.180820E+08   0.180819E+08   0.180819E+08   0.180873E+08  -0.628745E+00   0.111234E+08   0.111233E+08   0.777344E+02
   0.173738E-03   0.180838E+08   0.180837E+08   0.210898E+08   0.210021E+08   0.180838E+08   0.180838E+08   0.180838E+08   0.180891E+08  -0.629328E+00   0.111366E+08   0.111366E+08   0.853282E+02
   0.191910E-03   0.180861E+08   0.180859E+08   0.204774E+08   0.203730E+08   0.180861E+08   0.180861E+08   0.180861E+08   0.180912E+08  -0.630033E+00   0.111527E+08   0.111526E+08   0.935369E+02
   0.211984E-03   0.180890E+08   0.180887E+08   0.197534E+08   0.196296E+08   0.180890E+08   0.180889E+08   0.180889E+08   0.180939E+08  -0.630886E+00   0.111721E+08   0.111721E+08   0.102367E+03
   0.234157E-03   0.180924E+08   0.180922E+08   0.189032E+08   0.187574E+08   0.180924E+08   0.180924E+08   0.180924E+08   0.180971E+08  -0.631915E+00   0.111956E+08   0.111955E+08   0.111808E+03
   0.258649E-03   0.180967E+08   0.180964E+08   0.179135E+08   0.177434E+08   0.180966E+08   0.180967E+08   0.180967E+08   0.181011E+08  -0.633155E+00   0.112238E+08   0.112237E+08   0.121827E+03
   0.285703E-03   0.181020E+08   0.181015E+08   0.167739E+08   0.165772E+08   0.181018E+08   0.181019E+08   0.181019E+08   0.181061E+08  -0.634643E+00   0.112577E+08   0.112576E+08   0.132361E+03
   0.315587E-03   0.181084E+08   0.181079E+08   0.154789E+08   0.152542E+08   0.181083E+08   0.181083E+08   0.181083E+08   0.181122E+08  -0.636423E+00   0.112983E+08   0.112981E+08   0.143308E+03
   0.348597E-03   0.181164E+08   0.181158E+08   0.140315E+08   0.137787E+08   0.181162E+08   0.181163E+08   0.181163E+08   0.181198E+08  -0.638543E+00   0.113466E+08   0.113464E+08   0.154520E+03
   0.385059E-03   0.181262E+08   0.181255E+08   0.124466E+08   0.121676E+08   0.181260E+08   0.181261E+08   0.181261E+08   0.181292E+08  -0.641055E+00   0.114038E+08   0.114037E+08   0.165788E+03
   0.425335E-03   0.181384E+08   0.181375E+08   0.107557E+08   0.104550E+08   0.181380E+08   0.181382E+08   0.181383E+08   0.181409E+08  -0.644012E+00   0.114713E+08   0.114711E+08   0.176844E+03
   0.469825E-03   0.181535E+08   0.181524E+08   0.900954E+07   0.869504E+07   0.181530E+08   0.181533E+08   0.181533E+08   0.181555E+08  -0.647467E+00   0.115501E+08   0.115499E+08   0.187351E+03
   0.518967E-03   0.181721E+08   0.181709E+08   0.728005E+07   0.696338E+07   0.181716E+08   0.181719E+08   0.181719E+08   0.181737E+08  -0.651464E+00   0.116414E+08   0.116411E+08   0.196909E+03
   0.573250E-03   0.181953E+08   0.181939E+08   0.565663E+07   0.535304E+07   0.181946E+08   0.181950E+08   0.181950E+08   0.181964E+08  -0.656037E+00   0.117459E+08   0.117456E+08   0.205072E+03
   0.633211E-03   0.182240E+08   0.182223E+08   0.423604E+07   0.396314E+07   0.182231E+08   0.182236E+08   0.182237E+08   0.182247E+08  -0.661197E+00   0.118640E+08   0.118636E+08   0.211374E+03
   0.699443E-03   0.182595E+08   0.182576E+08   0.310326E+07   0.287839E+07   0.182583E+08   0.182591E+08   0.182591E+08   0.182598E+08  -0.666924E+00   0.119953E+08   0.119948E+08   0.215376E+03
   0.772603E-03   0.183032E+08   0.183010E+08   0.230505E+07   0.214120E+07   0.183018E+08   0.183028E+08   0.183028E+08   0.183033E+08  -0.673156E+00   0.121384E+08   0.121379E+08   0.216723E+03
   0.853416E-03   0.183568E+08   0.183544E+08   0.182407E+07   0.172531E+07   0.183551E+08   0.183563E+08   0.183564E+08   0.183568E+08  -0.679785E+00   0.122911E+08   0.122906E+08   0.215196E+03
   0.942682E-03   0.184221E+08   0.184193E+08   0.156930E+07   0.152755E+07   0.184200E+08   0.184215E+08   0.184216E+08   0.184219E+08  -0.686651E+00   0.124498E+08   0.124492E+08   0.210753E+03
   0.104128E-02   0.185004E+08   0.184974E+08   0.140158E+07   0.139773E+07   0.184978E+08   0.184998E+08   0.184999E+08   0.185001E+08  -0.693557E+00   0.126101E+08   0.126094E+08   0.203531E+03
   0.115020E-02   0.185932E+08   0.185899E+08   0.120024E+07   0.121128E+07   0.185900E+08   0.185925E+08   0.185926E+08   0.185928E+08  -0.700294E+00   0.127671E+08   0.127664E+08   0.193815E+03
   0.127051E-02   0.187009E+08   0.186974E+08   0.939160E+06   0.949321E+06   0.186970E+08   0.187001E+08   0.187003E+08   0.187003E+08  -0.706680E+00   0.129164E+08   0.129157E+08   0.181980E+03
   0.140340E-02   0.188231E+08   0.188195E+08   0.699828E+06   0.708158E+06   0.188183E+08   0.188222E+08   0.188225E+08   0.188224E+08  -0.712604E+00   0.130550E+08   0.130543E+08   0.168485E+03
   0.155019E-02   0.189583E+08   0.189545E+08   0.570605E+06   0.587164E+06   0.189524E+08   0.189573E+08   0.189576E+08   0.189574E+08  -0.718059E+00   0.131822E+08   0.131815E+08   0.153907E+03
   0.171234E-02   0.191036E+08   0.190997E+08   0.517582E+06   0.446416E+06   0.190964E+08   0.191025E+08   0.191029E+08   0.191026E+08  -0.723126E+00   0.132993E+08   0.132986E+08   0.138988E+03
   0.189145E-02   0.192554E+08   0.192516E+08   0.427705E+06   0.389458E+06   0.192466E+08   0.192542E+08   0.192547E+08   0.192543E+08  -0.727923E+00   0.134086E+08   0.134079E+08   0.124551E+03
   0.208929E-02   0.194099E+08   0.194061E+08   0.309899E+06   0.337599E+06   0.193993E+08   0.194086E+08   0.194093E+08   0.194087E+08  -0.732535E+00   0.135123E+08   0.135116E+08   0.111307E+03
   0.230782E-02   0.195635E+08   0.195596E+08   0.266014E+06   0.290471E+06   0.195506E+08   0.195620E+08   0.195629E+08   0.195621E+08  -0.736977E+00   0.136111E+08   0.136104E+08   0.997297E+02
   0.254922E-02   0.197129E+08   0.197089E+08   0.240370E+06   0.248281E+06   0.196971E+08   0.197112E+08   0.197122E+08   0.197112E+08  -0.741212E+00   0.137045E+08   0.137038E+08   0.900239E+02
   0.281586E-02   0.198548E+08   0.198506E+08   0.180991E+06   0.211003E+06   0.198357E+08   0.198528E+08   0.198541E+08   0.198529E+08  -0.745191E+00   0.137916E+08   0.137910E+08   0.820158E+02
   0.311039E-02   0.199859E+08   0.199815E+08   0.162423E+06   0.178328E+06   0.199628E+08   0.199836E+08   0.199852E+08   0.199837E+08  -0.748849E+00   0.138716E+08   0.138709E+08   0.751715E+02
   0.343573E-02   0.201030E+08   0.200983E+08   0.125843E+06   0.149939E+06   0.200750E+08   0.201003E+08   0.201022E+08   0.201004E+08  -0.752088E+00   0.139426E+08   0.139419E+08   0.689011E+02
   0.379510E-02   0.202026E+08   0.201976E+08   0.107320E+06   0.125510E+06   0.201688E+08   0.201995E+08   0.202017E+08   0.201995E+08  -0.754787E+00   0.140026E+08   0.140019E+08   0.628285E+02
   0.419206E-02   0.202811E+08   0.202757E+08   0.811798E+05   0.104637E+06   0.202403E+08   0.202774E+08   0.202802E+08   0.202774E+08  -0.756817E+00   0.140491E+08   0.140484E+08   0.570047E+02
   0.463054E-02   0.203346E+08   0.203289E+08   0.731276E+05   0.869105E+05   0.202857E+08   0.203304E+08   0.203337E+08   0.203304E+08  -0.758032E+00   0.140796E+08   0.140789E+08   0.517222E+02
   0.511489E-02   0.203593E+08   0.203530E+08   0.616836E+05   0.719386E+05   0.203007E+08   0.203542E+08   0.203582E+08   0.203543E+08  -0.758273E+00   0.140911E+08   0.140904E+08   0.471309E+02
   0.564990E-02   0.203508E+08   0.203439E+08   0.466959E+05   0.593500E+05   0.202808E+08   0.203448E+08   0.203496E+08   0.203448E+08  -0.757372E+00   0.140806E+08   0.140799E+08   0.430345E+02
   0.624086E-02   0.203046E+08   0.202970E+08   0.384359E+05   0.488075E+05   0.202214E+08   0.202977E+08   0.203033E+08   0.202977E+08  -0.755153E+00   0.140448E+08   0.140441E+08   0.391857E+02
   0.689364E-02   0.202162E+08   0.202077E+08   0.303046E+05   0.400093E+05   0.201177E+08   0.202080E+08   0.202147E+08   0.202080E+08  -0.751432E+00   0.139804E+08   0.139797E+08   0.356311E+02
   0.761470E-02   0.200805E+08   0.200710E+08   0.252084E+05   0.326902E+05   0.199647E+08   0.200710E+08   0.200789E+08   0.200710E+08  -0.746019E+00   0.138839E+08   0.138831E+08   0.324705E+02
   0.841118E-02   0.198928E+08   0.198821E+08   0.216662E+05   0.266194E+05   0.197573E+08   0.198818E+08   0.198910E+08   0.198818E+08  -0.738721E+00   0.137517E+08   0.137509E+08   0.295840E+02
   0.929098E-02   0.196481E+08   0.196359E+08   0.188962E+05   0.215983E+05   0.194905E+08   0.196353E+08   0.196460E+08   0.196353E+08  -0.729346E+00   0.135803E+08   0.135796E+08   0.269227E+02
   0.102628E-01   0.193414E+08   0.193275E+08   0.141664E+05   0.174572E+05   0.191597E+08   0.193267E+08   0.193391E+08   0.193267E+08  -0.717708E+00   0.133663E+08   0.133656E+08   0.245263E+02
   0.113363E-01   0.189684E+08   0.189525E+08   0.123419E+05   0.140516E+05   0.187603E+08   0.189515E+08   0.189657E+08   0.189515E+08  -0.703634E+00   0.131065E+08   0.131058E+08   0.223291E+02
   0.125220E-01   0.185250E+08   0.185068E+08   0.942555E+04   0.112594E+05   0.182887E+08   0.185058E+08   0.185220E+08   0.185058E+08  -0.686971E+00   0.127982E+08   0.127974E+08   0.203348E+02
   0.138318E-01   0.180079E+08   0.179870E+08   0.776419E+04   0.897763E+04   0.177417E+08   0.179862E+08   0.180044E+08   0.179862E+08  -0.667590E+00   0.124389E+08   0.124381E+08   0.185126E+02
   0.152786E-01   0.174147E+08   0.173909E+08   0.621944E+04   0.711957E+04   0.171174E+08   0.173904E+08   0.174107E+08   0.173904E+08  -0.645403E+00   0.120270E+08   0.120262E+08   0.168504E+02
   0.168767E-01   0.167618E+08   0.167347E+08   0.508968E+04   0.561833E+04   0.164320E+08   0.167348E+08   0.167572E+08   0.167348E+08  -0.621011E+00   0.115738E+08   0.115731E+08   0.153382E+02
   0.186419E-01   0.160193E+08   0.159888E+08   0.390001E+04   0.440153E+04   0.156570E+08   0.159895E+08   0.160142E+08   0.159895E+08  -0.593310E+00   0.110588E+08   0.110580E+08   0.139344E+02
   0.205918E-01   0.152055E+08   0.151713E+08   0.299067E+04   0.342424E+04   0.148110E+08   0.151729E+08   0.151998E+08   0.151729E+08  -0.562974E+00   0.104944E+08   0.104936E+08   0.126296E+02
   0.227457E-01   0.143154E+08   0.142775E+08   0.242134E+04   0.264183E+04   0.138904E+08   0.142801E+08   0.143090E+08   0.142801E+08  -0.529820E+00   0.987740E+07   0.987663E+07   0.113970E+02
   0.251248E-01   0.133843E+08   0.133428E+08   0.186883E+04   0.202383E+04   0.129305E+08   0.133464E+08   0.133773E+08   0.133464E+08  -0.495157E+00   0.923213E+07   0.923136E+07   0.102279E+02
   0.277528E-01   0.124265E+08   0.123821E+08   0.145957E+04   0.153940E+04   0.119463E+08   0.123863E+08   0.124190E+08   0.123863E+08  -0.459521E+00   0.856862E+07   0.856786E+07   0.909874E+01
   0.306557E-01   0.114508E+08   0.114044E+08   0.103059E+04   0.116200E+04   0.109467E+08   0.114086E+08   0.114430E+08   0.114086E+08  -0.423238E+00   0.789293E+07   0.789220E+07   0.798942E+01
   0.338622E-01   0.104875E+08   0.104405E+08   0.817377E+03   0.871687E+03   0.996189E+07   0.104438E+08   0.104796E+08   0.104438E+08  -0.387437E+00   0.722614E+07   0.722544E+07   0.689143E+01
   0.374042E-01   0.957444E+07   0.952860E+07   0.600825E+03   0.651729E+03   0.902863E+07   0.952953E+07   0.956674E+07   0.952953E+07  -0.353512E+00   0.659425E+07   0.659360E+07   0.580809E+01
   0.413166E-01   0.874880E+07   0.870620E+07   0.453611E+03   0.487661E+03   0.818060E+07   0.870285E+07   0.874164E+07   0.870285E+07  -0.322840E+00   0.602297E+07   0.602238E+07   0.475659E+01
   0.454482E-01   0.804412E+07   0.800656E+07   0.660345E+03   0.370229E+03   0.745511E+07   0.799751E+07   0.803781E+07   0.799751E+07  -0.296671E+00   0.553560E+07   0.553508E+07   0.380153E+01
   0.495799E-01   0.749582E+07   0.746415E+07   0.516712E+03   0.289628E+03   0.688434E+07   0.744858E+07   0.749050E+07   0.744858E+07  -0.276306E+00   0.515639E+07   0.515594E+07   0.301165E+01
   0.537115E-01   0.705827E+07   0.703249E+07   0.414302E+03   0.232164E+03   0.642296E+07   0.701030E+07   0.705394E+07   0.701030E+07  -0.260046E+00   0.485370E+07   0.485331E+07   0.238373E+01
   0.578432E-01   0.669032E+07   0.666973E+07   0.338379E+03   0.189568E+03   0.603132E+07   0.664153E+07   0.668686E+07   0.664153E+07  -0.246365E+00   0.459906E+07   0.459873E+07   0.190793E+01
   0.619748E-01   0.636272E+07   0.634611E+07   0.280135E+03   0.156894E+03   0.568171E+07   0.631303E+07   0.635993E+07   0.631303E+07  -0.234178E+00   0.437225E+07   0.437196E+07   0.156797E+01
   0.661065E-01   0.604791E+07   0.603387E+07   0.233855E+03   0.130937E+03   0.534867E+07   0.599736E+07   0.604555E+07   0.599736E+07  -0.222467E+00   0.415428E+07   0.415401E+07   0.133983E+01
   0.702382E-01   0.572942E+07   0.571653E+07   0.196089E+03   0.109760E+03   0.501773E+07   0.567819E+07   0.572726E+07   0.567819E+07  -0.210627E+00   0.393382E+07   0.393357E+07   0.119646E+01
   0.743698E-01   0.540739E+07   0.539449E+07   0.164938E+03   0.922966E+02   0.468914E+07   0.535570E+07   0.540522E+07   0.535570E+07  -0.198665E+00   0.371100E+07   0.371075E+07   0.111146E+01
   0.785015E-01   0.507671E+07   0.506301E+07   0.138861E+03   0.776812E+02   0.435873E+07   0.502491E+07   0.507441E+07   0.502491E+07  -0.186394E+00   0.348235E+07   0.348210E+07   0.105842E+01
   0.826331E-01   0.475280E+07   0.473796E+07   0.117223E+03   0.655575E+02   0.403996E+07   0.470118E+07   0.475031E+07   0.470118E+07  -0.174385E+00   0.325853E+07   0.325828E+07   0.101801E+01
   0.867648E-01   0.444696E+07   0.443106E+07   0.993947E+02   0.555702E+02   0.374219E+07   0.439573E+07   0.444429E+07   0.439573E+07  -0.163054E+00   0.304731E+07   0.304706E+07   0.975705E+00
   0.919167E-01   0.410527E+07   0.408865E+07   0.816720E+02   0.456448E+02   0.341161E+07   0.405470E+07   0.410248E+07   0.405470E+07  -0.150404E+00   0.281146E+07   0.281121E+07   0.908045E+00
   0.970686E-01   0.381998E+07   0.380360E+07   0.680736E+02   0.380309E+02   0.313511E+07   0.377006E+07   0.381723E+07   0.377006E+07  -0.139845E+00   0.261462E+07   0.261438E+07   0.820585E+00
   0.102221E+00   0.359634E+07   0.358118E+07   0.577353E+02   0.322432E+02   0.291515E+07   0.354686E+07   0.359380E+07   0.354686E+07  -0.131566E+00   0.246032E+07   0.246010E+07   0.719299E+00
   0.107372E+00   0.342714E+07   0.341388E+07   0.498210E+02   0.278132E+02   0.274391E+07   0.337782E+07   0.342492E+07   0.337782E+07  -0.125295E+00   0.234353E+07   0.234333E+07   0.615096E+00
   0.112524E+00   0.329468E+07   0.328357E+07   0.435711E+02   0.243147E+02   0.260565E+07   0.324529E+07   0.329282E+07   0.324529E+07  -0.120379E+00   0.225203E+07   0.225186E+07   0.519250E+00
   0.117676E+00   0.317862E+07   0.316949E+07   0.384019E+02   0.214215E+02   0.248329E+07   0.312911E+07   0.317709E+07   0.312911E+07  -0.116070E+00   0.217183E+07   0.217168E+07   0.440314E+00
   0.122828E+00   0.306272E+07   0.305504E+07   0.339331E+02   0.189217E+02   0.236370E+07   0.301318E+07   0.306143E+07   0.301318E+07  -0.111769E+00   0.209178E+07   0.209164E+07   0.382446E+00
   0.127980E+00   0.293743E+07   0.293051E+07   0.299505E+02   0.166948E+02   0.223952E+07   0.288808E+07   0.293627E+07   0.288808E+07  -0.107129E+00   0.200533E+07   0.200519E+07   0.345098E+00
   0.133132E+00   0.280010E+07   0.279330E+07   0.263590E+02   0.146875E+02   0.210898E+07   0.275124E+07   0.279896E+07   0.275124E+07  -0.102053E+00   0.191069E+07   0.191056E+07   0.323950E+00
   0.138284E+00   0.265407E+07   0.264694E+07   0.231356E+02   0.128868E+02   0.197486E+07   0.260599E+07   0.265288E+07   0.260599E+07  -0.966650E-01   0.181016E+07   0.181003E+07   0.312656E+00
   0.143436E+00   0.250661E+07   0.249894E+07   0.202895E+02   0.112975E+02   0.184268E+07   0.245950E+07   0.250532E+07   0.245950E+07  -0.912311E-01   0.170873E+07   0.170860E+07   0.304737E+00
   0.148588E+00   0.236662E+07   0.235849E+07   0.178341E+02   0.992674E+01   0.171892E+07   0.232055E+07   0.236525E+07   0.232055E+07  -0.860772E-01   0.161251E+07   0.161238E+07   0.295114E+00
   0.153740E+00   0.224239E+07   0.223408E+07   0.157700E+02   0.877464E+01   0.160930E+07   0.219731E+07   0.224100E+07   0.219731E+07  -0.815057E-01   0.152716E+07   0.152703E+07   0.280976E+00
   0.158892E+00   0.213896E+07   0.213083E+07   0.140706E+02   0.782630E+01   0.151691E+07   0.209467E+07   0.213760E+07   0.209467E+07  -0.776984E-01   0.145609E+07   0.145597E+07   0.261842E+00
   0.164044E+00   0.205623E+07   0.204861E+07   0.126796E+02   0.705016E+01   0.144111E+07   0.201250E+07   0.205495E+07   0.201250E+07  -0.746504E-01   0.139923E+07   0.139911E+07   0.239046E+00
   0.169196E+00   0.198978E+07   0.198289E+07   0.115251E+02   0.640599E+01   0.137826E+07   0.194641E+07   0.198862E+07   0.194641E+07  -0.721990E-01   0.135353E+07   0.135342E+07   0.214958E+00
   0.174348E+00   0.193345E+07   0.192737E+07   0.105386E+02   0.585570E+01   0.132364E+07   0.189032E+07   0.193243E+07   0.189032E+07  -0.701185E-01   0.131477E+07   0.131467E+07   0.192175E+00
   0.179500E+00   0.188115E+07   0.187579E+07   0.966610E+01   0.536901E+01   0.127297E+07   0.183826E+07   0.188025E+07   0.183826E+07  -0.681871E-01   0.127878E+07   0.127869E+07   0.172784E+00
   0.184651E+00   0.182756E+07   0.182273E+07   0.886718E+01   0.492355E+01   0.122247E+07   0.178496E+07   0.182675E+07   0.178496E+07  -0.662102E-01   0.124193E+07   0.124184E+07   0.157876E+00
   0.189803E+00   0.176906E+07   0.176451E+07   0.811744E+01   0.450575E+01   0.116978E+07   0.172691E+07   0.176830E+07   0.172691E+07  -0.640567E-01   0.120174E+07   0.120166E+07   0.147446E+00
   0.194955E+00   0.170500E+07   0.170051E+07   0.740968E+01   0.411155E+01   0.111455E+07   0.166346E+07   0.170424E+07   0.166346E+07  -0.617033E-01   0.115780E+07   0.115771E+07   0.140632E+00
   0.200107E+00   0.163757E+07   0.163299E+07   0.674963E+01   0.374408E+01   0.105831E+07   0.159680E+07   0.163680E+07   0.159680E+07  -0.592305E-01   0.111159E+07   0.111151E+07   0.136093E+00
   0.205259E+00   0.157021E+07   0.156547E+07   0.614632E+01   0.340833E+01   0.100330E+07   0.153026E+07   0.156941E+07   0.153026E+07  -0.567624E-01   0.106545E+07   0.106537E+07   0.132382E+00
   0.210411E+00   0.150616E+07   0.150129E+07   0.560608E+01   0.310774E+01   0.951562E+06   0.146704E+07   0.150534E+07   0.146704E+07  -0.544175E-01   0.102161E+07   0.102153E+07   0.128296E+00
   0.215563E+00   0.144804E+07   0.144314E+07   0.513144E+01   0.284378E+01   0.904638E+06   0.140970E+07   0.144722E+07   0.140970E+07  -0.522903E-01   0.981837E+06   0.981757E+06   0.123120E+00
   0.220715E+00   0.139749E+07   0.139269E+07   0.472020E+01   0.261496E+01   0.863392E+06   0.135980E+07   0.139669E+07   0.135980E+07  -0.504396E-01   0.947245E+06   0.947167E+06   0.116701E+00
   0.225867E+00   0.135466E+07   0.135008E+07   0.436612E+01   0.241804E+01   0.827737E+06   0.131751E+07   0.135389E+07   0.131751E+07  -0.488706E-01   0.917928E+06   0.917854E+06   0.109346E+00
   0.231019E+00   0.131816E+07   0.131387E+07   0.405835E+01   0.224689E+01   0.796649E+06   0.128142E+07   0.131744E+07   0.128142E+07  -0.475322E-01   0.892933E+06   0.892862E+06   0.101635E+00
   0.236171E+00   0.128571E+07   0.128175E+07   0.378515E+01   0.209500E+01   0.768623E+06   0.124933E+07   0.128505E+07   0.124933E+07  -0.463419E-01   0.870710E+06   0.870644E+06   0.942181E-01
   0.241323E+00   0.125497E+07   0.125130E+07   0.353627E+01   0.195665E+01   0.742165E+06   0.121894E+07   0.125436E+07   0.121894E+07  -0.452143E-01   0.849658E+06   0.849595E+06   0.876401E-01
   0.246475E+00   0.122398E+07   0.122054E+07   0.330412E+01   0.182765E+01   0.716080E+06   0.118832E+07   0.122341E+07   0.118832E+07  -0.440787E-01   0.828447E+06   0.828387E+06   0.822177E-01
   0.251627E+00   0.119152E+07   0.118822E+07   0.308408E+01   0.170541E+01   0.689648E+06   0.115629E+07   0.119096E+07   0.115629E+07  -0.428907E-01   0.806245E+06   0.806186E+06   0.779975E-01
   0.256778E+00   0.115732E+07   0.115408E+07   0.287467E+01   0.158914E+01   0.662733E+06   0.112261E+07   0.115677E+07   0.112261E+07  -0.416411E-01   0.782875E+06   0.782818E+06   0.747936E-01
   0.261930E+00   0.112204E+07   0.111882E+07   0.267676E+01   0.147931E+01   0.635737E+06   0.108791E+07   0.112150E+07   0.108791E+07  -0.403541E-01   0.758793E+06   0.758736E+06   0.722767E-01
   0.267082E+00   0.108689E+07   0.108364E+07   0.249220E+01   0.137692E+01   0.609332E+06   0.105335E+07   0.108634E+07   0.105335E+07  -0.390723E-01   0.734801E+06   0.734745E+06   0.700739E-01
   0.272234E+00   0.105306E+07   0.104980E+07   0.232265E+01   0.128288E+01   0.584188E+06   0.102013E+07   0.105252E+07   0.102013E+07  -0.378399E-01   0.711730E+06   0.711675E+06   0.678605E-01
   0.277386E+00   0.102157E+07   0.101832E+07   0.216890E+01   0.119763E+01   0.560817E+06   0.989199E+06   0.102102E+07   0.989199E+06  -0.366926E-01   0.690252E+06   0.690197E+06   0.654257E-01
   0.282538E+00   0.993002E+06   0.989810E+06   0.203080E+01   0.112105E+01   0.539496E+06   0.961140E+06   0.992466E+06   0.961140E+06  -0.356518E-01   0.670769E+06   0.670716E+06   0.627002E-01
   0.287690E+00   0.967453E+06   0.964360E+06   0.190717E+01   0.105250E+01   0.520215E+06   0.936040E+06   0.966934E+06   0.936040E+06  -0.347208E-01   0.653346E+06   0.653294E+06   0.597411E-01
   0.292842E+00   0.944513E+06   0.941550E+06   0.179597E+01   0.990859E+00   0.502695E+06   0.913496E+06   0.944016E+06   0.913496E+06  -0.338845E-01   0.637700E+06   0.637650E+06   0.566900E-01
   0.297994E+00   0.923424E+06   0.920601E+06   0.169473E+01   0.934752E+00   0.486484E+06   0.892766E+06   0.922950E+06   0.892766E+06  -0.331156E-01   0.623316E+06   0.623268E+06   0.537184E-01
   0.303146E+00   0.903330E+06   0.900640E+06   0.160109E+01   0.882877E+00   0.471097E+06   0.873018E+06   0.902878E+06   0.873018E+06  -0.323831E-01   0.609612E+06   0.609566E+06   0.509792E-01
   0.308298E+00   0.883495E+06   0.880918E+06   0.151321E+01   0.834199E+00   0.456132E+06   0.853538E+06   0.883062E+06   0.853538E+06  -0.316605E-01   0.596090E+06   0.596046E+06   0.485706E-01
   0.313450E+00   0.863450E+06   0.860956E+06   0.142988E+01   0.788052E+00   0.441336E+06   0.833868E+06   0.863031E+06   0.833868E+06  -0.309309E-01   0.582432E+06   0.582389E+06   0.465216E-01
   0.318602E+00   0.843048E+06   0.840607E+06   0.135055E+01   0.744139E+00   0.426634E+06   0.813869E+06   0.842638E+06   0.813869E+06  -0.301890E-01   0.568539E+06   0.568496E+06   0.447962E-01
   0.323754E+00   0.822439E+06   0.820029E+06   0.127521E+01   0.702427E+00   0.412101E+06   0.793685E+06   0.822034E+06   0.793685E+06  -0.294403E-01   0.554512E+06   0.554470E+06   0.433121E-01
   0.328905E+00   0.801973E+06   0.799582E+06   0.120415E+01   0.663105E+00   0.397909E+06   0.773656E+06   0.801571E+06   0.773656E+06  -0.286974E-01   0.540589E+06   0.540548E+06   0.419679E-01
   0.334057E+00   0.782080E+06   0.779706E+06   0.113779E+01   0.626432E+00   0.384260E+06   0.754197E+06   0.781682E+06   0.754197E+06  -0.279756E-01   0.527060E+06   0.527019E+06   0.406694E-01
   0.339209E+00   0.763147E+06   0.760799E+06   0.107621E+01   0.592378E+00   0.371330E+06   0.735684E+06   0.762753E+06   0.735684E+06  -0.272889E-01   0.514187E+06   0.514147E+06   0.393495E-01
   0.344361E+00   0.745417E+06   0.743108E+06   0.101946E+01   0.561004E+00   0.359216E+06   0.718348E+06   0.745030E+06   0.718348E+06  -0.266459E-01   0.502134E+06   0.502095E+06   0.379779E-01
   0.349513E+00   0.728939E+06   0.726682E+06   0.967259E+00   0.532148E+00   0.347918E+06   0.702236E+06   0.728560E+06   0.702236E+06  -0.260482E-01   0.490933E+06   0.490895E+06   0.365595E-01
   0.354665E+00   0.713587E+06   0.711393E+06   0.919123E+00   0.505544E+00   0.337354E+06   0.687225E+06   0.713218E+06   0.687225E+06  -0.254914E-01   0.480497E+06   0.480460E+06   0.351255E-01
   0.359817E+00   0.699127E+06   0.697001E+06   0.874466E+00   0.480863E+00   0.327395E+06   0.673087E+06   0.698770E+06   0.673087E+06  -0.249670E-01   0.470669E+06   0.470633E+06   0.337208E-01
   0.364969E+00   0.685286E+06   0.683228E+06   0.832722E+00   0.457799E+00   0.317897E+06   0.659557E+06   0.684940E+06   0.659557E+06  -0.244651E-01   0.461264E+06   0.461228E+06   0.323895E-01
   0.370121E+00   0.671805E+06   0.669808E+06   0.793398E+00   0.436079E+00   0.308728E+06   0.646384E+06   0.671470E+06   0.646384E+06  -0.239765E-01   0.452104E+06   0.452070E+06   0.311638E-01
   0.375273E+00   0.658479E+06   0.656534E+06   0.756104E+00   0.415485E+00   0.299788E+06   0.633370E+06   0.658153E+06   0.633370E+06  -0.234937E-01   0.443054E+06   0.443020E+06   0.300567E-01
   0.380425E+00   0.645199E+06   0.643294E+06   0.720592E+00   0.395882E+00   0.291021E+06   0.620408E+06   0.644879E+06   0.620408E+06  -0.230129E-01   0.434037E+06   0.434004E+06   0.290624E-01
   0.385577E+00   0.631980E+06   0.630106E+06   0.686780E+00   0.377223E+00   0.282430E+06   0.607513E+06   0.631665E+06   0.607513E+06  -0.225346E-01   0.425065E+06   0.425033E+06   0.281611E-01
   0.390729E+00   0.618930E+06   0.617082E+06   0.654681E+00   0.359513E+00   0.274059E+06   0.594791E+06   0.618620E+06   0.594791E+06  -0.220627E-01   0.416211E+06   0.416179E+06   0.273259E-01
   0.395881E+00   0.606196E+06   0.604372E+06   0.624344E+00   0.342776E+00   0.265970E+06   0.582382E+06   0.605890E+06   0.582382E+06  -0.216024E-01   0.407573E+06   0.407542E+06   0.265289E-01
   0.401032E+00   0.593899E+06   0.592100E+06   0.595795E+00   0.327029E+00   0.258208E+06   0.570403E+06   0.593597E+06   0.570403E+06  -0.211581E-01   0.399234E+06   0.399203E+06   0.257476E-01
   0.406184E+00   0.582114E+06   0.580343E+06   0.569001E+00   0.312254E+00   0.250798E+06   0.558925E+06   0.581817E+06   0.558925E+06  -0.207323E-01   0.391243E+06   0.391213E+06   0.249685E-01
   0.411336E+00   0.570878E+06   0.569139E+06   0.543892E+00   0.298411E+00   0.243748E+06   0.547983E+06   0.570586E+06   0.547983E+06  -0.203264E-01   0.383625E+06   0.383596E+06   0.241889E-01
   0.416488E+00   0.560185E+06   0.558482E+06   0.520366E+00   0.285445E+00   0.237048E+06   0.537572E+06   0.559899E+06   0.537572E+06  -0.199403E-01   0.376377E+06   0.376348E+06   0.234149E-01
   0.421640E+00   0.549975E+06   0.548310E+06   0.498268E+00   0.273267E+00   0.230662E+06   0.527632E+06   0.549695E+06   0.527632E+06  -0.195716E-01   0.369457E+06   0.369428E+06   0.226577E-01
   0.426792E+00   0.540137E+06   0.538511E+06   0.477419E+00   0.261780E+00   0.224539E+06   0.518057E+06   0.539864E+06   0.518057E+06  -0.192164E-01   0.362790E+06   0.362762E+06   0.219288E-01
   0.431944E+00   0.530563E+06   0.528974E+06   0.457656E+00   0.250894E+00   0.218625E+06   0.508742E+06   0.530296E+06   0.508742E+06  -0.188709E-01   0.356304E+06   0.356276E+06   0.212379E-01
   0.437096E+00   0.521186E+06   0.519630E+06   0.438872E+00   0.240555E+00   0.212889E+06   0.499622E+06   0.520925E+06   0.499622E+06  -0.185326E-01   0.349952E+06   0.349925E+06   0.205905E-01
   0.442248E+00   0.511971E+06   0.510444E+06   0.420925E+00   0.230656E+00   0.207311E+06   0.490663E+06   0.511715E+06   0.490663E+06  -0.182003E-01   0.343711E+06   0.343685E+06   0.199873E-01
   0.447400E+00   0.502899E+06   0.501398E+06   0.403851E+00   0.221261E+00   0.201881E+06   0.481847E+06   0.502647E+06   0.481847E+06  -0.178733E-01   0.337569E+06   0.337543E+06   0.194236E-01
   0.452552E+00   0.493972E+06   0.492493E+06   0.387549E+00   0.212287E+00   0.196596E+06   0.473175E+06   0.493723E+06   0.473175E+06  -0.175516E-01   0.331526E+06   0.331501E+06   0.188917E-01
   0.457704E+00   0.485223E+06   0.483766E+06   0.372020E+00   0.203742E+00   0.191466E+06   0.464680E+06   0.484978E+06   0.464680E+06  -0.172365E-01   0.325606E+06   0.325581E+06   0.183833E-01
   0.462856E+00   0.476707E+06   0.475271E+06   0.357266E+00   0.195624E+00   0.186508E+06   0.456414E+06   0.476466E+06   0.456414E+06  -0.169298E-01   0.319844E+06   0.319820E+06   0.178912E-01
   0.468008E+00   0.468464E+06   0.467050E+06   0.343274E+00   0.187928E+00   0.181735E+06   0.448414E+06   0.468227E+06   0.448414E+06  -0.166331E-01   0.314268E+06   0.314244E+06   0.174104E-01
   0.473159E+00   0.460502E+06   0.459110E+06   0.330010E+00   0.180633E+00   0.177146E+06   0.440689E+06   0.460269E+06   0.440689E+06  -0.163466E-01   0.308883E+06   0.308859E+06   0.169384E-01
   0.478311E+00   0.452810E+06   0.451442E+06   0.317428E+00   0.173712E+00   0.172731E+06   0.433227E+06   0.452580E+06   0.433227E+06  -0.160698E-01   0.303682E+06   0.303658E+06   0.164750E-01
   0.483463E+00   0.445372E+06   0.444028E+06   0.305484E+00   0.167145E+00   0.168480E+06   0.426013E+06   0.445146E+06   0.426013E+06  -0.158022E-01   0.298652E+06   0.298629E+06   0.160226E-01
   0.488615E+00   0.438167E+06   0.436847E+06   0.294133E+00   0.160905E+00   0.164382E+06   0.419026E+06   0.437945E+06   0.419026E+06  -0.155430E-01   0.293781E+06   0.293758E+06   0.155842E-01
   0.493767E+00   0.431162E+06   0.429867E+06   0.283323E+00   0.154963E+00   0.160422E+06   0.412236E+06   0.430945E+06   0.412236E+06  -0.152912E-01   0.289047E+06   0.289024E+06   0.151628E-01
   0.498919E+00   0.424321E+06   0.423048E+06   0.273007E+00   0.149296E+00   0.156581E+06   0.405606E+06   0.424107E+06   0.405606E+06  -0.150452E-01   0.284423E+06   0.284401E+06   0.147600E-01
   0.504071E+00   0.417614E+06   0.416362E+06   0.263139E+00   0.143874E+00   0.152849E+06   0.399109E+06   0.417404E+06   0.399109E+06  -0.148042E-01   0.279892E+06   0.279870E+06   0.143761E-01
   0.509223E+00   0.411034E+06   0.409801E+06   0.253693E+00   0.138686E+00   0.149218E+06   0.392735E+06   0.410827E+06   0.392735E+06  -0.145678E-01   0.275446E+06   0.275425E+06   0.140104E-01
   0.514375E+00   0.404583E+06   0.403370E+06   0.244653E+00   0.133720E+00   0.145689E+06   0.386489E+06   0.404380E+06   0.386489E+06  -0.143361E-01   0.271089E+06   0.271068E+06   0.136611E-01
   0.519527E+00   0.398269E+06   0.397073E+06   0.236002E+00   0.128970E+00   0.142262E+06   0.380378E+06   0.398069E+06   0.380378E+06  -0.141094E-01   0.266825E+06   0.266805E+06   0.133258E-01
   0.524679E+00   0.392096E+06   0.390917E+06   0.227728E+00   0.124426E+00   0.138936E+06   0.374404E+06   0.391898E+06   0.374404E+06  -0.138879E-01   0.262657E+06   0.262637E+06   0.130018E-01
   0.529831E+00   0.386071E+06   0.384908E+06   0.219817E+00   0.120084E+00   0.135711E+06   0.368575E+06   0.385876E+06   0.368575E+06  -0.136716E-01   0.258590E+06   0.258569E+06   0.126871E-01
   0.534983E+00   0.380204E+06   0.379059E+06   0.212261E+00   0.115937E+00   0.132589E+06   0.362901E+06   0.380012E+06   0.362901E+06  -0.134612E-01   0.254630E+06   0.254610E+06   0.123805E-01
   0.540135E+00   0.374502E+06   0.373373E+06   0.205043E+00   0.111976E+00   0.129570E+06   0.357387E+06   0.374312E+06   0.357387E+06  -0.132566E-01   0.250781E+06   0.250761E+06   0.120817E-01
   0.545287E+00   0.368954E+06   0.367843E+06   0.198141E+00   0.108187E+00   0.126648E+06   0.352024E+06   0.368768E+06   0.352024E+06  -0.130577E-01   0.247038E+06   0.247018E+06   0.117906E-01
   0.550438E+00   0.363547E+06   0.362453E+06   0.191550E+00   0.104576E+00   0.123817E+06   0.346797E+06   0.363364E+06   0.346797E+06  -0.128638E-01   0.243390E+06   0.243371E+06   0.115077E-01
   0.555590E+00   0.358269E+06   0.357191E+06   0.185223E+00   0.101104E+00   0.121071E+06   0.341697E+06   0.358088E+06   0.341697E+06  -0.126746E-01   0.239829E+06   0.239810E+06   0.112336E-01
   0.560742E+00   0.353112E+06   0.352050E+06   0.179165E+00   0.977816E-01   0.118405E+06   0.336714E+06   0.352934E+06   0.336714E+06  -0.124898E-01   0.236351E+06   0.236332E+06   0.109689E-01
   0.565894E+00   0.348068E+06   0.347023E+06   0.173352E+00   0.945935E-01   0.115815E+06   0.331843E+06   0.347893E+06   0.331843E+06  -0.123091E-01   0.232949E+06   0.232931E+06   0.107139E-01
   0.571046E+00   0.343127E+06   0.342096E+06   0.167771E+00   0.915335E-01   0.113296E+06   0.327072E+06   0.342954E+06   0.327072E+06  -0.121321E-01   0.229618E+06   0.229600E+06   0.104683E-01
   0.576198E+00   0.338281E+06   0.337264E+06   0.162410E+00   0.885952E-01   0.110843E+06   0.322393E+06   0.338110E+06   0.322393E+06  -0.119586E-01   0.226350E+06   0.226332E+06   0.102315E-01
   0.581350E+00   0.333529E+06   0.332527E+06   0.157259E+00   0.857733E-01   0.108455E+06   0.317807E+06   0.333361E+06   0.317807E+06  -0.117885E-01   0.223147E+06   0.223130E+06   0.100027E-01
   0.586502E+00   0.328878E+06   0.327889E+06   0.152312E+00   0.830629E-01   0.106133E+06   0.313320E+06   0.328712E+06   0.313320E+06  -0.116220E-01   0.220013E+06   0.219995E+06   0.978134E-02
   0.591654E+00   0.324330E+06   0.323354E+06   0.147560E+00   0.804594E-01   0.103876E+06   0.308932E+06   0.324166E+06   0.308932E+06  -0.114593E-01   0.216948E+06   0.216931E+06   0.956657E-02
   0.596806E+00   0.319882E+06   0.318919E+06   0.142994E+00   0.779583E-01   0.101681E+06   0.304641E+06   0.319720E+06   0.304641E+06  -0.113001E-01   0.213950E+06   0.213933E+06   0.935773E-02
   0.601958E+00   0.315530E+06   0.314580E+06   0.138606E+00   0.755544E-01   0.995483E+05   0.300445E+06   0.315371E+06   0.300445E+06  -0.111445E-01   0.211019E+06   0.211002E+06   0.915439E-02
   0.607110E+00   0.311277E+06   0.310340E+06   0.134389E+00   0.732452E-01   0.974755E+05   0.296345E+06   0.311120E+06   0.296345E+06  -0.109924E-01   0.208154E+06   0.208137E+06   0.895643E-02
   0.612262E+00   0.307122E+06   0.306198E+06   0.130338E+00   0.710269E-01   0.954619E+05   0.292340E+06   0.306967E+06   0.292340E+06  -0.108438E-01   0.205355E+06   0.205339E+06   0.876388E-02
   0.617414E+00   0.303060E+06   0.302147E+06   0.126443E+00   0.688947E-01   0.935043E+05   0.288425E+06   0.302906E+06   0.288425E+06  -0.106986E-01   0.202619E+06   0.202603E+06   0.857676E-02
   0.622565E+00   0.299080E+06   0.298180E+06   0.122695E+00   0.668432E-01   0.915992E+05   0.284591E+06   0.298929E+06   0.284591E+06  -0.105564E-01   0.199939E+06   0.199924E+06   0.839505E-02
   0.627717E+00   0.295179E+06   0.294291E+06   0.119084E+00   0.648677E-01   0.897442E+05   0.280833E+06   0.295030E+06   0.280833E+06  -0.104170E-01   0.197313E+06   0.197298E+06   0.821875E-02
   0.632869E+00   0.291356E+06   0.290480E+06   0.115607E+00   0.629650E-01   0.879381E+05   0.277152E+06   0.291209E+06   0.277152E+06  -0.102804E-01   0.194740E+06   0.194724E+06   0.804787E-02
   0.638021E+00   0.287610E+06   0.286745E+06   0.112256E+00   0.611317E-01   0.861796E+05   0.273545E+06   0.287465E+06   0.273545E+06  -0.101467E-01   0.192218E+06   0.192203E+06   0.788224E-02
   0.643173E+00   0.283936E+06   0.283082E+06   0.109026E+00   0.593643E-01   0.844664E+05   0.270008E+06   0.283793E+06   0.270008E+06  -0.100155E-01   0.189746E+06   0.189731E+06   0.772156E-02
   0.692837E+00   0.251984E+06   0.251226E+06   0.831926E-01   0.452424E-01   0.700304E+05   0.239282E+06   0.251857E+06   0.239282E+06  -0.887575E-02   0.168256E+06   0.168243E+06   0.637868E-02
   0.746336E+00   0.223487E+06   0.222814E+06   0.634427E-01   0.344595E-01   0.578824E+05   0.211929E+06   0.223374E+06   0.211929E+06  -0.786112E-02   0.149111E+06   0.149099E+06   0.526756E-02
   0.803966E+00   0.198097E+06   0.197500E+06   0.483578E-01   0.262348E-01   0.477123E+05   0.187604E+06   0.197997E+06   0.187604E+06  -0.695882E-02   0.132073E+06   0.132063E+06   0.434887E-02
   0.895965E+00   0.165967E+06   0.165466E+06   0.325240E-01   0.176153E-01   0.358177E+05   0.156888E+06   0.165883E+06   0.156888E+06  -0.581947E-02   0.110539E+06   0.110531E+06   0.328789E-02
   0.125042E+01   0.955928E+05   0.953038E+05   0.953674E-02   0.513950E-02   0.142932E+05   0.899252E+05   0.955442E+05   0.899252E+05  -0.333561E-02   0.635020E+05   0.634968E+05   0.139283E-02
   0.174510E+01   0.545206E+05   0.543553E+05   0.307020E-02   0.178527E-02   0.541711E+04   0.510989E+05   0.544928E+05   0.510989E+05  -0.189564E-02   0.361529E+05   0.361498E+05   0.596882E-03
   0.243548E+01   0.308260E+05   0.307322E+05   0.102377E-02   0.651105E-03   0.195748E+04   0.288149E+05   0.308103E+05   0.288149E+05  -0.106868E-02   0.204095E+05   0.204076E+05   0.263393E-03
