#          k/h    CDM            baryon         photon         nu             mass_nu        total          no_nu          total_de       Weyl           v_CDM          v_b            v_b-v_c     
   0.104747E-04   0.187003E+08   0.187003E+08   0.249210E+08   0.249206E+08   0.187004E+08   0.187003E+08   0.187003E+08   0.187065E+08  -0.487502E+00   0.939822E+07   0.939822E+07   0.564170E+01
   0.115735E-04   0.187003E+08   0.187003E+08   0.249182E+08   0.249177E+08   0.187004E+08   0.187003E+08   0.187003E+08   0.187065E+08  -0.487500E+00   0.939820E+07   0.939820E+07   0.623331E+01
   0.127875E-04   0.187002E+08   0.187002E+08   0.249147E+08   0.249141E+08   0.187003E+08   0.187002E+08   0.187002E+08   0.187065E+08  -0.487497E+00   0.939818E+07   0.939818E+07   0.688692E+01
   0.141289E-04   0.187002E+08   0.187002E+08   0.249105E+08   0.249098E+08   0.187003E+08   0.187002E+08   0.187002E+08   0.187064E+08  -0.487494E+00   0.939816E+07   0.939816E+07   0.760900E+01
   0.156110E-04   0.187001E+08   0.187001E+08   0.249053E+08   0.249045E+08   0.187002E+08   0.187001E+08   0.187001E+08   0.187064E+08  -0.487490E+00   0.939813E+07   0.939813E+07   0.840671E+01
   0.172486E-04   0.187001E+08   0.187001E+08   0.248990E+08   0.248980E+08   0.187002E+08   0.187001E+08   0.187001E+08   0.187063E+08  -0.487485E+00   0.939810E+07   0.939810E+07   0.928793E+01
   0.190579E-04   0.187000E+08   0.187000E+08   0.248913E+08   0.248901E+08   0.187001E+08   0.187000E+08   0.187000E+08   0.187062E+08  -0.487479E+00   0.939806E+07   0.939806E+07   0.102614E+02
   0.210571E-04   0.186999E+08   0.186999E+08   0.248819E+08   0.248804E+08   0.187000E+08   0.186999E+08   0.186999E+08   0.187061E+08  -0.487472E+00   0.939801E+07   0.939801E+07   0.113366E+02
   0.232659E-04   0.186998E+08   0.186998E+08   0.248705E+08   0.248686E+08   0.186999E+08   0.186998E+08   0.186998E+08   0.187060E+08  -0.487463E+00   0.939794E+07   0.939794E+07   0.125243E+02
   0.257064E-04   0.186997E+08   0.186997E+08   0.248565E+08   0.248542E+08   0.186998E+08   0.186997E+08   0.186997E+08   0.187059E+08  -0.487452E+00   0.939787E+07   0.939787E+07   0.138360E+02
   0.284030E-04   0.186995E+08   0.186995E+08   0.248395E+08   0.248366E+08   0.186996E+08   0.186995E+08   0.186995E+08   0.187057E+08  -0.487439E+00   0.939778E+07   0.939778E+07   0.152846E+02
   0.313824E-04   0.186993E+08   0.186993E+08   0.248187E+08   0.248152E+08   0.186994E+08   0.186993E+08   0.186993E+08   0.187055E+08  -0.487423E+00   0.939767E+07   0.939766E+07   0.168842E+02
   0.346743E-04   0.186991E+08   0.186991E+08   0.247933E+08   0.247891E+08   0.186992E+08   0.186991E+08   0.186991E+08   0.187053E+08  -0.487403E+00   0.939753E+07   0.939753E+07   0.186503E+02
   0.383116E-04   0.186988E+08   0.186988E+08   0.247623E+08   0.247572E+08   0.186989E+08   0.186988E+08   0.186988E+08   0.187050E+08  -0.487379E+00   0.939736E+07   0.939736E+07   0.205999E+02
   0.423304E-04   0.186985E+08   0.186985E+08   0.247246E+08   0.247184E+08   0.186986E+08   0.186985E+08   0.186985E+08   0.187046E+08  -0.487350E+00   0.939716E+07   0.939716E+07   0.227516E+02
   0.467708E-04   0.186980E+08   0.186980E+08   0.246786E+08   0.246710E+08   0.186981E+08   0.186980E+08   0.186980E+08   0.187042E+08  -0.487314E+00   0.939691E+07   0.939691E+07   0.251259E+02
   0.516769E-04   0.186975E+08   0.186975E+08   0.246226E+08   0.246134E+08   0.186976E+08   0.186975E+08   0.186975E+08   0.187037E+08  -0.487271E+00   0.939661E+07   0.939660E+07   0.277449E+02
   0.570977E-04   0.186969E+08   0.186969E+08   0.245544E+08   0.245431E+08   0.186970E+08   0.186969E+08   0.186969E+08   0.187030E+08  -0.487218E+00   0.939624E+07   0.939623E+07   0.306329E+02
   0.630871E-04   0.186961E+08   0.186961E+08   0.244713E+08   0.244576E+08   0.186962E+08   0.186961E+08   0.186961E+08   0.187022E+08  -0.487153E+00   0.939579E+07   0.939578E+07   0.338161E+02
   0.697048E-04   0.186952E+08   0.186951E+08   0.243702E+08   0.243535E+08   0.186952E+08   0.186952E+08   0.186952E+08   0.187013E+08  -0.487074E+00   0.939524E+07   0.939523E+07   0.373227E+02
   0.770167E-04   0.186940E+08   0.186940E+08   0.242474E+08   0.242271E+08   0.186941E+08   0.186940E+08   0.186940E+08   0.187001E+08  -0.486977E+00   0.939456E+07   0.939456E+07   0.411830E+02
   0.850956E-04   0.186926E+08   0.186926E+08   0.240982E+08   0.240735E+08   0.186927E+08   0.186926E+08   0.186926E+08   0.186986E+08  -0.486860E+00   0.939375E+07   0.939374E+07   0.454294E+02
   0.940220E-04   0.186909E+08   0.186908E+08   0.239172E+08   0.238873E+08   0.186910E+08   0.186909E+08   0.186909E+08   0.186969E+08  -0.486718E+00   0.939275E+07   0.939274E+07   0.500958E+02
   0.103885E-03   0.186888E+08   0.186888E+08   0.236980E+08   0.236617E+08   0.186889E+08   0.186888E+08   0.186888E+08   0.186947E+08  -0.486544E+00   0.939154E+07   0.939152E+07   0.552175E+02
   0.114782E-03   0.186863E+08   0.186862E+08   0.234329E+08   0.233890E+08   0.186863E+08   0.186863E+08   0.186863E+08   0.186921E+08  -0.486333E+00   0.939006E+07   0.939004E+07   0.608306E+02
   0.126822E-03   0.186832E+08   0.186831E+08   0.231130E+08   0.230600E+08   0.186832E+08   0.186832E+08   0.186832E+08   0.186889E+08  -0.486077E+00   0.938827E+07   0.938825E+07   0.669713E+02
   0.140126E-03   0.186794E+08   0.186793E+08   0.227279E+08   0.226641E+08   0.186795E+08   0.186794E+08   0.186794E+08   0.186851E+08  -0.485765E+00   0.938609E+07   0.938606E+07   0.736741E+02
   0.154825E-03   0.186749E+08   0.186747E+08   0.222660E+08   0.221892E+08   0.186749E+08   0.186748E+08   0.186748E+08   0.186804E+08  -0.485389E+00   0.938344E+07   0.938341E+07   0.809706E+02
   0.171065E-03   0.186693E+08   0.186692E+08   0.217138E+08   0.216220E+08   0.186693E+08   0.186693E+08   0.186693E+08   0.186747E+08  -0.484933E+00   0.938024E+07   0.938019E+07   0.888868E+02
   0.189010E-03   0.186626E+08   0.186624E+08   0.210571E+08   0.209477E+08   0.186626E+08   0.186626E+08   0.186626E+08   0.186678E+08  -0.484383E+00   0.937635E+07   0.937630E+07   0.974401E+02
   0.208836E-03   0.186545E+08   0.186542E+08   0.202804E+08   0.201508E+08   0.186545E+08   0.186544E+08   0.186544E+08   0.186595E+08  -0.483720E+00   0.937166E+07   0.937160E+07   0.106635E+03
   0.230743E-03   0.186447E+08   0.186444E+08   0.193686E+08   0.192160E+08   0.186446E+08   0.186446E+08   0.186446E+08   0.186494E+08  -0.482925E+00   0.936601E+07   0.936593E+07   0.116457E+03
   0.254947E-03   0.186328E+08   0.186325E+08   0.183076E+08   0.181294E+08   0.186327E+08   0.186328E+08   0.186328E+08   0.186373E+08  -0.481973E+00   0.935921E+07   0.935911E+07   0.126868E+03
   0.281691E-03   0.186186E+08   0.186182E+08   0.170863E+08   0.168805E+08   0.186185E+08   0.186185E+08   0.186185E+08   0.186228E+08  -0.480840E+00   0.935106E+07   0.935094E+07   0.137797E+03
   0.311239E-03   0.186015E+08   0.186010E+08   0.156997E+08   0.154647E+08   0.186014E+08   0.186015E+08   0.186015E+08   0.186054E+08  -0.479498E+00   0.934133E+07   0.934119E+07   0.149131E+03
   0.343888E-03   0.185812E+08   0.185806E+08   0.141516E+08   0.138876E+08   0.185810E+08   0.185811E+08   0.185811E+08   0.185846E+08  -0.477919E+00   0.932978E+07   0.932962E+07   0.160704E+03
   0.379961E-03   0.185570E+08   0.185563E+08   0.124593E+08   0.121684E+08   0.185568E+08   0.185569E+08   0.185569E+08   0.185600E+08  -0.476075E+00   0.931614E+07   0.931594E+07   0.172293E+03
   0.419818E-03   0.185285E+08   0.185276E+08   0.106580E+08   0.103450E+08   0.185282E+08   0.185284E+08   0.185284E+08   0.185310E+08  -0.473942E+00   0.930014E+07   0.929991E+07   0.183604E+03
   0.463856E-03   0.184951E+08   0.184940E+08   0.880375E+07   0.847715E+07   0.184946E+08   0.184949E+08   0.184949E+08   0.184971E+08  -0.471501E+00   0.928153E+07   0.928126E+07   0.194275E+03
   0.512513E-03   0.184562E+08   0.184549E+08   0.697517E+07   0.664720E+07   0.184556E+08   0.184559E+08   0.184560E+08   0.184577E+08  -0.468748E+00   0.926009E+07   0.925978E+07   0.203880E+03
   0.566275E-03   0.184114E+08   0.184099E+08   0.526907E+07   0.495552E+07   0.184106E+08   0.184111E+08   0.184111E+08   0.184124E+08  -0.465688E+00   0.923567E+07   0.923531E+07   0.211946E+03
   0.625675E-03   0.183603E+08   0.183586E+08   0.378872E+07   0.350737E+07   0.183594E+08   0.183600E+08   0.183600E+08   0.183609E+08  -0.462350E+00   0.920821E+07   0.920780E+07   0.217989E+03
   0.691307E-03   0.183029E+08   0.183009E+08   0.262260E+07   0.239018E+07   0.183018E+08   0.183025E+08   0.183025E+08   0.183031E+08  -0.458784E+00   0.917780E+07   0.917734E+07   0.221563E+03
   0.763824E-03   0.182392E+08   0.182369E+08   0.181575E+07   0.164348E+07   0.182378E+08   0.182387E+08   0.182388E+08   0.182392E+08  -0.455061E+00   0.914465E+07   0.914414E+07   0.222319E+03
   0.843947E-03   0.181696E+08   0.181671E+08   0.134304E+07   0.123171E+07   0.181679E+08   0.181691E+08   0.181692E+08   0.181694E+08  -0.451267E+00   0.910912E+07   0.910857E+07   0.220063E+03
   0.932476E-03   0.180948E+08   0.180920E+08   0.110190E+07   0.103887E+07   0.180927E+08   0.180943E+08   0.180944E+08   0.180945E+08  -0.447494E+00   0.907169E+07   0.907109E+07   0.214791E+03
   0.103029E-02   0.180157E+08   0.180127E+08   0.944210E+06   0.905425E+06   0.180132E+08   0.180151E+08   0.180152E+08   0.180153E+08  -0.443819E+00   0.903284E+07   0.903220E+07   0.206685E+03
   0.113837E-02   0.179332E+08   0.179299E+08   0.750405E+06   0.709099E+06   0.179300E+08   0.179325E+08   0.179326E+08   0.179326E+08  -0.440292E+00   0.899295E+07   0.899228E+07   0.196063E+03
   0.125778E-02   0.178479E+08   0.178444E+08   0.506398E+06   0.445584E+06   0.178440E+08   0.178471E+08   0.178473E+08   0.178472E+08  -0.436931E+00   0.895225E+07   0.895156E+07   0.183328E+03
   0.138972E-02   0.177603E+08   0.177566E+08   0.303921E+06   0.224148E+06   0.177555E+08   0.177594E+08   0.177597E+08   0.177595E+08  -0.433720E+00   0.891068E+07   0.890998E+07   0.168953E+03
   0.153549E-02   0.176703E+08   0.176665E+08   0.222153E+06   0.136543E+06   0.176644E+08   0.176693E+08   0.176697E+08   0.176693E+08  -0.430628E+00   0.886800E+07   0.886729E+07   0.153539E+03
   0.169656E-02   0.175774E+08   0.175735E+08   0.204288E+06  -0.125560E+06   0.175702E+08   0.175763E+08   0.175768E+08   0.175763E+08  -0.427620E+00   0.882380E+07   0.882310E+07   0.137853E+03
   0.187453E-02   0.174808E+08   0.174769E+08   0.136678E+06  -0.107821E+06   0.174720E+08   0.174796E+08   0.174801E+08   0.174796E+08  -0.424655E+00   0.877754E+07   0.877685E+07   0.122734E+03
   0.207116E-02   0.173793E+08   0.173754E+08   0.539793E+05  -0.915398E+05   0.173686E+08   0.173779E+08   0.173786E+08   0.173779E+08  -0.421686E+00   0.872863E+07   0.872795E+07   0.108890E+03
   0.228842E-02   0.172716E+08   0.172677E+08   0.507745E+05  -0.770330E+05   0.172586E+08   0.172701E+08   0.172710E+08   0.172701E+08  -0.418659E+00   0.867635E+07   0.867568E+07   0.967906E+02
   0.252847E-02   0.171562E+08   0.171523E+08   0.448747E+05  -0.643651E+05   0.171404E+08   0.171545E+08   0.171556E+08   0.171545E+08  -0.415523E+00   0.861994E+07   0.861928E+07   0.866404E+02
   0.279371E-02   0.170315E+08   0.170274E+08   0.120026E+05  -0.534718E+05   0.170123E+08   0.170296E+08   0.170308E+08   0.170296E+08  -0.412222E+00   0.855859E+07   0.855793E+07   0.782451E+02
   0.308676E-02   0.168958E+08   0.168914E+08   0.184675E+05  -0.442071E+05   0.168725E+08   0.168935E+08   0.168950E+08   0.168935E+08  -0.408706E+00   0.849142E+07   0.849076E+07   0.710594E+02
   0.341055E-02   0.167471E+08   0.167425E+08  -0.318912E+03  -0.363961E+05   0.167190E+08   0.167444E+08   0.167463E+08   0.167444E+08  -0.404919E+00   0.841755E+07   0.841689E+07   0.644942E+02
   0.376831E-02   0.165836E+08   0.165787E+08   0.160575E+04  -0.298588E+05   0.165497E+08   0.165805E+08   0.165828E+08   0.165805E+08  -0.400808E+00   0.833603E+07   0.833537E+07   0.581808E+02
   0.416360E-02   0.164034E+08   0.163982E+08  -0.570716E+04  -0.244153E+05   0.163625E+08   0.163997E+08   0.164025E+08   0.163997E+08  -0.396320E+00   0.824589E+07   0.824524E+07   0.521841E+02
   0.460035E-02   0.162043E+08   0.161988E+08  -0.122065E+04  -0.199051E+05   0.161553E+08   0.162001E+08   0.162034E+08   0.162001E+08  -0.391398E+00   0.814612E+07   0.814548E+07   0.467961E+02
   0.508292E-02   0.159843E+08   0.159783E+08   0.188301E+04  -0.161819E+05   0.159256E+08   0.159793E+08   0.159833E+08   0.159793E+08  -0.385988E+00   0.803567E+07   0.803502E+07   0.421483E+02
   0.561611E-02   0.157413E+08   0.157346E+08  -0.178166E+04  -0.131184E+05   0.156713E+08   0.157354E+08   0.157402E+08   0.157354E+08  -0.380033E+00   0.791345E+07   0.791281E+07   0.380317E+02
   0.620522E-02   0.154729E+08   0.154656E+08  -0.202964E+04  -0.106055E+05   0.153898E+08   0.154661E+08   0.154717E+08   0.154661E+08  -0.373477E+00   0.777838E+07   0.777775E+07   0.342063E+02
   0.685614E-02   0.151771E+08   0.151690E+08  -0.353962E+04  -0.854954E+04   0.150789E+08   0.151691E+08   0.151758E+08   0.151691E+08  -0.366265E+00   0.762936E+07   0.762873E+07   0.307271E+02
   0.757533E-02   0.148516E+08   0.148425E+08  -0.257725E+04  -0.687162E+04   0.147362E+08   0.148422E+08   0.148501E+08   0.148422E+08  -0.358340E+00   0.746528E+07   0.746465E+07   0.276789E+02
   0.836997E-02   0.144943E+08   0.144840E+08  -0.202527E+04  -0.550556E+04   0.143596E+08   0.144834E+08   0.144926E+08   0.144834E+08  -0.349651E+00   0.728509E+07   0.728446E+07   0.249356E+02
   0.924796E-02   0.141033E+08   0.140915E+08  -0.185712E+04  -0.439610E+04   0.139471E+08   0.140907E+08   0.141013E+08   0.140907E+08  -0.340149E+00   0.708780E+07   0.708718E+07   0.224539E+02
   0.102180E-01   0.136767E+08   0.136633E+08  -0.186750E+04  -0.349732E+04   0.134971E+08   0.136622E+08   0.136745E+08   0.136622E+08  -0.329790E+00   0.687254E+07   0.687192E+07   0.202617E+02
   0.112899E-01   0.132132E+08   0.131979E+08  -0.178602E+04  -0.277110E+04   0.130083E+08   0.131967E+08   0.132107E+08   0.131967E+08  -0.318539E+00   0.663862E+07   0.663800E+07   0.182930E+02
   0.124742E-01   0.127119E+08   0.126943E+08  -0.120230E+04  -0.218602E+04   0.124801E+08   0.126931E+08   0.127090E+08   0.126931E+08  -0.306375E+00   0.638558E+07   0.638496E+07   0.165460E+02
   0.137827E-01   0.121724E+08   0.121522E+08  -0.829313E+03  -0.171612E+04   0.119126E+08   0.121513E+08   0.121690E+08   0.121513E+08  -0.293288E+00   0.611327E+07   0.611265E+07   0.149860E+02
   0.152285E-01   0.115952E+08   0.115720E+08  -0.975738E+03  -0.134004E+04   0.113065E+08   0.115716E+08   0.115913E+08   0.115716E+08  -0.279290E+00   0.582192E+07   0.582130E+07   0.135959E+02
   0.168259E-01   0.109927E+08   0.109662E+08  -0.769559E+03  -0.104129E+04   0.106747E+08   0.109665E+08   0.109882E+08   0.109665E+08  -0.264682E+00   0.551782E+07   0.551720E+07   0.123588E+02
   0.185909E-01   0.103472E+08   0.103172E+08  -0.517845E+03  -0.803306E+03   0.100005E+08   0.103185E+08   0.103421E+08   0.103185E+08  -0.249037E+00   0.519209E+07   0.519147E+07   0.112342E+02
   0.205410E-01   0.967241E+07   0.963873E+07  -0.382950E+03  -0.615413E+03   0.929846E+07   0.964129E+07   0.966676E+07   0.964129E+07  -0.232690E+00   0.485169E+07   0.485106E+07   0.102057E+02
   0.226958E-01   0.896703E+07   0.892961E+07  -0.429947E+03  -0.467561E+03   0.856839E+07   0.893361E+07   0.896074E+07   0.893361E+07  -0.215608E+00   0.449596E+07   0.449533E+07   0.924446E+01
   0.250765E-01   0.825452E+07   0.821359E+07  -0.243007E+03  -0.352726E+03   0.783417E+07   0.821906E+07   0.824765E+07   0.821906E+07  -0.198361E+00   0.413675E+07   0.413613E+07   0.833367E+01
   0.277070E-01   0.754448E+07   0.750056E+07  -0.139875E+03  -0.264203E+03   0.710583E+07   0.750728E+07   0.753710E+07   0.750728E+07  -0.181182E+00   0.377893E+07   0.377831E+07   0.744694E+01
   0.306134E-01   0.684258E+07   0.679660E+07  -0.140014E+03  -0.196385E+03   0.638936E+07   0.680405E+07   0.683486E+07   0.680405E+07  -0.164209E+00   0.342539E+07   0.342479E+07   0.656224E+01
   0.338246E-01   0.616697E+07   0.612033E+07  -0.107055E+03  -0.145068E+03   0.570258E+07   0.612757E+07   0.615914E+07   0.612757E+07  -0.147882E+00   0.308528E+07   0.308471E+07   0.566743E+01
   0.373728E-01   0.553893E+07   0.549344E+07  -0.718753E+02  -0.106802E+03   0.506600E+07   0.549911E+07   0.553129E+07   0.549911E+07  -0.132714E+00   0.276932E+07   0.276878E+07   0.476269E+01
   0.412931E-01   0.497832E+07   0.493606E+07  -0.570465E+02  -0.786941E+02   0.449650E+07   0.493839E+07   0.497122E+07   0.493839E+07  -0.119182E+00   0.248742E+07   0.248694E+07   0.386341E+01
   0.454224E-01   0.450567E+07   0.446844E+07  -0.579658E+02  -0.589191E+02   0.401722E+07   0.446607E+07   0.449942E+07   0.446607E+07  -0.107783E+00   0.224997E+07   0.224956E+07   0.303380E+01
   0.495517E-01   0.413772E+07   0.410636E+07  -0.447784E+02  -0.455137E+02   0.364153E+07   0.409850E+07   0.413245E+07   0.409850E+07  -0.989117E-01   0.206522E+07   0.206488E+07   0.233929E+01
   0.536810E-01   0.384376E+07   0.381829E+07  -0.354845E+02  -0.360662E+02   0.333893E+07   0.380487E+07   0.383948E+07   0.380487E+07  -0.918251E-01   0.191766E+07   0.191738E+07   0.178588E+01
   0.578103E-01   0.359772E+07   0.357744E+07  -0.286713E+02  -0.291406E+02   0.308452E+07   0.355906E+07   0.359431E+07   0.355906E+07  -0.858927E-01   0.179416E+07   0.179392E+07   0.137059E+01
   0.619396E-01   0.338155E+07   0.336527E+07  -0.235025E+02  -0.238866E+02   0.286136E+07   0.334303E+07   0.337881E+07   0.334303E+07  -0.806790E-01   0.168562E+07   0.168542E+07   0.108170E+01
   0.660689E-01   0.317916E+07   0.316545E+07  -0.194422E+02  -0.197594E+02   0.265480E+07   0.314075E+07   0.317686E+07   0.314075E+07  -0.757974E-01   0.158397E+07   0.158380E+07   0.898727E+00
   0.701982E-01   0.298102E+07   0.296847E+07  -0.161663E+02  -0.164296E+02   0.245656E+07   0.294279E+07   0.297891E+07   0.294279E+07  -0.710198E-01   0.148446E+07   0.148429E+07   0.796709E+00
   0.743275E-01   0.278658E+07   0.277400E+07  -0.134932E+02  -0.137126E+02   0.226598E+07   0.274861E+07   0.278447E+07   0.274861E+07  -0.663336E-01   0.138681E+07   0.138665E+07   0.749829E+00
   0.784568E-01   0.259268E+07   0.257930E+07  -0.112786E+02  -0.114617E+02   0.208040E+07   0.255516E+07   0.259043E+07   0.255516E+07  -0.616649E-01   0.128949E+07   0.128932E+07   0.732471E+00
   0.825861E-01   0.240673E+07   0.239219E+07  -0.945784E+01  -0.961117E+01   0.190567E+07   0.236981E+07   0.240429E+07   0.236981E+07  -0.571917E-01   0.119622E+07   0.119604E+07   0.724682E+00
   0.867155E-01   0.223387E+07   0.221825E+07  -0.796982E+01  -0.809881E+01   0.174546E+07   0.219765E+07   0.223124E+07   0.219765E+07  -0.530369E-01   0.110956E+07   0.110937E+07   0.711589E+00
   0.918752E-01   0.204251E+07   0.202613E+07  -0.649931E+01  -0.660429E+01   0.156983E+07   0.200726E+07   0.203976E+07   0.200726E+07  -0.484421E-01   0.101371E+07   0.101353E+07   0.675177E+00
   0.970349E-01   0.188354E+07   0.186738E+07  -0.537970E+01  -0.546643E+01   0.142422E+07   0.184925E+07   0.188082E+07   0.184925E+07  -0.446287E-01   0.934162E+06   0.933983E+06   0.613147E+00
   0.102195E+00   0.175838E+07   0.174343E+07  -0.453393E+01  -0.460688E+01   0.130836E+07   0.172492E+07   0.175587E+07   0.172492E+07  -0.416284E-01   0.871590E+06   0.871427E+06   0.531876E+00
   0.107354E+00   0.166252E+07   0.164946E+07  -0.389004E+01  -0.395252E+01   0.121753E+07   0.162971E+07   0.166033E+07   0.162971E+07  -0.393304E-01   0.823691E+06   0.823549E+06   0.443298E+00
   0.112514E+00   0.158658E+07   0.157568E+07  -0.338455E+01  -0.343881E+01   0.114379E+07   0.155426E+07   0.158475E+07   0.155426E+07  -0.375096E-01   0.785758E+06   0.785636E+06   0.360094E+00
   0.117674E+00   0.152025E+07   0.151133E+07  -0.296914E+01  -0.301665E+01   0.107901E+07   0.148834E+07   0.151876E+07   0.148834E+07  -0.359188E-01   0.752626E+06   0.752522E+06   0.292143E+00
   0.122833E+00   0.145550E+07   0.144802E+07  -0.261248E+01  -0.265421E+01   0.101712E+07   0.142401E+07   0.145424E+07   0.142401E+07  -0.343663E-01   0.720276E+06   0.720186E+06   0.244547E+00
   0.127993E+00   0.138766E+07   0.138094E+07  -0.229696E+01  -0.233358E+01   0.954812E+06   0.135668E+07   0.138653E+07   0.135668E+07  -0.327413E-01   0.686387E+06   0.686304E+06   0.217249E+00
   0.133153E+00   0.131545E+07   0.130884E+07  -0.201441E+01  -0.204648E+01   0.891246E+06   0.128508E+07   0.131434E+07   0.128508E+07  -0.310134E-01   0.650325E+06   0.650243E+06   0.206045E+00
   0.138312E+00   0.124040E+07   0.123344E+07  -0.176244E+01  -0.179044E+01   0.827552E+06   0.121076E+07   0.123923E+07   0.121076E+07  -0.292198E-01   0.612864E+06   0.612779E+06   0.204435E+00
   0.143472E+00   0.116583E+07   0.115833E+07  -0.154118E+01  -0.156563E+01   0.765973E+06   0.113701E+07   0.116457E+07   0.113701E+07  -0.274399E-01   0.575671E+06   0.575583E+06   0.205643E+00
   0.148632E+00   0.109578E+07   0.108782E+07  -0.135122E+01  -0.137261E+01   0.709079E+06   0.106779E+07   0.109445E+07   0.106779E+07  -0.257695E-01   0.540757E+06   0.540666E+06   0.204287E+00
   0.153792E+00   0.103392E+07   0.102577E+07  -0.119213E+01  -0.121098E+01   0.659050E+06   0.100672E+07   0.103255E+07   0.100672E+07  -0.242956E-01   0.509948E+06   0.509857E+06   0.197319E+00
   0.158951E+00   0.982377E+06   0.974394E+06  -0.106157E+01  -0.107832E+01   0.616945E+06   0.955858E+06   0.981037E+06   0.955858E+06  -0.230681E-01   0.484294E+06   0.484206E+06   0.184186E+00
   0.164111E+00   0.940911E+06   0.933439E+06  -0.954960E+00  -0.970009E+00   0.582282E+06   0.914942E+06   0.939656E+06   0.914942E+06  -0.220807E-01   0.463668E+06   0.463586E+06   0.166341E+00
   0.169271E+00   0.907336E+06   0.900600E+06  -0.866654E+00  -0.880291E+00   0.553405E+06   0.881806E+06   0.906205E+06   0.881806E+06  -0.212810E-01   0.446975E+06   0.446901E+06   0.146411E+00
   0.174430E+00   0.878728E+06   0.872796E+06  -0.791379E+00  -0.803812E+00   0.528298E+06   0.853566E+06   0.877732E+06   0.853566E+06  -0.205995E-01   0.432754E+06   0.432688E+06   0.127274E+00
   0.179590E+00   0.852260E+06   0.847046E+06  -0.724954E+00  -0.736327E+00   0.505091E+06   0.827436E+06   0.851384E+06   0.827436E+06  -0.199688E-01   0.419597E+06   0.419537E+06   0.111256E+00
   0.184750E+00   0.825487E+06   0.820794E+06  -0.664281E+00  -0.674686E+00   0.482319E+06   0.801021E+06   0.824699E+06   0.801021E+06  -0.193314E-01   0.406288E+06   0.406233E+06   0.996248E-01
   0.189910E+00   0.796781E+06   0.792365E+06  -0.607486E+00  -0.616988E+00   0.459002E+06   0.772731E+06   0.796039E+06   0.772731E+06  -0.186486E-01   0.392022E+06   0.391969E+06   0.924772E-01
   0.195069E+00   0.765866E+06   0.761502E+06  -0.554017E+00  -0.562670E+00   0.435015E+06   0.742304E+06   0.765133E+06   0.742304E+06  -0.179143E-01   0.376663E+06   0.376611E+06   0.889511E-01
   0.200229E+00   0.733744E+06   0.729277E+06  -0.504283E+00  -0.512148E+00   0.410960E+06   0.710723E+06   0.732994E+06   0.710723E+06  -0.171522E-01   0.360713E+06   0.360660E+06   0.876241E-01
   0.205389E+00   0.701939E+06   0.697309E+06  -0.458935E+00  -0.466083E+00   0.387699E+06   0.679484E+06   0.701162E+06   0.679484E+06  -0.163983E-01   0.344928E+06   0.344874E+06   0.869498E-01
   0.210548E+00   0.671880E+06   0.667120E+06  -0.418417E+00  -0.424924E+00   0.365992E+06   0.649982E+06   0.671081E+06   0.649982E+06  -0.156863E-01   0.330018E+06   0.329964E+06   0.856455E-01
   0.215708E+00   0.644691E+06   0.639900E+06  -0.382876E+00  -0.388823E+00   0.346394E+06   0.623313E+06   0.643887E+06   0.623313E+06  -0.150427E-01   0.316539E+06   0.316486E+06   0.829497E-01
   0.220868E+00   0.621054E+06   0.616361E+06  -0.352152E+00  -0.357615E+00   0.329190E+06   0.600137E+06   0.620266E+06   0.600137E+06  -0.144833E-01   0.304828E+06   0.304776E+06   0.786971E-01
   0.226027E+00   0.600985E+06   0.596508E+06  -0.325718E+00  -0.330764E+00   0.314296E+06   0.580459E+06   0.600233E+06   0.580459E+06  -0.140084E-01   0.294889E+06   0.294839E+06   0.732244E-01
   0.231187E+00   0.583820E+06   0.579640E+06  -0.302756E+00  -0.307440E+00   0.301278E+06   0.563627E+06   0.583118E+06   0.563627E+06  -0.136022E-01   0.286391E+06   0.286345E+06   0.671743E-01
   0.236347E+00   0.568526E+06   0.564668E+06  -0.282379E+00  -0.286742E+00   0.289534E+06   0.548629E+06   0.567878E+06   0.548629E+06  -0.132403E-01   0.278821E+06   0.278778E+06   0.612717E-01
   0.241507E+00   0.554050E+06   0.550484E+06  -0.263818E+00  -0.267890E+00   0.278483E+06   0.534435E+06   0.553451E+06   0.534435E+06  -0.128977E-01   0.271657E+06   0.271616E+06   0.561267E-01
   0.246666E+00   0.539530E+06   0.536188E+06  -0.246508E+00  -0.250308E+00   0.267669E+06   0.520206E+06   0.538968E+06   0.520206E+06  -0.125543E-01   0.264471E+06   0.264433E+06   0.521013E-01
   0.251826E+00   0.524433E+06   0.521230E+06  -0.230106E+00  -0.233649E+00   0.256824E+06   0.505425E+06   0.523895E+06   0.505425E+06  -0.121976E-01   0.257002E+06   0.256965E+06   0.492640E-01
   0.256986E+00   0.508656E+06   0.505511E+06  -0.214504E+00  -0.217803E+00   0.245900E+06   0.489993E+06   0.508128E+06   0.489993E+06  -0.118252E-01   0.249198E+06   0.249162E+06   0.474269E-01
   0.262145E+00   0.492504E+06   0.489359E+06  -0.199770E+00  -0.202838E+00   0.235052E+06   0.474208E+06   0.491976E+06   0.474208E+06  -0.114442E-01   0.241212E+06   0.241175E+06   0.462396E-01
   0.267305E+00   0.476496E+06   0.473326E+06  -0.186044E+00  -0.188898E+00   0.224526E+06   0.458575E+06   0.475963E+06   0.458575E+06  -0.110670E-01   0.233299E+06   0.233263E+06   0.453018E-01
   0.272465E+00   0.461161E+06   0.457975E+06  -0.173446E+00  -0.176104E+00   0.214562E+06   0.443609E+06   0.460626E+06   0.443609E+06  -0.107058E-01   0.225723E+06   0.225687E+06   0.442664E-01
   0.277624E+00   0.446920E+06   0.443748E+06  -0.162034E+00  -0.164514E+00   0.205337E+06   0.429718E+06   0.446388E+06   0.429718E+06  -0.103705E-01   0.218690E+06   0.218655E+06   0.429099E-01
   0.282784E+00   0.434018E+06   0.430903E+06  -0.151792E+00  -0.154113E+00   0.196936E+06   0.417135E+06   0.433495E+06   0.417135E+06  -0.100669E-01   0.212321E+06   0.212286E+06   0.411610E-01
   0.287944E+00   0.422477E+06   0.419463E+06  -0.142628E+00  -0.144806E+00   0.189342E+06   0.405883E+06   0.421971E+06   0.405883E+06  -0.979534E-02   0.206627E+06   0.206593E+06   0.390859E-01
   0.293104E+00   0.412105E+06   0.409219E+06  -0.134383E+00  -0.136434E+00   0.182441E+06   0.395771E+06   0.411620E+06   0.395771E+06  -0.955129E-02   0.201510E+06   0.201478E+06   0.368433E-01
   0.298263E+00   0.402558E+06   0.399811E+06  -0.126873E+00  -0.128807E+00   0.176057E+06   0.386465E+06   0.402097E+06   0.386465E+06  -0.932670E-02   0.196802E+06   0.196771E+06   0.346258E-01
   0.303423E+00   0.393459E+06   0.390845E+06  -0.119923E+00  -0.121749E+00   0.170008E+06   0.377598E+06   0.393020E+06   0.377598E+06  -0.911271E-02   0.192316E+06   0.192286E+06   0.326050E-01
   0.308583E+00   0.384491E+06   0.381986E+06  -0.113394E+00  -0.115119E+00   0.164148E+06   0.368861E+06   0.384070E+06   0.368861E+06  -0.890186E-02   0.187894E+06   0.187865E+06   0.308927E-01
   0.313742E+00   0.375453E+06   0.373028E+06  -0.107200E+00  -0.108829E+00   0.158384E+06   0.360062E+06   0.375046E+06   0.360062E+06  -0.868952E-02   0.183439E+06   0.183411E+06   0.295242E-01
   0.318902E+00   0.366289E+06   0.363914E+06  -0.101303E+00  -0.102841E+00   0.152692E+06   0.351146E+06   0.365890E+06   0.351146E+06  -0.847434E-02   0.178923E+06   0.178895E+06   0.284634E-01
   0.324062E+00   0.357067E+06   0.354721E+06  -0.957040E-01  -0.971556E-01   0.147099E+06   0.342180E+06   0.356673E+06   0.342180E+06  -0.825796E-02   0.174379E+06   0.174352E+06   0.276233E-01
   0.329221E+00   0.347943E+06   0.345614E+06  -0.904233E-01  -0.917935E-01   0.141666E+06   0.333314E+06   0.347552E+06   0.333314E+06  -0.804398E-02   0.169885E+06   0.169858E+06   0.268956E-01
   0.334381E+00   0.339101E+06   0.336788E+06  -0.854875E-01  -0.867817E-01   0.136463E+06   0.324726E+06   0.338713E+06   0.324726E+06  -0.783673E-02   0.165531E+06   0.165504E+06   0.261797E-01
   0.339541E+00   0.330705E+06   0.328417E+06  -0.809133E-01  -0.821371E-01   0.131551E+06   0.316575E+06   0.330321E+06   0.316575E+06  -0.764002E-02   0.161398E+06   0.161372E+06   0.254048E-01
   0.344701E+00   0.322854E+06   0.320603E+06  -0.766988E-01  -0.778578E-01   0.126958E+06   0.308955E+06   0.322476E+06   0.308955E+06  -0.745612E-02   0.157534E+06   0.157509E+06   0.245400E-01
   0.349860E+00   0.315560E+06   0.313362E+06  -0.728220E-01  -0.739214E-01   0.122681E+06   0.301878E+06   0.315191E+06   0.301878E+06  -0.728533E-02   0.153946E+06   0.153921E+06   0.235932E-01
   0.355020E+00   0.308763E+06   0.306628E+06  -0.692455E-01  -0.702901E-01   0.118684E+06   0.295285E+06   0.308405E+06   0.295285E+06  -0.712622E-02   0.150603E+06   0.150579E+06   0.226010E-01
   0.360180E+00   0.302359E+06   0.300292E+06  -0.659258E-01  -0.669194E-01   0.114921E+06   0.289074E+06   0.302012E+06   0.289074E+06  -0.697633E-02   0.147455E+06   0.147431E+06   0.216142E-01
   0.365339E+00   0.296228E+06   0.294227E+06  -0.628201E-01  -0.637661E-01   0.111338E+06   0.283129E+06   0.295892E+06   0.283129E+06  -0.683286E-02   0.144441E+06   0.144418E+06   0.206826E-01
   0.370499E+00   0.290258E+06   0.288316E+06  -0.598914E-01  -0.607926E-01   0.107887E+06   0.277342E+06   0.289932E+06   0.277342E+06  -0.669321E-02   0.141506E+06   0.141484E+06   0.198422E-01
   0.375659E+00   0.284361E+06   0.282469E+06  -0.571113E-01  -0.579699E-01   0.104533E+06   0.271629E+06   0.284044E+06   0.271629E+06  -0.655533E-02   0.138608E+06   0.138587E+06   0.191088E-01
   0.380819E+00   0.278494E+06   0.276641E+06  -0.544623E-01  -0.552804E-01   0.101256E+06   0.265947E+06   0.278182E+06   0.265947E+06  -0.641820E-02   0.135725E+06   0.135704E+06   0.184774E-01
   0.385978E+00   0.272665E+06   0.270842E+06  -0.519388E-01  -0.527184E-01   0.980593E+05   0.260305E+06   0.272359E+06   0.260305E+06  -0.628204E-02   0.132862E+06   0.132841E+06   0.179273E-01
   0.391138E+00   0.266924E+06   0.265125E+06  -0.495430E-01  -0.502861E-01   0.949571E+05   0.254750E+06   0.266622E+06   0.254750E+06  -0.614799E-02   0.130042E+06   0.130022E+06   0.174295E-01
   0.396298E+00   0.261333E+06   0.259557E+06  -0.472790E-01  -0.479876E-01   0.919696E+05   0.249343E+06   0.261035E+06   0.249343E+06  -0.601750E-02   0.127297E+06   0.127277E+06   0.169547E-01
   0.401457E+00   0.255943E+06   0.254191E+06  -0.451482E-01  -0.458243E-01   0.891111E+05   0.244132E+06   0.255649E+06   0.244132E+06  -0.589173E-02   0.124651E+06   0.124631E+06   0.164793E-01
   0.406617E+00   0.250783E+06   0.249059E+06  -0.431478E-01  -0.437935E-01   0.863882E+05   0.239144E+06   0.250493E+06   0.239144E+06  -0.577137E-02   0.122118E+06   0.122099E+06   0.159901E-01
   0.411777E+00   0.245867E+06   0.244175E+06  -0.412727E-01  -0.418899E-01   0.838021E+05   0.234395E+06   0.245583E+06   0.234395E+06  -0.565674E-02   0.119706E+06   0.119687E+06   0.154853E-01
   0.416936E+00   0.241191E+06   0.239534E+06  -0.395148E-01  -0.401052E-01   0.813474E+05   0.229878E+06   0.240913E+06   0.229878E+06  -0.554773E-02   0.117412E+06   0.117393E+06   0.149723E-01
   0.422096E+00   0.236725E+06   0.235107E+06  -0.378626E-01  -0.384279E-01   0.790102E+05   0.225565E+06   0.236454E+06   0.225565E+06  -0.544365E-02   0.115222E+06   0.115204E+06   0.144640E-01
   0.427256E+00   0.232422E+06   0.230840E+06  -0.363024E-01  -0.368440E-01   0.767712E+05   0.221410E+06   0.232156E+06   0.221410E+06  -0.534338E-02   0.113112E+06   0.113094E+06   0.139741E-01
   0.432416E+00   0.228234E+06   0.226688E+06  -0.348221E-01  -0.353413E-01   0.746126E+05   0.217368E+06   0.227974E+06   0.217368E+06  -0.524583E-02   0.111059E+06   0.111041E+06   0.135138E-01
   0.437575E+00   0.224134E+06   0.222620E+06  -0.334132E-01  -0.339111E-01   0.725229E+05   0.213412E+06   0.223880E+06   0.213412E+06  -0.515036E-02   0.109049E+06   0.109032E+06   0.130896E-01
   0.442735E+00   0.220107E+06   0.218622E+06  -0.320699E-01  -0.325475E-01   0.704958E+05   0.209529E+06   0.219858E+06   0.209529E+06  -0.505664E-02   0.107075E+06   0.107058E+06   0.127023E-01
   0.447895E+00   0.216147E+06   0.214687E+06  -0.307878E-01  -0.312460E-01   0.685272E+05   0.205710E+06   0.215902E+06   0.205710E+06  -0.496448E-02   0.105134E+06   0.105118E+06   0.123473E-01
   0.453054E+00   0.212254E+06   0.210815E+06  -0.295640E-01  -0.300036E-01   0.666161E+05   0.201957E+06   0.212012E+06   0.201957E+06  -0.487391E-02   0.103227E+06   0.103210E+06   0.120168E-01
   0.458214E+00   0.208443E+06   0.207026E+06  -0.283977E-01  -0.288197E-01   0.647660E+05   0.198286E+06   0.208205E+06   0.198286E+06  -0.478530E-02   0.101360E+06   0.101344E+06   0.117023E-01
   0.463374E+00   0.204739E+06   0.203342E+06  -0.272892E-01  -0.276945E-01   0.629826E+05   0.194717E+06   0.204505E+06   0.194717E+06  -0.469919E-02   0.995459E+05   0.995301E+05   0.113962E-01
   0.468533E+00   0.201157E+06   0.199781E+06  -0.262376E-01  -0.266270E-01   0.612688E+05   0.191268E+06   0.200926E+06   0.191268E+06  -0.461594E-02   0.977917E+05   0.977761E+05   0.110935E-01
   0.473693E+00   0.197699E+06   0.196345E+06  -0.252403E-01  -0.256147E-01   0.596236E+05   0.187938E+06   0.197471E+06   0.187938E+06  -0.453558E-02   0.960985E+05   0.960832E+05   0.107919E-01
   0.478853E+00   0.194359E+06   0.193028E+06  -0.242940E-01  -0.246541E-01   0.580435E+05   0.184724E+06   0.194135E+06   0.184724E+06  -0.445800E-02   0.944636E+05   0.944485E+05   0.104922E-01
   0.484013E+00   0.191130E+06   0.189823E+06  -0.233951E-01  -0.237417E-01   0.565246E+05   0.181617E+06   0.190910E+06   0.181617E+06  -0.438303E-02   0.928834E+05   0.928686E+05   0.101971E-01
   0.489172E+00   0.188003E+06   0.186720E+06  -0.225402E-01  -0.228740E-01   0.550625E+05   0.178608E+06   0.187787E+06   0.178608E+06  -0.431042E-02   0.913532E+05   0.913386E+05   0.991032E-02
   0.494332E+00   0.184963E+06   0.183703E+06  -0.217255E-01  -0.220470E-01   0.536516E+05   0.175685E+06   0.184751E+06   0.175685E+06  -0.423987E-02   0.898659E+05   0.898516E+05   0.963523E-02
   0.499492E+00   0.181993E+06   0.180756E+06  -0.209472E-01  -0.212570E-01   0.522858E+05   0.172830E+06   0.181786E+06   0.172830E+06  -0.417097E-02   0.884134E+05   0.883994E+05   0.937400E-02
   0.504651E+00   0.179084E+06   0.177866E+06  -0.202022E-01  -0.205008E-01   0.509608E+05   0.170033E+06   0.178879E+06   0.170033E+06  -0.410347E-02   0.869902E+05   0.869764E+05   0.912735E-02
   0.509811E+00   0.176230E+06   0.175032E+06  -0.194888E-01  -0.197767E-01   0.496745E+05   0.167291E+06   0.176029E+06   0.167291E+06  -0.403729E-02   0.855947E+05   0.855811E+05   0.889456E-02
   0.514971E+00   0.173435E+06   0.172255E+06  -0.188057E-01  -0.190833E-01   0.484269E+05   0.164606E+06   0.173237E+06   0.164606E+06  -0.397249E-02   0.842280E+05   0.842146E+05   0.867384E-02
   0.520130E+00   0.170701E+06   0.169538E+06  -0.181518E-01  -0.184196E-01   0.472175E+05   0.161980E+06   0.170506E+06   0.161980E+06  -0.390911E-02   0.828913E+05   0.828781E+05   0.846269E-02
   0.525290E+00   0.168029E+06   0.166882E+06  -0.175260E-01  -0.177845E-01   0.460459E+05   0.159414E+06   0.167837E+06   0.159414E+06  -0.384720E-02   0.815852E+05   0.815722E+05   0.825861E-02
   0.530450E+00   0.165423E+06   0.164293E+06  -0.169274E-01  -0.171769E-01   0.449121E+05   0.156912E+06   0.165233E+06   0.156912E+06  -0.378683E-02   0.803115E+05   0.802987E+05   0.805966E-02
   0.535610E+00   0.162888E+06   0.161774E+06  -0.163553E-01  -0.165963E-01   0.438165E+05   0.154479E+06   0.162701E+06   0.154479E+06  -0.372810E-02   0.790724E+05   0.790598E+05   0.786475E-02
   0.540769E+00   0.160424E+06   0.159326E+06  -0.158086E-01  -0.160414E-01   0.427584E+05   0.152115E+06   0.160239E+06   0.152115E+06  -0.367105E-02   0.778685E+05   0.778561E+05   0.767361E-02
   0.545929E+00   0.158027E+06   0.156946E+06  -0.152858E-01  -0.155108E-01   0.417359E+05   0.149816E+06   0.157846E+06   0.149816E+06  -0.361557E-02   0.766978E+05   0.766855E+05   0.748655E-02
   0.551089E+00   0.155691E+06   0.154627E+06  -0.147853E-01  -0.150028E-01   0.407463E+05   0.147576E+06   0.155513E+06   0.147576E+06  -0.356151E-02   0.755569E+05   0.755448E+05   0.730430E-02
   0.556248E+00   0.153412E+06   0.152364E+06  -0.143055E-01  -0.145159E-01   0.397876E+05   0.145390E+06   0.153236E+06   0.145390E+06  -0.350876E-02   0.744435E+05   0.744317E+05   0.712773E-02
   0.561408E+00   0.151185E+06   0.150153E+06  -0.138455E-01  -0.140490E-01   0.388584E+05   0.143256E+06   0.151012E+06   0.143256E+06  -0.345725E-02   0.733563E+05   0.733446E+05   0.695759E-02
   0.566568E+00   0.149008E+06   0.147991E+06  -0.134040E-01  -0.136009E-01   0.379570E+05   0.141169E+06   0.148837E+06   0.141169E+06  -0.340689E-02   0.722932E+05   0.722816E+05   0.679424E-02
   0.571728E+00   0.146875E+06   0.145873E+06  -0.129798E-01  -0.131703E-01   0.370814E+05   0.139125E+06   0.146707E+06   0.139125E+06  -0.335757E-02   0.712519E+05   0.712405E+05   0.663752E-02
   0.576887E+00   0.144783E+06   0.143795E+06  -0.125719E-01  -0.127564E-01   0.362303E+05   0.137122E+06   0.144617E+06   0.137122E+06  -0.330921E-02   0.702310E+05   0.702198E+05   0.648697E-02
   0.582047E+00   0.142734E+06   0.141759E+06  -0.121798E-01  -0.123585E-01   0.354035E+05   0.135159E+06   0.142570E+06   0.135159E+06  -0.326185E-02   0.692308E+05   0.692197E+05   0.634193E-02
   0.587207E+00   0.140729E+06   0.139768E+06  -0.118030E-01  -0.119761E-01   0.346008E+05   0.133240E+06   0.140568E+06   0.133240E+06  -0.321552E-02   0.682524E+05   0.682414E+05   0.620167E-02
   0.592366E+00   0.138769E+06   0.137820E+06  -0.114410E-01  -0.116087E-01   0.338219E+05   0.131363E+06   0.138610E+06   0.131363E+06  -0.317024E-02   0.672959E+05   0.672852E+05   0.606548E-02
   0.597526E+00   0.136852E+06   0.135916E+06  -0.110930E-01  -0.112555E-01   0.330658E+05   0.129529E+06   0.136695E+06   0.129529E+06  -0.312596E-02   0.663608E+05   0.663502E+05   0.593280E-02
   0.602686E+00   0.134978E+06   0.134055E+06  -0.107585E-01  -0.109160E-01   0.323319E+05   0.127735E+06   0.134823E+06   0.127735E+06  -0.308268E-02   0.654465E+05   0.654361E+05   0.580332E-02
   0.607845E+00   0.133147E+06   0.132236E+06  -0.104368E-01  -0.105896E-01   0.316197E+05   0.125984E+06   0.132994E+06   0.125984E+06  -0.304041E-02   0.645534E+05   0.645431E+05   0.567701E-02
   0.613005E+00   0.131359E+06   0.130460E+06  -0.101276E-01  -0.102758E-01   0.309287E+05   0.124273E+06   0.131208E+06   0.124273E+06  -0.299913E-02   0.636812E+05   0.636710E+05   0.555396E-02
   0.618165E+00   0.129610E+06   0.128723E+06  -0.983009E-02  -0.997382E-02   0.302578E+05   0.122600E+06   0.129461E+06   0.122600E+06  -0.295876E-02   0.628284E+05   0.628183E+05   0.543429E-02
   0.623325E+00   0.127897E+06   0.127022E+06  -0.954354E-02  -0.968302E-02   0.296055E+05   0.120963E+06   0.127750E+06   0.120963E+06  -0.291924E-02   0.619931E+05   0.619832E+05   0.531815E-02
   0.628484E+00   0.126218E+06   0.125355E+06  -0.926742E-02  -0.940281E-02   0.289711E+05   0.119358E+06   0.126073E+06   0.119358E+06  -0.288051E-02   0.611748E+05   0.611649E+05   0.520561E-02
   0.677014E+00   0.111975E+06   0.111208E+06  -0.710656E-02  -0.721000E-02   0.237842E+05   0.105756E+06   0.111846E+06   0.105756E+06  -0.255225E-02   0.542345E+05   0.542258E+05   0.429819E-02
   0.729291E+00   0.992770E+05   0.985966E+05  -0.544558E-02  -0.552456E-02   0.194682E+05   0.936514E+05   0.991628E+05   0.936514E+05  -0.226013E-02   0.480536E+05   0.480459E+05   0.354586E-02
   0.785605E+00   0.879856E+05   0.873822E+05  -0.417073E-02  -0.423102E-02   0.158927E+05   0.829056E+05   0.878843E+05   0.829056E+05  -0.200079E-02   0.425626E+05   0.425557E+05   0.292502E-02
   0.895965E+00   0.709600E+05   0.704728E+05  -0.259808E-02  -0.263543E-02   0.110234E+05   0.667389E+05   0.708782E+05   0.667389E+05  -0.161063E-02   0.342931E+05   0.342876E+05   0.207996E-02
   0.125042E+01   0.408465E+05   0.405653E+05  -0.775500E-03  -0.786515E-03   0.419957E+04   0.382682E+05   0.407993E+05   0.382682E+05  -0.923541E-03   0.197012E+05   0.196979E+05   0.876333E-03
   0.174510E+01   0.232943E+05   0.231335E+05  -0.228267E-03  -0.231488E-03   0.152212E+04   0.217635E+05   0.232673E+05   0.217635E+05  -0.525271E-03   0.112201E+05   0.112182E+05   0.372224E-03
   0.243548E+01   0.131716E+05   0.130805E+05  -0.665515E-04  -0.674857E-04   0.527271E+03   0.122829E+05   0.131563E+05   0.122829E+05  -0.296465E-03   0.633871E+04   0.633753E+04   0.161824E-03
