#          k/h    CDM            baryon         photon         nu             mass_nu        total          no_nu          total_de       Weyl           v_CDM          v_b            v_b-v_c     
   0.102769E-04   0.190879E+08   0.190879E+08   0.254373E+08   0.254369E+08   0.190880E+08   0.190879E+08   0.190879E+08   0.190942E+08  -0.473139E+00   0.966177E+07   0.966177E+07   0.580053E+01
   0.113576E-04   0.190879E+08   0.190879E+08   0.254344E+08   0.254339E+08   0.190880E+08   0.190879E+08   0.190879E+08   0.190942E+08  -0.473139E+00   0.966176E+07   0.966176E+07   0.641032E+01
   0.125520E-04   0.190878E+08   0.190878E+08   0.254308E+08   0.254302E+08   0.190879E+08   0.190879E+08   0.190878E+08   0.190942E+08  -0.473138E+00   0.966176E+07   0.966176E+07   0.708418E+01
   0.138720E-04   0.190878E+08   0.190878E+08   0.254264E+08   0.254257E+08   0.190879E+08   0.190878E+08   0.190878E+08   0.190942E+08  -0.473137E+00   0.966175E+07   0.966175E+07   0.782880E+01
   0.153308E-04   0.190878E+08   0.190878E+08   0.254210E+08   0.254202E+08   0.190879E+08   0.190878E+08   0.190878E+08   0.190942E+08  -0.473136E+00   0.966174E+07   0.966174E+07   0.865161E+01
   0.169430E-04   0.190878E+08   0.190878E+08   0.254145E+08   0.254135E+08   0.190879E+08   0.190878E+08   0.190878E+08   0.190942E+08  -0.473134E+00   0.966173E+07   0.966173E+07   0.956077E+01
   0.187247E-04   0.190878E+08   0.190878E+08   0.254066E+08   0.254052E+08   0.190879E+08   0.190878E+08   0.190878E+08   0.190941E+08  -0.473133E+00   0.966172E+07   0.966172E+07   0.105653E+02
   0.206938E-04   0.190878E+08   0.190878E+08   0.253968E+08   0.253952E+08   0.190878E+08   0.190878E+08   0.190878E+08   0.190941E+08  -0.473131E+00   0.966171E+07   0.966170E+07   0.116752E+02
   0.228700E-04   0.190877E+08   0.190877E+08   0.253850E+08   0.253830E+08   0.190878E+08   0.190877E+08   0.190877E+08   0.190941E+08  -0.473128E+00   0.966169E+07   0.966169E+07   0.129014E+02
   0.252750E-04   0.190877E+08   0.190877E+08   0.253704E+08   0.253681E+08   0.190878E+08   0.190877E+08   0.190877E+08   0.190940E+08  -0.473125E+00   0.966166E+07   0.966166E+07   0.142560E+02
   0.279330E-04   0.190876E+08   0.190876E+08   0.253528E+08   0.253498E+08   0.190877E+08   0.190876E+08   0.190876E+08   0.190940E+08  -0.473121E+00   0.966164E+07   0.966164E+07   0.157522E+02
   0.308704E-04   0.190876E+08   0.190876E+08   0.253311E+08   0.253276E+08   0.190877E+08   0.190876E+08   0.190876E+08   0.190939E+08  -0.473117E+00   0.966160E+07   0.966160E+07   0.174049E+02
   0.341168E-04   0.190875E+08   0.190875E+08   0.253048E+08   0.253005E+08   0.190876E+08   0.190875E+08   0.190875E+08   0.190938E+08  -0.473111E+00   0.966156E+07   0.966156E+07   0.192299E+02
   0.377045E-04   0.190874E+08   0.190874E+08   0.252726E+08   0.252673E+08   0.190875E+08   0.190874E+08   0.190874E+08   0.190937E+08  -0.473105E+00   0.966151E+07   0.966151E+07   0.212451E+02
   0.416696E-04   0.190873E+08   0.190873E+08   0.252334E+08   0.252270E+08   0.190874E+08   0.190873E+08   0.190873E+08   0.190936E+08  -0.473096E+00   0.966145E+07   0.966144E+07   0.234696E+02
   0.460516E-04   0.190871E+08   0.190871E+08   0.251855E+08   0.251777E+08   0.190872E+08   0.190871E+08   0.190871E+08   0.190934E+08  -0.473086E+00   0.966137E+07   0.966137E+07   0.259248E+02
   0.508944E-04   0.190870E+08   0.190870E+08   0.251272E+08   0.251177E+08   0.190871E+08   0.190870E+08   0.190870E+08   0.190933E+08  -0.473074E+00   0.966128E+07   0.966128E+07   0.286336E+02
   0.562465E-04   0.190868E+08   0.190867E+08   0.250562E+08   0.250445E+08   0.190868E+08   0.190868E+08   0.190868E+08   0.190930E+08  -0.473059E+00   0.966117E+07   0.966116E+07   0.316213E+02
   0.621614E-04   0.190865E+08   0.190865E+08   0.249696E+08   0.249554E+08   0.190866E+08   0.190865E+08   0.190865E+08   0.190928E+08  -0.473041E+00   0.966103E+07   0.966102E+07   0.349149E+02
   0.686984E-04   0.190862E+08   0.190862E+08   0.248643E+08   0.248470E+08   0.190863E+08   0.190862E+08   0.190862E+08   0.190924E+08  -0.473019E+00   0.966086E+07   0.966085E+07   0.385439E+02
   0.759227E-04   0.190858E+08   0.190858E+08   0.247362E+08   0.247152E+08   0.190859E+08   0.190858E+08   0.190858E+08   0.190920E+08  -0.472991E+00   0.966066E+07   0.966065E+07   0.425396E+02
   0.839068E-04   0.190854E+08   0.190853E+08   0.245806E+08   0.245550E+08   0.190854E+08   0.190854E+08   0.190854E+08   0.190915E+08  -0.472958E+00   0.966040E+07   0.966039E+07   0.469356E+02
   0.927306E-04   0.190848E+08   0.190848E+08   0.243917E+08   0.243607E+08   0.190849E+08   0.190848E+08   0.190848E+08   0.190909E+08  -0.472918E+00   0.966010E+07   0.966009E+07   0.517671E+02
   0.102482E-03   0.190841E+08   0.190841E+08   0.241629E+08   0.241253E+08   0.190842E+08   0.190841E+08   0.190841E+08   0.190902E+08  -0.472869E+00   0.965973E+07   0.965971E+07   0.570706E+02
   0.113259E-03   0.190833E+08   0.190832E+08   0.238860E+08   0.238405E+08   0.190834E+08   0.190833E+08   0.190833E+08   0.190893E+08  -0.472809E+00   0.965927E+07   0.965925E+07   0.628834E+02
   0.125170E-03   0.190823E+08   0.190822E+08   0.235519E+08   0.234969E+08   0.190823E+08   0.190823E+08   0.190823E+08   0.190882E+08  -0.472736E+00   0.965872E+07   0.965870E+07   0.692427E+02
   0.138333E-03   0.190810E+08   0.190809E+08   0.231496E+08   0.230834E+08   0.190811E+08   0.190810E+08   0.190810E+08   0.190868E+08  -0.472647E+00   0.965805E+07   0.965802E+07   0.761841E+02
   0.152880E-03   0.190795E+08   0.190794E+08   0.226669E+08   0.225873E+08   0.190796E+08   0.190795E+08   0.190795E+08   0.190852E+08  -0.472540E+00   0.965723E+07   0.965719E+07   0.837397E+02
   0.168957E-03   0.190777E+08   0.190775E+08   0.220900E+08   0.219947E+08   0.190777E+08   0.190777E+08   0.190777E+08   0.190832E+08  -0.472409E+00   0.965623E+07   0.965618E+07   0.919357E+02
   0.186725E-03   0.190755E+08   0.190753E+08   0.214038E+08   0.212902E+08   0.190755E+08   0.190755E+08   0.190755E+08   0.190808E+08  -0.472251E+00   0.965502E+07   0.965496E+07   0.100789E+03
   0.206361E-03   0.190728E+08   0.190725E+08   0.205924E+08   0.204579E+08   0.190728E+08   0.190727E+08   0.190727E+08   0.190779E+08  -0.472061E+00   0.965355E+07   0.965348E+07   0.110302E+03
   0.228062E-03   0.190695E+08   0.190692E+08   0.196402E+08   0.194819E+08   0.190695E+08   0.190695E+08   0.190695E+08   0.190744E+08  -0.471830E+00   0.965177E+07   0.965169E+07   0.120460E+03
   0.252045E-03   0.190655E+08   0.190652E+08   0.185328E+08   0.183481E+08   0.190655E+08   0.190655E+08   0.190655E+08   0.190701E+08  -0.471554E+00   0.964962E+07   0.964952E+07   0.131218E+03
   0.278550E-03   0.190607E+08   0.190603E+08   0.172592E+08   0.170460E+08   0.190606E+08   0.190607E+08   0.190607E+08   0.190650E+08  -0.471222E+00   0.964702E+07   0.964690E+07   0.142499E+03
   0.307843E-03   0.190549E+08   0.190544E+08   0.158150E+08   0.155719E+08   0.190548E+08   0.190549E+08   0.190549E+08   0.190588E+08  -0.470827E+00   0.964388E+07   0.964374E+07   0.154182E+03
   0.340216E-03   0.190480E+08   0.190473E+08   0.142053E+08   0.139328E+08   0.190478E+08   0.190479E+08   0.190479E+08   0.190514E+08  -0.470357E+00   0.964012E+07   0.963995E+07   0.166091E+03
   0.375993E-03   0.190396E+08   0.190389E+08   0.124500E+08   0.121504E+08   0.190393E+08   0.190395E+08   0.190395E+08   0.190426E+08  -0.469803E+00   0.963562E+07   0.963542E+07   0.177987E+03
   0.415533E-03   0.190296E+08   0.190287E+08   0.105875E+08   0.102662E+08   0.190293E+08   0.190295E+08   0.190295E+08   0.190321E+08  -0.469153E+00   0.963026E+07   0.963002E+07   0.189561E+03
   0.459231E-03   0.190177E+08   0.190166E+08   0.867877E+07   0.834504E+07   0.190173E+08   0.190175E+08   0.190175E+08   0.190197E+08  -0.468397E+00   0.962390E+07   0.962363E+07   0.200432E+03
   0.507524E-03   0.190036E+08   0.190024E+08   0.680782E+07   0.647487E+07   0.190030E+08   0.190034E+08   0.190034E+08   0.190051E+08  -0.467526E+00   0.961640E+07   0.961608E+07   0.210156E+03
   0.560895E-03   0.189870E+08   0.189855E+08   0.507693E+07   0.476160E+07   0.189863E+08   0.189867E+08   0.189868E+08   0.189880E+08  -0.466536E+00   0.960762E+07   0.960725E+07   0.218246E+03
   0.619880E-03   0.189676E+08   0.189658E+08   0.359327E+07   0.331431E+07   0.189667E+08   0.189672E+08   0.189673E+08   0.189681E+08  -0.465422E+00   0.959740E+07   0.959699E+07   0.224211E+03
   0.685067E-03   0.189450E+08   0.189430E+08   0.244561E+07   0.222033E+07   0.189439E+08   0.189446E+08   0.189447E+08   0.189452E+08  -0.464188E+00   0.958562E+07   0.958515E+07   0.227606E+03
   0.757109E-03   0.189189E+08   0.189166E+08   0.167389E+07   0.151342E+07   0.189175E+08   0.189185E+08   0.189185E+08   0.189189E+08  -0.462841E+00   0.957214E+07   0.957162E+07   0.228098E+03
   0.836727E-03   0.188891E+08   0.188865E+08   0.124228E+07   0.114649E+07   0.188874E+08   0.188886E+08   0.188887E+08   0.188889E+08  -0.461394E+00   0.955685E+07   0.955628E+07   0.225519E+03
   0.924718E-03   0.188552E+08   0.188523E+08   0.103493E+07   0.989705E+06   0.188531E+08   0.188546E+08   0.188547E+08   0.188549E+08  -0.459864E+00   0.953965E+07   0.953904E+07   0.219899E+03
   0.102196E-02   0.188170E+08   0.188139E+08   0.894723E+06   0.874639E+06   0.188144E+08   0.188163E+08   0.188165E+08   0.188166E+08  -0.458264E+00   0.952042E+07   0.951977E+07   0.211448E+03
   0.112943E-02   0.187742E+08   0.187708E+08   0.704452E+06   0.682447E+06   0.187710E+08   0.187734E+08   0.187736E+08   0.187736E+08  -0.456607E+00   0.949903E+07   0.949836E+07   0.200500E+03
   0.124820E-02   0.187264E+08   0.187228E+08   0.463429E+06   0.423655E+06   0.187225E+08   0.187256E+08   0.187258E+08   0.187257E+08  -0.454896E+00   0.947528E+07   0.947458E+07   0.187453E+03
   0.137947E-02   0.186731E+08   0.186693E+08   0.274368E+06   0.218868E+06   0.186683E+08   0.186722E+08   0.186725E+08   0.186723E+08  -0.453124E+00   0.944890E+07   0.944819E+07   0.172770E+03
   0.152453E-02   0.186139E+08   0.186100E+08   0.209000E+06   0.150672E+06   0.186080E+08   0.186128E+08   0.186132E+08   0.186129E+08  -0.451275E+00   0.941953E+07   0.941881E+07   0.157054E+03
   0.168485E-02   0.185478E+08   0.185439E+08   0.193082E+06  -0.138357E+06   0.185406E+08   0.185467E+08   0.185472E+08   0.185467E+08  -0.449323E+00   0.938676E+07   0.938604E+07   0.141082E+03
   0.186203E-02   0.184741E+08   0.184701E+08   0.118484E+06  -0.119059E+06   0.184653E+08   0.184729E+08   0.184734E+08   0.184729E+08  -0.447242E+00   0.935005E+07   0.934935E+07   0.125694E+03
   0.205785E-02   0.183916E+08   0.183877E+08   0.432699E+05  -0.101386E+06   0.183808E+08   0.183902E+08   0.183909E+08   0.183902E+08  -0.444997E+00   0.930886E+07   0.930817E+07   0.111590E+03
   0.227425E-02   0.182992E+08   0.182952E+08   0.493810E+05  -0.855934E+05   0.182861E+08   0.182977E+08   0.182985E+08   0.182977E+08  -0.442553E+00   0.926255E+07   0.926188E+07   0.992440E+02
   0.251342E-02   0.181955E+08   0.181915E+08   0.361767E+05  -0.717416E+05   0.181796E+08   0.181938E+08   0.181948E+08   0.181938E+08  -0.439872E+00   0.921046E+07   0.920980E+07   0.888697E+02
   0.277773E-02   0.180791E+08   0.180749E+08   0.775687E+04  -0.597672E+05   0.180598E+08   0.180771E+08   0.180784E+08   0.180771E+08  -0.436913E+00   0.915186E+07   0.915119E+07   0.802642E+02
   0.306984E-02   0.179485E+08   0.179441E+08   0.145489E+05  -0.495340E+05   0.179251E+08   0.179462E+08   0.179478E+08   0.179462E+08  -0.433634E+00   0.908596E+07   0.908529E+07   0.728840E+02
   0.339266E-02   0.178020E+08   0.177974E+08  -0.426723E+04  -0.408687E+05   0.177737E+08   0.177993E+08   0.178012E+08   0.177993E+08  -0.429991E+00   0.901194E+07   0.901127E+07   0.661388E+02
   0.374944E-02   0.176379E+08   0.176330E+08  -0.256965E+04  -0.335860E+05   0.176037E+08   0.176348E+08   0.176371E+08   0.176348E+08  -0.425940E+00   0.892891E+07   0.892824E+07   0.596592E+02
   0.414373E-02   0.174544E+08   0.174491E+08  -0.612640E+04  -0.275027E+05   0.174131E+08   0.174507E+08   0.174535E+08   0.174507E+08  -0.421430E+00   0.883595E+07   0.883529E+07   0.535108E+02
   0.457949E-02   0.172494E+08   0.172437E+08  -0.479787E+04  -0.224475E+05   0.171998E+08   0.172451E+08   0.172484E+08   0.172451E+08  -0.416414E+00   0.873207E+07   0.873141E+07   0.479866E+02
   0.506108E-02   0.170209E+08   0.170148E+08  -0.128687E+04  -0.182648E+05   0.169615E+08   0.170159E+08   0.170199E+08   0.170159E+08  -0.410839E+00   0.861621E+07   0.861555E+07   0.432121E+02
   0.559330E-02   0.167669E+08   0.167602E+08  -0.261214E+04  -0.148169E+05   0.166960E+08   0.167609E+08   0.167658E+08   0.167609E+08  -0.404650E+00   0.848730E+07   0.848665E+07   0.389763E+02
   0.618150E-02   0.164851E+08   0.164777E+08  -0.272722E+04  -0.119843E+05   0.164008E+08   0.164781E+08   0.164838E+08   0.164781E+08  -0.397794E+00   0.834424E+07   0.834359E+07   0.350426E+02
   0.683155E-02   0.161732E+08   0.161650E+08  -0.372503E+04  -0.966406E+04   0.160736E+08   0.161650E+08   0.161718E+08   0.161650E+08  -0.390215E+00   0.818588E+07   0.818524E+07   0.314683E+02
   0.754996E-02   0.158291E+08   0.158198E+08  -0.333995E+04  -0.776880E+04   0.157120E+08   0.158195E+08   0.158275E+08   0.158195E+08  -0.381858E+00   0.801109E+07   0.801045E+07   0.283327E+02
   0.834392E-02   0.154505E+08   0.154401E+08  -0.303366E+04  -0.622479E+04   0.153137E+08   0.154394E+08   0.154487E+08   0.154394E+08  -0.372668E+00   0.781876E+07   0.781813E+07   0.255085E+02
   0.922138E-02   0.150354E+08   0.150236E+08  -0.348575E+04  -0.497025E+04   0.148767E+08   0.150226E+08   0.150334E+08   0.150226E+08  -0.362597E+00   0.760787E+07   0.760723E+07   0.229561E+02
   0.101911E-01   0.145821E+08   0.145686E+08  -0.208612E+04  -0.395362E+04   0.143993E+08   0.145673E+08   0.145798E+08   0.145673E+08  -0.351599E+00   0.737749E+07   0.737686E+07   0.206990E+02
   0.112628E-01   0.140889E+08   0.140735E+08  -0.225489E+04  -0.313207E+04   0.138802E+08   0.140721E+08   0.140863E+08   0.140721E+08  -0.339639E+00   0.712689E+07   0.712626E+07   0.186725E+02
   0.124472E-01   0.135551E+08   0.135374E+08  -0.184946E+04  -0.247015E+04   0.133188E+08   0.135360E+08   0.135521E+08   0.135360E+08  -0.326694E+00   0.685560E+07   0.685497E+07   0.168738E+02
   0.137562E-01   0.129802E+08   0.129599E+08  -0.145093E+04  -0.193858E+04   0.127151E+08   0.129587E+08   0.129767E+08   0.129587E+08  -0.312756E+00   0.656345E+07   0.656282E+07   0.152677E+02
   0.152028E-01   0.123647E+08   0.123414E+08  -0.110390E+04  -0.151320E+04   0.120699E+08   0.123406E+08   0.123608E+08   0.123406E+08  -0.297837E+00   0.625071E+07   0.625008E+07   0.138366E+02
   0.168015E-01   0.117219E+08   0.116954E+08  -0.896513E+03  -0.117535E+04   0.113969E+08   0.116952E+08   0.117174E+08   0.116952E+08  -0.282258E+00   0.592411E+07   0.592348E+07   0.125636E+02
   0.185684E-01   0.110329E+08   0.110029E+08  -0.754029E+03  -0.906311E+03   0.106783E+08   0.110037E+08   0.110279E+08   0.110037E+08  -0.265566E+00   0.557416E+07   0.557353E+07   0.114070E+02
   0.205211E-01   0.103126E+08   0.102789E+08  -0.493120E+03  -0.693967E+03   0.992955E+07   0.102808E+08   0.103069E+08   0.102808E+08  -0.248118E+00   0.520834E+07   0.520770E+07   0.103506E+02
   0.226791E-01   0.955936E+07   0.952187E+07  -0.332449E+03  -0.526944E+03   0.915058E+07   0.952523E+07   0.955307E+07   0.952523E+07  -0.229881E+00   0.482593E+07   0.482530E+07   0.936477E+01
   0.250640E-01   0.879834E+07   0.875731E+07  -0.305997E+03  -0.397276E+03   0.836681E+07   0.876208E+07   0.879145E+07   0.876208E+07  -0.211463E+00   0.443970E+07   0.443907E+07   0.843255E+01
   0.276998E-01   0.803983E+07   0.799581E+07  -0.182138E+03  -0.297369E+03   0.758901E+07   0.800178E+07   0.803244E+07   0.800178E+07  -0.193113E+00   0.405491E+07   0.405428E+07   0.752730E+01
   0.306127E-01   0.729002E+07   0.724395E+07  -0.198260E+03  -0.220876E+03   0.682371E+07   0.725057E+07   0.728229E+07   0.725057E+07  -0.174983E+00   0.367470E+07   0.367409E+07   0.662646E+01
   0.338320E-01   0.656838E+07   0.652165E+07  -0.978691E+02  -0.163031E+03   0.609005E+07   0.652800E+07   0.656054E+07   0.652800E+07  -0.157544E+00   0.330897E+07   0.330839E+07   0.571766E+01
   0.373898E-01   0.589771E+07   0.585214E+07  -0.107397E+03  -0.119930E+03   0.541005E+07   0.585687E+07   0.589006E+07   0.585687E+07  -0.141347E+00   0.296927E+07   0.296873E+07   0.480093E+01
   0.413217E-01   0.529930E+07   0.525699E+07  -0.667729E+02  -0.882964E+02   0.480197E+07   0.525830E+07   0.529220E+07   0.525830E+07  -0.126901E+00   0.266631E+07   0.266583E+07   0.389165E+01
   0.454539E-01   0.479623E+07   0.475897E+07   0.659530E+02  -0.661051E+02   0.429148E+07   0.475550E+07   0.478997E+07   0.475550E+07  -0.114767E+00   0.241185E+07   0.241143E+07   0.305630E+01
   0.495860E-01   0.440462E+07   0.437326E+07   0.507955E+02  -0.510621E+02   0.389134E+07   0.436423E+07   0.439936E+07   0.436423E+07  -0.105324E+00   0.221386E+07   0.221351E+07   0.235793E+01
   0.537182E-01   0.409172E+07   0.406625E+07   0.401306E+02  -0.404601E+02   0.356898E+07   0.405159E+07   0.408744E+07   0.405159E+07  -0.977789E-01   0.205570E+07   0.205541E+07   0.180195E+01
   0.578504E-01   0.382974E+07   0.380947E+07   0.323258E+02  -0.326878E+02   0.329786E+07   0.378979E+07   0.382634E+07   0.378979E+07  -0.914608E-01   0.192328E+07   0.192304E+07   0.138494E+01
   0.619826E-01   0.359946E+07   0.358319E+07   0.264152E+02  -0.267909E+02   0.305990E+07   0.355960E+07   0.359673E+07   0.355960E+07  -0.859056E-01   0.180685E+07   0.180664E+07   0.109485E+01
   0.661147E-01   0.338375E+07   0.337003E+07   0.217818E+02  -0.221584E+02   0.283956E+07   0.334397E+07   0.338145E+07   0.334397E+07  -0.807016E-01   0.169776E+07   0.169758E+07   0.910897E+00
   0.702469E-01   0.317249E+07   0.315991E+07   0.180525E+02  -0.184209E+02   0.262778E+07   0.313285E+07   0.317037E+07   0.313285E+07  -0.756065E-01   0.159092E+07   0.159075E+07   0.807963E+00
   0.743791E-01   0.296516E+07   0.295255E+07   0.150179E+02  -0.153715E+02   0.242417E+07   0.292577E+07   0.296304E+07   0.292577E+07  -0.706090E-01   0.148609E+07   0.148592E+07   0.760132E+00
   0.785112E-01   0.275847E+07   0.274504E+07   0.125116E+02  -0.128458E+02   0.222587E+07   0.271954E+07   0.275622E+07   0.271954E+07  -0.656318E-01   0.138165E+07   0.138147E+07   0.741732E+00
   0.826434E-01   0.256036E+07   0.254577E+07   0.104575E+02  -0.107699E+02   0.203916E+07   0.252203E+07   0.255791E+07   0.252203E+07  -0.608653E-01   0.128159E+07   0.128141E+07   0.732836E+00
   0.867756E-01   0.237628E+07   0.236061E+07   0.878373E+01  -0.907399E+01   0.186801E+07   0.233868E+07   0.237365E+07   0.233868E+07  -0.564403E-01   0.118868E+07   0.118849E+07   0.718616E+00
   0.919196E-01   0.217334E+07   0.215693E+07   0.714025E+01  -0.740412E+01   0.168108E+07   0.213673E+07   0.217058E+07   0.213673E+07  -0.515667E-01   0.108633E+07   0.108614E+07   0.681054E+00
   0.970637E-01   0.200474E+07   0.198856E+07   0.589154E+01  -0.613195E+01   0.152606E+07   0.196911E+07   0.200202E+07   0.196911E+07  -0.475213E-01   0.100137E+07   0.100119E+07   0.618242E+00
   0.102208E+00   0.187196E+07   0.185698E+07   0.494957E+01  -0.517022E+01   0.140265E+07   0.183717E+07   0.186945E+07   0.183717E+07  -0.443371E-01   0.934523E+06   0.934359E+06   0.536532E+00
   0.107352E+00   0.177019E+07   0.175710E+07   0.423307E+01  -0.443748E+01   0.130585E+07   0.173603E+07   0.176799E+07   0.173603E+07  -0.418963E-01   0.883306E+06   0.883162E+06   0.447730E+00
   0.112496E+00   0.168951E+07   0.167858E+07   0.367116E+01  -0.386186E+01   0.122722E+07   0.165583E+07   0.168767E+07   0.165583E+07  -0.399608E-01   0.842715E+06   0.842592E+06   0.364361E+00
   0.117640E+00   0.161904E+07   0.161008E+07   0.321026E+01  -0.338866E+01   0.115812E+07   0.158576E+07   0.161754E+07   0.158576E+07  -0.382699E-01   0.807260E+06   0.807156E+06   0.296186E+00
   0.122784E+00   0.155028E+07   0.154277E+07   0.281569E+01  -0.298234E+01   0.109213E+07   0.151742E+07   0.154902E+07   0.151742E+07  -0.366206E-01   0.772663E+06   0.772572E+06   0.248260E+00
   0.127928E+00   0.147828E+07   0.147155E+07   0.246788E+01  -0.262287E+01   0.102566E+07   0.144593E+07   0.147715E+07   0.144593E+07  -0.348952E-01   0.736443E+06   0.736358E+06   0.220553E+00
   0.133072E+00   0.140166E+07   0.139504E+07   0.215763E+01  -0.230094E+01   0.957819E+06   0.136993E+07   0.140055E+07   0.136993E+07  -0.330610E-01   0.697906E+06   0.697823E+06   0.208928E+00
   0.138216E+00   0.132198E+07   0.131502E+07   0.188194E+01  -0.201373E+01   0.889783E+06   0.129100E+07   0.132081E+07   0.129100E+07  -0.311563E-01   0.657858E+06   0.657772E+06   0.206960E+00
   0.143360E+00   0.124274E+07   0.123524E+07   0.164061E+01  -0.176139E+01   0.823926E+06   0.121261E+07   0.124148E+07   0.121261E+07  -0.292643E-01   0.618059E+06   0.617970E+06   0.207931E+00
   0.148504E+00   0.116819E+07   0.116022E+07   0.143389E+01  -0.154454E+01   0.762984E+06   0.113892E+07   0.116685E+07   0.113892E+07  -0.274861E-01   0.580642E+06   0.580550E+06   0.206470E+00
   0.153648E+00   0.110224E+07   0.109407E+07   0.126104E+01  -0.136276E+01   0.709305E+06   0.107379E+07   0.110087E+07   0.107379E+07  -0.259141E-01   0.547563E+06   0.547471E+06   0.199503E+00
   0.158792E+00   0.104718E+07   0.103917E+07   0.111931E+01  -0.121343E+01   0.664061E+06   0.101943E+07   0.104584E+07   0.101943E+07  -0.246024E-01   0.519966E+06   0.519877E+06   0.186422E+00
   0.163936E+00   0.100284E+07   0.995330E+06   0.100369E+01  -0.109145E+01   0.626787E+06   0.975658E+06   0.100158E+07   0.975658E+06  -0.235459E-01   0.497751E+06   0.497668E+06   0.168618E+00
   0.169081E+00   0.966945E+06   0.960168E+06   0.908052E+00  -0.990433E+00   0.595748E+06   0.940215E+06   0.965807E+06   0.940215E+06  -0.226906E-01   0.479775E+06   0.479700E+06   0.148666E+00
   0.174225E+00   0.936426E+06   0.930452E+06   0.826710E+00  -0.904392E+00   0.568804E+06   0.910069E+06   0.935423E+06   0.910069E+06  -0.219631E-01   0.464494E+06   0.464426E+06   0.129416E+00
   0.179369E+00   0.908288E+06   0.903037E+06   0.755162E+00  -0.828546E+00   0.543978E+06   0.882273E+06   0.907406E+06   0.882273E+06  -0.212922E-01   0.450404E+06   0.450343E+06   0.113201E+00
   0.184513E+00   0.879924E+06   0.875204E+06   0.690085E+00  -0.759365E+00   0.519615E+06   0.854269E+06   0.879131E+06   0.854269E+06  -0.206164E-01   0.436201E+06   0.436145E+06   0.101323E+00
   0.189657E+00   0.849563E+06   0.845131E+06   0.629449E+00  -0.694643E+00   0.494717E+06   0.824330E+06   0.848818E+06   0.824330E+06  -0.198939E-01   0.421003E+06   0.420950E+06   0.939212E-01
   0.194801E+00   0.816842E+06   0.812472E+06   0.572579E+00  -0.633696E+00   0.469079E+06   0.792109E+06   0.816108E+06   0.792109E+06  -0.191163E-01   0.404632E+06   0.404579E+06   0.901789E-01
   0.199945E+00   0.782769E+06   0.778301E+06   0.519828E+00  -0.576951E+00   0.443316E+06   0.758595E+06   0.782018E+06   0.758595E+06  -0.183075E-01   0.387592E+06   0.387539E+06   0.887049E-01
   0.205089E+00   0.748942E+06   0.744313E+06   0.471823E+00  -0.525145E+00   0.418346E+06   0.725356E+06   0.748165E+06   0.725356E+06  -0.175053E-01   0.370685E+06   0.370631E+06   0.879644E-01
   0.210233E+00   0.716884E+06   0.712120E+06   0.428988E+00  -0.478791E+00   0.394989E+06   0.693879E+06   0.716084E+06   0.693879E+06  -0.167456E-01   0.354670E+06   0.354615E+06   0.866647E-01
   0.215377E+00   0.687803E+06   0.683001E+06   0.391444E+00  -0.438077E+00   0.373851E+06   0.665341E+06   0.686997E+06   0.665341E+06  -0.160569E-01   0.340150E+06   0.340096E+06   0.840175E-01
   0.220521E+00   0.662456E+06   0.657743E+06   0.359003E+00  -0.402842E+00   0.355259E+06   0.640475E+06   0.661664E+06   0.640475E+06  -0.154568E-01   0.327501E+06   0.327448E+06   0.798236E-01
   0.225665E+00   0.640908E+06   0.636405E+06   0.331115E+00  -0.372518E+00   0.339152E+06   0.619336E+06   0.640152E+06   0.619336E+06  -0.149467E-01   0.316753E+06   0.316702E+06   0.743892E-01
   0.230809E+00   0.622502E+06   0.618291E+06   0.306934E+00  -0.346197E+00   0.325089E+06   0.601276E+06   0.621795E+06   0.601276E+06  -0.145108E-01   0.307574E+06   0.307526E+06   0.683364E-01
   0.235953E+00   0.606161E+06   0.602271E+06   0.285538E+00  -0.322874E+00   0.312433E+06   0.585240E+06   0.605508E+06   0.585240E+06  -0.141238E-01   0.299426E+06   0.299382E+06   0.623832E-01
   0.241097E+00   0.590765E+06   0.587172E+06   0.266124E+00  -0.301668E+00   0.300559E+06   0.570134E+06   0.590162E+06   0.570134E+06  -0.137593E-01   0.291750E+06   0.291709E+06   0.571469E-01
   0.246241E+00   0.575383E+06   0.572020E+06   0.248094E+00  -0.281920E+00   0.288968E+06   0.555050E+06   0.574818E+06   0.555050E+06  -0.133952E-01   0.284083E+06   0.284044E+06   0.530070E-01
   0.251385E+00   0.559421E+06   0.556203E+06   0.231080E+00  -0.263225E+00   0.277355E+06   0.539411E+06   0.558880E+06   0.539411E+06  -0.130178E-01   0.276128E+06   0.276090E+06   0.500538E-01
   0.256530E+00   0.542730E+06   0.539577E+06   0.214947E+00  -0.245438E+00   0.265652E+06   0.523076E+06   0.542201E+06   0.523076E+06  -0.126236E-01   0.267813E+06   0.267776E+06   0.481190E-01
   0.261674E+00   0.525602E+06   0.522453E+06   0.199745E+00  -0.228623E+00   0.254007E+06   0.506328E+06   0.525074E+06   0.506328E+06  -0.122194E-01   0.259283E+06   0.259246E+06   0.468652E-01
   0.266818E+00   0.508573E+06   0.505401E+06   0.185602E+00  -0.212935E+00   0.242680E+06   0.489689E+06   0.508041E+06   0.489689E+06  -0.118179E-01   0.250805E+06   0.250769E+06   0.458962E-01
   0.271962E+00   0.492208E+06   0.489016E+06   0.172632E+00  -0.198514E+00   0.231931E+06   0.473709E+06   0.491672E+06   0.473709E+06  -0.114322E-01   0.242662E+06   0.242625E+06   0.448598E-01
   0.277106E+00   0.476963E+06   0.473782E+06   0.160890E+00  -0.185433E+00   0.221955E+06   0.458831E+06   0.476429E+06   0.458831E+06  -0.110731E-01   0.235079E+06   0.235043E+06   0.435214E-01
   0.282250E+00   0.463120E+06   0.459992E+06   0.150358E+00  -0.173682E+00   0.212856E+06   0.445324E+06   0.462595E+06   0.445324E+06  -0.107472E-01   0.228196E+06   0.228161E+06   0.417954E-01
   0.287394E+00   0.450728E+06   0.447695E+06   0.140943E+00  -0.163164E+00   0.204627E+06   0.433234E+06   0.450218E+06   0.433234E+06  -0.104554E-01   0.222037E+06   0.222003E+06   0.397353E-01
   0.292538E+00   0.439602E+06   0.436695E+06   0.132490E+00  -0.153709E+00   0.197155E+06   0.422381E+06   0.439114E+06   0.422381E+06  -0.101935E-01   0.216509E+06   0.216476E+06   0.374910E-01
   0.297682E+00   0.429393E+06   0.426626E+06   0.124812E+00  -0.145109E+00   0.190256E+06   0.412423E+06   0.428929E+06   0.412423E+06  -0.995316E-02   0.211437E+06   0.211406E+06   0.352523E-01
   0.302826E+00   0.419703E+06   0.417069E+06   0.117730E+00  -0.137161E+00   0.183737E+06   0.402972E+06   0.419260E+06   0.402972E+06  -0.972509E-02   0.206624E+06   0.206594E+06   0.331932E-01
   0.307970E+00   0.410183E+06   0.407662E+06   0.111102E+00  -0.129707E+00   0.177434E+06   0.393693E+06   0.409760E+06   0.393693E+06  -0.950115E-02   0.201896E+06   0.201867E+06   0.314325E-01
   0.313114E+00   0.400608E+06   0.398170E+06   0.104835E+00  -0.122641E+00   0.171242E+06   0.384365E+06   0.400198E+06   0.384365E+06  -0.927602E-02   0.197142E+06   0.197114E+06   0.300137E-01
   0.318258E+00   0.390898E+06   0.388514E+06   0.988852E-01  -0.115913E+00   0.165125E+06   0.374912E+06   0.390498E+06   0.374912E+06  -0.904789E-02   0.192322E+06   0.192294E+06   0.289088E-01
   0.323402E+00   0.381112E+06   0.378759E+06   0.932459E-01  -0.109520E+00   0.159108E+06   0.365392E+06   0.380717E+06   0.365392E+06  -0.881813E-02   0.187465E+06   0.187438E+06   0.280361E-01
   0.328546E+00   0.371406E+06   0.369070E+06   0.879344E-01  -0.103485E+00   0.153252E+06   0.355954E+06   0.371014E+06   0.355954E+06  -0.859038E-02   0.182650E+06   0.182623E+06   0.272896E-01
   0.333690E+00   0.361973E+06   0.359653E+06   0.829736E-01  -0.978361E-01   0.147633E+06   0.346788E+06   0.361584E+06   0.346788E+06  -0.836916E-02   0.177971E+06   0.177945E+06   0.265671E-01
   0.338834E+00   0.352993E+06   0.350696E+06   0.783789E-01  -0.925947E-01   0.142317E+06   0.338064E+06   0.352607E+06   0.338064E+06  -0.815863E-02   0.173518E+06   0.173492E+06   0.257939E-01
   0.343979E+00   0.344579E+06   0.342318E+06   0.741488E-01  -0.877618E-01   0.137341E+06   0.329893E+06   0.344199E+06   0.329893E+06  -0.796144E-02   0.169348E+06   0.169322E+06   0.249338E-01
   0.349123E+00   0.336758E+06   0.334548E+06   0.702625E-01  -0.833154E-01   0.132704E+06   0.322301E+06   0.336387E+06   0.322301E+06  -0.777821E-02   0.165473E+06   0.165448E+06   0.239899E-01
   0.354267E+00   0.329477E+06   0.327328E+06   0.666838E-01  -0.792154E-01   0.128374E+06   0.315233E+06   0.329116E+06   0.315233E+06  -0.760765E-02   0.161866E+06   0.161841E+06   0.229952E-01
   0.359411E+00   0.322629E+06   0.320547E+06   0.633697E-01  -0.754129E-01   0.124302E+06   0.308588E+06   0.322279E+06   0.308588E+06  -0.744727E-02   0.158474E+06   0.158450E+06   0.219988E-01
   0.364555E+00   0.316088E+06   0.314074E+06   0.602775E-01  -0.718595E-01   0.120431E+06   0.302242E+06   0.315750E+06   0.302242E+06  -0.729413E-02   0.155235E+06   0.155212E+06   0.210509E-01
   0.369699E+00   0.309734E+06   0.307780E+06   0.573699E-01  -0.685120E-01   0.116708E+06   0.296080E+06   0.309406E+06   0.296080E+06  -0.714540E-02   0.152089E+06   0.152067E+06   0.201898E-01
   0.374843E+00   0.303470E+06   0.301568E+06   0.546174E-01  -0.653367E-01   0.113093E+06   0.290007E+06   0.303151E+06   0.290007E+06  -0.699885E-02   0.148989E+06   0.148967E+06   0.194343E-01
   0.379987E+00   0.297242E+06   0.295379E+06   0.520010E-01  -0.623122E-01   0.109564E+06   0.283971E+06   0.296929E+06   0.283971E+06  -0.685319E-02   0.145906E+06   0.145885E+06   0.187825E-01
   0.385131E+00   0.291047E+06   0.289216E+06   0.495126E-01  -0.594295E-01   0.106117E+06   0.277972E+06   0.290740E+06   0.277972E+06  -0.670841E-02   0.142841E+06   0.142820E+06   0.182157E-01
   0.390275E+00   0.284936E+06   0.283130E+06   0.471531E-01  -0.566907E-01   0.102768E+06   0.272056E+06   0.284633E+06   0.272056E+06  -0.656563E-02   0.139818E+06   0.139797E+06   0.177059E-01
   0.395419E+00   0.278974E+06   0.277190E+06   0.449254E-01  -0.541003E-01   0.995391E+05   0.266286E+06   0.278674E+06   0.266286E+06  -0.642638E-02   0.136869E+06   0.136848E+06   0.172243E-01
   0.400563E+00   0.273216E+06   0.271456E+06   0.428306E-01  -0.516604E-01   0.964459E+05   0.260716E+06   0.272920E+06   0.260716E+06  -0.629196E-02   0.134021E+06   0.134001E+06   0.167455E-01
   0.405707E+00   0.267697E+06   0.265965E+06   0.408662E-01  -0.493689E-01   0.934971E+05   0.255379E+06   0.267406E+06   0.255379E+06  -0.616317E-02   0.131293E+06   0.131273E+06   0.162547E-01
   0.410851E+00   0.262435E+06   0.260734E+06   0.390268E-01  -0.472201E-01   0.906947E+05   0.250293E+06   0.262150E+06   0.250293E+06  -0.604041E-02   0.128693E+06   0.128673E+06   0.157483E-01
   0.415995E+00   0.257430E+06   0.255764E+06   0.373047E-01  -0.452056E-01   0.880345E+05   0.245455E+06   0.257150E+06   0.245455E+06  -0.592366E-02   0.126219E+06   0.126200E+06   0.152323E-01
   0.421139E+00   0.252655E+06   0.251027E+06   0.356892E-01  -0.433132E-01   0.855035E+05   0.240841E+06   0.252382E+06   0.240841E+06  -0.581231E-02   0.123861E+06   0.123842E+06   0.147187E-01
   0.426284E+00   0.248062E+06   0.246471E+06   0.341671E-01  -0.415278E-01   0.830814E+05   0.236404E+06   0.247795E+06   0.236404E+06  -0.570522E-02   0.121592E+06   0.121574E+06   0.142211E-01
   0.431428E+00   0.243599E+06   0.242044E+06   0.327261E-01  -0.398348E-01   0.807485E+05   0.232094E+06   0.243338E+06   0.232094E+06  -0.560121E-02   0.119388E+06   0.119370E+06   0.137514E-01
   0.436572E+00   0.239233E+06   0.237711E+06   0.313575E-01  -0.382242E-01   0.784910E+05   0.227879E+06   0.238977E+06   0.227879E+06  -0.549948E-02   0.117232E+06   0.117215E+06   0.133169E-01
   0.441716E+00   0.234947E+06   0.233454E+06   0.300549E-01  -0.366888E-01   0.763017E+05   0.223743E+06   0.234697E+06   0.223743E+06  -0.539967E-02   0.115116E+06   0.115099E+06   0.129194E-01
   0.446860E+00   0.230732E+06   0.229265E+06   0.288138E-01  -0.352235E-01   0.741757E+05   0.219676E+06   0.230486E+06   0.219676E+06  -0.530153E-02   0.113036E+06   0.113019E+06   0.125555E-01
   0.452004E+00   0.226587E+06   0.225142E+06   0.276308E-01  -0.338244E-01   0.721110E+05   0.215678E+06   0.226344E+06   0.215678E+06  -0.520504E-02   0.110990E+06   0.110973E+06   0.122179E-01
   0.457148E+00   0.222525E+06   0.221101E+06   0.265045E-01  -0.324904E-01   0.701105E+05   0.211762E+06   0.222286E+06   0.211762E+06  -0.511054E-02   0.108985E+06   0.108969E+06   0.118979E-01
   0.462292E+00   0.218571E+06   0.217167E+06   0.254350E-01  -0.312216E-01   0.681802E+05   0.207951E+06   0.218335E+06   0.207951E+06  -0.501856E-02   0.107035E+06   0.107018E+06   0.115878E-01
   0.467436E+00   0.214743E+06   0.213360E+06   0.244213E-01  -0.300175E-01   0.663241E+05   0.204263E+06   0.214511E+06   0.204263E+06  -0.492955E-02   0.105146E+06   0.105131E+06   0.112820E-01
   0.472580E+00   0.211047E+06   0.209685E+06   0.234613E-01  -0.288756E-01   0.645420E+05   0.200702E+06   0.210818E+06   0.200702E+06  -0.484362E-02   0.103324E+06   0.103308E+06   0.109778E-01
   0.477724E+00   0.207477E+06   0.206139E+06   0.225515E-01  -0.277920E-01   0.628304E+05   0.197265E+06   0.207252E+06   0.197265E+06  -0.476066E-02   0.101564E+06   0.101548E+06   0.106752E-01
   0.482868E+00   0.204027E+06   0.202712E+06   0.216885E-01  -0.267628E-01   0.611853E+05   0.193943E+06   0.203806E+06   0.193943E+06  -0.468050E-02   0.998629E+05   0.998479E+05   0.103766E-01
   0.488012E+00   0.200687E+06   0.199396E+06   0.208690E-01  -0.257843E-01   0.596021E+05   0.190728E+06   0.200470E+06   0.190728E+06  -0.460292E-02   0.982167E+05   0.982019E+05   0.100855E-01
   0.493156E+00   0.197443E+06   0.196176E+06   0.200894E-01  -0.248521E-01   0.580751E+05   0.187607E+06   0.197230E+06   0.187607E+06  -0.452759E-02   0.966181E+05   0.966036E+05   0.980547E-02
   0.498300E+00   0.194278E+06   0.193033E+06   0.193460E-01  -0.239620E-01   0.565979E+05   0.184562E+06   0.194069E+06   0.184562E+06  -0.445410E-02   0.950585E+05   0.950443E+05   0.953899E-02
   0.503444E+00   0.191178E+06   0.189953E+06   0.186355E-01  -0.231102E-01   0.551651E+05   0.181580E+06   0.190972E+06   0.181580E+06  -0.438214E-02   0.935311E+05   0.935171E+05   0.928704E-02
   0.508588E+00   0.188137E+06   0.186932E+06   0.179560E-01  -0.222944E-01   0.537741E+05   0.178656E+06   0.187934E+06   0.178656E+06  -0.431158E-02   0.920332E+05   0.920194E+05   0.904924E-02
   0.513732E+00   0.185157E+06   0.183970E+06   0.173062E-01  -0.215131E-01   0.524245E+05   0.175792E+06   0.184958E+06   0.175792E+06  -0.424246E-02   0.905656E+05   0.905520E+05   0.882402E-02
   0.518877E+00   0.182241E+06   0.181072E+06   0.166849E-01  -0.207652E-01   0.511159E+05   0.172990E+06   0.182045E+06   0.172990E+06  -0.417484E-02   0.891298E+05   0.891164E+05   0.860902E-02
   0.524021E+00   0.179391E+06   0.178238E+06   0.160910E-01  -0.200493E-01   0.498479E+05   0.170252E+06   0.179197E+06   0.170252E+06  -0.410876E-02   0.877264E+05   0.877132E+05   0.840169E-02
   0.529165E+00   0.176609E+06   0.175473E+06   0.155235E-01  -0.193643E-01   0.486203E+05   0.167580E+06   0.176418E+06   0.167580E+06  -0.404428E-02   0.863570E+05   0.863440E+05   0.819995E-02
   0.534309E+00   0.173901E+06   0.172781E+06   0.149816E-01  -0.187095E-01   0.474335E+05   0.164980E+06   0.173713E+06   0.164980E+06  -0.398152E-02   0.850238E+05   0.850110E+05   0.800249E-02
   0.539453E+00   0.171268E+06   0.170165E+06   0.144643E-01  -0.180836E-01   0.462873E+05   0.162453E+06   0.171083E+06   0.162453E+06  -0.392053E-02   0.837283E+05   0.837156E+05   0.780885E-02
   0.544597E+00   0.168709E+06   0.167622E+06   0.139703E-01  -0.174853E-01   0.451797E+05   0.159996E+06   0.168526E+06   0.159996E+06  -0.386125E-02   0.824688E+05   0.824564E+05   0.761923E-02
   0.549741E+00   0.166216E+06   0.165145E+06   0.134980E-01  -0.169125E-01   0.441082E+05   0.157604E+06   0.166036E+06   0.157604E+06  -0.380351E-02   0.812421E+05   0.812299E+05   0.743424E-02
   0.554885E+00   0.163782E+06   0.162728E+06   0.130459E-01  -0.163636E-01   0.430702E+05   0.155270E+06   0.163605E+06   0.155270E+06  -0.374718E-02   0.800452E+05   0.800332E+05   0.725473E-02
   0.560029E+00   0.161406E+06   0.160368E+06   0.126129E-01  -0.158373E-01   0.420642E+05   0.152991E+06   0.161232E+06   0.152991E+06  -0.369218E-02   0.788765E+05   0.788646E+05   0.708151E-02
   0.565173E+00   0.159083E+06   0.158061E+06   0.121979E-01  -0.153322E-01   0.410884E+05   0.150764E+06   0.158912E+06   0.150764E+06  -0.363843E-02   0.777342E+05   0.777225E+05   0.691505E-02
   0.570317E+00   0.156809E+06   0.155801E+06   0.117997E-01  -0.148470E-01   0.401408E+05   0.148583E+06   0.156640E+06   0.148583E+06  -0.358581E-02   0.766158E+05   0.766042E+05   0.675532E-02
   0.575461E+00   0.154579E+06   0.153585E+06   0.114173E-01  -0.143806E-01   0.392198E+05   0.146446E+06   0.154412E+06   0.146446E+06  -0.353423E-02   0.755193E+05   0.755079E+05   0.660193E-02
   0.580605E+00   0.152393E+06   0.151412E+06   0.110500E-01  -0.139321E-01   0.383248E+05   0.144351E+06   0.152228E+06   0.144351E+06  -0.348368E-02   0.744446E+05   0.744334E+05   0.645424E-02
   0.585749E+00   0.150253E+06   0.149286E+06   0.106975E-01  -0.135010E-01   0.374556E+05   0.142301E+06   0.150091E+06   0.142301E+06  -0.343421E-02   0.733928E+05   0.733817E+05   0.631157E-02
   0.590893E+00   0.148161E+06   0.147207E+06   0.103590E-01  -0.130868E-01   0.366121E+05   0.140298E+06   0.148001E+06   0.140298E+06  -0.338585E-02   0.723646E+05   0.723536E+05   0.617318E-02
   0.596037E+00   0.146115E+06   0.145174E+06   0.100341E-01  -0.126887E-01   0.357934E+05   0.138339E+06   0.145957E+06   0.138339E+06  -0.333858E-02   0.713593E+05   0.713485E+05   0.603846E-02
   0.601182E+00   0.144115E+06   0.143186E+06   0.972203E-02  -0.123059E-01   0.349985E+05   0.136423E+06   0.143959E+06   0.136423E+06  -0.329235E-02   0.703762E+05   0.703656E+05   0.590703E-02
   0.606326E+00   0.142159E+06   0.141243E+06   0.942230E-02  -0.119378E-01   0.342270E+05   0.134552E+06   0.142005E+06   0.134552E+06  -0.324719E-02   0.694156E+05   0.694051E+05   0.577877E-02
   0.611470E+00   0.140249E+06   0.139345E+06   0.913442E-02  -0.115840E-01   0.334785E+05   0.132724E+06   0.140098E+06   0.132724E+06  -0.320308E-02   0.684774E+05   0.684670E+05   0.565377E-02
   0.616614E+00   0.138382E+06   0.137491E+06   0.885777E-02  -0.112436E-01   0.327518E+05   0.130938E+06   0.138233E+06   0.130938E+06  -0.315998E-02   0.675605E+05   0.675502E+05   0.553214E-02
   0.664227E+00   0.122786E+06   0.121994E+06   0.673774E-02  -0.862205E-02   0.269015E+05   0.116032E+06   0.122653E+06   0.116032E+06  -0.280024E-02   0.599046E+05   0.598955E+05   0.456694E-02
   0.715517E+00   0.108878E+06   0.108175E+06   0.512275E-02  -0.660685E-02   0.220295E+05   0.102762E+06   0.108760E+06   0.102762E+06  -0.248000E-02   0.530842E+05   0.530761E+05   0.376788E-02
   0.770767E+00   0.965024E+05   0.958790E+05   0.389388E-02  -0.505986E-02   0.179896E+05   0.909753E+05   0.963978E+05   0.909753E+05  -0.219554E-02   0.470211E+05   0.470139E+05   0.310882E-02
   0.895965E+00   0.754475E+05   0.749593E+05   0.223233E-02  -0.294232E-02   0.118326E+05   0.709718E+05   0.753655E+05   0.709718E+05  -0.171279E-02   0.367202E+05   0.367146E+05   0.210483E-02
   0.125042E+01   0.434256E+05   0.431438E+05   0.648458E-03  -0.877644E-03   0.449927E+04   0.406895E+05   0.433783E+05   0.406895E+05  -0.981976E-03   0.210931E+05   0.210897E+05   0.887773E-03
   0.174510E+01   0.247636E+05   0.246025E+05   0.187998E-03  -0.258195E-03   0.162786E+04   0.231384E+05   0.247365E+05   0.231384E+05  -0.558460E-03   0.120119E+05   0.120099E+05   0.377844E-03
   0.243548E+01   0.140019E+05   0.139106E+05   0.540989E-04  -0.753121E-04   0.563068E+03   0.130582E+05   0.139866E+05   0.130582E+05  -0.315170E-03   0.678571E+04   0.678450E+04   0.164850E-03
