#           k/h    P           
    0.10000E-03    0.42403E+03
    0.10202E-03    0.43222E+03
    0.10408E-03    0.44057E+03
    0.10618E-03    0.44907E+03
    0.10833E-03    0.45774E+03
    0.11052E-03    0.46657E+03
    0.11275E-03    0.47558E+03
    0.11503E-03    0.48475E+03
    0.11735E-03    0.49410E+03
    0.11972E-03    0.50363E+03
    0.12214E-03    0.51334E+03
    0.12461E-03    0.52324E+03
    0.12712E-03    0.53333E+03
    0.12969E-03    0.54360E+03
    0.13231E-03    0.55407E+03
    0.13499E-03    0.56475E+03
    0.13771E-03    0.57562E+03
    0.14049E-03    0.58670E+03
    0.14333E-03    0.59799E+03
    0.14623E-03    0.60949E+03
    0.14918E-03    0.62122E+03
    0.15220E-03    0.63316E+03
    0.15527E-03    0.64533E+03
    0.15841E-03    0.65773E+03
    0.16161E-03    0.67036E+03
    0.16487E-03    0.68323E+03
    0.16820E-03    0.69634E+03
    0.17160E-03    0.70970E+03
    0.17507E-03    0.72331E+03
    0.17860E-03    0.73718E+03
    0.18221E-03    0.75130E+03
    0.18589E-03    0.76569E+03
    0.18965E-03    0.78034E+03
    0.19348E-03    0.79527E+03
    0.19739E-03    0.81048E+03
    0.20138E-03    0.82597E+03
    0.20544E-03    0.84175E+03
    0.20959E-03    0.85781E+03
    0.21383E-03    0.87418E+03
    0.21815E-03    0.89085E+03
    0.22255E-03    0.90782E+03
    0.22705E-03    0.92511E+03
    0.23164E-03    0.94271E+03
    0.23632E-03    0.96063E+03
    0.24109E-03    0.97889E+03
    0.24596E-03    0.99747E+03
    0.25093E-03    0.10164E+04
    0.25600E-03    0.10357E+04
    0.26117E-03    0.10553E+04
    0.26645E-03    0.10752E+04
    0.27183E-03    0.10956E+04
    0.27732E-03    0.11163E+04
    0.28292E-03    0.11373E+04
    0.28864E-03    0.11587E+04
    0.29447E-03    0.11806E+04
    0.30042E-03    0.12028E+04
    0.30649E-03    0.12254E+04
    0.31268E-03    0.12484E+04
    0.31899E-03    0.12717E+04
    0.32544E-03    0.12956E+04
    0.33201E-03    0.13198E+04
    0.33872E-03    0.13444E+04
    0.34556E-03    0.13695E+04
    0.35254E-03    0.13950E+04
    0.35966E-03    0.14209E+04
    0.36693E-03    0.14473E+04
    0.37434E-03    0.14741E+04
    0.38190E-03    0.15014E+04
    0.38962E-03    0.15291E+04
    0.39749E-03    0.15573E+04
    0.40552E-03    0.15860E+04
    0.41371E-03    0.16151E+04
    0.42207E-03    0.16447E+04
    0.43060E-03    0.16748E+04
    0.43929E-03    0.17054E+04
    0.44817E-03    0.17366E+04
    0.45722E-03    0.17682E+04
    0.46646E-03    0.18003E+04
    0.47588E-03    0.18329E+04
    0.48550E-03    0.18660E+04
    0.49530E-03    0.18997E+04
    0.50531E-03    0.19339E+04
    0.51552E-03    0.19687E+04
    0.52593E-03    0.20039E+04
    0.53656E-03    0.20398E+04
    0.54739E-03    0.20761E+04
    0.55845E-03    0.21131E+04
    0.56973E-03    0.21506E+04
    0.58124E-03    0.21886E+04
    0.59299E-03    0.22273E+04
    0.60496E-03    0.22665E+04
    0.61719E-03    0.23063E+04
    0.62965E-03    0.23467E+04
    0.64237E-03    0.23877E+04
    0.65535E-03    0.24293E+04
    0.66859E-03    0.24716E+04
    0.68210E-03    0.25144E+04
    0.69588E-03    0.25579E+04
    0.70993E-03    0.26020E+04
    0.72427E-03    0.26468E+04
    0.73891E-03    0.26922E+04
    0.75383E-03    0.27382E+04
    0.76906E-03    0.27850E+04
    0.78460E-03    0.28324E+04
    0.80045E-03    0.28805E+04
    0.81662E-03    0.29293E+04
    0.83311E-03    0.29789E+04
    0.84994E-03    0.30291E+04
    0.86711E-03    0.30801E+04
    0.88463E-03    0.31318E+04
    0.90250E-03    0.31843E+04
    0.92073E-03    0.32376E+04
    0.93933E-03    0.32917E+04
    0.95831E-03    0.33466E+04
    0.97767E-03    0.34023E+04
    0.99742E-03    0.34589E+04
    0.10176E-02    0.35163E+04
    0.10381E-02    0.35746E+04
    0.10591E-02    0.36338E+04
    0.10805E-02    0.36939E+04
    0.11023E-02    0.37549E+04
    0.11246E-02    0.38169E+04
    0.11473E-02    0.38799E+04
    0.11705E-02    0.39439E+04
    0.11941E-02    0.40089E+04
    0.12182E-02    0.40750E+04
    0.12429E-02    0.41421E+04
    0.12680E-02    0.42103E+04
    0.12936E-02    0.42796E+04
    0.13197E-02    0.43501E+04
    0.13464E-02    0.44217E+04
    0.13736E-02    0.44944E+04
    0.14013E-02    0.45684E+04
    0.14296E-02    0.46436E+04
    0.14585E-02    0.47200E+04
    0.14880E-02    0.47977E+04
    0.15180E-02    0.48767E+04
    0.15487E-02    0.49570E+04
    0.15800E-02    0.50386E+04
    0.16119E-02    0.51216E+04
    0.16445E-02    0.52059E+04
    0.16777E-02    0.52915E+04
    0.17116E-02    0.53786E+04
    0.17462E-02    0.54671E+04
    0.17814E-02    0.55571E+04
    0.18174E-02    0.56485E+04
    0.18541E-02    0.57413E+04
    0.18916E-02    0.58356E+04
    0.19298E-02    0.59315E+04
    0.19688E-02    0.60288E+04
    0.20086E-02    0.61277E+04
    0.20491E-02    0.62281E+04
    0.20905E-02    0.63300E+04
    0.21328E-02    0.64335E+04
    0.21758E-02    0.65386E+04
    0.22198E-02    0.66453E+04
    0.22646E-02    0.67535E+04
    0.23104E-02    0.68634E+04
    0.23571E-02    0.69749E+04
    0.24047E-02    0.70880E+04
    0.24533E-02    0.72027E+04
    0.25028E-02    0.73190E+04
    0.25534E-02    0.74370E+04
    0.26050E-02    0.75566E+04
    0.26576E-02    0.76778E+04
    0.27113E-02    0.78006E+04
    0.27660E-02    0.79251E+04
    0.28219E-02    0.80512E+04
    0.28789E-02    0.81790E+04
    0.29371E-02    0.83083E+04
    0.29964E-02    0.84393E+04
    0.30569E-02    0.85719E+04
    0.31187E-02    0.87060E+04
    0.31817E-02    0.88418E+04
    0.32460E-02    0.89791E+04
    0.33115E-02    0.91180E+04
    0.33784E-02    0.92584E+04
    0.34467E-02    0.94004E+04
    0.35163E-02    0.95438E+04
    0.35874E-02    0.96887E+04
    0.36598E-02    0.98351E+04
    0.37338E-02    0.99828E+04
    0.38092E-02    0.10132E+05
    0.38861E-02    0.10283E+05
    0.39646E-02    0.10434E+05
    0.40447E-02    0.10588E+05
    0.41264E-02    0.10742E+05
    0.42098E-02    0.10898E+05
    0.42948E-02    0.11054E+05
    0.43816E-02    0.11212E+05
    0.44701E-02    0.11371E+05
    0.45604E-02    0.11531E+05
    0.46525E-02    0.11692E+05
    0.47465E-02    0.11854E+05
    0.48424E-02    0.12016E+05
    0.49402E-02    0.12180E+05
    0.50400E-02    0.12344E+05
    0.51419E-02    0.12509E+05
    0.52457E-02    0.12674E+05
    0.53517E-02    0.12839E+05
    0.54598E-02    0.13005E+05
    0.55701E-02    0.13172E+05
    0.56826E-02    0.13338E+05
    0.57974E-02    0.13505E+05
    0.59145E-02    0.13671E+05
    0.60340E-02    0.13838E+05
    0.61559E-02    0.14004E+05
    0.62803E-02    0.14170E+05
    0.64072E-02    0.14335E+05
    0.65366E-02    0.14500E+05
    0.66686E-02    0.14664E+05
    0.68033E-02    0.14827E+05
    0.69408E-02    0.14989E+05
    0.70810E-02    0.15150E+05
    0.72240E-02    0.15310E+05
    0.73700E-02    0.15468E+05
    0.75189E-02    0.15625E+05
    0.76708E-02    0.15780E+05
    0.78257E-02    0.15933E+05
    0.79838E-02    0.16084E+05
    0.81451E-02    0.16232E+05
    0.83096E-02    0.16379E+05
    0.84775E-02    0.16522E+05
    0.86488E-02    0.16663E+05
    0.88235E-02    0.16801E+05
    0.90017E-02    0.16935E+05
    0.91836E-02    0.17066E+05
    0.93691E-02    0.17194E+05
    0.95583E-02    0.17318E+05
    0.97514E-02    0.17437E+05
    0.99484E-02    0.17553E+05
    0.10149E-01    0.17664E+05
    0.10354E-01    0.17770E+05
    0.10564E-01    0.17872E+05
    0.10777E-01    0.17968E+05
    0.10995E-01    0.18060E+05
    0.11217E-01    0.18145E+05
    0.11443E-01    0.18225E+05
    0.11675E-01    0.18299E+05
    0.11910E-01    0.18367E+05
    0.12151E-01    0.18428E+05
    0.12397E-01    0.18483E+05
    0.12647E-01    0.18532E+05
    0.12902E-01    0.18573E+05
    0.13163E-01    0.18607E+05
    0.13429E-01    0.18634E+05
    0.13700E-01    0.18652E+05
    0.13977E-01    0.18662E+05
    0.14259E-01    0.18663E+05
    0.14547E-01    0.18657E+05
    0.14841E-01    0.18643E+05
    0.15141E-01    0.18623E+05
    0.15447E-01    0.18598E+05
    0.15759E-01    0.18566E+05
    0.16077E-01    0.18526E+05
    0.16402E-01    0.18477E+05
    0.16734E-01    0.18418E+05
    0.17072E-01    0.18348E+05
    0.17416E-01    0.18265E+05
    0.17768E-01    0.18172E+05
    0.18127E-01    0.18069E+05
    0.18493E-01    0.17957E+05
    0.18867E-01    0.17837E+05
    0.19248E-01    0.17708E+05
    0.19637E-01    0.17571E+05
    0.20034E-01    0.17423E+05
    0.20438E-01    0.17265E+05
    0.20851E-01    0.17095E+05
    0.21272E-01    0.16916E+05
    0.21702E-01    0.16726E+05
    0.22141E-01    0.16528E+05
    0.22588E-01    0.16323E+05
    0.23044E-01    0.16112E+05
    0.23510E-01    0.15895E+05
    0.23985E-01    0.15673E+05
    0.24469E-01    0.15445E+05
    0.24964E-01    0.15211E+05
    0.25468E-01    0.14973E+05
    0.25982E-01    0.14730E+05
    0.26507E-01    0.14482E+05
    0.27043E-01    0.14230E+05
    0.27589E-01    0.13973E+05
    0.28146E-01    0.13711E+05
    0.28715E-01    0.13446E+05
    0.29295E-01    0.13178E+05
    0.29887E-01    0.12908E+05
    0.30490E-01    0.12636E+05
    0.31106E-01    0.12363E+05
    0.31735E-01    0.12091E+05
    0.32376E-01    0.11819E+05
    0.33030E-01    0.11548E+05
    0.33697E-01    0.11280E+05
    0.34378E-01    0.11014E+05
    0.35072E-01    0.10752E+05
    0.35781E-01    0.10494E+05
    0.36504E-01    0.10242E+05
    0.37241E-01    0.99959E+04
    0.37993E-01    0.97571E+04
    0.38761E-01    0.95253E+04
    0.39544E-01    0.93002E+04
    0.40343E-01    0.90813E+04
    0.41158E-01    0.88683E+04
    0.41989E-01    0.86611E+04
    0.42838E-01    0.84604E+04
    0.43703E-01    0.82670E+04
    0.44586E-01    0.80818E+04
    0.45486E-01    0.79055E+04
    0.46405E-01    0.77385E+04
    0.47343E-01    0.75803E+04
    0.48299E-01    0.74303E+04
    0.49275E-01    0.72878E+04
    0.50270E-01    0.71522E+04
    0.51286E-01    0.70228E+04
    0.52322E-01    0.68988E+04
    0.53379E-01    0.67797E+04
    0.54457E-01    0.66646E+04
    0.55557E-01    0.65529E+04
    0.56680E-01    0.64441E+04
    0.57825E-01    0.63375E+04
    0.58993E-01    0.62324E+04
    0.60184E-01    0.61278E+04
    0.61400E-01    0.60224E+04
    0.62641E-01    0.59153E+04
    0.63906E-01    0.58052E+04
    0.65197E-01    0.56908E+04
    0.66514E-01    0.55712E+04
    0.67858E-01    0.54460E+04
    0.69229E-01    0.53156E+04
    0.70627E-01    0.51808E+04
    0.72054E-01    0.50415E+04
    0.73510E-01    0.48963E+04
    0.74994E-01    0.47442E+04
    0.76509E-01    0.45858E+04
    0.78055E-01    0.44233E+04
    0.79632E-01    0.42589E+04
    0.81241E-01    0.40940E+04
    0.82882E-01    0.39299E+04
    0.84556E-01    0.37676E+04
    0.86264E-01    0.36089E+04
    0.88007E-01    0.34550E+04
    0.89785E-01    0.33073E+04
    0.91598E-01    0.31671E+04
    0.93449E-01    0.30356E+04
    0.95337E-01    0.29137E+04
    0.97263E-01    0.28023E+04
    0.99227E-01    0.27020E+04
    0.10123E+00    0.26126E+04
    0.10328E+00    0.25341E+04
    0.10536E+00    0.24655E+04
    0.10749E+00    0.24056E+04
    0.10966E+00    0.23529E+04
    0.11188E+00    0.23053E+04
    0.11414E+00    0.22608E+04
    0.11644E+00    0.22176E+04
    0.11880E+00    0.21736E+04
    0.12120E+00    0.21270E+04
    0.12365E+00    0.20765E+04
    0.12614E+00    0.20210E+04
    0.12869E+00    0.19598E+04
    0.13129E+00    0.18929E+04
    0.13394E+00    0.18208E+04
    0.13665E+00    0.17443E+04
    0.13941E+00    0.16650E+04
    0.14223E+00    0.15847E+04
    0.14510E+00    0.15053E+04
    0.14803E+00    0.14290E+04
    0.15102E+00    0.13578E+04
    0.15407E+00    0.12933E+04
    0.15718E+00    0.12368E+04
    0.16036E+00    0.11884E+04
    0.16360E+00    0.11477E+04
    0.16690E+00    0.11137E+04
    0.17028E+00    0.10847E+04
    0.17371E+00    0.10590E+04
    0.17722E+00    0.10348E+04
    0.18080E+00    0.10101E+04
    0.18446E+00    0.98323E+03
    0.18818E+00    0.95271E+03
    0.19198E+00    0.91800E+03
    0.19586E+00    0.87955E+03
    0.19982E+00    0.83865E+03
    0.20386E+00    0.79699E+03
    0.20797E+00    0.75630E+03
    0.21218E+00    0.71812E+03
    0.21646E+00    0.68375E+03
    0.22083E+00    0.65402E+03
    0.22530E+00    0.62902E+03
    0.22985E+00    0.60808E+03
    0.23449E+00    0.58992E+03
    0.23923E+00    0.57303E+03
    0.24406E+00    0.55593E+03
    0.24899E+00    0.53745E+03
    0.25402E+00    0.51697E+03
    0.25915E+00    0.49468E+03
    0.26439E+00    0.47143E+03
    0.26973E+00    0.44839E+03
    0.27518E+00    0.42667E+03
    0.28074E+00    0.40713E+03
    0.28641E+00    0.39012E+03
    0.29219E+00    0.37544E+03
    0.29810E+00    0.36235E+03
    0.30412E+00    0.34990E+03
    0.31026E+00    0.33725E+03
    0.31653E+00    0.32390E+03
    0.32292E+00    0.30988E+03
    0.32945E+00    0.29563E+03
    0.33610E+00    0.28183E+03
    0.34289E+00    0.26906E+03
    0.34982E+00    0.25759E+03
    0.35689E+00    0.24729E+03
    0.36409E+00    0.23775E+03
    0.37145E+00    0.22851E+03
    0.37895E+00    0.21918E+03
    0.38661E+00    0.20969E+03
    0.39442E+00    0.20027E+03
    0.40239E+00    0.19125E+03
    0.41052E+00    0.18284E+03
    0.41881E+00    0.17511E+03
    0.42727E+00    0.16790E+03
    0.43590E+00    0.16094E+03
    0.44471E+00    0.15409E+03
    0.45369E+00    0.14734E+03
    0.46286E+00    0.14077E+03
    0.47221E+00    0.13455E+03
    0.48174E+00    0.12870E+03
    0.49148E+00    0.12319E+03
    0.50141E+00    0.11790E+03
    0.51153E+00    0.11276E+03
    0.52187E+00    0.10777E+03
    0.53241E+00    0.10298E+03
    0.54317E+00    0.98434E+02
    0.55414E+00    0.94119E+02
    0.56533E+00    0.89991E+02
    0.57675E+00    0.86014E+02
    0.58840E+00    0.82183E+02
    0.60029E+00    0.78518E+02
    0.61242E+00    0.75023E+02
    0.62479E+00    0.71689E+02
    0.63741E+00    0.68493E+02
    0.65029E+00    0.65428E+02
    0.66342E+00    0.62494E+02
    0.67683E+00    0.59686E+02
    0.69050E+00    0.57001E+02
    0.70445E+00    0.54433E+02
    0.71868E+00    0.51977E+02
    0.73320E+00    0.49629E+02
    0.74801E+00    0.47385E+02
    0.76312E+00    0.45239E+02
    0.77854E+00    0.43188E+02
    0.79426E+00    0.41227E+02
    0.81031E+00    0.39351E+02
    0.82668E+00    0.37556E+02
    0.84338E+00    0.35841E+02
    0.86041E+00    0.34200E+02
    0.87780E+00    0.32633E+02
    0.89553E+00    0.31135E+02
    0.91362E+00    0.29704E+02
    0.93208E+00    0.28337E+02
    0.95091E+00    0.27031E+02
    0.97011E+00    0.25784E+02
    0.98971E+00    0.24593E+02
    0.10097E+01    0.23456E+02
    0.10301E+01    0.22369E+02
    0.10509E+01    0.21332E+02
    0.10721E+01    0.20342E+02
    0.10938E+01    0.19397E+02
    0.11159E+01    0.18494E+02
    0.11384E+01    0.17633E+02
    0.11614E+01    0.16810E+02
    0.11849E+01    0.16025E+02
    0.12088E+01    0.15276E+02
    0.12333E+01    0.14561E+02
    0.12582E+01    0.13879E+02
    0.12836E+01    0.13228E+02
    0.13095E+01    0.12606E+02
    0.13360E+01    0.12014E+02
    0.13630E+01    0.11448E+02
    0.13905E+01    0.10908E+02
    0.14186E+01    0.10393E+02
    0.14472E+01    0.99023E+01
    0.14765E+01    0.94338E+01
    0.15063E+01    0.89868E+01
    0.15367E+01    0.85605E+01
    0.15678E+01    0.81539E+01
    0.15994E+01    0.77661E+01
    0.16318E+01    0.73963E+01
    0.16647E+01    0.70436E+01
    0.16984E+01    0.67073E+01
    0.17327E+01    0.63866E+01
    0.17677E+01    0.60808E+01
    0.18034E+01    0.57893E+01
    0.18398E+01    0.55114E+01
    0.18770E+01    0.52465E+01
    0.19149E+01    0.49942E+01
    0.19536E+01    0.47537E+01
    0.19930E+01    0.45246E+01
    0.20333E+01    0.43063E+01
    0.20744E+01    0.40984E+01
    0.21163E+01    0.39005E+01
    0.21590E+01    0.37120E+01
    0.22026E+01    0.35325E+01
    0.22471E+01    0.33616E+01
    0.22925E+01    0.31989E+01
    0.23388E+01    0.30441E+01
    0.23861E+01    0.28967E+01
    0.24343E+01    0.27565E+01
