#          k/h    CDM            baryon         photon         nu             mass_nu        total          no_nu          total_de       Weyl           v_CDM          v_b            v_b-v_c     
   0.107268E-04   0.181145E+08   0.181145E+08   0.241406E+08   0.241402E+08   0.181146E+08   0.181145E+08   0.181145E+08   0.181206E+08  -0.506418E+00   0.905117E+07   0.905117E+07   0.548092E+01
   0.118486E-04   0.181145E+08   0.181145E+08   0.241379E+08   0.241374E+08   0.181146E+08   0.181145E+08   0.181145E+08   0.181205E+08  -0.506414E+00   0.905115E+07   0.905114E+07   0.605395E+01
   0.130878E-04   0.181144E+08   0.181144E+08   0.241346E+08   0.241340E+08   0.181145E+08   0.181144E+08   0.181144E+08   0.181205E+08  -0.506409E+00   0.905112E+07   0.905112E+07   0.668685E+01
   0.144565E-04   0.181144E+08   0.181144E+08   0.241305E+08   0.241299E+08   0.181145E+08   0.181144E+08   0.181144E+08   0.181204E+08  -0.506403E+00   0.905108E+07   0.905108E+07   0.738585E+01
   0.159684E-04   0.181143E+08   0.181143E+08   0.241256E+08   0.241248E+08   0.181144E+08   0.181143E+08   0.181143E+08   0.181203E+08  -0.506396E+00   0.905103E+07   0.905103E+07   0.815784E+01
   0.176384E-04   0.181142E+08   0.181142E+08   0.241196E+08   0.241186E+08   0.181143E+08   0.181142E+08   0.181142E+08   0.181202E+08  -0.506388E+00   0.905098E+07   0.905098E+07   0.901042E+01
   0.194831E-04   0.181141E+08   0.181141E+08   0.241123E+08   0.241110E+08   0.181142E+08   0.181141E+08   0.181141E+08   0.181201E+08  -0.506377E+00   0.905091E+07   0.905091E+07   0.995195E+01
   0.215207E-04   0.181140E+08   0.181140E+08   0.241033E+08   0.241018E+08   0.181141E+08   0.181140E+08   0.181140E+08   0.181200E+08  -0.506364E+00   0.905083E+07   0.905082E+07   0.109917E+02
   0.237714E-04   0.181138E+08   0.181138E+08   0.240924E+08   0.240906E+08   0.181139E+08   0.181138E+08   0.181138E+08   0.181198E+08  -0.506349E+00   0.905072E+07   0.905072E+07   0.121398E+02
   0.262575E-04   0.181136E+08   0.181136E+08   0.240791E+08   0.240769E+08   0.181137E+08   0.181136E+08   0.181136E+08   0.181196E+08  -0.506329E+00   0.905060E+07   0.905060E+07   0.134074E+02
   0.290036E-04   0.181134E+08   0.181134E+08   0.240629E+08   0.240602E+08   0.181135E+08   0.181134E+08   0.181134E+08   0.181194E+08  -0.506306E+00   0.905045E+07   0.905045E+07   0.148069E+02
   0.320368E-04   0.181131E+08   0.181131E+08   0.240431E+08   0.240398E+08   0.181132E+08   0.181131E+08   0.181131E+08   0.181191E+08  -0.506278E+00   0.905027E+07   0.905027E+07   0.163519E+02
   0.353874E-04   0.181127E+08   0.181127E+08   0.240190E+08   0.240150E+08   0.181128E+08   0.181127E+08   0.181127E+08   0.181187E+08  -0.506243E+00   0.905005E+07   0.905004E+07   0.180573E+02
   0.390883E-04   0.181123E+08   0.181123E+08   0.239896E+08   0.239847E+08   0.181124E+08   0.181123E+08   0.181123E+08   0.181183E+08  -0.506201E+00   0.904977E+07   0.904977E+07   0.199393E+02
   0.431762E-04   0.181117E+08   0.181117E+08   0.239538E+08   0.239478E+08   0.181118E+08   0.181117E+08   0.181117E+08   0.181177E+08  -0.506149E+00   0.904944E+07   0.904944E+07   0.220159E+02
   0.476917E-04   0.181111E+08   0.181111E+08   0.239102E+08   0.239029E+08   0.181112E+08   0.181111E+08   0.181111E+08   0.181171E+08  -0.506086E+00   0.904904E+07   0.904903E+07   0.243066E+02
   0.526795E-04   0.181103E+08   0.181103E+08   0.238570E+08   0.238481E+08   0.181104E+08   0.181103E+08   0.181103E+08   0.181162E+08  -0.506010E+00   0.904854E+07   0.904854E+07   0.268328E+02
   0.581888E-04   0.181093E+08   0.181093E+08   0.237924E+08   0.237815E+08   0.181094E+08   0.181093E+08   0.181093E+08   0.181153E+08  -0.505916E+00   0.904794E+07   0.904793E+07   0.296178E+02
   0.642744E-04   0.181081E+08   0.181081E+08   0.237137E+08   0.237005E+08   0.181082E+08   0.181081E+08   0.181081E+08   0.181141E+08  -0.505802E+00   0.904720E+07   0.904720E+07   0.326867E+02
   0.709964E-04   0.181067E+08   0.181067E+08   0.236180E+08   0.236020E+08   0.181068E+08   0.181067E+08   0.181067E+08   0.181126E+08  -0.505664E+00   0.904631E+07   0.904630E+07   0.360666E+02
   0.784214E-04   0.181049E+08   0.181049E+08   0.235018E+08   0.234823E+08   0.181050E+08   0.181049E+08   0.181049E+08   0.181108E+08  -0.505495E+00   0.904522E+07   0.904521E+07   0.397866E+02
   0.866229E-04   0.181028E+08   0.181027E+08   0.233606E+08   0.233370E+08   0.181028E+08   0.181028E+08   0.181028E+08   0.181086E+08  -0.505289E+00   0.904389E+07   0.904388E+07   0.438778E+02
   0.956822E-04   0.181002E+08   0.181001E+08   0.231895E+08   0.231608E+08   0.181002E+08   0.181002E+08   0.181002E+08   0.181060E+08  -0.505039E+00   0.904228E+07   0.904226E+07   0.483729E+02
   0.105689E-03   0.180970E+08   0.180969E+08   0.229824E+08   0.229476E+08   0.180970E+08   0.180970E+08   0.180970E+08   0.181027E+08  -0.504734E+00   0.904031E+07   0.904029E+07   0.533058E+02
   0.116742E-03   0.180931E+08   0.180930E+08   0.227319E+08   0.226899E+08   0.180932E+08   0.180931E+08   0.180931E+08   0.180988E+08  -0.504364E+00   0.903791E+07   0.903789E+07   0.587114E+02
   0.128951E-03   0.180884E+08   0.180883E+08   0.224298E+08   0.223790E+08   0.180884E+08   0.180884E+08   0.180884E+08   0.180940E+08  -0.503915E+00   0.903500E+07   0.903498E+07   0.646246E+02
   0.142437E-03   0.180827E+08   0.180826E+08   0.220663E+08   0.220052E+08   0.180827E+08   0.180827E+08   0.180827E+08   0.180882E+08  -0.503371E+00   0.903147E+07   0.903144E+07   0.710789E+02
   0.157334E-03   0.180757E+08   0.180756E+08   0.216303E+08   0.215568E+08   0.180758E+08   0.180757E+08   0.180757E+08   0.180811E+08  -0.502711E+00   0.902719E+07   0.902715E+07   0.781053E+02
   0.173788E-03   0.180673E+08   0.180671E+08   0.211092E+08   0.210213E+08   0.180673E+08   0.180673E+08   0.180673E+08   0.180725E+08  -0.501913E+00   0.902200E+07   0.902195E+07   0.857294E+02
   0.191964E-03   0.180571E+08   0.180569E+08   0.204894E+08   0.203847E+08   0.180571E+08   0.180571E+08   0.180570E+08   0.180622E+08  -0.500951E+00   0.901572E+07   0.901566E+07   0.939689E+02
   0.212040E-03   0.180447E+08   0.180445E+08   0.197564E+08   0.196322E+08   0.180447E+08   0.180447E+08   0.180447E+08   0.180496E+08  -0.499792E+00   0.900814E+07   0.900807E+07   0.102830E+03
   0.234216E-03   0.180298E+08   0.180295E+08   0.188954E+08   0.187492E+08   0.180298E+08   0.180298E+08   0.180298E+08   0.180345E+08  -0.498400E+00   0.899900E+07   0.899892E+07   0.112300E+03
   0.258711E-03   0.180118E+08   0.180115E+08   0.178930E+08   0.177222E+08   0.180118E+08   0.180118E+08   0.180118E+08   0.180162E+08  -0.496735E+00   0.898803E+07   0.898793E+07   0.122346E+03
   0.285767E-03   0.179902E+08   0.179898E+08   0.167381E+08   0.165405E+08   0.179901E+08   0.179902E+08   0.179902E+08   0.179943E+08  -0.494752E+00   0.897488E+07   0.897477E+07   0.132903E+03
   0.315654E-03   0.179644E+08   0.179639E+08   0.154251E+08   0.151993E+08   0.179642E+08   0.179643E+08   0.179643E+08   0.179681E+08  -0.492401E+00   0.895921E+07   0.895907E+07   0.143865E+03
   0.348666E-03   0.179335E+08   0.179329E+08   0.139566E+08   0.137024E+08   0.179333E+08   0.179334E+08   0.179334E+08   0.179369E+08  -0.489633E+00   0.894061E+07   0.894045E+07   0.155080E+03
   0.385130E-03   0.178969E+08   0.178962E+08   0.123473E+08   0.120663E+08   0.178967E+08   0.178968E+08   0.178968E+08   0.178999E+08  -0.486398E+00   0.891866E+07   0.891847E+07   0.166338E+03
   0.425408E-03   0.178538E+08   0.178529E+08   0.106282E+08   0.103248E+08   0.178534E+08   0.178536E+08   0.178536E+08   0.178562E+08  -0.482652E+00   0.889295E+07   0.889273E+07   0.177362E+03
   0.469898E-03   0.178032E+08   0.178021E+08   0.885039E+07   0.853210E+07   0.178027E+08   0.178030E+08   0.178030E+08   0.178052E+08  -0.478360E+00   0.886308E+07   0.886282E+07   0.187809E+03
   0.519042E-03   0.177444E+08   0.177431E+08   0.708577E+07   0.676383E+07   0.177438E+08   0.177441E+08   0.177442E+08   0.177459E+08  -0.473509E+00   0.882874E+07   0.882843E+07   0.197271E+03
   0.573325E-03   0.176767E+08   0.176753E+08   0.542451E+07   0.511357E+07   0.176760E+08   0.176764E+08   0.176764E+08   0.176777E+08  -0.468110E+00   0.878971E+07   0.878936E+07   0.205292E+03
   0.633284E-03   0.175997E+08   0.175981E+08   0.396465E+07   0.368146E+07   0.175988E+08   0.175994E+08   0.175994E+08   0.176004E+08  -0.462211E+00   0.874597E+07   0.874556E+07   0.211397E+03
   0.699515E-03   0.175133E+08   0.175114E+08   0.279313E+07   0.255386E+07   0.175122E+08   0.175130E+08   0.175130E+08   0.175137E+08  -0.455901E+00   0.869773E+07   0.869728E+07   0.215139E+03
   0.772672E-03   0.174179E+08   0.174157E+08   0.195942E+07   0.177550E+07   0.174165E+08   0.174175E+08   0.174175E+08   0.174179E+08  -0.449315E+00   0.864549E+07   0.864499E+07   0.216154E+03
   0.853481E-03   0.173142E+08   0.173117E+08   0.144943E+07   0.132281E+07   0.173125E+08   0.173137E+08   0.173138E+08   0.173140E+08  -0.442622E+00   0.859003E+07   0.858948E+07   0.214220E+03
   0.942740E-03   0.172036E+08   0.172008E+08   0.117533E+07   0.109530E+07   0.172015E+08   0.172030E+08   0.172031E+08   0.172033E+08  -0.436009E+00   0.853238E+07   0.853178E+07   0.209297E+03
   0.104133E-02   0.170879E+08   0.170849E+08   0.100026E+07   0.944599E+06   0.170853E+08   0.170872E+08   0.170874E+08   0.170875E+08  -0.429652E+00   0.847365E+07   0.847302E+07   0.201536E+03
   0.115024E-02   0.169691E+08   0.169658E+08   0.804001E+06   0.746477E+06   0.169659E+08   0.169684E+08   0.169685E+08   0.169686E+08  -0.423684E+00   0.841490E+07   0.841424E+07   0.191240E+03
   0.127054E-02   0.168490E+08   0.168456E+08   0.558666E+06   0.480848E+06   0.168451E+08   0.168482E+08   0.168485E+08   0.168484E+08  -0.418171E+00   0.835691E+07   0.835623E+07   0.178814E+03
   0.140341E-02   0.167291E+08   0.167255E+08   0.342500E+06   0.242476E+06   0.167243E+08   0.167282E+08   0.167285E+08   0.167283E+08  -0.413111E+00   0.830002E+07   0.829933E+07   0.164746E+03
   0.155018E-02   0.166101E+08   0.166064E+08   0.240835E+06   0.130645E+06   0.166043E+08   0.166092E+08   0.166095E+08   0.166092E+08  -0.408460E+00   0.824416E+07   0.824346E+07   0.149643E+03
   0.171231E-02   0.164920E+08   0.164882E+08   0.217811E+06  -0.104023E+06   0.164848E+08   0.164909E+08   0.164914E+08   0.164909E+08  -0.404152E+00   0.818893E+07   0.818824E+07   0.134268E+03
   0.189139E-02   0.163740E+08   0.163702E+08   0.158537E+06  -0.903418E+05   0.163652E+08   0.163728E+08   0.163734E+08   0.163728E+08  -0.400122E+00   0.813373E+07   0.813305E+07   0.119454E+03
   0.208919E-02   0.162550E+08   0.162512E+08   0.697724E+05  -0.771876E+05   0.162444E+08   0.162537E+08   0.162544E+08   0.162537E+08  -0.396294E+00   0.807784E+07   0.807718E+07   0.105915E+03
   0.230769E-02   0.161336E+08   0.161298E+08   0.531475E+05  -0.651788E+05   0.161207E+08   0.161322E+08   0.161330E+08   0.161322E+08  -0.392589E+00   0.802045E+07   0.801980E+07   0.941145E+02
   0.254903E-02   0.160081E+08   0.160042E+08   0.540355E+05  -0.545566E+05   0.159924E+08   0.160064E+08   0.160075E+08   0.160064E+08  -0.388931E+00   0.796064E+07   0.796000E+07   0.842383E+02
   0.281562E-02   0.158766E+08   0.158726E+08   0.188653E+05  -0.453583E+05   0.158576E+08   0.158747E+08   0.158760E+08   0.158747E+08  -0.385247E+00   0.789750E+07   0.789686E+07   0.760916E+02
   0.311008E-02   0.157372E+08   0.157330E+08   0.220050E+05  -0.375094E+05   0.157142E+08   0.157350E+08   0.157365E+08   0.157350E+08  -0.381466E+00   0.783004E+07   0.782940E+07   0.691257E+02
   0.343534E-02   0.155879E+08   0.155834E+08   0.543445E+04  -0.308799E+05   0.155600E+08   0.155853E+08   0.155872E+08   0.155853E+08  -0.377523E+00   0.775730E+07   0.775665E+07   0.627523E+02
   0.379462E-02   0.154266E+08   0.154218E+08   0.519236E+04  -0.253300E+05   0.153930E+08   0.154235E+08   0.154258E+08   0.154235E+08  -0.373351E+00   0.767828E+07   0.767763E+07   0.566131E+02
   0.419147E-02   0.152512E+08   0.152461E+08  -0.419541E+04  -0.207078E+05   0.152107E+08   0.152476E+08   0.152504E+08   0.152476E+08  -0.368889E+00   0.759196E+07   0.759132E+07   0.507782E+02
   0.462983E-02   0.150596E+08   0.150541E+08   0.261683E+04  -0.168802E+05   0.150110E+08   0.150554E+08   0.150587E+08   0.150554E+08  -0.364074E+00   0.749731E+07   0.749667E+07   0.455410E+02
   0.511403E-02   0.148497E+08   0.148437E+08   0.369808E+04  -0.137211E+05   0.147916E+08   0.148447E+08   0.148487E+08   0.148447E+08  -0.358847E+00   0.739327E+07   0.739264E+07   0.410326E+02
   0.564887E-02   0.146192E+08   0.146126E+08  -0.965826E+03  -0.111231E+05   0.145500E+08   0.146134E+08   0.146181E+08   0.146134E+08  -0.353149E+00   0.727880E+07   0.727818E+07   0.370419E+02
   0.623964E-02   0.143660E+08   0.143588E+08  -0.986015E+03  -0.899274E+04   0.142839E+08   0.143592E+08   0.143648E+08   0.143592E+08  -0.346921E+00   0.715284E+07   0.715221E+07   0.333292E+02
   0.689220E-02   0.140880E+08   0.140799E+08  -0.210624E+04  -0.725012E+04   0.139911E+08   0.140801E+08   0.140867E+08   0.140801E+08  -0.340108E+00   0.701431E+07   0.701369E+07   0.299517E+02
   0.761301E-02   0.137830E+08   0.137739E+08  -0.137661E+04  -0.582815E+04   0.136692E+08   0.137737E+08   0.137815E+08   0.137737E+08  -0.332654E+00   0.686217E+07   0.686156E+07   0.269965E+02
   0.840920E-02   0.134490E+08   0.134387E+08  -0.171091E+04  -0.467054E+04   0.133163E+08   0.134382E+08   0.134473E+08   0.134382E+08  -0.324508E+00   0.669543E+07   0.669481E+07   0.243376E+02
   0.928866E-02   0.130841E+08   0.130724E+08  -0.178998E+03  -0.373035E+04   0.129304E+08   0.130717E+08   0.130822E+08   0.130717E+08  -0.315621E+00   0.651315E+07   0.651254E+07   0.219304E+02
   0.102601E-01   0.126867E+08   0.126733E+08  -0.122082E+04  -0.296861E+04   0.125101E+08   0.126724E+08   0.126844E+08   0.126724E+08  -0.305952E+00   0.631453E+07   0.631392E+07   0.198061E+02
   0.113331E-01   0.122554E+08   0.122400E+08  -0.673242E+03  -0.235304E+04   0.120541E+08   0.122390E+08   0.122528E+08   0.122390E+08  -0.295468E+00   0.609892E+07   0.609831E+07   0.178977E+02
   0.125184E-01   0.117893E+08   0.117716E+08  -0.102194E+04  -0.185697E+04   0.115619E+08   0.117708E+08   0.117863E+08   0.117708E+08  -0.284147E+00   0.586590E+07   0.586529E+07   0.162048E+02
   0.138276E-01   0.112881E+08   0.112679E+08  -0.862188E+03  -0.145844E+04   0.110336E+08   0.112673E+08   0.112847E+08   0.112673E+08  -0.271980E+00   0.561531E+07   0.561470E+07   0.146926E+02
   0.152737E-01   0.107523E+08   0.107291E+08  -0.610827E+03  -0.113938E+04   0.104699E+08   0.107291E+08   0.107484E+08   0.107291E+08  -0.258977E+00   0.534738E+07   0.534677E+07   0.133451E+02
   0.168711E-01   0.101934E+08   0.101669E+08  -0.422764E+03  -0.885829E+03   0.988269E+07   0.101677E+08   0.101889E+08   0.101677E+08  -0.245419E+00   0.506792E+07   0.506731E+07   0.121452E+02
   0.186355E-01   0.959481E+07   0.956486E+07  -0.509282E+03  -0.683765E+03   0.925659E+07   0.956674E+07   0.958978E+07   0.956674E+07  -0.230906E+00   0.476870E+07   0.476809E+07   0.110534E+02
   0.205845E-01   0.896948E+07   0.893583E+07  -0.437623E+03  -0.524154E+03   0.860507E+07   0.893902E+07   0.896383E+07   0.893902E+07  -0.215751E+00   0.445616E+07   0.445554E+07   0.100536E+02
   0.227372E-01   0.831599E+07   0.827862E+07  -0.232195E+03  -0.398491E+03   0.792806E+07   0.828332E+07   0.830971E+07   0.828332E+07  -0.199921E+00   0.412966E+07   0.412904E+07   0.911723E+01
   0.251152E-01   0.765618E+07   0.761531E+07  -0.161464E+03  -0.300838E+03   0.724768E+07   0.762154E+07   0.764932E+07   0.762154E+07  -0.183946E+00   0.380012E+07   0.379950E+07   0.822804E+01
   0.277418E-01   0.699888E+07   0.695504E+07  -0.907298E+02  -0.225516E+03   0.657317E+07   0.696258E+07   0.699152E+07   0.696258E+07  -0.168040E+00   0.347197E+07   0.347136E+07   0.735986E+01
   0.306431E-01   0.634924E+07   0.630337E+07  -0.123664E+03  -0.167773E+03   0.590998E+07   0.631169E+07   0.634154E+07   0.631169E+07  -0.152329E+00   0.314782E+07   0.314722E+07   0.649124E+01
   0.338478E-01   0.572401E+07   0.567748E+07  -0.610310E+02  -0.124048E+03   0.527451E+07   0.568565E+07   0.571620E+07   0.568565E+07  -0.137219E+00   0.283602E+07   0.283545E+07   0.561037E+01
   0.373877E-01   0.514280E+07   0.509742E+07  -0.543438E+02  -0.914169E+02   0.468562E+07   0.510409E+07   0.513518E+07   0.510409E+07  -0.123183E+00   0.254638E+07   0.254585E+07   0.471769E+01
   0.412978E-01   0.462392E+07   0.458176E+07  -0.345163E+02  -0.674271E+02   0.415869E+07   0.458516E+07   0.461684E+07   0.458516E+07  -0.110658E+00   0.228793E+07   0.228745E+07   0.382874E+01
   0.454276E-01   0.418512E+07   0.414798E+07   0.580062E+02  -0.504918E+02   0.371408E+07   0.414674E+07   0.417889E+07   0.414674E+07  -0.100077E+00   0.206959E+07   0.206918E+07   0.300517E+01
   0.495574E-01   0.384350E+07   0.381221E+07   0.446753E+02  -0.390102E+02   0.336556E+07   0.380556E+07   0.383825E+07   0.380556E+07  -0.918426E-01   0.189971E+07   0.189937E+07   0.231516E+01
   0.536872E-01   0.357054E+07   0.354514E+07   0.352960E+02  -0.309175E+02   0.308482E+07   0.353298E+07   0.356628E+07   0.353298E+07  -0.852640E-01   0.176402E+07   0.176373E+07   0.176522E+01
   0.578170E-01   0.334208E+07   0.332186E+07   0.284327E+02  -0.249846E+02   0.284881E+07   0.330481E+07   0.333869E+07   0.330481E+07  -0.797573E-01   0.165045E+07   0.165021E+07   0.135271E+01
   0.619468E-01   0.314136E+07   0.312513E+07   0.232357E+02  -0.204831E+02   0.264186E+07   0.310428E+07   0.313864E+07   0.310428E+07  -0.749177E-01   0.155064E+07   0.155044E+07   0.106612E+01
   0.660766E-01   0.295343E+07   0.293975E+07   0.191618E+02  -0.169466E+02   0.245037E+07   0.291650E+07   0.295113E+07   0.291650E+07  -0.703858E-01   0.145716E+07   0.145698E+07   0.885098E+00
   0.702063E-01   0.276942E+07   0.275689E+07   0.158831E+02  -0.140928E+02   0.226668E+07   0.273269E+07   0.276731E+07   0.273269E+07  -0.659496E-01   0.136562E+07   0.136546E+07   0.784775E+00
   0.743361E-01   0.258883E+07   0.257628E+07   0.132150E+02  -0.117639E+02   0.209018E+07   0.255239E+07   0.258673E+07   0.255239E+07  -0.615982E-01   0.127580E+07   0.127564E+07   0.739362E+00
   0.784659E-01   0.240877E+07   0.239541E+07   0.110110E+02  -0.983431E+01   0.191844E+07   0.237277E+07   0.240652E+07   0.237277E+07  -0.572634E-01   0.118628E+07   0.118611E+07   0.723282E+00
   0.825957E-01   0.223610E+07   0.222159E+07   0.920430E+01  -0.824774E+01   0.175681E+07   0.220069E+07   0.223366E+07   0.220069E+07  -0.531103E-01   0.110049E+07   0.110031E+07   0.716584E+00
   0.867255E-01   0.207558E+07   0.205999E+07   0.773180E+01  -0.695098E+01   0.160869E+07   0.204085E+07   0.207296E+07   0.204085E+07  -0.492529E-01   0.102079E+07   0.102061E+07   0.704405E+00
   0.918818E-01   0.189801E+07   0.188167E+07   0.628177E+01  -0.567021E+01   0.144647E+07   0.186423E+07   0.189526E+07   0.186423E+07  -0.449903E-01   0.932700E+06   0.932516E+06   0.668957E+00
   0.970381E-01   0.175047E+07   0.173435E+07   0.518067E+01  -0.469480E+01   0.131200E+07   0.171763E+07   0.174777E+07   0.171763E+07  -0.414524E-01   0.859586E+06   0.859410E+06   0.607728E+00
   0.102194E+00   0.163432E+07   0.161939E+07   0.435060E+01  -0.395779E+01   0.120499E+07   0.160230E+07   0.163181E+07   0.160230E+07  -0.386690E-01   0.802079E+06   0.801917E+06   0.527120E+00
   0.107351E+00   0.154533E+07   0.153229E+07   0.371967E+01  -0.339655E+01   0.112107E+07   0.151395E+07   0.154314E+07   0.151395E+07  -0.365369E-01   0.758052E+06   0.757911E+06   0.439078E+00
   0.112507E+00   0.147481E+07   0.146393E+07   0.322511E+01  -0.295583E+01   0.105291E+07   0.144394E+07   0.147299E+07   0.144394E+07  -0.348472E-01   0.723178E+06   0.723058E+06   0.356301E+00
   0.117663E+00   0.141322E+07   0.140431E+07   0.281958E+01  -0.259359E+01   0.993038E+06   0.138277E+07   0.141173E+07   0.138277E+07  -0.333711E-01   0.692720E+06   0.692618E+06   0.288691E+00
   0.122820E+00   0.135311E+07   0.134564E+07   0.247247E+01  -0.228254E+01   0.935887E+06   0.132309E+07   0.135186E+07   0.132309E+07  -0.319307E-01   0.662987E+06   0.662898E+06   0.241373E+00
   0.127976E+00   0.129015E+07   0.128345E+07   0.216653E+01  -0.200732E+01   0.878384E+06   0.126063E+07   0.128903E+07   0.126063E+07  -0.304233E-01   0.631844E+06   0.631761E+06   0.214317E+00
   0.133132E+00   0.122314E+07   0.121654E+07   0.189366E+01  -0.176082E+01   0.819766E+06   0.119421E+07   0.122203E+07   0.119421E+07  -0.288204E-01   0.598702E+06   0.598620E+06   0.203340E+00
   0.138288E+00   0.115347E+07   0.114653E+07   0.165125E+01  -0.154092E+01   0.761057E+06   0.112525E+07   0.115230E+07   0.112525E+07  -0.271561E-01   0.564265E+06   0.564181E+06   0.201957E+00
   0.143445E+00   0.108423E+07   0.107674E+07   0.143916E+01  -0.134776E+01   0.704307E+06   0.105678E+07   0.108297E+07   0.105678E+07  -0.255038E-01   0.530061E+06   0.529974E+06   0.203399E+00
   0.148601E+00   0.101915E+07   0.101120E+07   0.125760E+01  -0.118185E+01   0.651872E+06   0.992505E+06   0.101781E+07   0.992505E+06  -0.239525E-01   0.497939E+06   0.497848E+06   0.202277E+00
   0.153757E+00   0.961652E+06   0.953514E+06   0.110593E+01  -0.104287E+01   0.605759E+06   0.935768E+06   0.960286E+06   0.935768E+06  -0.225833E-01   0.469583E+06   0.469493E+06   0.195533E+00
   0.158914E+00   0.913728E+06   0.905759E+06   0.981665E+00  -0.928770E+00   0.566941E+06   0.888500E+06   0.912390E+06   0.888500E+06  -0.214425E-01   0.445965E+06   0.445878E+06   0.182598E+00
   0.164070E+00   0.875158E+06   0.867696E+06   0.880321E+00  -0.835591E+00   0.534972E+06   0.850466E+06   0.873905E+06   0.850466E+06  -0.205246E-01   0.426970E+06   0.426889E+06   0.164915E+00
   0.169226E+00   0.843923E+06   0.837195E+06   0.796476E+00  -0.758404E+00   0.508336E+06   0.819664E+06   0.842794E+06   0.819664E+06  -0.197813E-01   0.411597E+06   0.411523E+06   0.145107E+00
   0.174383E+00   0.817325E+06   0.811398E+06   0.725129E+00  -0.692616E+00   0.485188E+06   0.793429E+06   0.816330E+06   0.793429E+06  -0.191482E-01   0.398509E+06   0.398443E+06   0.126052E+00
   0.179539E+00   0.792742E+06   0.787533E+06   0.662319E+00  -0.634577E+00   0.463813E+06   0.769180E+06   0.791867E+06   0.769180E+06  -0.185629E-01   0.386412E+06   0.386353E+06   0.110087E+00
   0.184695E+00   0.767894E+06   0.763207E+06   0.605153E+00  -0.581568E+00   0.442854E+06   0.744683E+06   0.767107E+06   0.744683E+06  -0.179717E-01   0.374184E+06   0.374130E+06   0.984933E-01
   0.189851E+00   0.741255E+06   0.736848E+06   0.551850E+00  -0.531944E+00   0.421410E+06   0.718447E+06   0.740515E+06   0.718447E+06  -0.173386E-01   0.361077E+06   0.361025E+06   0.913796E-01
   0.195008E+00   0.712564E+06   0.708210E+06   0.501867E+00  -0.485214E+00   0.399358E+06   0.690223E+06   0.711832E+06   0.690223E+06  -0.166574E-01   0.346963E+06   0.346912E+06   0.878955E-01
   0.200164E+00   0.682740E+06   0.678285E+06   0.455542E+00  -0.441735E+00   0.377247E+06   0.660917E+06   0.681992E+06   0.660917E+06  -0.159502E-01   0.332299E+06   0.332247E+06   0.866243E-01
   0.205320E+00   0.653191E+06   0.648573E+06   0.413427E+00  -0.402073E+00   0.355862E+06   0.631907E+06   0.652416E+06   0.631907E+06  -0.152501E-01   0.317777E+06   0.317724E+06   0.860192E-01
   0.210477E+00   0.625242E+06   0.620492E+06   0.375885E+00  -0.366617E+00   0.335899E+06   0.604490E+06   0.624444E+06   0.604490E+06  -0.145884E-01   0.304049E+06   0.303996E+06   0.847932E-01
   0.215633E+00   0.599942E+06   0.595160E+06   0.343015E+00  -0.335504E+00   0.317868E+06   0.579688E+06   0.599139E+06   0.579688E+06  -0.139898E-01   0.291631E+06   0.291578E+06   0.821771E-01
   0.220789E+00   0.577936E+06   0.573250E+06   0.314639E+00  -0.308600E+00   0.302034E+06   0.558123E+06   0.577149E+06   0.558123E+06  -0.134694E-01   0.280836E+06   0.280784E+06   0.779977E-01
   0.225945E+00   0.559247E+06   0.554775E+06   0.290251E+00  -0.285450E+00   0.288326E+06   0.539812E+06   0.558496E+06   0.539812E+06  -0.130275E-01   0.271673E+06   0.271623E+06   0.725853E-01
   0.231102E+00   0.543265E+06   0.539089E+06   0.269094E+00  -0.265342E+00   0.276347E+06   0.524153E+06   0.542564E+06   0.524153E+06  -0.126496E-01   0.263840E+06   0.263794E+06   0.665794E-01
   0.236258E+00   0.529037E+06   0.525181E+06   0.250352E+00  -0.247504E+00   0.265547E+06   0.510212E+06   0.528390E+06   0.510212E+06  -0.123132E-01   0.256869E+06   0.256826E+06   0.607056E-01
   0.241414E+00   0.515584E+06   0.512022E+06   0.233324E+00  -0.231261E+00   0.255394E+06   0.497034E+06   0.514986E+06   0.497034E+06  -0.119951E-01   0.250279E+06   0.250239E+06   0.555772E-01
   0.246571E+00   0.502102E+06   0.498765E+06   0.217492E+00  -0.216114E+00   0.245467E+06   0.483833E+06   0.501542E+06   0.483833E+06  -0.116765E-01   0.243674E+06   0.243636E+06   0.515620E-01
   0.251727E+00   0.488089E+06   0.484891E+06   0.202542E+00  -0.201764E+00   0.235516E+06   0.470122E+06   0.487552E+06   0.470122E+06  -0.113456E-01   0.236810E+06   0.236773E+06   0.487340E-01
   0.256883E+00   0.473443E+06   0.470304E+06   0.188368E+00  -0.188110E+00   0.225496E+06   0.455805E+06   0.472916E+06   0.455805E+06  -0.110001E-01   0.229638E+06   0.229602E+06   0.469099E-01
   0.262040E+00   0.458441E+06   0.455304E+06   0.175023E+00  -0.175212E+00   0.215544E+06   0.441153E+06   0.457914E+06   0.441153E+06  -0.106465E-01   0.222294E+06   0.222258E+06   0.457418E-01
   0.267196E+00   0.443562E+06   0.440400E+06   0.162621E+00  -0.163191E+00   0.205884E+06   0.426631E+06   0.443031E+06   0.426631E+06  -0.102961E-01   0.215012E+06   0.214976E+06   0.448299E-01
   0.272352E+00   0.429297E+06   0.426118E+06   0.151260E+00  -0.152153E+00   0.196736E+06   0.412717E+06   0.428764E+06   0.412717E+06  -0.996027E-02   0.208034E+06   0.207998E+06   0.438249E-01
   0.277508E+00   0.416040E+06   0.412874E+06   0.140986E+00  -0.142150E+00   0.188262E+06   0.399793E+06   0.415508E+06   0.399793E+06  -0.964836E-02   0.201552E+06   0.201516E+06   0.425004E-01
   0.282665E+00   0.404023E+06   0.400913E+06   0.131777E+00  -0.133170E+00   0.180545E+06   0.388082E+06   0.403500E+06   0.388082E+06  -0.936573E-02   0.195679E+06   0.195644E+06   0.407819E-01
   0.287821E+00   0.393273E+06   0.390261E+06   0.123548E+00  -0.125134E+00   0.173569E+06   0.377608E+06   0.392767E+06   0.377608E+06  -0.911296E-02   0.190427E+06   0.190394E+06   0.387328E-01
   0.292977E+00   0.383612E+06   0.380729E+06   0.116155E+00  -0.117906E+00   0.167230E+06   0.368197E+06   0.383128E+06   0.368197E+06  -0.888585E-02   0.185710E+06   0.185678E+06   0.365103E-01
   0.298134E+00   0.374726E+06   0.371982E+06   0.109432E+00  -0.111323E+00   0.161370E+06   0.359543E+06   0.374266E+06   0.359543E+06  -0.867698E-02   0.181372E+06   0.181341E+06   0.343068E-01
   0.303290E+00   0.366265E+06   0.363653E+06   0.103224E+00  -0.105232E+00   0.155821E+06   0.351304E+06   0.365827E+06   0.351304E+06  -0.847815E-02   0.177242E+06   0.177213E+06   0.322951E-01
   0.308446E+00   0.357932E+06   0.355429E+06   0.974078E-01  -0.995128E-01   0.150449E+06   0.343192E+06   0.357512E+06   0.343192E+06  -0.828238E-02   0.173175E+06   0.173147E+06   0.305889E-01
   0.313603E+00   0.349537E+06   0.347115E+06   0.919051E-01  -0.940870E-01   0.145167E+06   0.335025E+06   0.349130E+06   0.335025E+06  -0.808529E-02   0.169078E+06   0.169051E+06   0.292259E-01
   0.318759E+00   0.341024E+06   0.338654E+06   0.866801E-01  -0.889208E-01   0.139952E+06   0.326748E+06   0.340626E+06   0.326748E+06  -0.788554E-02   0.164925E+06   0.164898E+06   0.281715E-01
   0.323915E+00   0.332455E+06   0.330113E+06   0.817304E-01  -0.840138E-01   0.134826E+06   0.318422E+06   0.332062E+06   0.318422E+06  -0.768460E-02   0.160744E+06   0.160718E+06   0.273400E-01
   0.329071E+00   0.323971E+06   0.321646E+06   0.770723E-01  -0.793846E-01   0.129846E+06   0.310183E+06   0.323581E+06   0.310183E+06  -0.748577E-02   0.156607E+06   0.156581E+06   0.266234E-01
   0.334228E+00   0.315745E+06   0.313436E+06   0.727261E-01  -0.750561E-01   0.125076E+06   0.302198E+06   0.315357E+06   0.302198E+06  -0.729307E-02   0.152597E+06   0.152571E+06   0.259205E-01
   0.339384E+00   0.307929E+06   0.305644E+06   0.687043E-01  -0.710434E-01   0.120569E+06   0.294615E+06   0.307545E+06   0.294615E+06  -0.711006E-02   0.148787E+06   0.148762E+06   0.251596E-01
   0.344540E+00   0.300616E+06   0.298369E+06   0.650038E-01  -0.673454E-01   0.116356E+06   0.287522E+06   0.300239E+06   0.287522E+06  -0.693889E-02   0.145225E+06   0.145200E+06   0.243084E-01
   0.349697E+00   0.293822E+06   0.291627E+06   0.616044E-01  -0.639434E-01   0.112431E+06   0.280935E+06   0.293454E+06   0.280935E+06  -0.677991E-02   0.141916E+06   0.141891E+06   0.233738E-01
   0.354853E+00   0.287492E+06   0.285359E+06   0.584729E-01  -0.608052E-01   0.108766E+06   0.274799E+06   0.287134E+06   0.274799E+06  -0.663183E-02   0.138834E+06   0.138810E+06   0.223918E-01
   0.360009E+00   0.281530E+06   0.279465E+06   0.555711E-01  -0.578927E-01   0.105315E+06   0.269021E+06   0.281184E+06   0.269021E+06  -0.649239E-02   0.135932E+06   0.135909E+06   0.214129E-01
   0.365166E+00   0.275826E+06   0.273827E+06   0.528615E-01  -0.551685E-01   0.102030E+06   0.263494E+06   0.275490E+06   0.263494E+06  -0.635901E-02   0.133156E+06   0.133134E+06   0.204873E-01
   0.370322E+00   0.270273E+06   0.268334E+06   0.503115E-01  -0.525999E-01   0.988689E+05   0.258117E+06   0.269948E+06   0.258117E+06  -0.622923E-02   0.130454E+06   0.130433E+06   0.196515E-01
   0.375478E+00   0.264792E+06   0.262902E+06   0.478961E-01  -0.501619E-01   0.957969E+05   0.252809E+06   0.264474E+06   0.252809E+06  -0.610114E-02   0.127787E+06   0.127766E+06   0.189221E-01
   0.380634E+00   0.259337E+06   0.257487E+06   0.455993E-01  -0.478387E-01   0.927964E+05   0.247531E+06   0.259027E+06   0.247531E+06  -0.597375E-02   0.125134E+06   0.125113E+06   0.182947E-01
   0.385791E+00   0.253918E+06   0.252098E+06   0.434158E-01  -0.456253E-01   0.898684E+05   0.242288E+06   0.253612E+06   0.242288E+06  -0.584724E-02   0.122499E+06   0.122478E+06   0.177494E-01
   0.390947E+00   0.248578E+06   0.246783E+06   0.413464E-01  -0.435234E-01   0.870266E+05   0.237125E+06   0.248277E+06   0.237125E+06  -0.572264E-02   0.119902E+06   0.119882E+06   0.172571E-01
   0.396103E+00   0.243376E+06   0.241603E+06   0.393940E-01  -0.415367E-01   0.842893E+05   0.232097E+06   0.243078E+06   0.232097E+06  -0.560129E-02   0.117373E+06   0.117353E+06   0.167885E-01
   0.401260E+00   0.238358E+06   0.236609E+06   0.375590E-01  -0.396663E-01   0.816696E+05   0.227249E+06   0.238065E+06   0.227249E+06  -0.548429E-02   0.114934E+06   0.114914E+06   0.163198E-01
   0.406416E+00   0.233553E+06   0.231831E+06   0.358388E-01  -0.379102E-01   0.791739E+05   0.222608E+06   0.233264E+06   0.222608E+06  -0.537228E-02   0.112599E+06   0.112580E+06   0.158372E-01
   0.411572E+00   0.228975E+06   0.227285E+06   0.342284E-01  -0.362639E-01   0.768034E+05   0.218187E+06   0.228691E+06   0.218187E+06  -0.526559E-02   0.110375E+06   0.110356E+06   0.153386E-01
   0.416728E+00   0.224620E+06   0.222966E+06   0.327207E-01  -0.347205E-01   0.745535E+05   0.213983E+06   0.224342E+06   0.213983E+06  -0.516415E-02   0.108260E+06   0.108242E+06   0.148312E-01
   0.421885E+00   0.220462E+06   0.218845E+06   0.313058E-01  -0.332699E-01   0.724119E+05   0.209971E+06   0.220191E+06   0.209971E+06  -0.506731E-02   0.106242E+06   0.106224E+06   0.143277E-01
   0.427041E+00   0.216456E+06   0.214877E+06   0.299718E-01  -0.319003E-01   0.703607E+05   0.206106E+06   0.216191E+06   0.206106E+06  -0.497404E-02   0.104297E+06   0.104279E+06   0.138417E-01
   0.432197E+00   0.212559E+06   0.211015E+06   0.287083E-01  -0.306009E-01   0.683835E+05   0.202347E+06   0.212300E+06   0.202347E+06  -0.488333E-02   0.102406E+06   0.102388E+06   0.133847E-01
   0.437354E+00   0.208745E+06   0.207234E+06   0.275078E-01  -0.293643E-01   0.664700E+05   0.198670E+06   0.208491E+06   0.198670E+06  -0.479457E-02   0.100555E+06   0.100538E+06   0.129634E-01
   0.442510E+00   0.205000E+06   0.203517E+06   0.263651E-01  -0.281853E-01   0.646139E+05   0.195060E+06   0.204751E+06   0.195060E+06  -0.470745E-02   0.987373E+05   0.987206E+05   0.125789E-01
   0.447666E+00   0.201316E+06   0.199857E+06   0.252762E-01  -0.270599E-01   0.628114E+05   0.191509E+06   0.201071E+06   0.191509E+06  -0.462177E-02   0.969498E+05   0.969334E+05   0.122269E-01
   0.452823E+00   0.197693E+06   0.196257E+06   0.242383E-01  -0.259855E-01   0.610613E+05   0.188020E+06   0.197452E+06   0.188020E+06  -0.453756E-02   0.951926E+05   0.951765E+05   0.118996E-01
   0.457979E+00   0.194147E+06   0.192732E+06   0.232507E-01  -0.249614E-01   0.593669E+05   0.184605E+06   0.193910E+06   0.184605E+06  -0.445515E-02   0.934728E+05   0.934569E+05   0.115884E-01
   0.463135E+00   0.190699E+06   0.189304E+06   0.223133E-01  -0.239880E-01   0.577333E+05   0.181286E+06   0.190465E+06   0.181286E+06  -0.437504E-02   0.918008E+05   0.917851E+05   0.112859E-01
   0.468291E+00   0.187364E+06   0.185990E+06   0.214251E-01  -0.230644E-01   0.561634E+05   0.178076E+06   0.187133E+06   0.178076E+06  -0.429757E-02   0.901838E+05   0.901683E+05   0.109867E-01
   0.473448E+00   0.184143E+06   0.182791E+06   0.205839E-01  -0.221884E-01   0.546562E+05   0.174977E+06   0.183916E+06   0.174977E+06  -0.422279E-02   0.886228E+05   0.886076E+05   0.106886E-01
   0.478604E+00   0.181033E+06   0.179704E+06   0.197867E-01  -0.213571E-01   0.532087E+05   0.171985E+06   0.180810E+06   0.171985E+06  -0.415059E-02   0.871155E+05   0.871006E+05   0.103921E-01
   0.483760E+00   0.178027E+06   0.176721E+06   0.190304E-01  -0.205676E-01   0.518174E+05   0.169094E+06   0.177807E+06   0.169094E+06  -0.408082E-02   0.856588E+05   0.856441E+05   0.100999E-01
   0.488917E+00   0.175115E+06   0.173833E+06   0.183122E-01  -0.198167E-01   0.504782E+05   0.166295E+06   0.174900E+06   0.166295E+06  -0.401327E-02   0.842484E+05   0.842340E+05   0.981567E-02
   0.494073E+00   0.172285E+06   0.171027E+06   0.176286E-01  -0.191011E-01   0.491861E+05   0.163575E+06   0.172074E+06   0.163575E+06  -0.394763E-02   0.828777E+05   0.828636E+05   0.954289E-02
   0.499229E+00   0.169522E+06   0.168285E+06   0.169765E-01  -0.184175E-01   0.479355E+05   0.160920E+06   0.169314E+06   0.160920E+06  -0.388355E-02   0.815394E+05   0.815255E+05   0.928380E-02
   0.504386E+00   0.166814E+06   0.165598E+06   0.163532E-01  -0.177632E-01   0.467223E+05   0.158319E+06   0.166610E+06   0.158319E+06  -0.382077E-02   0.802281E+05   0.802145E+05   0.903916E-02
   0.509542E+00   0.164158E+06   0.162962E+06   0.157571E-01  -0.171365E-01   0.455446E+05   0.155768E+06   0.163957E+06   0.155768E+06  -0.375922E-02   0.789424E+05   0.789289E+05   0.880837E-02
   0.514698E+00   0.161557E+06   0.160378E+06   0.151871E-01  -0.165365E-01   0.444021E+05   0.153271E+06   0.161359E+06   0.153271E+06  -0.369894E-02   0.776830E+05   0.776698E+05   0.858965E-02
   0.519854E+00   0.159012E+06   0.157850E+06   0.146422E-01  -0.159621E-01   0.432947E+05   0.150828E+06   0.158817E+06   0.150828E+06  -0.363998E-02   0.764512E+05   0.764381E+05   0.838056E-02
   0.525011E+00   0.156525E+06   0.155379E+06   0.141213E-01  -0.154123E-01   0.422218E+05   0.148441E+06   0.156332E+06   0.148441E+06  -0.358238E-02   0.752474E+05   0.752346E+05   0.817856E-02
   0.530167E+00   0.154098E+06   0.152969E+06   0.136237E-01  -0.148864E-01   0.411834E+05   0.146113E+06   0.153909E+06   0.146113E+06  -0.352620E-02   0.740734E+05   0.740607E+05   0.798170E-02
   0.535323E+00   0.151737E+06   0.150624E+06   0.131486E-01  -0.143836E-01   0.401799E+05   0.143848E+06   0.151550E+06   0.143848E+06  -0.347155E-02   0.729310E+05   0.729185E+05   0.778884E-02
   0.540480E+00   0.149442E+06   0.148346E+06   0.126951E-01  -0.139032E-01   0.392108E+05   0.141648E+06   0.149258E+06   0.141648E+06  -0.341845E-02   0.718211E+05   0.718088E+05   0.759965E-02
   0.545636E+00   0.147211E+06   0.146131E+06   0.122620E-01  -0.134438E-01   0.382743E+05   0.139509E+06   0.147030E+06   0.139509E+06  -0.336681E-02   0.707418E+05   0.707297E+05   0.741445E-02
   0.550792E+00   0.145036E+06   0.143973E+06   0.118478E-01  -0.130040E-01   0.373681E+05   0.137424E+06   0.144858E+06   0.137424E+06  -0.331651E-02   0.696901E+05   0.696781E+05   0.723392E-02
   0.555948E+00   0.142913E+06   0.141867E+06   0.114513E-01  -0.125824E-01   0.364901E+05   0.135390E+06   0.142738E+06   0.135390E+06  -0.326742E-02   0.686638E+05   0.686520E+05   0.705896E-02
   0.561105E+00   0.140840E+06   0.139810E+06   0.110715E-01  -0.121781E-01   0.356392E+05   0.133404E+06   0.140667E+06   0.133404E+06  -0.321949E-02   0.676616E+05   0.676500E+05   0.689033E-02
   0.566261E+00   0.138813E+06   0.137798E+06   0.107074E-01  -0.117901E-01   0.348137E+05   0.131462E+06   0.138643E+06   0.131462E+06  -0.317263E-02   0.666818E+05   0.666704E+05   0.672841E-02
   0.571417E+00   0.136828E+06   0.135827E+06   0.103581E-01  -0.114173E-01   0.340120E+05   0.129561E+06   0.136660E+06   0.129561E+06  -0.312675E-02   0.657221E+05   0.657108E+05   0.657309E-02
   0.576574E+00   0.134881E+06   0.133894E+06   0.100225E-01  -0.110589E-01   0.332326E+05   0.127697E+06   0.134715E+06   0.127697E+06  -0.308176E-02   0.647811E+05   0.647700E+05   0.642391E-02
   0.581730E+00   0.132973E+06   0.131999E+06   0.970033E-02  -0.107143E-01   0.324754E+05   0.125871E+06   0.132809E+06   0.125871E+06  -0.303769E-02   0.638592E+05   0.638482E+05   0.628022E-02
   0.586886E+00   0.131106E+06   0.130146E+06   0.939106E-02  -0.103832E-01   0.317404E+05   0.124084E+06   0.130945E+06   0.124084E+06  -0.299457E-02   0.629572E+05   0.629464E+05   0.614131E-02
   0.592043E+00   0.129281E+06   0.128333E+06   0.909420E-02  -0.100649E-01   0.310270E+05   0.122338E+06   0.129122E+06   0.122338E+06  -0.295243E-02   0.620756E+05   0.620649E+05   0.600646E-02
   0.597199E+00   0.127496E+06   0.126561E+06   0.880915E-02  -0.975907E-02   0.303345E+05   0.120631E+06   0.127339E+06   0.120631E+06  -0.291123E-02   0.612135E+05   0.612029E+05   0.587510E-02
   0.602355E+00   0.125751E+06   0.124829E+06   0.853539E-02  -0.946497E-02   0.296623E+05   0.118962E+06   0.125596E+06   0.118962E+06  -0.287095E-02   0.603705E+05   0.603602E+05   0.574690E-02
   0.607511E+00   0.124046E+06   0.123136E+06   0.827248E-02  -0.918224E-02   0.290101E+05   0.117331E+06   0.123893E+06   0.117331E+06  -0.283160E-02   0.595471E+05   0.595369E+05   0.562181E-02
   0.612668E+00   0.122380E+06   0.121483E+06   0.801998E-02  -0.891041E-02   0.283772E+05   0.115739E+06   0.122230E+06   0.115739E+06  -0.279318E-02   0.587429E+05   0.587328E+05   0.549993E-02
   0.617824E+00   0.120752E+06   0.119866E+06   0.777727E-02  -0.864885E-02   0.277626E+05   0.114182E+06   0.120603E+06   0.114182E+06  -0.275561E-02   0.579567E+05   0.579467E+05   0.538139E-02
   0.622980E+00   0.119157E+06   0.118283E+06   0.754376E-02  -0.839694E-02   0.271652E+05   0.112658E+06   0.119010E+06   0.112658E+06  -0.271883E-02   0.571867E+05   0.571768E+05   0.526632E-02
   0.628137E+00   0.117594E+06   0.116731E+06   0.731899E-02  -0.815420E-02   0.265842E+05   0.111165E+06   0.117449E+06   0.111165E+06  -0.268278E-02   0.564322E+05   0.564225E+05   0.515481E-02
   0.633293E+00   0.116062E+06   0.115211E+06   0.710262E-02  -0.792029E-02   0.260192E+05   0.109702E+06   0.115919E+06   0.109702E+06  -0.264749E-02   0.556932E+05   0.556836E+05   0.504689E-02
   0.638449E+00   0.114562E+06   0.113722E+06   0.689426E-02  -0.769482E-02   0.254697E+05   0.108269E+06   0.114421E+06   0.108269E+06  -0.261291E-02   0.549692E+05   0.549597E+05   0.494246E-02
   0.643606E+00   0.113091E+06   0.112261E+06   0.669349E-02  -0.747734E-02   0.249349E+05   0.106864E+06   0.112951E+06   0.106864E+06  -0.257900E-02   0.542592E+05   0.542499E+05   0.484129E-02
   0.693303E+00   0.100310E+06   0.995731E+05   0.509140E-02  -0.573338E-02   0.204580E+05   0.946722E+05   0.100186E+06   0.946722E+05  -0.228476E-02   0.480955E+05   0.480872E+05   0.399548E-02
   0.746838E+00   0.889264E+05   0.882729E+05   0.387143E-02  -0.439337E-02   0.167378E+05   0.838320E+05   0.888167E+05   0.838320E+05  -0.202315E-02   0.426113E+05   0.426039E+05   0.329624E-02
   0.804507E+00   0.787963E+05   0.782169E+05   0.294290E-02  -0.336448E-02   0.136566E+05   0.742010E+05   0.786990E+05   0.742010E+05  -0.179072E-02   0.377353E+05   0.377288E+05   0.271847E-02
   0.895965E+00   0.660640E+05   0.655778E+05   0.197706E-02  -0.228332E-02   0.101210E+05   0.621192E+05   0.659824E+05   0.621192E+05  -0.149915E-02   0.316133E+05   0.316078E+05   0.205542E-02
   0.125042E+01   0.380324E+05   0.377518E+05   0.574838E-03  -0.681960E-03   0.386527E+04   0.356257E+05   0.379853E+05   0.356257E+05  -0.859769E-03   0.181643E+05   0.181611E+05   0.864926E-03
   0.174510E+01   0.216910E+05   0.215306E+05   0.169268E-03  -0.198250E-03   0.140441E+04   0.202630E+05   0.216641E+05   0.202630E+05  -0.489295E-03   0.103458E+05   0.103439E+05   0.366523E-03
   0.243548E+01   0.122656E+05   0.121747E+05   0.489646E-04  -0.576391E-04   0.487530E+03   0.114369E+05   0.122503E+05   0.114369E+05  -0.276212E-03   0.584512E+04   0.584396E+04   0.158700E-03
