#          k/h    CDM            baryon         photon         nu             mass_nu        total          no_nu          total_de       Weyl           v_CDM          v_b            v_b-v_c     
   0.102076E-04   0.204242E+08   0.204242E+08   0.272187E+08   0.272183E+08   0.204242E+08   0.204242E+08   0.204242E+08   0.204310E+08  -0.540627E+00   0.108192E+08   0.108192E+08   0.585052E+01
   0.112819E-04   0.204242E+08   0.204242E+08   0.272158E+08   0.272153E+08   0.204243E+08   0.204242E+08   0.204242E+08   0.204310E+08  -0.540628E+00   0.108193E+08   0.108193E+08   0.646606E+01
   0.124693E-04   0.204243E+08   0.204243E+08   0.272122E+08   0.272116E+08   0.204244E+08   0.204243E+08   0.204243E+08   0.204311E+08  -0.540630E+00   0.108193E+08   0.108193E+08   0.714632E+01
   0.137816E-04   0.204242E+08   0.204242E+08   0.272077E+08   0.272070E+08   0.204243E+08   0.204243E+08   0.204242E+08   0.204311E+08  -0.540631E+00   0.108194E+08   0.108194E+08   0.789808E+01
   0.152321E-04   0.204242E+08   0.204242E+08   0.272022E+08   0.272014E+08   0.204243E+08   0.204242E+08   0.204242E+08   0.204310E+08  -0.540633E+00   0.108195E+08   0.108195E+08   0.872883E+01
   0.168352E-04   0.204242E+08   0.204242E+08   0.271956E+08   0.271945E+08   0.204243E+08   0.204242E+08   0.204242E+08   0.204310E+08  -0.540636E+00   0.108196E+08   0.108196E+08   0.964685E+01
   0.186070E-04   0.204241E+08   0.204241E+08   0.271874E+08   0.271861E+08   0.204242E+08   0.204242E+08   0.204241E+08   0.204309E+08  -0.540639E+00   0.108197E+08   0.108197E+08   0.106613E+02
   0.205653E-04   0.204241E+08   0.204241E+08   0.271774E+08   0.271758E+08   0.204242E+08   0.204241E+08   0.204241E+08   0.204309E+08  -0.540642E+00   0.108198E+08   0.108198E+08   0.117821E+02
   0.227297E-04   0.204241E+08   0.204241E+08   0.271652E+08   0.271633E+08   0.204242E+08   0.204241E+08   0.204241E+08   0.204309E+08  -0.540646E+00   0.108200E+08   0.108200E+08   0.130205E+02
   0.251219E-04   0.204240E+08   0.204240E+08   0.271504E+08   0.271480E+08   0.204241E+08   0.204240E+08   0.204240E+08   0.204308E+08  -0.540651E+00   0.108202E+08   0.108202E+08   0.143887E+02
   0.277659E-04   0.204240E+08   0.204239E+08   0.271322E+08   0.271293E+08   0.204240E+08   0.204240E+08   0.204240E+08   0.204307E+08  -0.540658E+00   0.108204E+08   0.108204E+08   0.159001E+02
   0.306881E-04   0.204239E+08   0.204239E+08   0.271101E+08   0.271065E+08   0.204240E+08   0.204239E+08   0.204239E+08   0.204307E+08  -0.540666E+00   0.108207E+08   0.108207E+08   0.175696E+02
   0.339179E-04   0.204238E+08   0.204238E+08   0.270831E+08   0.270787E+08   0.204239E+08   0.204238E+08   0.204238E+08   0.204306E+08  -0.540675E+00   0.108211E+08   0.108211E+08   0.194134E+02
   0.374876E-04   0.204237E+08   0.204237E+08   0.270501E+08   0.270448E+08   0.204238E+08   0.204237E+08   0.204237E+08   0.204305E+08  -0.540686E+00   0.108215E+08   0.108215E+08   0.214494E+02
   0.414330E-04   0.204236E+08   0.204236E+08   0.270099E+08   0.270034E+08   0.204237E+08   0.204236E+08   0.204236E+08   0.204304E+08  -0.540701E+00   0.108221E+08   0.108221E+08   0.236972E+02
   0.457936E-04   0.204235E+08   0.204235E+08   0.269609E+08   0.269530E+08   0.204236E+08   0.204235E+08   0.204235E+08   0.204302E+08  -0.540718E+00   0.108227E+08   0.108227E+08   0.261781E+02
   0.506132E-04   0.204233E+08   0.204233E+08   0.269012E+08   0.268915E+08   0.204234E+08   0.204233E+08   0.204233E+08   0.204301E+08  -0.540739E+00   0.108235E+08   0.108235E+08   0.289156E+02
   0.559400E-04   0.204232E+08   0.204231E+08   0.268283E+08   0.268165E+08   0.204232E+08   0.204232E+08   0.204231E+08   0.204299E+08  -0.540764E+00   0.108245E+08   0.108245E+08   0.319351E+02
   0.618274E-04   0.204229E+08   0.204229E+08   0.267396E+08   0.267252E+08   0.204230E+08   0.204229E+08   0.204229E+08   0.204296E+08  -0.540796E+00   0.108257E+08   0.108257E+08   0.352640E+02
   0.683345E-04   0.204226E+08   0.204226E+08   0.266316E+08   0.266141E+08   0.204227E+08   0.204226E+08   0.204226E+08   0.204293E+08  -0.540834E+00   0.108272E+08   0.108272E+08   0.389322E+02
   0.755264E-04   0.204223E+08   0.204223E+08   0.265003E+08   0.264790E+08   0.204224E+08   0.204223E+08   0.204223E+08   0.204289E+08  -0.540881E+00   0.108290E+08   0.108290E+08   0.429713E+02
   0.834752E-04   0.204219E+08   0.204218E+08   0.263406E+08   0.263148E+08   0.204220E+08   0.204219E+08   0.204219E+08   0.204285E+08  -0.540938E+00   0.108312E+08   0.108312E+08   0.474154E+02
   0.922605E-04   0.204214E+08   0.204213E+08   0.261469E+08   0.261155E+08   0.204215E+08   0.204214E+08   0.204214E+08   0.204279E+08  -0.541007E+00   0.108339E+08   0.108339E+08   0.522999E+02
   0.101971E-03   0.204208E+08   0.204207E+08   0.259121E+08   0.258741E+08   0.204208E+08   0.204208E+08   0.204208E+08   0.204272E+08  -0.541092E+00   0.108371E+08   0.108371E+08   0.576620E+02
   0.112702E-03   0.204200E+08   0.204199E+08   0.256281E+08   0.255820E+08   0.204201E+08   0.204200E+08   0.204200E+08   0.204264E+08  -0.541195E+00   0.108411E+08   0.108411E+08   0.635393E+02
   0.124564E-03   0.204191E+08   0.204190E+08   0.252851E+08   0.252295E+08   0.204192E+08   0.204191E+08   0.204191E+08   0.204254E+08  -0.541321E+00   0.108460E+08   0.108460E+08   0.699695E+02
   0.137674E-03   0.204180E+08   0.204179E+08   0.248722E+08   0.248052E+08   0.204180E+08   0.204180E+08   0.204180E+08   0.204242E+08  -0.541475E+00   0.108519E+08   0.108519E+08   0.769885E+02
   0.152163E-03   0.204167E+08   0.204165E+08   0.243766E+08   0.242961E+08   0.204167E+08   0.204166E+08   0.204166E+08   0.204227E+08  -0.541662E+00   0.108591E+08   0.108591E+08   0.846287E+02
   0.168178E-03   0.204150E+08   0.204148E+08   0.237841E+08   0.236877E+08   0.204150E+08   0.204150E+08   0.204150E+08   0.204209E+08  -0.541889E+00   0.108678E+08   0.108678E+08   0.929167E+02
   0.185878E-03   0.204130E+08   0.204128E+08   0.230792E+08   0.229644E+08   0.204130E+08   0.204130E+08   0.204130E+08   0.204188E+08  -0.542166E+00   0.108785E+08   0.108784E+08   0.101869E+03
   0.205440E-03   0.204106E+08   0.204104E+08   0.222456E+08   0.221096E+08   0.204106E+08   0.204106E+08   0.204106E+08   0.204161E+08  -0.542501E+00   0.108914E+08   0.108913E+08   0.111489E+03
   0.227062E-03   0.204077E+08   0.204074E+08   0.212671E+08   0.211071E+08   0.204077E+08   0.204077E+08   0.204077E+08   0.204130E+08  -0.542908E+00   0.109070E+08   0.109070E+08   0.121759E+03
   0.250959E-03   0.204042E+08   0.204039E+08   0.201287E+08   0.199420E+08   0.204042E+08   0.204042E+08   0.204042E+08   0.204092E+08  -0.543400E+00   0.109260E+08   0.109259E+08   0.132636E+03
   0.277372E-03   0.204000E+08   0.203996E+08   0.188192E+08   0.186037E+08   0.203999E+08   0.203999E+08   0.203999E+08   0.204046E+08  -0.543995E+00   0.109488E+08   0.109487E+08   0.144041E+03
   0.306564E-03   0.203950E+08   0.203944E+08   0.173335E+08   0.170881E+08   0.203948E+08   0.203949E+08   0.203949E+08   0.203992E+08  -0.544711E+00   0.109763E+08   0.109762E+08   0.155850E+03
   0.338828E-03   0.203890E+08   0.203883E+08   0.156770E+08   0.154019E+08   0.203888E+08   0.203889E+08   0.203889E+08   0.203928E+08  -0.545571E+00   0.110093E+08   0.110091E+08   0.167884E+03
   0.374488E-03   0.203818E+08   0.203811E+08   0.138694E+08   0.135672E+08   0.203816E+08   0.203817E+08   0.203817E+08   0.203851E+08  -0.546600E+00   0.110487E+08   0.110485E+08   0.179902E+03
   0.413901E-03   0.203735E+08   0.203725E+08   0.119498E+08   0.116261E+08   0.203731E+08   0.203733E+08   0.203733E+08   0.203762E+08  -0.547826E+00   0.110956E+08   0.110954E+08   0.191590E+03
   0.457462E-03   0.203636E+08   0.203626E+08   0.997988E+07   0.964434E+07   0.203632E+08   0.203634E+08   0.203635E+08   0.203659E+08  -0.549275E+00   0.111511E+08   0.111508E+08   0.202564E+03
   0.505608E-03   0.203523E+08   0.203510E+08   0.804501E+07   0.771112E+07   0.203517E+08   0.203521E+08   0.203521E+08   0.203541E+08  -0.550978E+00   0.112162E+08   0.112159E+08   0.212376E+03
   0.558821E-03   0.203394E+08   0.203379E+08   0.624864E+07   0.593361E+07   0.203387E+08   0.203391E+08   0.203391E+08   0.203406E+08  -0.552960E+00   0.112919E+08   0.112915E+08   0.220536E+03
   0.617635E-03   0.203249E+08   0.203231E+08   0.469876E+07   0.442170E+07   0.203240E+08   0.203245E+08   0.203246E+08   0.203257E+08  -0.555241E+00   0.113790E+08   0.113786E+08   0.226552E+03
   0.682638E-03   0.203089E+08   0.203069E+08   0.348396E+07   0.326245E+07   0.203078E+08   0.203085E+08   0.203086E+08   0.203093E+08  -0.557827E+00   0.114779E+08   0.114774E+08   0.229981E+03
   0.754482E-03   0.202918E+08   0.202894E+08   0.264251E+07   0.248773E+07   0.202904E+08   0.202913E+08   0.202914E+08   0.202919E+08  -0.560709E+00   0.115882E+08   0.115877E+08   0.230496E+03
   0.833888E-03   0.202740E+08   0.202714E+08   0.213545E+07   0.204716E+07   0.202723E+08   0.202735E+08   0.202736E+08   0.202740E+08  -0.563849E+00   0.117089E+08   0.117083E+08   0.227936E+03
   0.921651E-03   0.202564E+08   0.202535E+08   0.184369E+07   0.180753E+07   0.202543E+08   0.202558E+08   0.202559E+08   0.202563E+08  -0.567176E+00   0.118374E+08   0.118368E+08   0.222339E+03
   0.101865E-02   0.202402E+08   0.202370E+08   0.160909E+07   0.159967E+07   0.202376E+08   0.202395E+08   0.202396E+08   0.202399E+08  -0.570581E+00   0.119701E+08   0.119695E+08   0.213920E+03
   0.112586E-02   0.202266E+08   0.202231E+08   0.131815E+07   0.130900E+07   0.202234E+08   0.202258E+08   0.202260E+08   0.202261E+08  -0.573916E+00   0.121019E+08   0.121012E+08   0.203008E+03
   0.124435E-02   0.202172E+08   0.202135E+08   0.978275E+06   0.954834E+06   0.202133E+08   0.202163E+08   0.202166E+08   0.202166E+08  -0.577005E+00   0.122265E+08   0.122258E+08   0.189992E+03
   0.137531E-02   0.202135E+08   0.202097E+08   0.699639E+06   0.665466E+06   0.202087E+08   0.202126E+08   0.202129E+08   0.202128E+08  -0.579673E+00   0.123375E+08   0.123368E+08   0.175329E+03
   0.152006E-02   0.202166E+08   0.202127E+08   0.555162E+06   0.524026E+06   0.202107E+08   0.202156E+08   0.202159E+08   0.202157E+08  -0.581779E+00   0.124296E+08   0.124289E+08   0.159615E+03
   0.168004E-02   0.202266E+08   0.202226E+08   0.468264E+06  -0.118654E+06   0.202194E+08   0.202255E+08   0.202260E+08   0.202256E+08  -0.583253E+00   0.124999E+08   0.124991E+08   0.143628E+03
   0.185685E-02   0.202424E+08   0.202384E+08   0.334958E+06  -0.612781E+05   0.202336E+08   0.202412E+08   0.202417E+08   0.202412E+08  -0.584135E+00   0.125492E+08   0.125485E+08   0.128209E+03
   0.205228E-02   0.202612E+08   0.202572E+08   0.219991E+06  -0.165135E+05   0.202505E+08   0.202599E+08   0.202606E+08   0.202599E+08  -0.584553E+00   0.125822E+08   0.125815E+08   0.114057E+03
   0.226827E-02   0.202791E+08   0.202751E+08   0.197082E+06   0.134087E+05   0.202660E+08   0.202776E+08   0.202784E+08   0.202776E+08  -0.584670E+00   0.126050E+08   0.126043E+08   0.101652E+03
   0.250700E-02   0.202916E+08   0.202875E+08   0.156899E+06   0.296293E+05   0.202756E+08   0.202898E+08   0.202909E+08   0.202899E+08  -0.584586E+00   0.126223E+08   0.126216E+08   0.912157E+02
   0.277085E-02   0.202945E+08   0.202903E+08   0.110115E+06   0.358992E+05   0.202752E+08   0.202925E+08   0.202938E+08   0.202926E+08  -0.584280E+00   0.126348E+08   0.126341E+08   0.825486E+02
   0.306246E-02   0.202848E+08   0.202804E+08   0.992875E+05   0.366225E+05   0.202613E+08   0.202825E+08   0.202841E+08   0.202825E+08  -0.583641E+00   0.126397E+08   0.126390E+08   0.751117E+02
   0.338478E-02   0.202598E+08   0.202551E+08   0.662726E+05   0.348860E+05   0.202313E+08   0.202571E+08   0.202590E+08   0.202571E+08  -0.582561E+00   0.126342E+08   0.126335E+08   0.683131E+02
   0.374101E-02   0.202166E+08   0.202116E+08   0.554836E+05   0.319718E+05   0.201823E+08   0.202135E+08   0.202158E+08   0.202135E+08  -0.580978E+00   0.126168E+08   0.126161E+08   0.617781E+02
   0.413473E-02   0.201523E+08   0.201470E+08   0.433348E+05   0.283685E+05   0.201109E+08   0.201486E+08   0.201514E+08   0.201486E+08  -0.578829E+00   0.125862E+08   0.125855E+08   0.555675E+02
   0.456989E-02   0.200636E+08   0.200579E+08   0.349419E+05   0.245793E+05   0.200139E+08   0.200593E+08   0.200627E+08   0.200593E+08  -0.576017E+00   0.125403E+08   0.125396E+08   0.499746E+02
   0.505085E-02   0.199473E+08   0.199411E+08   0.307611E+05   0.209644E+05   0.198876E+08   0.199422E+08   0.199462E+08   0.199422E+08  -0.572442E+00   0.124768E+08   0.124761E+08   0.451285E+02
   0.558243E-02   0.197998E+08   0.197930E+08   0.239354E+05   0.176520E+05   0.197286E+08   0.197938E+08   0.197987E+08   0.197938E+08  -0.568004E+00   0.123934E+08   0.123927E+08   0.408207E+02
   0.616996E-02   0.196176E+08   0.196101E+08   0.185353E+05   0.147108E+05   0.195329E+08   0.196106E+08   0.196164E+08   0.196106E+08  -0.562597E+00   0.122878E+08   0.122871E+08   0.368133E+02
   0.681932E-02   0.193970E+08   0.193887E+08   0.135284E+05   0.121560E+05   0.192968E+08   0.193888E+08   0.193956E+08   0.193888E+08  -0.556109E+00   0.121574E+08   0.121567E+08   0.331612E+02
   0.753702E-02   0.191341E+08   0.191248E+08   0.102019E+05   0.997163E+04   0.190162E+08   0.191245E+08   0.191325E+08   0.191245E+08  -0.548426E+00   0.119999E+08   0.119992E+08   0.299457E+02
   0.833025E-02   0.188251E+08   0.188146E+08   0.915548E+04   0.812679E+04   0.186873E+08   0.188139E+08   0.188233E+08   0.188139E+08  -0.539436E+00   0.118126E+08   0.118119E+08   0.270370E+02
   0.920698E-02   0.184662E+08   0.184543E+08   0.566363E+04   0.658379E+04   0.183061E+08   0.184533E+08   0.184642E+08   0.184533E+08  -0.529026E+00   0.115932E+08   0.115925E+08   0.244041E+02
   0.101760E-01   0.180538E+08   0.180402E+08   0.527963E+04   0.530349E+04   0.178693E+08   0.180389E+08   0.180515E+08   0.180389E+08  -0.517093E+00   0.113393E+08   0.113386E+08   0.220622E+02
   0.112469E-01   0.175847E+08   0.175692E+08   0.400143E+04   0.424837E+04   0.173738E+08   0.175677E+08   0.175821E+08   0.175677E+08  -0.503540E+00   0.110490E+08   0.110483E+08   0.199497E+02
   0.124306E-01   0.170562E+08   0.170384E+08   0.298816E+04   0.338404E+04   0.168172E+08   0.170369E+08   0.170532E+08   0.170369E+08  -0.488290E+00   0.107204E+08   0.107197E+08   0.180642E+02
   0.137389E-01   0.164664E+08   0.164460E+08   0.238473E+04   0.267992E+04   0.161978E+08   0.164446E+08   0.164630E+08   0.164446E+08  -0.471286E+00   0.103524E+08   0.103518E+08   0.163709E+02
   0.151849E-01   0.158142E+08   0.157909E+08   0.213337E+04   0.210939E+04   0.155151E+08   0.157899E+08   0.158103E+08   0.157899E+08  -0.452500E+00   0.994451E+07   0.994384E+07   0.148527E+02
   0.167830E-01   0.151154E+08   0.150888E+08   0.150515E+04   0.165121E+04   0.147849E+08   0.150884E+08   0.151109E+08   0.150884E+08  -0.432378E+00   0.950643E+07   0.950575E+07   0.134940E+02
   0.185493E-01   0.143442E+08   0.143141E+08   0.123355E+04   0.128259E+04   0.139828E+08   0.143145E+08   0.143391E+08   0.143145E+08  -0.410188E+00   0.902218E+07   0.902149E+07   0.122523E+02
   0.205016E-01   0.135182E+08   0.134843E+08   0.107833E+04   0.988923E+03   0.131270E+08   0.134858E+08   0.135125E+08   0.134858E+08  -0.386432E+00   0.850282E+07   0.850214E+07   0.111124E+02
   0.226592E-01   0.126342E+08   0.125966E+08   0.763260E+03   0.755892E+03   0.122156E+08   0.125993E+08   0.126279E+08   0.125993E+08  -0.361022E+00   0.794645E+07   0.794576E+07   0.100451E+02
   0.250440E-01   0.117242E+08   0.116831E+08   0.577046E+03   0.573495E+03   0.112810E+08   0.116871E+08   0.117173E+08   0.116871E+08  -0.334877E+00   0.737336E+07   0.737268E+07   0.903532E+01
   0.276798E-01   0.108017E+08   0.107575E+08   0.468852E+03   0.431869E+03   0.103370E+08   0.107626E+08   0.107942E+08   0.107626E+08  -0.308382E+00   0.679208E+07   0.679141E+07   0.805703E+01
   0.305930E-01   0.987477E+07   0.982856E+07   0.274580E+03   0.322624E+03   0.939229E+07   0.983418E+07   0.986701E+07   0.983418E+07  -0.281776E+00   0.620790E+07   0.620725E+07   0.708795E+01
   0.338127E-01   0.897022E+07   0.892335E+07   0.217835E+03   0.239435E+03   0.847313E+07   0.892852E+07   0.896235E+07   0.892852E+07  -0.255823E+00   0.563775E+07   0.563713E+07   0.611670E+01
   0.373714E-01   0.812023E+07   0.807451E+07   0.173401E+03   0.177043E+03   0.761089E+07   0.807786E+07   0.811255E+07   0.807786E+07  -0.231448E+00   0.510200E+07   0.510143E+07   0.514427E+01
   0.413045E-01   0.735593E+07   0.731347E+07   0.130715E+03   0.130977E+03   0.683357E+07   0.731317E+07   0.734880E+07   0.731317E+07  -0.209537E+00   0.462028E+07   0.461976E+07   0.418674E+01
   0.454350E-01   0.670998E+07   0.667257E+07   0.331004E+03   0.985001E+02   0.617652E+07   0.666724E+07   0.670370E+07   0.666724E+07  -0.191029E+00   0.421331E+07   0.421286E+07   0.331256E+01
   0.495654E-01   0.620645E+07   0.617493E+07   0.257039E+03   0.763751E+02   0.566046E+07   0.616376E+07   0.620116E+07   0.616376E+07  -0.176602E+00   0.389611E+07   0.389572E+07   0.258402E+01
   0.536959E-01   0.580379E+07   0.577818E+07   0.204632E+03   0.607130E+02   0.524408E+07   0.576108E+07   0.579949E+07   0.576108E+07  -0.165064E+00   0.364243E+07   0.364211E+07   0.200402E+01
   0.578264E-01   0.546562E+07   0.544521E+07   0.166021E+03   0.491847E+02   0.489230E+07   0.542278E+07   0.546219E+07   0.542278E+07  -0.155371E+00   0.342932E+07   0.342905E+07   0.156712E+01
   0.619568E-01   0.516642E+07   0.515002E+07   0.136585E+03   0.404052E+02   0.458088E+07   0.512336E+07   0.516366E+07   0.512336E+07  -0.146792E+00   0.324069E+07   0.324046E+07   0.125996E+01
   0.660873E-01   0.488286E+07   0.486902E+07   0.113353E+03   0.334836E+02   0.428825E+07   0.483957E+07   0.488053E+07   0.483957E+07  -0.138661E+00   0.306185E+07   0.306164E+07   0.106079E+01
   0.702177E-01   0.460105E+07   0.458836E+07   0.945228E+02   0.278806E+02   0.400181E+07   0.455762E+07   0.459892E+07   0.455762E+07  -0.130582E+00   0.288409E+07   0.288389E+07   0.943886E+00
   0.743482E-01   0.432072E+07   0.430801E+07   0.790950E+02   0.232962E+02   0.372153E+07   0.427730E+07   0.431859E+07   0.427730E+07  -0.122550E+00   0.270727E+07   0.270707E+07   0.883229E+00
   0.784786E-01   0.403744E+07   0.402393E+07   0.662647E+02   0.194890E+02   0.344357E+07   0.399426E+07   0.403517E+07   0.399426E+07  -0.114441E+00   0.252865E+07   0.252845E+07   0.852917E+00
   0.826091E-01   0.376318E+07   0.374851E+07   0.556817E+02   0.163529E+02   0.317816E+07   0.372043E+07   0.376071E+07   0.372043E+07  -0.106595E+00   0.235578E+07   0.235558E+07   0.833245E+00
   0.867395E-01   0.350643E+07   0.349068E+07   0.470088E+02   0.137860E+02   0.293218E+07   0.346426E+07   0.350379E+07   0.346426E+07  -0.992554E-01   0.219403E+07   0.219381E+07   0.809474E+00
   0.918936E-01   0.322121E+07   0.320472E+07   0.384263E+02   0.112491E+02   0.266060E+07   0.317986E+07   0.321844E+07   0.317986E+07  -0.911071E-01   0.201442E+07   0.201421E+07   0.761636E+00
   0.970477E-01   0.298382E+07   0.296756E+07   0.318921E+02   0.933220E+01   0.243436E+07   0.294328E+07   0.298109E+07   0.294328E+07  -0.843287E-01   0.186501E+07   0.186481E+07   0.690333E+00
   0.102202E+00   0.279745E+07   0.278239E+07   0.269317E+02   0.786874E+01   0.225452E+07   0.275755E+07   0.279492E+07   0.275755E+07  -0.790072E-01   0.174775E+07   0.174756E+07   0.601800E+00
   0.107356E+00   0.265568E+07   0.264252E+07   0.231221E+02   0.672720E+01   0.211433E+07   0.261619E+07   0.265347E+07   0.261619E+07  -0.749570E-01   0.165855E+07   0.165839E+07   0.507581E+00
   0.112510E+00   0.254417E+07   0.253317E+07   0.201492E+02   0.585349E+01   0.200107E+07   0.250489E+07   0.254232E+07   0.250489E+07  -0.717682E-01   0.158837E+07   0.158823E+07   0.419818E+00
   0.117664E+00   0.244678E+07   0.243777E+07   0.176891E+02   0.512271E+01   0.190124E+07   0.240765E+07   0.244527E+07   0.240765E+07  -0.689820E-01   0.152707E+07   0.152694E+07   0.347888E+00
   0.122818E+00   0.235080E+07   0.234323E+07   0.155989E+02   0.452136E+01   0.180458E+07   0.231184E+07   0.234952E+07   0.231184E+07  -0.662369E-01   0.146664E+07   0.146653E+07   0.296541E+00
   0.127972E+00   0.224875E+07   0.224194E+07   0.137166E+02   0.396012E+01   0.170533E+07   0.221010E+07   0.224760E+07   0.221010E+07  -0.633220E-01   0.140242E+07   0.140232E+07   0.265548E+00
   0.133126E+00   0.213855E+07   0.213186E+07   0.120426E+02   0.347254E+01   0.160206E+07   0.210040E+07   0.213742E+07   0.210040E+07  -0.601789E-01   0.133312E+07   0.133302E+07   0.250675E+00
   0.138280E+00   0.202268E+07   0.201565E+07   0.105445E+02   0.303533E+01   0.149683E+07   0.198522E+07   0.202150E+07   0.198522E+07  -0.568788E-01   0.126030E+07   0.126019E+07   0.245491E+00
   0.143435E+00   0.190661E+07   0.189904E+07   0.922764E+01   0.265214E+01   0.139377E+07   0.186996E+07   0.190534E+07   0.186996E+07  -0.535766E-01   0.118740E+07   0.118729E+07   0.243344E+00
   0.148589E+00   0.179701E+07   0.178898E+07   0.810050E+01   0.232831E+01   0.129771E+07   0.176123E+07   0.179566E+07   0.176123E+07  -0.504611E-01   0.111860E+07   0.111849E+07   0.238966E+00
   0.153743E+00   0.170004E+07   0.169182E+07   0.714531E+01   0.204693E+01   0.121284E+07   0.166506E+07   0.169866E+07   0.166506E+07  -0.477060E-01   0.105776E+07   0.105765E+07   0.229394E+00
   0.158897E+00   0.161938E+07   0.161133E+07   0.636911E+01   0.182445E+01   0.114140E+07   0.158507E+07   0.161803E+07   0.158507E+07  -0.454140E-01   0.100716E+07   0.100705E+07   0.214095E+00
   0.164051E+00   0.155484E+07   0.154729E+07   0.572974E+01   0.163755E+01   0.108281E+07   0.152102E+07   0.155357E+07   0.152102E+07  -0.435788E-01   0.966663E+06   0.966567E+06   0.194468E+00
   0.169205E+00   0.150296E+07   0.149615E+07   0.519999E+01   0.148283E+01   0.103424E+07   0.146948E+07   0.150182E+07   0.146948E+07  -0.421024E-01   0.934110E+06   0.934022E+06   0.173035E+00
   0.174359E+00   0.145902E+07   0.145302E+07   0.474933E+01   0.135204E+01   0.992116E+06   0.142579E+07   0.145801E+07   0.142579E+07  -0.408505E-01   0.906524E+06   0.906445E+06   0.152564E+00
   0.179513E+00   0.141836E+07   0.141308E+07   0.435202E+01   0.123723E+01   0.953076E+06   0.138536E+07   0.141748E+07   0.138536E+07  -0.396921E-01   0.881000E+06   0.880927E+06   0.135293E+00
   0.184667E+00   0.137695E+07   0.137219E+07   0.398958E+01   0.113308E+01   0.914280E+06   0.134421E+07   0.137615E+07   0.134421E+07  -0.385130E-01   0.855005E+06   0.854937E+06   0.122429E+00
   0.189821E+00   0.133203E+07   0.132756E+07   0.364930E+01   0.103488E+01   0.874024E+06   0.129966E+07   0.133128E+07   0.129966E+07  -0.372366E-01   0.826836E+06   0.826771E+06   0.114038E+00
   0.194975E+00   0.128311E+07   0.127869E+07   0.332713E+01   0.940972E+00   0.832000E+06   0.125122E+07   0.128237E+07   0.125122E+07  -0.358489E-01   0.796182E+06   0.796118E+06   0.109266E+00
   0.200130E+00   0.123183E+07   0.122731E+07   0.303001E+01   0.856524E+00   0.789345E+06   0.120052E+07   0.123107E+07   0.120052E+07  -0.343964E-01   0.764074E+06   0.764010E+06   0.106728E+00
   0.205284E+00   0.118075E+07   0.117607E+07   0.275648E+01   0.777187E+00   0.747724E+06   0.115007E+07   0.117996E+07   0.115007E+07  -0.329508E-01   0.732107E+06   0.732042E+06   0.104917E+00
   0.210438E+00   0.113230E+07   0.112749E+07   0.251446E+01   0.708910E+00   0.708649E+06   0.110225E+07   0.113149E+07   0.110225E+07  -0.315806E-01   0.701800E+06   0.701736E+06   0.102582E+00
   0.215592E+00   0.108842E+07   0.108358E+07   0.229987E+01   0.646888E+00   0.673250E+06   0.105895E+07   0.108761E+07   0.105895E+07  -0.303401E-01   0.674362E+06   0.674298E+06   0.989747E-01
   0.220746E+00   0.105032E+07   0.104557E+07   0.211473E+01   0.593734E+00   0.642156E+06   0.102135E+07   0.104952E+07   0.102135E+07  -0.292628E-01   0.650540E+06   0.650478E+06   0.939296E-01
   0.225900E+00   0.101809E+07   0.101356E+07   0.195554E+01   0.548143E+00   0.615283E+06   0.989523E+06   0.101733E+07   0.989523E+06  -0.283509E-01   0.630387E+06   0.630328E+06   0.877677E-01
   0.231054E+00   0.990664E+06   0.986431E+06   0.181729E+01   0.508583E+00   0.591853E+06   0.962422E+06   0.989954E+06   0.962422E+06  -0.275745E-01   0.613235E+06   0.613179E+06   0.811041E-01
   0.236208E+00   0.966328E+06   0.962417E+06   0.169526E+01   0.474128E+00   0.570735E+06   0.938359E+06   0.965671E+06   0.938359E+06  -0.268850E-01   0.598011E+06   0.597958E+06   0.746335E-01
   0.241362E+00   0.943303E+06   0.939687E+06   0.158373E+01   0.442351E+00   0.550813E+06   0.915594E+06   0.942695E+06   0.915594E+06  -0.262328E-01   0.583609E+06   0.583559E+06   0.689420E-01
   0.246516E+00   0.920118E+06   0.916730E+06   0.147943E+01   0.412463E+00   0.531200E+06   0.892693E+06   0.919550E+06   0.892693E+06  -0.255766E-01   0.569112E+06   0.569065E+06   0.643769E-01
   0.251670E+00   0.895851E+06   0.892604E+06   0.138091E+01   0.384467E+00   0.511361E+06   0.868754E+06   0.895306E+06   0.868754E+06  -0.248907E-01   0.553948E+06   0.553902E+06   0.610016E-01
   0.256825E+00   0.870300E+06   0.867115E+06   0.128749E+01   0.358203E+00   0.491197E+06   0.843585E+06   0.869766E+06   0.843585E+06  -0.241696E-01   0.537994E+06   0.537948E+06   0.586325E-01
   0.261979E+00   0.843970E+06   0.840786E+06   0.119879E+01   0.332987E+00   0.471006E+06   0.817679E+06   0.843435E+06   0.817679E+06  -0.234274E-01   0.521562E+06   0.521517E+06   0.569299E-01
   0.267133E+00   0.817747E+06   0.814540E+06   0.111612E+01   0.309521E+00   0.451287E+06   0.791903E+06   0.817208E+06   0.791903E+06  -0.226889E-01   0.505206E+06   0.505162E+06   0.555057E-01
   0.272287E+00   0.792551E+06   0.789327E+06   0.104032E+01   0.288107E+00   0.432534E+06   0.767150E+06   0.792010E+06   0.767150E+06  -0.219797E-01   0.489497E+06   0.489452E+06   0.540211E-01
   0.277441E+00   0.769119E+06   0.765909E+06   0.971703E+00   0.268799E+00   0.415121E+06   0.744136E+06   0.768580E+06   0.744136E+06  -0.213203E-01   0.474891E+06   0.474848E+06   0.522562E-01
   0.282595E+00   0.747896E+06   0.744742E+06   0.910115E+00   0.251487E+00   0.399246E+06   0.723292E+06   0.747366E+06   0.723292E+06  -0.207231E-01   0.461664E+06   0.461621E+06   0.501385E-01
   0.287749E+00   0.728949E+06   0.725895E+06   0.854832E+00   0.235835E+00   0.384898E+06   0.704679E+06   0.728436E+06   0.704679E+06  -0.201898E-01   0.449856E+06   0.449815E+06   0.477287E-01
   0.292903E+00   0.711967E+06   0.709041E+06   0.805033E+00   0.221683E+00   0.371867E+06   0.687990E+06   0.711476E+06   0.687990E+06  -0.197117E-01   0.439272E+06   0.439232E+06   0.451775E-01
   0.298057E+00   0.696375E+06   0.693589E+06   0.760188E+00   0.209301E+00   0.359813E+06   0.672664E+06   0.695907E+06   0.672664E+06  -0.192726E-01   0.429554E+06   0.429516E+06   0.426687E-01
   0.303211E+00   0.681522E+06   0.678870E+06   0.718275E+00   0.197426E+00   0.348375E+06   0.658069E+06   0.681077E+06   0.658069E+06  -0.188544E-01   0.420298E+06   0.420262E+06   0.403664E-01
   0.308365E+00   0.666857E+06   0.664316E+06   0.679127E+00   0.186490E+00   0.337254E+06   0.643666E+06   0.666430E+06   0.643666E+06  -0.184417E-01   0.411162E+06   0.411127E+06   0.383784E-01
   0.313520E+00   0.652027E+06   0.649567E+06   0.641620E+00   0.175751E+00   0.326265E+06   0.629114E+06   0.651614E+06   0.629114E+06  -0.180248E-01   0.401928E+06   0.401893E+06   0.367387E-01
   0.318674E+00   0.636923E+06   0.634516E+06   0.606528E+00   0.166153E+00   0.315352E+06   0.614308E+06   0.636519E+06   0.614308E+06  -0.176006E-01   0.392527E+06   0.392493E+06   0.354125E-01
   0.323828E+00   0.621659E+06   0.619281E+06   0.572845E+00   0.156694E+00   0.304569E+06   0.599358E+06   0.621259E+06   0.599358E+06  -0.171723E-01   0.383031E+06   0.382997E+06   0.343160E-01
   0.328982E+00   0.606498E+06   0.604137E+06   0.540966E+00   0.147677E+00   0.294046E+06   0.584521E+06   0.606101E+06   0.584521E+06  -0.167472E-01   0.373603E+06   0.373570E+06   0.333439E-01
   0.334136E+00   0.591766E+06   0.589422E+06   0.511315E+00   0.139412E+00   0.283930E+06   0.570111E+06   0.591372E+06   0.570111E+06  -0.163343E-01   0.364445E+06   0.364412E+06   0.323983E-01
   0.339290E+00   0.577756E+06   0.575437E+06   0.483869E+00   0.131797E+00   0.274353E+06   0.556411E+06   0.577366E+06   0.556411E+06  -0.159418E-01   0.355738E+06   0.355706E+06   0.314094E-01
   0.344444E+00   0.564650E+06   0.562369E+06   0.458590E+00   0.124796E+00   0.265385E+06   0.543598E+06   0.564267E+06   0.543598E+06  -0.155747E-01   0.347594E+06   0.347563E+06   0.303460E-01
   0.349598E+00   0.552483E+06   0.550254E+06   0.435377E+00   0.118400E+00   0.257024E+06   0.531702E+06   0.552109E+06   0.531702E+06  -0.152338E-01   0.340034E+06   0.340004E+06   0.292140E-01
   0.354752E+00   0.541157E+06   0.538992E+06   0.413893E+00   0.112428E+00   0.249209E+06   0.520629E+06   0.540794E+06   0.520629E+06  -0.149166E-01   0.332998E+06   0.332968E+06   0.280473E-01
   0.359906E+00   0.530496E+06   0.528398E+06   0.393879E+00   0.106812E+00   0.241843E+06   0.510206E+06   0.530144E+06   0.510206E+06  -0.146180E-01   0.326375E+06   0.326346E+06   0.268940E-01
   0.365060E+00   0.520293E+06   0.518262E+06   0.375322E+00   0.101722E+00   0.234821E+06   0.500233E+06   0.519952E+06   0.500233E+06  -0.143322E-01   0.320038E+06   0.320010E+06   0.258016E-01
   0.370215E+00   0.510351E+06   0.508381E+06   0.357648E+00   0.967440E-01   0.228044E+06   0.490520E+06   0.510020E+06   0.490520E+06  -0.140539E-01   0.313865E+06   0.313837E+06   0.248050E-01
   0.375369E+00   0.500516E+06   0.498596E+06   0.341048E+00   0.921967E-01   0.221437E+06   0.480916E+06   0.500194E+06   0.480916E+06  -0.137788E-01   0.307759E+06   0.307733E+06   0.239192E-01
   0.380523E+00   0.490705E+06   0.488825E+06   0.325191E+00   0.878254E-01   0.214960E+06   0.471341E+06   0.490389E+06   0.471341E+06  -0.135044E-01   0.301671E+06   0.301644E+06   0.231394E-01
   0.385677E+00   0.480931E+06   0.479082E+06   0.310048E+00   0.836283E-01   0.208616E+06   0.461810E+06   0.480620E+06   0.461810E+06  -0.132313E-01   0.295607E+06   0.295582E+06   0.224457E-01
   0.390831E+00   0.471279E+06   0.469454E+06   0.295696E+00   0.796741E-01   0.202438E+06   0.452402E+06   0.470972E+06   0.452402E+06  -0.129618E-01   0.289621E+06   0.289596E+06   0.218102E-01
   0.395985E+00   0.461859E+06   0.460058E+06   0.282104E+00   0.759123E-01   0.196470E+06   0.443225E+06   0.461557E+06   0.443225E+06  -0.126989E-01   0.283781E+06   0.283756E+06   0.212043E-01
   0.401139E+00   0.452765E+06   0.450988E+06   0.269383E+00   0.724474E-01   0.190746E+06   0.434367E+06   0.452466E+06   0.434367E+06  -0.124451E-01   0.278144E+06   0.278119E+06   0.206046E-01
   0.406293E+00   0.444052E+06   0.442302E+06   0.257359E+00   0.691151E-01   0.185282E+06   0.425883E+06   0.443758E+06   0.425883E+06  -0.122020E-01   0.272744E+06   0.272719E+06   0.199977E-01
   0.411447E+00   0.435748E+06   0.434031E+06   0.246186E+00   0.660915E-01   0.180085E+06   0.417799E+06   0.435459E+06   0.417799E+06  -0.119704E-01   0.267598E+06   0.267574E+06   0.193811E-01
   0.416601E+00   0.427850E+06   0.426169E+06   0.235630E+00   0.631761E-01   0.175146E+06   0.410111E+06   0.427568E+06   0.410111E+06  -0.117501E-01   0.262705E+06   0.262682E+06   0.187616E-01
   0.421755E+00   0.420310E+06   0.418667E+06   0.225721E+00   0.604487E-01   0.170438E+06   0.402773E+06   0.420034E+06   0.402773E+06  -0.115399E-01   0.258034E+06   0.258011E+06   0.181512E-01
   0.426910E+00   0.413044E+06   0.411439E+06   0.216362E+00   0.578697E-01   0.165921E+06   0.395703E+06   0.412775E+06   0.395703E+06  -0.113373E-01   0.253534E+06   0.253512E+06   0.175626E-01
   0.432064E+00   0.405971E+06   0.404401E+06   0.207577E+00   0.555167E-01   0.161558E+06   0.388823E+06   0.405707E+06   0.388823E+06  -0.111402E-01   0.249154E+06   0.249132E+06   0.170064E-01
   0.437218E+00   0.399038E+06   0.397501E+06   0.199155E+00   0.532165E-01   0.157326E+06   0.382082E+06   0.398780E+06   0.382082E+06  -0.109471E-01   0.244862E+06   0.244840E+06   0.164891E-01
   0.442372E+00   0.392221E+06   0.390713E+06   0.191057E+00   0.509557E-01   0.153210E+06   0.375456E+06   0.391968E+06   0.375456E+06  -0.107572E-01   0.240642E+06   0.240621E+06   0.160114E-01
   0.447526E+00   0.385505E+06   0.384023E+06   0.183412E+00   0.488835E-01   0.149203E+06   0.368932E+06   0.385256E+06   0.368932E+06  -0.105703E-01   0.236486E+06   0.236465E+06   0.155689E-01
   0.452680E+00   0.378892E+06   0.377432E+06   0.176100E+00   0.468922E-01   0.145303E+06   0.362509E+06   0.378646E+06   0.362509E+06  -0.103863E-01   0.232394E+06   0.232373E+06   0.151541E-01
   0.457834E+00   0.372408E+06   0.370969E+06   0.169144E+00   0.450088E-01   0.141517E+06   0.356216E+06   0.372166E+06   0.356216E+06  -0.102060E-01   0.228383E+06   0.228363E+06   0.147583E-01
   0.462988E+00   0.366097E+06   0.364679E+06   0.162517E+00   0.432048E-01   0.137860E+06   0.350091E+06   0.365859E+06   0.350091E+06  -0.100305E-01   0.224480E+06   0.224460E+06   0.143743E-01
   0.468142E+00   0.359988E+06   0.358591E+06   0.156232E+00   0.414966E-01   0.134339E+06   0.344164E+06   0.359753E+06   0.344164E+06  -0.986068E-02   0.220703E+06   0.220683E+06   0.139970E-01
   0.473296E+00   0.354087E+06   0.352712E+06   0.150238E+00   0.398428E-01   0.130953E+06   0.338441E+06   0.353856E+06   0.338441E+06  -0.969670E-02   0.217055E+06   0.217036E+06   0.136239E-01
   0.478450E+00   0.348386E+06   0.347034E+06   0.144625E+00   0.383502E-01   0.127696E+06   0.332912E+06   0.348159E+06   0.332912E+06  -0.953830E-02   0.213531E+06   0.213512E+06   0.132554E-01
   0.483605E+00   0.342872E+06   0.341545E+06   0.139245E+00   0.368828E-01   0.124560E+06   0.327567E+06   0.342650E+06   0.327567E+06  -0.938516E-02   0.210124E+06   0.210105E+06   0.128939E-01
   0.488759E+00   0.337531E+06   0.336228E+06   0.134128E+00   0.354872E-01   0.121538E+06   0.322390E+06   0.337312E+06   0.322390E+06  -0.923683E-02   0.206823E+06   0.206805E+06   0.125429E-01
   0.493913E+00   0.332337E+06   0.331057E+06   0.129283E+00   0.341889E-01   0.118616E+06   0.317357E+06   0.332122E+06   0.317357E+06  -0.909262E-02   0.203614E+06   0.203596E+06   0.122055E-01
   0.499067E+00   0.327261E+06   0.326003E+06   0.124656E+00   0.329509E-01   0.115784E+06   0.312439E+06   0.327050E+06   0.312439E+06  -0.895172E-02   0.200478E+06   0.200460E+06   0.118839E-01
   0.504221E+00   0.322281E+06   0.321045E+06   0.120200E+00   0.317375E-01   0.113030E+06   0.307617E+06   0.322074E+06   0.307617E+06  -0.881356E-02   0.197403E+06   0.197385E+06   0.115785E-01
   0.509375E+00   0.317393E+06   0.316176E+06   0.115947E+00   0.305916E-01   0.110352E+06   0.302885E+06   0.317189E+06   0.302885E+06  -0.867797E-02   0.194384E+06   0.194367E+06   0.112887E-01
   0.514529E+00   0.312599E+06   0.311400E+06   0.111861E+00   0.294812E-01   0.107749E+06   0.298245E+06   0.312398E+06   0.298245E+06  -0.854504E-02   0.191424E+06   0.191407E+06   0.110127E-01
   0.519683E+00   0.307905E+06   0.306723E+06   0.107964E+00   0.284325E-01   0.105220E+06   0.293703E+06   0.307706E+06   0.293703E+06  -0.841491E-02   0.188527E+06   0.188510E+06   0.107482E-01
   0.524837E+00   0.303313E+06   0.302148E+06   0.104225E+00   0.274204E-01   0.102766E+06   0.289261E+06   0.303117E+06   0.289261E+06  -0.828765E-02   0.185692E+06   0.185676E+06   0.104926E-01
   0.529991E+00   0.298829E+06   0.297681E+06   0.100660E+00   0.264632E-01   0.100387E+06   0.284926E+06   0.298636E+06   0.284926E+06  -0.816345E-02   0.182926E+06   0.182910E+06   0.102438E-01
   0.535145E+00   0.294464E+06   0.293332E+06   0.972332E-01   0.255307E-01   0.980845E+05   0.280706E+06   0.294274E+06   0.280706E+06  -0.804253E-02   0.180232E+06   0.180216E+06   0.100007E-01
   0.540300E+00   0.290219E+06   0.289104E+06   0.939895E-01   0.246704E-01   0.958572E+05   0.276603E+06   0.290032E+06   0.276603E+06  -0.792499E-02   0.177614E+06   0.177598E+06   0.976309E-02
   0.545454E+00   0.286089E+06   0.284991E+06   0.908849E-01   0.238451E-01   0.937017E+05   0.272613E+06   0.285905E+06   0.272613E+06  -0.781064E-02   0.175067E+06   0.175051E+06   0.953101E-02
   0.550608E+00   0.282062E+06   0.280980E+06   0.879020E-01   0.230447E-01   0.916126E+05   0.268722E+06   0.281880E+06   0.268722E+06  -0.769917E-02   0.172583E+06   0.172568E+06   0.930506E-02
   0.555762E+00   0.278129E+06   0.277064E+06   0.850426E-01   0.222772E-01   0.895857E+05   0.264924E+06   0.277950E+06   0.264924E+06  -0.759035E-02   0.170158E+06   0.170143E+06   0.908603E-02
   0.560916E+00   0.274286E+06   0.273237E+06   0.823020E-01   0.215429E-01   0.876180E+05   0.261212E+06   0.274109E+06   0.261212E+06  -0.748402E-02   0.167788E+06   0.167773E+06   0.887464E-02
   0.566070E+00   0.270525E+06   0.269491E+06   0.796721E-01   0.208386E-01   0.857062E+05   0.257582E+06   0.270351E+06   0.257582E+06  -0.738000E-02   0.165470E+06   0.165455E+06   0.867119E-02
   0.571224E+00   0.266838E+06   0.265820E+06   0.771457E-01   0.201625E-01   0.838464E+05   0.254024E+06   0.266667E+06   0.254024E+06  -0.727806E-02   0.163198E+06   0.163183E+06   0.847550E-02
   0.576378E+00   0.263220E+06   0.262216E+06   0.747183E-01   0.195143E-01   0.820356E+05   0.250533E+06   0.263051E+06   0.250533E+06  -0.717804E-02   0.160968E+06   0.160954E+06   0.828705E-02
   0.581532E+00   0.259672E+06   0.258681E+06   0.723830E-01   0.188898E-01   0.802733E+05   0.247110E+06   0.259505E+06   0.247110E+06  -0.707997E-02   0.158782E+06   0.158768E+06   0.810520E-02
   0.586686E+00   0.256197E+06   0.255220E+06   0.701373E-01   0.182883E-01   0.785598E+05   0.243760E+06   0.256033E+06   0.243760E+06  -0.698398E-02   0.156641E+06   0.156628E+06   0.792922E-02
   0.591840E+00   0.252798E+06   0.251834E+06   0.679819E-01   0.177132E-01   0.768944E+05   0.240482E+06   0.252636E+06   0.240482E+06  -0.689008E-02   0.154548E+06   0.154534E+06   0.775838E-02
   0.596995E+00   0.249472E+06   0.248520E+06   0.659138E-01   0.171642E-01   0.752755E+05   0.237276E+06   0.249312E+06   0.237276E+06  -0.679822E-02   0.152499E+06   0.152485E+06   0.759207E-02
   0.602149E+00   0.246217E+06   0.245278E+06   0.639159E-01   0.166270E-01   0.737017E+05   0.234140E+06   0.246060E+06   0.234140E+06  -0.670836E-02   0.150495E+06   0.150481E+06   0.742993E-02
   0.607303E+00   0.243035E+06   0.242109E+06   0.620123E-01   0.161278E-01   0.721723E+05   0.231074E+06   0.242880E+06   0.231074E+06  -0.662053E-02   0.148536E+06   0.148523E+06   0.727186E-02
   0.612457E+00   0.239926E+06   0.239012E+06   0.601660E-01   0.156319E-01   0.706865E+05   0.228079E+06   0.239773E+06   0.228079E+06  -0.653472E-02   0.146622E+06   0.146608E+06   0.711796E-02
   0.659749E+00   0.214130E+06   0.213319E+06   0.461464E-01   0.119224E-01   0.587552E+05   0.203258E+06   0.213994E+06   0.203258E+06  -0.582356E-02   0.130751E+06   0.130739E+06   0.589989E-02
   0.710693E+00   0.190986E+06   0.190266E+06   0.353689E-01   0.908377E-02   0.486884E+05   0.181033E+06   0.190865E+06   0.181033E+06  -0.518678E-02   0.116528E+06   0.116517E+06   0.488866E-02
   0.765571E+00   0.170273E+06   0.169634E+06   0.271013E-01   0.692104E-02   0.402333E+05   0.161180E+06   0.170166E+06   0.161180E+06  -0.461799E-02   0.103813E+06   0.103804E+06   0.405117E-02
   0.895965E+00   0.133320E+06   0.132825E+06   0.154129E-01   0.389313E-02   0.266221E+05   0.125864E+06   0.133237E+06   0.125864E+06  -0.360614E-02   0.811671E+05   0.811598E+05   0.272095E-02
   0.125042E+01   0.788633E+05   0.785769E+05   0.463440E-02   0.114443E-02   0.106660E+05   0.741022E+05   0.788152E+05   0.741022E+05  -0.212311E-02   0.478949E+05   0.478905E+05   0.117370E-02
   0.174510E+01   0.462967E+05   0.461328E+05   0.253335E-02   0.148322E-02   0.406914E+04   0.433508E+05   0.462692E+05   0.433508E+05  -0.124201E-02   0.280668E+05   0.280642E+05   0.513576E-03
   0.243548E+01   0.270160E+05   0.269228E+05   0.929312E-03   0.615121E-03   0.148644E+04   0.252359E+05   0.270004E+05   0.252359E+05  -0.723070E-03   0.163607E+05   0.163590E+05   0.232450E-03
