#           k/h    P           
    0.10000E-03    0.48096E+03
    0.10202E-03    0.49028E+03
    0.10408E-03    0.49978E+03
    0.10618E-03    0.50947E+03
    0.10833E-03    0.51935E+03
    0.11052E-03    0.52942E+03
    0.11275E-03    0.53968E+03
    0.11503E-03    0.55014E+03
    0.11735E-03    0.56081E+03
    0.11972E-03    0.57168E+03
    0.12214E-03    0.58276E+03
    0.12461E-03    0.59405E+03
    0.12712E-03    0.60557E+03
    0.12969E-03    0.61731E+03
    0.13231E-03    0.62928E+03
    0.13499E-03    0.64147E+03
    0.13771E-03    0.65391E+03
    0.14049E-03    0.66658E+03
    0.14333E-03    0.67951E+03
    0.14623E-03    0.69268E+03
    0.14918E-03    0.70610E+03
    0.15220E-03    0.71979E+03
    0.15527E-03    0.73375E+03
    0.15841E-03    0.74797E+03
    0.16161E-03    0.76247E+03
    0.16487E-03    0.77725E+03
    0.16820E-03    0.79231E+03
    0.17160E-03    0.80767E+03
    0.17507E-03    0.82333E+03
    0.17860E-03    0.83929E+03
    0.18221E-03    0.85556E+03
    0.18589E-03    0.87214E+03
    0.18965E-03    0.88905E+03
    0.19348E-03    0.90628E+03
    0.19739E-03    0.92385E+03
    0.20138E-03    0.94176E+03
    0.20544E-03    0.96002E+03
    0.20959E-03    0.97863E+03
    0.21383E-03    0.99760E+03
    0.21815E-03    0.10169E+04
    0.22255E-03    0.10367E+04
    0.22705E-03    0.10567E+04
    0.23164E-03    0.10772E+04
    0.23632E-03    0.10981E+04
    0.24109E-03    0.11194E+04
    0.24596E-03    0.11411E+04
    0.25093E-03    0.11632E+04
    0.25600E-03    0.11858E+04
    0.26117E-03    0.12088E+04
    0.26645E-03    0.12322E+04
    0.27183E-03    0.12561E+04
    0.27732E-03    0.12805E+04
    0.28292E-03    0.13053E+04
    0.28864E-03    0.13306E+04
    0.29447E-03    0.13564E+04
    0.30042E-03    0.13827E+04
    0.30649E-03    0.14095E+04
    0.31268E-03    0.14368E+04
    0.31899E-03    0.14647E+04
    0.32544E-03    0.14931E+04
    0.33201E-03    0.15221E+04
    0.33872E-03    0.15516E+04
    0.34556E-03    0.15817E+04
    0.35254E-03    0.16124E+04
    0.35966E-03    0.16437E+04
    0.36693E-03    0.16756E+04
    0.37434E-03    0.17081E+04
    0.38190E-03    0.17412E+04
    0.38962E-03    0.17750E+04
    0.39749E-03    0.18095E+04
    0.40552E-03    0.18446E+04
    0.41371E-03    0.18804E+04
    0.42207E-03    0.19170E+04
    0.43060E-03    0.19542E+04
    0.43929E-03    0.19922E+04
    0.44817E-03    0.20309E+04
    0.45722E-03    0.20703E+04
    0.46646E-03    0.21106E+04
    0.47588E-03    0.21516E+04
    0.48550E-03    0.21935E+04
    0.49530E-03    0.22361E+04
    0.50531E-03    0.22796E+04
    0.51552E-03    0.23240E+04
    0.52593E-03    0.23693E+04
    0.53656E-03    0.24154E+04
    0.54739E-03    0.24625E+04
    0.55845E-03    0.25105E+04
    0.56973E-03    0.25595E+04
    0.58124E-03    0.26094E+04
    0.59299E-03    0.26604E+04
    0.60496E-03    0.27123E+04
    0.61719E-03    0.27654E+04
    0.62965E-03    0.28194E+04
    0.64237E-03    0.28746E+04
    0.65535E-03    0.29309E+04
    0.66859E-03    0.29884E+04
    0.68210E-03    0.30470E+04
    0.69588E-03    0.31068E+04
    0.70993E-03    0.31679E+04
    0.72427E-03    0.32302E+04
    0.73891E-03    0.32938E+04
    0.75383E-03    0.33587E+04
    0.76906E-03    0.34250E+04
    0.78460E-03    0.34926E+04
    0.80045E-03    0.35617E+04
    0.81662E-03    0.36322E+04
    0.83311E-03    0.37043E+04
    0.84994E-03    0.37778E+04
    0.86711E-03    0.38530E+04
    0.88463E-03    0.39297E+04
    0.90250E-03    0.40082E+04
    0.92073E-03    0.40883E+04
    0.93933E-03    0.41701E+04
    0.95831E-03    0.42538E+04
    0.97767E-03    0.43392E+04
    0.99742E-03    0.44266E+04
    0.10176E-02    0.45159E+04
    0.10381E-02    0.46072E+04
    0.10591E-02    0.47005E+04
    0.10805E-02    0.47959E+04
    0.11023E-02    0.48935E+04
    0.11246E-02    0.49933E+04
    0.11473E-02    0.50953E+04
    0.11705E-02    0.51996E+04
    0.11941E-02    0.53063E+04
    0.12182E-02    0.54155E+04
    0.12429E-02    0.55271E+04
    0.12680E-02    0.56413E+04
    0.12936E-02    0.57581E+04
    0.13197E-02    0.58775E+04
    0.13464E-02    0.59997E+04
    0.13736E-02    0.61246E+04
    0.14013E-02    0.62524E+04
    0.14296E-02    0.63831E+04
    0.14585E-02    0.65168E+04
    0.14880E-02    0.66534E+04
    0.15180E-02    0.67931E+04
    0.15487E-02    0.69359E+04
    0.15800E-02    0.70819E+04
    0.16119E-02    0.72311E+04
    0.16445E-02    0.73835E+04
    0.16777E-02    0.75392E+04
    0.17116E-02    0.76983E+04
    0.17462E-02    0.78607E+04
    0.17814E-02    0.80265E+04
    0.18174E-02    0.81958E+04
    0.18541E-02    0.83686E+04
    0.18916E-02    0.85449E+04
    0.19298E-02    0.87248E+04
    0.19688E-02    0.89082E+04
    0.20086E-02    0.90952E+04
    0.20491E-02    0.92859E+04
    0.20905E-02    0.94803E+04
    0.21328E-02    0.96784E+04
    0.21758E-02    0.98802E+04
    0.22198E-02    0.10086E+05
    0.22646E-02    0.10295E+05
    0.23104E-02    0.10509E+05
    0.23571E-02    0.10726E+05
    0.24047E-02    0.10947E+05
    0.24533E-02    0.11172E+05
    0.25028E-02    0.11401E+05
    0.25534E-02    0.11634E+05
    0.26050E-02    0.11872E+05
    0.26576E-02    0.12113E+05
    0.27113E-02    0.12359E+05
    0.27660E-02    0.12609E+05
    0.28219E-02    0.12863E+05
    0.28789E-02    0.13121E+05
    0.29371E-02    0.13384E+05
    0.29964E-02    0.13651E+05
    0.30569E-02    0.13923E+05
    0.31187E-02    0.14199E+05
    0.31817E-02    0.14479E+05
    0.32460E-02    0.14764E+05
    0.33115E-02    0.15053E+05
    0.33784E-02    0.15347E+05
    0.34467E-02    0.15645E+05
    0.35163E-02    0.15947E+05
    0.35874E-02    0.16254E+05
    0.36598E-02    0.16565E+05
    0.37338E-02    0.16881E+05
    0.38092E-02    0.17201E+05
    0.38861E-02    0.17526E+05
    0.39646E-02    0.17854E+05
    0.40447E-02    0.18188E+05
    0.41264E-02    0.18525E+05
    0.42098E-02    0.18867E+05
    0.42948E-02    0.19212E+05
    0.43816E-02    0.19563E+05
    0.44701E-02    0.19917E+05
    0.45604E-02    0.20275E+05
    0.46525E-02    0.20637E+05
    0.47465E-02    0.21003E+05
    0.48424E-02    0.21373E+05
    0.49402E-02    0.21746E+05
    0.50400E-02    0.22123E+05
    0.51419E-02    0.22504E+05
    0.52457E-02    0.22887E+05
    0.53517E-02    0.23275E+05
    0.54598E-02    0.23665E+05
    0.55701E-02    0.24058E+05
    0.56826E-02    0.24454E+05
    0.57974E-02    0.24853E+05
    0.59145E-02    0.25254E+05
    0.60340E-02    0.25657E+05
    0.61559E-02    0.26062E+05
    0.62803E-02    0.26470E+05
    0.64072E-02    0.26879E+05
    0.65366E-02    0.27289E+05
    0.66686E-02    0.27700E+05
    0.68033E-02    0.28113E+05
    0.69408E-02    0.28526E+05
    0.70810E-02    0.28939E+05
    0.72240E-02    0.29353E+05
    0.73700E-02    0.29766E+05
    0.75189E-02    0.30179E+05
    0.76708E-02    0.30590E+05
    0.78257E-02    0.31001E+05
    0.79838E-02    0.31410E+05
    0.81451E-02    0.31817E+05
    0.83096E-02    0.32221E+05
    0.84775E-02    0.32623E+05
    0.86488E-02    0.33022E+05
    0.88235E-02    0.33417E+05
    0.90017E-02    0.33808E+05
    0.91836E-02    0.34195E+05
    0.93691E-02    0.34576E+05
    0.95583E-02    0.34952E+05
    0.97514E-02    0.35322E+05
    0.99484E-02    0.35686E+05
    0.10149E-01    0.36043E+05
    0.10354E-01    0.36392E+05
    0.10564E-01    0.36733E+05
    0.10777E-01    0.37066E+05
    0.10995E-01    0.37390E+05
    0.11217E-01    0.37703E+05
    0.11443E-01    0.38007E+05
    0.11675E-01    0.38299E+05
    0.11910E-01    0.38580E+05
    0.12151E-01    0.38850E+05
    0.12397E-01    0.39107E+05
    0.12647E-01    0.39351E+05
    0.12902E-01    0.39582E+05
    0.13163E-01    0.39798E+05
    0.13429E-01    0.39999E+05
    0.13700E-01    0.40182E+05
    0.13977E-01    0.40348E+05
    0.14259E-01    0.40497E+05
    0.14547E-01    0.40629E+05
    0.14841E-01    0.40747E+05
    0.15141E-01    0.40851E+05
    0.15447E-01    0.40942E+05
    0.15759E-01    0.41019E+05
    0.16077E-01    0.41079E+05
    0.16402E-01    0.41118E+05
    0.16734E-01    0.41134E+05
    0.17072E-01    0.41122E+05
    0.17416E-01    0.41084E+05
    0.17768E-01    0.41022E+05
    0.18127E-01    0.40936E+05
    0.18493E-01    0.40828E+05
    0.18867E-01    0.40700E+05
    0.19248E-01    0.40552E+05
    0.19637E-01    0.40380E+05
    0.20034E-01    0.40184E+05
    0.20438E-01    0.39962E+05
    0.20851E-01    0.39711E+05
    0.21272E-01    0.39434E+05
    0.21702E-01    0.39132E+05
    0.22141E-01    0.38808E+05
    0.22588E-01    0.38464E+05
    0.23044E-01    0.38102E+05
    0.23510E-01    0.37724E+05
    0.23985E-01    0.37329E+05
    0.24469E-01    0.36918E+05
    0.24964E-01    0.36490E+05
    0.25468E-01    0.36047E+05
    0.25982E-01    0.35589E+05
    0.26507E-01    0.35115E+05
    0.27043E-01    0.34626E+05
    0.27589E-01    0.34122E+05
    0.28146E-01    0.33603E+05
    0.28715E-01    0.33070E+05
    0.29295E-01    0.32527E+05
    0.29887E-01    0.31973E+05
    0.30490E-01    0.31411E+05
    0.31106E-01    0.30843E+05
    0.31735E-01    0.30271E+05
    0.32376E-01    0.29696E+05
    0.33030E-01    0.29119E+05
    0.33697E-01    0.28544E+05
    0.34378E-01    0.27970E+05
    0.35072E-01    0.27401E+05
    0.35781E-01    0.26839E+05
    0.36504E-01    0.26288E+05
    0.37241E-01    0.25748E+05
    0.37993E-01    0.25222E+05
    0.38761E-01    0.24711E+05
    0.39544E-01    0.24212E+05
    0.40343E-01    0.23727E+05
    0.41158E-01    0.23253E+05
    0.41989E-01    0.22790E+05
    0.42838E-01    0.22341E+05
    0.43703E-01    0.21908E+05
    0.44586E-01    0.21493E+05
    0.45486E-01    0.21098E+05
    0.46405E-01    0.20726E+05
    0.47343E-01    0.20374E+05
    0.48299E-01    0.20042E+05
    0.49275E-01    0.19727E+05
    0.50270E-01    0.19429E+05
    0.51286E-01    0.19145E+05
    0.52322E-01    0.18874E+05
    0.53379E-01    0.18613E+05
    0.54457E-01    0.18362E+05
    0.55557E-01    0.18118E+05
    0.56680E-01    0.17880E+05
    0.57825E-01    0.17647E+05
    0.58993E-01    0.17415E+05
    0.60184E-01    0.17183E+05
    0.61400E-01    0.16947E+05
    0.62641E-01    0.16704E+05
    0.63906E-01    0.16451E+05
    0.65197E-01    0.16184E+05
    0.66514E-01    0.15899E+05
    0.67858E-01    0.15597E+05
    0.69229E-01    0.15277E+05
    0.70627E-01    0.14941E+05
    0.72054E-01    0.14590E+05
    0.73510E-01    0.14220E+05
    0.74994E-01    0.13826E+05
    0.76509E-01    0.13411E+05
    0.78055E-01    0.12981E+05
    0.79632E-01    0.12542E+05
    0.81241E-01    0.12098E+05
    0.82882E-01    0.11654E+05
    0.84556E-01    0.11211E+05
    0.86264E-01    0.10776E+05
    0.88007E-01    0.10352E+05
    0.89785E-01    0.99440E+04
    0.91598E-01    0.95555E+04
    0.93449E-01    0.91902E+04
    0.95337E-01    0.88514E+04
    0.97263E-01    0.85422E+04
    0.99227E-01    0.82645E+04
    0.10123E+00    0.80185E+04
    0.10328E+00    0.78040E+04
    0.10536E+00    0.76187E+04
    0.10749E+00    0.74587E+04
    0.10966E+00    0.73199E+04
    0.11188E+00    0.71961E+04
    0.11414E+00    0.70813E+04
    0.11644E+00    0.69693E+04
    0.11880E+00    0.68539E+04
    0.12120E+00    0.67297E+04
    0.12365E+00    0.65919E+04
    0.12614E+00    0.64370E+04
    0.12869E+00    0.62629E+04
    0.13129E+00    0.60691E+04
    0.13394E+00    0.58570E+04
    0.13665E+00    0.56296E+04
    0.13941E+00    0.53913E+04
    0.14223E+00    0.51481E+04
    0.14510E+00    0.49062E+04
    0.14803E+00    0.46728E+04
    0.15102E+00    0.44545E+04
    0.15407E+00    0.42568E+04
    0.15718E+00    0.40838E+04
    0.16036E+00    0.39367E+04
    0.16360E+00    0.38142E+04
    0.16690E+00    0.37129E+04
    0.17028E+00    0.36278E+04
    0.17371E+00    0.35532E+04
    0.17722E+00    0.34830E+04
    0.18080E+00    0.34107E+04
    0.18446E+00    0.33305E+04
    0.18818E+00    0.32373E+04
    0.19198E+00    0.31292E+04
    0.19586E+00    0.30075E+04
    0.19982E+00    0.28766E+04
    0.20386E+00    0.27422E+04
    0.20797E+00    0.26103E+04
    0.21218E+00    0.24863E+04
    0.21646E+00    0.23746E+04
    0.22083E+00    0.22784E+04
    0.22530E+00    0.21980E+04
    0.22985E+00    0.21314E+04
    0.23449E+00    0.20741E+04
    0.23923E+00    0.20209E+04
    0.24406E+00    0.19665E+04
    0.24899E+00    0.19070E+04
    0.25402E+00    0.18399E+04
    0.25915E+00    0.17660E+04
    0.26439E+00    0.16881E+04
    0.26973E+00    0.16104E+04
    0.27518E+00    0.15371E+04
    0.28074E+00    0.14711E+04
    0.28641E+00    0.14139E+04
    0.29219E+00    0.13648E+04
    0.29810E+00    0.13213E+04
    0.30412E+00    0.12797E+04
    0.31026E+00    0.12372E+04
    0.31653E+00    0.11918E+04
    0.32292E+00    0.11437E+04
    0.32945E+00    0.10944E+04
    0.33610E+00    0.10465E+04
    0.34289E+00    0.10021E+04
    0.34982E+00    0.96229E+03
    0.35689E+00    0.92661E+03
    0.36409E+00    0.89359E+03
    0.37145E+00    0.86145E+03
    0.37895E+00    0.82881E+03
    0.38661E+00    0.79534E+03
    0.39442E+00    0.76193E+03
    0.40239E+00    0.72984E+03
    0.41052E+00    0.69990E+03
    0.41881E+00    0.67236E+03
    0.42727E+00    0.64665E+03
    0.43590E+00    0.62177E+03
    0.44471E+00    0.59717E+03
    0.45369E+00    0.57275E+03
    0.46286E+00    0.54892E+03
    0.47221E+00    0.52630E+03
    0.48174E+00    0.50501E+03
    0.49148E+00    0.48490E+03
    0.50141E+00    0.46555E+03
    0.51153E+00    0.44664E+03
    0.52187E+00    0.42823E+03
    0.53241E+00    0.41050E+03
    0.54317E+00    0.39364E+03
    0.55414E+00    0.37759E+03
    0.56533E+00    0.36219E+03
    0.57675E+00    0.34731E+03
    0.58840E+00    0.33291E+03
    0.60029E+00    0.31910E+03
    0.61242E+00    0.30590E+03
    0.62479E+00    0.29327E+03
    0.63741E+00    0.28111E+03
    0.65029E+00    0.26942E+03
    0.66342E+00    0.25820E+03
    0.67683E+00    0.24742E+03
    0.69050E+00    0.23708E+03
    0.70445E+00    0.22717E+03
    0.71868E+00    0.21766E+03
    0.73320E+00    0.20855E+03
    0.74801E+00    0.19982E+03
    0.76312E+00    0.19144E+03
    0.77854E+00    0.18340E+03
    0.79426E+00    0.17569E+03
    0.81031E+00    0.16829E+03
    0.82668E+00    0.16118E+03
    0.84338E+00    0.15437E+03
    0.86041E+00    0.14784E+03
    0.87780E+00    0.14157E+03
    0.89553E+00    0.13557E+03
    0.91362E+00    0.12981E+03
    0.93208E+00    0.12430E+03
    0.95091E+00    0.11902E+03
    0.97011E+00    0.11395E+03
    0.98971E+00    0.10910E+03
    0.10097E+01    0.10446E+03
    0.10301E+01    0.10000E+03
    0.10509E+01    0.95738E+02
    0.10721E+01    0.91652E+02
    0.10938E+01    0.87738E+02
    0.11159E+01    0.83989E+02
    0.11384E+01    0.80398E+02
    0.11614E+01    0.76958E+02
    0.11849E+01    0.73664E+02
    0.12088E+01    0.70509E+02
    0.12333E+01    0.67487E+02
    0.12582E+01    0.64594E+02
    0.12836E+01    0.61823E+02
    0.13095E+01    0.59169E+02
    0.13360E+01    0.56628E+02
    0.13630E+01    0.54195E+02
    0.13905E+01    0.51865E+02
    0.14186E+01    0.49633E+02
    0.14472E+01    0.47497E+02
    0.14765E+01    0.45451E+02
    0.15063E+01    0.43492E+02
    0.15367E+01    0.41616E+02
    0.15678E+01    0.39819E+02
    0.15994E+01    0.38099E+02
    0.16318E+01    0.36452E+02
    0.16647E+01    0.34876E+02
    0.16984E+01    0.33366E+02
    0.17327E+01    0.31920E+02
    0.17677E+01    0.30536E+02
    0.18034E+01    0.29211E+02
    0.18398E+01    0.27943E+02
    0.18770E+01    0.26729E+02
    0.19149E+01    0.25566E+02
    0.19536E+01    0.24454E+02
    0.19930E+01    0.23390E+02
    0.20333E+01    0.22371E+02
    0.20744E+01    0.21397E+02
    0.21163E+01    0.20464E+02
    0.21590E+01    0.19572E+02
    0.22026E+01    0.18718E+02
    0.22471E+01    0.17902E+02
    0.22925E+01    0.17121E+02
    0.23388E+01    0.16374E+02
    0.23861E+01    0.15659E+02
    0.24343E+01    0.14976E+02
