#          k/h    CDM            baryon         photon         nu             mass_nu        total          no_nu          total_de       Weyl           v_CDM          v_b            v_b-v_c     
   0.102076E-04   0.204507E+08   0.204507E+08   0.272541E+08   0.272537E+08   0.204508E+08   0.204507E+08   0.204507E+08   0.204575E+08  -0.540133E+00   0.108309E+08   0.108309E+08   0.585105E+01
   0.112819E-04   0.204507E+08   0.204507E+08   0.272512E+08   0.272507E+08   0.204508E+08   0.204508E+08   0.204507E+08   0.204576E+08  -0.540134E+00   0.108309E+08   0.108309E+08   0.646665E+01
   0.124693E-04   0.204507E+08   0.204507E+08   0.272475E+08   0.272469E+08   0.204508E+08   0.204507E+08   0.204507E+08   0.204575E+08  -0.540136E+00   0.108310E+08   0.108310E+08   0.714697E+01
   0.137816E-04   0.204507E+08   0.204507E+08   0.272430E+08   0.272423E+08   0.204508E+08   0.204507E+08   0.204507E+08   0.204575E+08  -0.540137E+00   0.108311E+08   0.108311E+08   0.789879E+01
   0.152321E-04   0.204507E+08   0.204507E+08   0.272375E+08   0.272366E+08   0.204508E+08   0.204507E+08   0.204507E+08   0.204575E+08  -0.540139E+00   0.108311E+08   0.108311E+08   0.872962E+01
   0.168352E-04   0.204507E+08   0.204507E+08   0.272309E+08   0.272298E+08   0.204508E+08   0.204507E+08   0.204507E+08   0.204575E+08  -0.540142E+00   0.108312E+08   0.108312E+08   0.964773E+01
   0.186070E-04   0.204507E+08   0.204507E+08   0.272227E+08   0.272214E+08   0.204507E+08   0.204507E+08   0.204507E+08   0.204575E+08  -0.540145E+00   0.108313E+08   0.108313E+08   0.106622E+02
   0.205653E-04   0.204506E+08   0.204506E+08   0.272128E+08   0.272112E+08   0.204507E+08   0.204506E+08   0.204506E+08   0.204574E+08  -0.540148E+00   0.108315E+08   0.108315E+08   0.117832E+02
   0.227297E-04   0.204506E+08   0.204506E+08   0.272006E+08   0.271987E+08   0.204507E+08   0.204506E+08   0.204506E+08   0.204574E+08  -0.540153E+00   0.108316E+08   0.108316E+08   0.130217E+02
   0.251219E-04   0.204506E+08   0.204506E+08   0.271858E+08   0.271834E+08   0.204507E+08   0.204506E+08   0.204506E+08   0.204574E+08  -0.540158E+00   0.108318E+08   0.108318E+08   0.143900E+02
   0.277659E-04   0.204506E+08   0.204506E+08   0.271677E+08   0.271648E+08   0.204507E+08   0.204506E+08   0.204506E+08   0.204574E+08  -0.540165E+00   0.108321E+08   0.108321E+08   0.159016E+02
   0.306881E-04   0.204505E+08   0.204505E+08   0.271456E+08   0.271420E+08   0.204506E+08   0.204505E+08   0.204505E+08   0.204573E+08  -0.540173E+00   0.108324E+08   0.108324E+08   0.175712E+02
   0.339179E-04   0.204504E+08   0.204504E+08   0.271186E+08   0.271142E+08   0.204505E+08   0.204505E+08   0.204504E+08   0.204572E+08  -0.540183E+00   0.108328E+08   0.108328E+08   0.194152E+02
   0.374876E-04   0.204504E+08   0.204504E+08   0.270856E+08   0.270803E+08   0.204505E+08   0.204504E+08   0.204504E+08   0.204571E+08  -0.540195E+00   0.108332E+08   0.108332E+08   0.214514E+02
   0.414330E-04   0.204503E+08   0.204503E+08   0.270454E+08   0.270389E+08   0.204504E+08   0.204503E+08   0.204503E+08   0.204570E+08  -0.540209E+00   0.108338E+08   0.108338E+08   0.236993E+02
   0.457936E-04   0.204501E+08   0.204501E+08   0.269964E+08   0.269885E+08   0.204502E+08   0.204501E+08   0.204501E+08   0.204569E+08  -0.540227E+00   0.108345E+08   0.108345E+08   0.261805E+02
   0.506132E-04   0.204500E+08   0.204500E+08   0.269366E+08   0.269269E+08   0.204501E+08   0.204500E+08   0.204500E+08   0.204567E+08  -0.540249E+00   0.108353E+08   0.108353E+08   0.289182E+02
   0.559400E-04   0.204498E+08   0.204498E+08   0.268637E+08   0.268520E+08   0.204499E+08   0.204498E+08   0.204498E+08   0.204565E+08  -0.540276E+00   0.108363E+08   0.108363E+08   0.319380E+02
   0.618274E-04   0.204496E+08   0.204495E+08   0.267750E+08   0.267606E+08   0.204496E+08   0.204496E+08   0.204496E+08   0.204562E+08  -0.540309E+00   0.108376E+08   0.108376E+08   0.352672E+02
   0.683345E-04   0.204493E+08   0.204492E+08   0.266670E+08   0.266495E+08   0.204493E+08   0.204493E+08   0.204493E+08   0.204559E+08  -0.540348E+00   0.108391E+08   0.108391E+08   0.389357E+02
   0.755264E-04   0.204489E+08   0.204489E+08   0.265356E+08   0.265143E+08   0.204490E+08   0.204489E+08   0.204489E+08   0.204555E+08  -0.540397E+00   0.108410E+08   0.108410E+08   0.429752E+02
   0.834752E-04   0.204485E+08   0.204484E+08   0.263759E+08   0.263501E+08   0.204486E+08   0.204485E+08   0.204485E+08   0.204551E+08  -0.540456E+00   0.108432E+08   0.108432E+08   0.474197E+02
   0.922605E-04   0.204480E+08   0.204479E+08   0.261821E+08   0.261507E+08   0.204480E+08   0.204480E+08   0.204480E+08   0.204545E+08  -0.540529E+00   0.108460E+08   0.108460E+08   0.523046E+02
   0.101971E-03   0.204473E+08   0.204473E+08   0.259472E+08   0.259092E+08   0.204474E+08   0.204473E+08   0.204473E+08   0.204538E+08  -0.540617E+00   0.108494E+08   0.108493E+08   0.576672E+02
   0.112702E-03   0.204466E+08   0.204465E+08   0.256630E+08   0.256170E+08   0.204466E+08   0.204465E+08   0.204465E+08   0.204530E+08  -0.540725E+00   0.108535E+08   0.108534E+08   0.635451E+02
   0.124564E-03   0.204456E+08   0.204455E+08   0.253200E+08   0.252644E+08   0.204457E+08   0.204456E+08   0.204456E+08   0.204519E+08  -0.540856E+00   0.108585E+08   0.108584E+08   0.699759E+02
   0.137674E-03   0.204445E+08   0.204444E+08   0.249069E+08   0.248399E+08   0.204445E+08   0.204444E+08   0.204444E+08   0.204507E+08  -0.541016E+00   0.108646E+08   0.108645E+08   0.769955E+02
   0.152163E-03   0.204431E+08   0.204429E+08   0.244111E+08   0.243306E+08   0.204431E+08   0.204430E+08   0.204430E+08   0.204491E+08  -0.541211E+00   0.108720E+08   0.108719E+08   0.846366E+02
   0.168178E-03   0.204414E+08   0.204412E+08   0.238184E+08   0.237220E+08   0.204414E+08   0.204414E+08   0.204413E+08   0.204473E+08  -0.541448E+00   0.108810E+08   0.108809E+08   0.929253E+02
   0.185878E-03   0.204393E+08   0.204391E+08   0.231132E+08   0.229984E+08   0.204393E+08   0.204393E+08   0.204393E+08   0.204451E+08  -0.541736E+00   0.108919E+08   0.108919E+08   0.101879E+03
   0.205440E-03   0.204368E+08   0.204366E+08   0.222793E+08   0.221433E+08   0.204368E+08   0.204368E+08   0.204368E+08   0.204424E+08  -0.542086E+00   0.109052E+08   0.109052E+08   0.111500E+03
   0.227062E-03   0.204338E+08   0.204335E+08   0.213003E+08   0.211403E+08   0.204338E+08   0.204338E+08   0.204338E+08   0.204391E+08  -0.542509E+00   0.109213E+08   0.109213E+08   0.121771E+03
   0.250959E-03   0.204302E+08   0.204298E+08   0.201615E+08   0.199748E+08   0.204301E+08   0.204301E+08   0.204301E+08   0.204352E+08  -0.543022E+00   0.109408E+08   0.109407E+08   0.132649E+03
   0.277372E-03   0.204259E+08   0.204254E+08   0.188513E+08   0.186358E+08   0.204257E+08   0.204258E+08   0.204258E+08   0.204305E+08  -0.543641E+00   0.109643E+08   0.109642E+08   0.144055E+03
   0.306564E-03   0.204206E+08   0.204201E+08   0.173650E+08   0.171195E+08   0.204205E+08   0.204206E+08   0.204206E+08   0.204249E+08  -0.544387E+00   0.109926E+08   0.109925E+08   0.155865E+03
   0.338828E-03   0.204144E+08   0.204138E+08   0.157076E+08   0.154324E+08   0.204142E+08   0.204143E+08   0.204143E+08   0.204182E+08  -0.545282E+00   0.110266E+08   0.110264E+08   0.167901E+03
   0.374488E-03   0.204071E+08   0.204063E+08   0.138990E+08   0.135967E+08   0.204068E+08   0.204069E+08   0.204069E+08   0.204104E+08  -0.546353E+00   0.110672E+08   0.110670E+08   0.179920E+03
   0.413901E-03   0.203984E+08   0.203975E+08   0.119781E+08   0.116545E+08   0.203980E+08   0.203982E+08   0.203982E+08   0.204012E+08  -0.547627E+00   0.111154E+08   0.111151E+08   0.191610E+03
   0.457462E-03   0.203883E+08   0.203872E+08   0.100068E+08   0.967125E+07   0.203878E+08   0.203881E+08   0.203881E+08   0.203906E+08  -0.549133E+00   0.111724E+08   0.111721E+08   0.202586E+03
   0.505608E-03   0.203766E+08   0.203753E+08   0.807026E+07   0.773637E+07   0.203760E+08   0.203763E+08   0.203764E+08   0.203783E+08  -0.550902E+00   0.112392E+08   0.112389E+08   0.212400E+03
   0.558821E-03   0.203632E+08   0.203617E+08   0.627198E+07   0.595695E+07   0.203625E+08   0.203630E+08   0.203630E+08   0.203645E+08  -0.552958E+00   0.113169E+08   0.113165E+08   0.220562E+03
   0.617635E-03   0.203483E+08   0.203465E+08   0.471992E+07   0.444287E+07   0.203474E+08   0.203479E+08   0.203480E+08   0.203491E+08  -0.555323E+00   0.114061E+08   0.114057E+08   0.226580E+03
   0.682638E-03   0.203318E+08   0.203298E+08   0.350268E+07   0.328120E+07   0.203307E+08   0.203314E+08   0.203315E+08   0.203323E+08  -0.558001E+00   0.115073E+08   0.115068E+08   0.230012E+03
   0.754482E-03   0.203142E+08   0.203119E+08   0.265855E+07   0.250383E+07   0.203128E+08   0.203138E+08   0.203138E+08   0.203144E+08  -0.560981E+00   0.116200E+08   0.116195E+08   0.230528E+03
   0.833888E-03   0.202960E+08   0.202934E+08   0.214865E+07   0.206044E+07   0.202943E+08   0.202955E+08   0.202956E+08   0.202960E+08  -0.564223E+00   0.117429E+08   0.117424E+08   0.227971E+03
   0.921651E-03   0.202781E+08   0.202752E+08   0.185394E+07   0.181791E+07   0.202760E+08   0.202775E+08   0.202776E+08   0.202780E+08  -0.567651E+00   0.118736E+08   0.118730E+08   0.222376E+03
   0.101865E-02   0.202616E+08   0.202584E+08   0.161642E+07   0.160719E+07   0.202590E+08   0.202609E+08   0.202611E+08   0.202613E+08  -0.571151E+00   0.120080E+08   0.120074E+08   0.213959E+03
   0.112586E-02   0.202480E+08   0.202446E+08   0.132276E+07   0.131387E+07   0.202448E+08   0.202472E+08   0.202474E+08   0.202476E+08  -0.574568E+00   0.121409E+08   0.121403E+08   0.203048E+03
   0.124435E-02   0.202389E+08   0.202352E+08   0.980532E+06   0.957430E+06   0.202350E+08   0.202380E+08   0.202383E+08   0.202383E+08  -0.577722E+00   0.122659E+08   0.122652E+08   0.190035E+03
   0.137531E-02   0.202358E+08   0.202319E+08   0.700071E+06   0.666332E+06   0.202309E+08   0.202348E+08   0.202351E+08   0.202350E+08  -0.580434E+00   0.123764E+08   0.123757E+08   0.175372E+03
   0.152006E-02   0.202397E+08   0.202358E+08   0.554408E+06   0.523804E+06   0.202338E+08   0.202387E+08   0.202391E+08   0.202388E+08  -0.582562E+00   0.124671E+08   0.124663E+08   0.159659E+03
   0.168004E-02   0.202509E+08   0.202469E+08   0.466973E+06  -0.125421E+06   0.202437E+08   0.202498E+08   0.202502E+08   0.202498E+08  -0.584045E+00   0.125354E+08   0.125347E+08   0.143672E+03
   0.185685E-02   0.202680E+08   0.202640E+08   0.333662E+06  -0.650720E+05   0.202592E+08   0.202668E+08   0.202673E+08   0.202668E+08  -0.584931E+00   0.125827E+08   0.125820E+08   0.128253E+03
   0.205228E-02   0.202882E+08   0.202842E+08   0.218997E+06  -0.184527E+05   0.202774E+08   0.202868E+08   0.202875E+08   0.202869E+08  -0.585358E+00   0.126139E+08   0.126132E+08   0.114101E+03
   0.226827E-02   0.203074E+08   0.203034E+08   0.196442E+06   0.124049E+05   0.202942E+08   0.203058E+08   0.203067E+08   0.203059E+08  -0.585494E+00   0.126354E+08   0.126347E+08   0.101695E+03
   0.250700E-02   0.203209E+08   0.203168E+08   0.156499E+06   0.289862E+05   0.203050E+08   0.203192E+08   0.203202E+08   0.203192E+08  -0.585438E+00   0.126520E+08   0.126513E+08   0.912579E+02
   0.277085E-02   0.203248E+08   0.203206E+08   0.109819E+06   0.353944E+05   0.203054E+08   0.203228E+08   0.203241E+08   0.203228E+08  -0.585160E+00   0.126639E+08   0.126632E+08   0.825897E+02
   0.306246E-02   0.203159E+08   0.203114E+08   0.990410E+05   0.362410E+05   0.202924E+08   0.203136E+08   0.203152E+08   0.203136E+08  -0.584543E+00   0.126683E+08   0.126676E+08   0.751517E+02
   0.338478E-02   0.202916E+08   0.202869E+08   0.660862E+05   0.346358E+05   0.202632E+08   0.202889E+08   0.202908E+08   0.202889E+08  -0.583480E+00   0.126623E+08   0.126616E+08   0.683519E+02
   0.374101E-02   0.202491E+08   0.202441E+08   0.553560E+05   0.318127E+05   0.202147E+08   0.202459E+08   0.202483E+08   0.202459E+08  -0.581913E+00   0.126443E+08   0.126436E+08   0.618156E+02
   0.413473E-02   0.201853E+08   0.201800E+08   0.432407E+05   0.282588E+05   0.201439E+08   0.201816E+08   0.201844E+08   0.201816E+08  -0.579779E+00   0.126133E+08   0.126126E+08   0.556035E+02
   0.456989E-02   0.200970E+08   0.200913E+08   0.348653E+05   0.245053E+05   0.200473E+08   0.200927E+08   0.200961E+08   0.200927E+08  -0.576978E+00   0.125670E+08   0.125663E+08   0.500092E+02
   0.505085E-02   0.199810E+08   0.199748E+08   0.306945E+05   0.209169E+05   0.199213E+08   0.199759E+08   0.199799E+08   0.199759E+08  -0.573411E+00   0.125030E+08   0.125023E+08   0.451615E+02
   0.558243E-02   0.198337E+08   0.198270E+08   0.238744E+05   0.176215E+05   0.197625E+08   0.198277E+08   0.198326E+08   0.198277E+08  -0.568979E+00   0.124192E+08   0.124185E+08   0.408521E+02
   0.616996E-02   0.196516E+08   0.196442E+08   0.184839E+05   0.146922E+05   0.195670E+08   0.196446E+08   0.196504E+08   0.196446E+08  -0.563573E+00   0.123131E+08   0.123124E+08   0.368432E+02
   0.681932E-02   0.194310E+08   0.194227E+08   0.134909E+05   0.121453E+05   0.193308E+08   0.194228E+08   0.194296E+08   0.194228E+08  -0.557084E+00   0.121823E+08   0.121816E+08   0.331894E+02
   0.753702E-02   0.191680E+08   0.191587E+08   0.101774E+05   0.996612E+04   0.190501E+08   0.191584E+08   0.191664E+08   0.191584E+08  -0.549398E+00   0.120242E+08   0.120236E+08   0.299723E+02
   0.833025E-02   0.188587E+08   0.188482E+08   0.913941E+04   0.812461E+04   0.187209E+08   0.188475E+08   0.188569E+08   0.188475E+08  -0.540400E+00   0.118364E+08   0.118358E+08   0.270619E+02
   0.920698E-02   0.184994E+08   0.184875E+08   0.565372E+04   0.658365E+04   0.183393E+08   0.184865E+08   0.184974E+08   0.184865E+08  -0.529979E+00   0.116164E+08   0.116158E+08   0.244274E+02
   0.101760E-01   0.180865E+08   0.180729E+08   0.527403E+04   0.530454E+04   0.179020E+08   0.180716E+08   0.180842E+08   0.180716E+08  -0.518030E+00   0.113620E+08   0.113613E+08   0.220839E+02
   0.112469E-01   0.176168E+08   0.176012E+08   0.399830E+04   0.425002E+04   0.174058E+08   0.175997E+08   0.176142E+08   0.175998E+08  -0.504459E+00   0.110709E+08   0.110702E+08   0.199696E+02
   0.124306E-01   0.170875E+08   0.170697E+08   0.298686E+04   0.338593E+04   0.168484E+08   0.170682E+08   0.170845E+08   0.170682E+08  -0.489186E+00   0.107416E+08   0.107410E+08   0.180825E+02
   0.137389E-01   0.164967E+08   0.164763E+08   0.238444E+04   0.268183E+04   0.162280E+08   0.164749E+08   0.164933E+08   0.164749E+08  -0.472155E+00   0.103729E+08   0.103722E+08   0.163877E+02
   0.151849E-01   0.158435E+08   0.158201E+08   0.213358E+04   0.211117E+04   0.155442E+08   0.158191E+08   0.158395E+08   0.158191E+08  -0.453338E+00   0.996405E+07   0.996338E+07   0.148679E+02
   0.167830E-01   0.151434E+08   0.151168E+08   0.150573E+04   0.165280E+04   0.148129E+08   0.151164E+08   0.151389E+08   0.151164E+08  -0.433181E+00   0.952506E+07   0.952438E+07   0.135078E+02
   0.185493E-01   0.143709E+08   0.143408E+08   0.123426E+04   0.128397E+04   0.140094E+08   0.143412E+08   0.143658E+08   0.143412E+08  -0.410953E+00   0.903980E+07   0.903912E+07   0.122646E+02
   0.205016E-01   0.135434E+08   0.135096E+08   0.107892E+04   0.990079E+03   0.131521E+08   0.135111E+08   0.135377E+08   0.135111E+08  -0.387155E+00   0.851939E+07   0.851871E+07   0.111233E+02
   0.226592E-01   0.126578E+08   0.126202E+08   0.763656E+03   0.756840E+03   0.122391E+08   0.126230E+08   0.126515E+08   0.126230E+08  -0.361699E+00   0.796190E+07   0.796122E+07   0.100547E+02
   0.250440E-01   0.117462E+08   0.117050E+08   0.577400E+03   0.574258E+03   0.113028E+08   0.117091E+08   0.117393E+08   0.117091E+08  -0.335507E+00   0.738768E+07   0.738700E+07   0.904364E+01
   0.276798E-01   0.108220E+08   0.107778E+08   0.469196E+03   0.432472E+03   0.103571E+08   0.107829E+08   0.108145E+08   0.107829E+08  -0.308963E+00   0.680524E+07   0.680458E+07   0.806421E+01
   0.305930E-01   0.989335E+07   0.984714E+07   0.274847E+03   0.323095E+03   0.941066E+07   0.985275E+07   0.988559E+07   0.985275E+07  -0.282308E+00   0.621992E+07   0.621927E+07   0.709408E+01
   0.338127E-01   0.898713E+07   0.894025E+07   0.218040E+03   0.239796E+03   0.848978E+07   0.894540E+07   0.897926E+07   0.894540E+07  -0.256307E+00   0.564865E+07   0.564803E+07   0.612189E+01
   0.373714E-01   0.813555E+07   0.808983E+07   0.173571E+03   0.177319E+03   0.762593E+07   0.809316E+07   0.812788E+07   0.809316E+07  -0.231887E+00   0.511186E+07   0.511128E+07   0.514865E+01
   0.413045E-01   0.736983E+07   0.732737E+07   0.130843E+03   0.131186E+03   0.684714E+07   0.732704E+07   0.736270E+07   0.732704E+07  -0.209934E+00   0.462920E+07   0.462868E+07   0.419042E+01
   0.454350E-01   0.672267E+07   0.668526E+07   0.331614E+03   0.986612E+02   0.618884E+07   0.667991E+07   0.671639E+07   0.667991E+07  -0.191391E+00   0.422144E+07   0.422099E+07   0.331568E+01
   0.495654E-01   0.621820E+07   0.618668E+07   0.257515E+03   0.765022E+02   0.567179E+07   0.617548E+07   0.621290E+07   0.617548E+07  -0.176938E+00   0.390362E+07   0.390323E+07   0.258672E+01
   0.536959E-01   0.581478E+07   0.578917E+07   0.205012E+03   0.608155E+02   0.525460E+07   0.577204E+07   0.581048E+07   0.577204E+07  -0.165378E+00   0.364945E+07   0.364913E+07   0.200639E+01
   0.578264E-01   0.547598E+07   0.545557E+07   0.166330E+03   0.492687E+02   0.490213E+07   0.543311E+07   0.547255E+07   0.543311E+07  -0.155667E+00   0.343593E+07   0.343566E+07   0.156921E+01
   0.619568E-01   0.517622E+07   0.515982E+07   0.136840E+03   0.404749E+02   0.459010E+07   0.513312E+07   0.517347E+07   0.513312E+07  -0.147072E+00   0.324693E+07   0.324670E+07   0.126183E+01
   0.660873E-01   0.489212E+07   0.487828E+07   0.113565E+03   0.335418E+02   0.429690E+07   0.484880E+07   0.488980E+07   0.484880E+07  -0.138925E+00   0.306774E+07   0.306753E+07   0.106246E+01
   0.702177E-01   0.460978E+07   0.459710E+07   0.946997E+02   0.279294E+02   0.400989E+07   0.456631E+07   0.460765E+07   0.456631E+07  -0.130831E+00   0.288964E+07   0.288944E+07   0.945380E+00
   0.743482E-01   0.432892E+07   0.431622E+07   0.792434E+02   0.233372E+02   0.372904E+07   0.428545E+07   0.432679E+07   0.428545E+07  -0.122784E+00   0.271248E+07   0.271228E+07   0.884562E+00
   0.784786E-01   0.404511E+07   0.403159E+07   0.663890E+02   0.195235E+02   0.345052E+07   0.400188E+07   0.404284E+07   0.400188E+07  -0.114659E+00   0.253351E+07   0.253331E+07   0.854104E+00
   0.826091E-01   0.377032E+07   0.375565E+07   0.557864E+02   0.163820E+02   0.318457E+07   0.372752E+07   0.376786E+07   0.372752E+07  -0.106798E+00   0.236031E+07   0.236010E+07   0.834300E+00
   0.867395E-01   0.351309E+07   0.349734E+07   0.470973E+02   0.138107E+02   0.293808E+07   0.347086E+07   0.351044E+07   0.347086E+07  -0.994446E-01   0.219824E+07   0.219803E+07   0.810414E+00
   0.918936E-01   0.322733E+07   0.321083E+07   0.384986E+02   0.112691E+02   0.266595E+07   0.318593E+07   0.322456E+07   0.318593E+07  -0.912808E-01   0.201828E+07   0.201808E+07   0.762454E+00
   0.970477E-01   0.298949E+07   0.297322E+07   0.319520E+02   0.934889E+01   0.243925E+07   0.294889E+07   0.298676E+07   0.294889E+07  -0.844895E-01   0.186859E+07   0.186839E+07   0.691053E+00
   0.102202E+00   0.280276E+07   0.278770E+07   0.269824E+02   0.788286E+01   0.225904E+07   0.276281E+07   0.280023E+07   0.276281E+07  -0.791577E-01   0.175110E+07   0.175091E+07   0.602442E+00
   0.107356E+00   0.266072E+07   0.264756E+07   0.231657E+02   0.673940E+01   0.211856E+07   0.262117E+07   0.265851E+07   0.262117E+07  -0.750998E-01   0.166173E+07   0.166157E+07   0.508161E+00
   0.112510E+00   0.254900E+07   0.253800E+07   0.201873E+02   0.586420E+01   0.200506E+07   0.250966E+07   0.254715E+07   0.250966E+07  -0.719049E-01   0.159141E+07   0.159127E+07   0.420349E+00
   0.117664E+00   0.245143E+07   0.244241E+07   0.177226E+02   0.513211E+01   0.190503E+07   0.241223E+07   0.244991E+07   0.241223E+07  -0.691133E-01   0.152999E+07   0.152987E+07   0.348376E+00
   0.122818E+00   0.235525E+07   0.234769E+07   0.156283E+02   0.452960E+01   0.180816E+07   0.231624E+07   0.235398E+07   0.231624E+07  -0.663629E-01   0.146944E+07   0.146933E+07   0.296991E+00
   0.127972E+00   0.225301E+07   0.224621E+07   0.137425E+02   0.396734E+01   0.170870E+07   0.221430E+07   0.225187E+07   0.221430E+07  -0.634424E-01   0.140510E+07   0.140500E+07   0.265961E+00
   0.133126E+00   0.214260E+07   0.213591E+07   0.120653E+02   0.347888E+01   0.160522E+07   0.210439E+07   0.214148E+07   0.210439E+07  -0.602933E-01   0.133566E+07   0.133556E+07   0.251052E+00
   0.138280E+00   0.202651E+07   0.201948E+07   0.105644E+02   0.304083E+01   0.149977E+07   0.198899E+07   0.202533E+07   0.198899E+07  -0.569868E-01   0.126270E+07   0.126260E+07   0.245834E+00
   0.143435E+00   0.191022E+07   0.190265E+07   0.924488E+01   0.265684E+01   0.139651E+07   0.187351E+07   0.190895E+07   0.187351E+07  -0.536783E-01   0.118966E+07   0.118955E+07   0.243655E+00
   0.148589E+00   0.180041E+07   0.179238E+07   0.811561E+01   0.233242E+01   0.130024E+07   0.176457E+07   0.179906E+07   0.176457E+07  -0.505569E-01   0.112073E+07   0.112062E+07   0.239249E+00
   0.153743E+00   0.170326E+07   0.169503E+07   0.715867E+01   0.205059E+01   0.121520E+07   0.166822E+07   0.170188E+07   0.166822E+07  -0.477964E-01   0.105977E+07   0.105966E+07   0.229653E+00
   0.158897E+00   0.162244E+07   0.161439E+07   0.638100E+01   0.182769E+01   0.114362E+07   0.158807E+07   0.162109E+07   0.158807E+07  -0.455000E-01   0.100907E+07   0.100897E+07   0.214333E+00
   0.164051E+00   0.155778E+07   0.155023E+07   0.574034E+01   0.164038E+01   0.108491E+07   0.152390E+07   0.155651E+07   0.152390E+07  -0.436613E-01   0.968500E+06   0.968404E+06   0.194689E+00
   0.169205E+00   0.150580E+07   0.149899E+07   0.520963E+01   0.148541E+01   0.103624E+07   0.147226E+07   0.150466E+07   0.147226E+07  -0.421820E-01   0.935883E+06   0.935795E+06   0.173242E+00
   0.174359E+00   0.146177E+07   0.145577E+07   0.475817E+01   0.135443E+01   0.994022E+06   0.142849E+07   0.146077E+07   0.142849E+07  -0.409278E-01   0.908244E+06   0.908164E+06   0.152759E+00
   0.179513E+00   0.142104E+07   0.141576E+07   0.436012E+01   0.123942E+01   0.954902E+06   0.138798E+07   0.142015E+07   0.138798E+07  -0.397671E-01   0.882670E+06   0.882597E+06   0.135477E+00
   0.184667E+00   0.137954E+07   0.137479E+07   0.399705E+01   0.113513E+01   0.916026E+06   0.134674E+07   0.137874E+07   0.134674E+07  -0.385857E-01   0.856624E+06   0.856556E+06   0.122603E+00
   0.189821E+00   0.133454E+07   0.133007E+07   0.365635E+01   0.103698E+01   0.875689E+06   0.130211E+07   0.133379E+07   0.130211E+07  -0.373069E-01   0.828401E+06   0.828336E+06   0.114201E+00
   0.194975E+00   0.128553E+07   0.128111E+07   0.333353E+01   0.942862E+00   0.833579E+06   0.125358E+07   0.128478E+07   0.125358E+07  -0.359165E-01   0.797688E+06   0.797624E+06   0.109419E+00
   0.200130E+00   0.123415E+07   0.122963E+07   0.303577E+01   0.858169E+00   0.790839E+06   0.120279E+07   0.123339E+07   0.120279E+07  -0.344612E-01   0.765518E+06   0.765454E+06   0.106870E+00
   0.205284E+00   0.118297E+07   0.117829E+07   0.276146E+01   0.778428E+00   0.749136E+06   0.115224E+07   0.118219E+07   0.115224E+07  -0.330129E-01   0.733490E+06   0.733425E+06   0.105050E+00
   0.210438E+00   0.113443E+07   0.112962E+07   0.251915E+01   0.710199E+00   0.709983E+06   0.110432E+07   0.113362E+07   0.110432E+07  -0.316401E-01   0.703125E+06   0.703060E+06   0.102706E+00
   0.215592E+00   0.109046E+07   0.108562E+07   0.230419E+01   0.648085E+00   0.674515E+06   0.106094E+07   0.108965E+07   0.106094E+07  -0.303972E-01   0.675634E+06   0.675570E+06   0.990909E-01
   0.220746E+00   0.105229E+07   0.104754E+07   0.211869E+01   0.594822E+00   0.643360E+06   0.102327E+07   0.105149E+07   0.102327E+07  -0.293178E-01   0.651766E+06   0.651704E+06   0.940389E-01
   0.225900E+00   0.102000E+07   0.101547E+07   0.195919E+01   0.549147E+00   0.616434E+06   0.991382E+06   0.101924E+07   0.991382E+06  -0.284042E-01   0.631575E+06   0.631515E+06   0.878711E-01
   0.231054E+00   0.992524E+06   0.988290E+06   0.182068E+01   0.509513E+00   0.592958E+06   0.964230E+06   0.991813E+06   0.964230E+06  -0.276263E-01   0.614390E+06   0.614334E+06   0.812024E-01
   0.236208E+00   0.968141E+06   0.964230E+06   0.169843E+01   0.474994E+00   0.571799E+06   0.940120E+06   0.967484E+06   0.940120E+06  -0.269355E-01   0.599137E+06   0.599084E+06   0.747272E-01
   0.241362E+00   0.945072E+06   0.941456E+06   0.158668E+01   0.443161E+00   0.551839E+06   0.917312E+06   0.944465E+06   0.917312E+06  -0.262820E-01   0.584707E+06   0.584657E+06   0.690314E-01
   0.246516E+00   0.921844E+06   0.918455E+06   0.148219E+01   0.413218E+00   0.532188E+06   0.894367E+06   0.921275E+06   0.894367E+06  -0.256246E-01   0.570182E+06   0.570135E+06   0.644621E-01
   0.251670E+00   0.897530E+06   0.894283E+06   0.138348E+01   0.385171E+00   0.512311E+06   0.870382E+06   0.896985E+06   0.870382E+06  -0.249374E-01   0.554989E+06   0.554943E+06   0.610828E-01
   0.256825E+00   0.871931E+06   0.868745E+06   0.128989E+01   0.358858E+00   0.492108E+06   0.845166E+06   0.871396E+06   0.845166E+06  -0.242149E-01   0.539004E+06   0.538959E+06   0.587097E-01
   0.261979E+00   0.845550E+06   0.842367E+06   0.120103E+01   0.333597E+00   0.471879E+06   0.819211E+06   0.845016E+06   0.819211E+06  -0.234713E-01   0.522541E+06   0.522496E+06   0.570032E-01
   0.267133E+00   0.819278E+06   0.816071E+06   0.111820E+01   0.310088E+00   0.452123E+06   0.793386E+06   0.818739E+06   0.793386E+06  -0.227314E-01   0.506154E+06   0.506110E+06   0.555752E-01
   0.272287E+00   0.794034E+06   0.790810E+06   0.104226E+01   0.288633E+00   0.433336E+06   0.768586E+06   0.793493E+06   0.768586E+06  -0.220208E-01   0.490415E+06   0.490371E+06   0.540872E-01
   0.277441E+00   0.770558E+06   0.767348E+06   0.973513E+00   0.269291E+00   0.415890E+06   0.745529E+06   0.770019E+06   0.745529E+06  -0.213602E-01   0.475782E+06   0.475738E+06   0.523191E-01
   0.282595E+00   0.749295E+06   0.746141E+06   0.911811E+00   0.251949E+00   0.399985E+06   0.724645E+06   0.748765E+06   0.724645E+06  -0.207619E-01   0.462529E+06   0.462487E+06   0.501984E-01
   0.287749E+00   0.730313E+06   0.727258E+06   0.856425E+00   0.236268E+00   0.385611E+06   0.705997E+06   0.729800E+06   0.705997E+06  -0.202276E-01   0.450699E+06   0.450658E+06   0.477860E-01
   0.292903E+00   0.713298E+06   0.710372E+06   0.806532E+00   0.222090E+00   0.372555E+06   0.689276E+06   0.712807E+06   0.689276E+06  -0.197485E-01   0.440095E+06   0.440055E+06   0.452325E-01
   0.298057E+00   0.697676E+06   0.694890E+06   0.761604E+00   0.209685E+00   0.360480E+06   0.673922E+06   0.697208E+06   0.673922E+06  -0.193086E-01   0.430358E+06   0.430320E+06   0.427214E-01
   0.303211E+00   0.682796E+06   0.680143E+06   0.719613E+00   0.197789E+00   0.349021E+06   0.659299E+06   0.682351E+06   0.659299E+06  -0.188896E-01   0.421085E+06   0.421049E+06   0.404171E-01
   0.308365E+00   0.668103E+06   0.665561E+06   0.680391E+00   0.186831E+00   0.337879E+06   0.644869E+06   0.667676E+06   0.644869E+06  -0.184762E-01   0.411932E+06   0.411897E+06   0.384271E-01
   0.313520E+00   0.653245E+06   0.650785E+06   0.642817E+00   0.176075E+00   0.326870E+06   0.630290E+06   0.652832E+06   0.630290E+06  -0.180585E-01   0.402680E+06   0.402645E+06   0.367855E-01
   0.318674E+00   0.638113E+06   0.635705E+06   0.607658E+00   0.166458E+00   0.315937E+06   0.615456E+06   0.637709E+06   0.615456E+06  -0.176335E-01   0.393262E+06   0.393228E+06   0.354575E-01
   0.323828E+00   0.622820E+06   0.620442E+06   0.573910E+00   0.156980E+00   0.305135E+06   0.600478E+06   0.622420E+06   0.600478E+06  -0.172043E-01   0.383747E+06   0.383714E+06   0.343591E-01
   0.328982E+00   0.607630E+06   0.605270E+06   0.541974E+00   0.147950E+00   0.294591E+06   0.585613E+06   0.607234E+06   0.585613E+06  -0.167784E-01   0.374302E+06   0.374269E+06   0.333853E-01
   0.334136E+00   0.592871E+06   0.590527E+06   0.512268E+00   0.139669E+00   0.284458E+06   0.571176E+06   0.592477E+06   0.571176E+06  -0.163648E-01   0.365126E+06   0.365094E+06   0.324380E-01
   0.339290E+00   0.578834E+06   0.576515E+06   0.484771E+00   0.132040E+00   0.274863E+06   0.557450E+06   0.578445E+06   0.557450E+06  -0.159716E-01   0.356403E+06   0.356371E+06   0.314476E-01
   0.344444E+00   0.565704E+06   0.563423E+06   0.459445E+00   0.125027E+00   0.265878E+06   0.544613E+06   0.565321E+06   0.544613E+06  -0.156038E-01   0.348244E+06   0.348213E+06   0.303828E-01
   0.349598E+00   0.553514E+06   0.551285E+06   0.436187E+00   0.118617E+00   0.257502E+06   0.532695E+06   0.553140E+06   0.532695E+06  -0.152623E-01   0.340670E+06   0.340639E+06   0.292494E-01
   0.354752E+00   0.542167E+06   0.540001E+06   0.414664E+00   0.112636E+00   0.249673E+06   0.521601E+06   0.541804E+06   0.521601E+06  -0.149444E-01   0.333621E+06   0.333591E+06   0.280814E-01
   0.359906E+00   0.531486E+06   0.529388E+06   0.394614E+00   0.107010E+00   0.242294E+06   0.511159E+06   0.531134E+06   0.511159E+06  -0.146453E-01   0.326986E+06   0.326956E+06   0.269269E-01
   0.365060E+00   0.521264E+06   0.519233E+06   0.376021E+00   0.101909E+00   0.235258E+06   0.501167E+06   0.520923E+06   0.501167E+06  -0.143590E-01   0.320637E+06   0.320608E+06   0.258335E-01
   0.370215E+00   0.511304E+06   0.509333E+06   0.358317E+00   0.969247E-01   0.228468E+06   0.491436E+06   0.510973E+06   0.491436E+06  -0.140802E-01   0.314452E+06   0.314424E+06   0.248358E-01
   0.375369E+00   0.501450E+06   0.499530E+06   0.341683E+00   0.923661E-01   0.221849E+06   0.481814E+06   0.501128E+06   0.481814E+06  -0.138045E-01   0.308335E+06   0.308308E+06   0.239490E-01
   0.380523E+00   0.491620E+06   0.489740E+06   0.325794E+00   0.879846E-01   0.215360E+06   0.472221E+06   0.491305E+06   0.472221E+06  -0.135297E-01   0.302235E+06   0.302208E+06   0.231682E-01
   0.385677E+00   0.481828E+06   0.479979E+06   0.310627E+00   0.837845E-01   0.209005E+06   0.462672E+06   0.481518E+06   0.462672E+06  -0.132561E-01   0.296160E+06   0.296134E+06   0.224735E-01
   0.390831E+00   0.472158E+06   0.470334E+06   0.296247E+00   0.798215E-01   0.202816E+06   0.453246E+06   0.471852E+06   0.453246E+06  -0.129860E-01   0.290163E+06   0.290137E+06   0.218371E-01
   0.395985E+00   0.462721E+06   0.460920E+06   0.282627E+00   0.760502E-01   0.196837E+06   0.444052E+06   0.462419E+06   0.444052E+06  -0.127226E-01   0.284312E+06   0.284287E+06   0.212302E-01
   0.401139E+00   0.453610E+06   0.451832E+06   0.269888E+00   0.725839E-01   0.191102E+06   0.435178E+06   0.453311E+06   0.435178E+06  -0.124683E-01   0.278664E+06   0.278639E+06   0.206297E-01
   0.406293E+00   0.444880E+06   0.443131E+06   0.257836E+00   0.692405E-01   0.185628E+06   0.426678E+06   0.444587E+06   0.426678E+06  -0.122248E-01   0.273254E+06   0.273229E+06   0.200220E-01
   0.411447E+00   0.436561E+06   0.434844E+06   0.246645E+00   0.662144E-01   0.180422E+06   0.418579E+06   0.436273E+06   0.418579E+06  -0.119927E-01   0.268098E+06   0.268074E+06   0.194047E-01
   0.416601E+00   0.428648E+06   0.426967E+06   0.236069E+00   0.632935E-01   0.175473E+06   0.410877E+06   0.428366E+06   0.410877E+06  -0.117721E-01   0.263196E+06   0.263173E+06   0.187844E-01
   0.421755E+00   0.421095E+06   0.419451E+06   0.226141E+00   0.605594E-01   0.170756E+06   0.403525E+06   0.420819E+06   0.403525E+06  -0.115614E-01   0.258517E+06   0.258494E+06   0.181733E-01
   0.426910E+00   0.413815E+06   0.412210E+06   0.216765E+00   0.579763E-01   0.166231E+06   0.396442E+06   0.413546E+06   0.396442E+06  -0.113585E-01   0.254008E+06   0.253986E+06   0.175841E-01
   0.432064E+00   0.406728E+06   0.405159E+06   0.207966E+00   0.556214E-01   0.161860E+06   0.389549E+06   0.406465E+06   0.389549E+06  -0.111610E-01   0.249619E+06   0.249597E+06   0.170273E-01
   0.437218E+00   0.399783E+06   0.398246E+06   0.199524E+00   0.533121E-01   0.157620E+06   0.382796E+06   0.399525E+06   0.382796E+06  -0.109675E-01   0.245319E+06   0.245298E+06   0.165094E-01
   0.442372E+00   0.392954E+06   0.391446E+06   0.191414E+00   0.510507E-01   0.153497E+06   0.376158E+06   0.392700E+06   0.376158E+06  -0.107773E-01   0.241092E+06   0.241071E+06   0.160311E-01
   0.447526E+00   0.386225E+06   0.384742E+06   0.183755E+00   0.489751E-01   0.149482E+06   0.369621E+06   0.385976E+06   0.369621E+06  -0.105900E-01   0.236928E+06   0.236907E+06   0.155881E-01
   0.452680E+00   0.379599E+06   0.378139E+06   0.176428E+00   0.469785E-01   0.145575E+06   0.363187E+06   0.379354E+06   0.363187E+06  -0.104057E-01   0.232829E+06   0.232808E+06   0.151726E-01
   0.457834E+00   0.373104E+06   0.371665E+06   0.169459E+00   0.450924E-01   0.141782E+06   0.356881E+06   0.372862E+06   0.356881E+06  -0.102250E-01   0.228811E+06   0.228790E+06   0.147763E-01
   0.462988E+00   0.366781E+06   0.365362E+06   0.162817E+00   0.432818E-01   0.138118E+06   0.350746E+06   0.366543E+06   0.350746E+06  -0.100492E-01   0.224900E+06   0.224880E+06   0.143918E-01
   0.468142E+00   0.360660E+06   0.359263E+06   0.156521E+00   0.415712E-01   0.134590E+06   0.344808E+06   0.360426E+06   0.344808E+06  -0.987912E-02   0.221116E+06   0.221096E+06   0.140140E-01
   0.473296E+00   0.354749E+06   0.353374E+06   0.150522E+00   0.399206E-01   0.131198E+06   0.339074E+06   0.354518E+06   0.339074E+06  -0.971483E-02   0.217461E+06   0.217442E+06   0.136405E-01
   0.478450E+00   0.349037E+06   0.347685E+06   0.144897E+00   0.384231E-01   0.127935E+06   0.333535E+06   0.348810E+06   0.333535E+06  -0.955614E-02   0.213931E+06   0.213911E+06   0.132715E-01
   0.483605E+00   0.343513E+06   0.342186E+06   0.139505E+00   0.369512E-01   0.124793E+06   0.328180E+06   0.343290E+06   0.328180E+06  -0.940271E-02   0.210517E+06   0.210498E+06   0.129096E-01
   0.488759E+00   0.338162E+06   0.336859E+06   0.134384E+00   0.355585E-01   0.121765E+06   0.322993E+06   0.337943E+06   0.322993E+06  -0.925410E-02   0.207210E+06   0.207192E+06   0.125582E-01
   0.493913E+00   0.332958E+06   0.331679E+06   0.129530E+00   0.342577E-01   0.118838E+06   0.317951E+06   0.332744E+06   0.317951E+06  -0.910963E-02   0.203995E+06   0.203977E+06   0.122205E-01
   0.499067E+00   0.327873E+06   0.326615E+06   0.124888E+00   0.330107E-01   0.116000E+06   0.313024E+06   0.327662E+06   0.313024E+06  -0.896848E-02   0.200854E+06   0.200836E+06   0.118984E-01
   0.504221E+00   0.322884E+06   0.321648E+06   0.120420E+00   0.317928E-01   0.113242E+06   0.308193E+06   0.322677E+06   0.308193E+06  -0.883006E-02   0.197773E+06   0.197755E+06   0.115926E-01
   0.509375E+00   0.317987E+06   0.316770E+06   0.116163E+00   0.306473E-01   0.110558E+06   0.303451E+06   0.317782E+06   0.303451E+06  -0.869421E-02   0.194748E+06   0.194731E+06   0.113025E-01
   0.514529E+00   0.313184E+06   0.311985E+06   0.112071E+00   0.295363E-01   0.107950E+06   0.298803E+06   0.312983E+06   0.298803E+06  -0.856104E-02   0.191783E+06   0.191766E+06   0.110262E-01
   0.519683E+00   0.308481E+06   0.307299E+06   0.108166E+00   0.284855E-01   0.105417E+06   0.294253E+06   0.308282E+06   0.294253E+06  -0.843067E-02   0.188880E+06   0.188863E+06   0.107614E-01
   0.524837E+00   0.303880E+06   0.302715E+06   0.104420E+00   0.274711E-01   0.102959E+06   0.289803E+06   0.303685E+06   0.289803E+06  -0.830317E-02   0.186040E+06   0.186024E+06   0.105054E-01
   0.529991E+00   0.299389E+06   0.298240E+06   0.100848E+00   0.265122E-01   0.100575E+06   0.285460E+06   0.299196E+06   0.285460E+06  -0.817874E-02   0.183269E+06   0.183253E+06   0.102563E-01
   0.535145E+00   0.295015E+06   0.293883E+06   0.974149E-01   0.255780E-01   0.982681E+05   0.281232E+06   0.294825E+06   0.281232E+06  -0.805760E-02   0.180570E+06   0.180554E+06   0.100129E-01
   0.540300E+00   0.290763E+06   0.289648E+06   0.941653E-01   0.247161E-01   0.960367E+05   0.277122E+06   0.290575E+06   0.277122E+06  -0.793984E-02   0.177947E+06   0.177931E+06   0.977500E-02
   0.545454E+00   0.286625E+06   0.285527E+06   0.910548E-01   0.238893E-01   0.938772E+05   0.273123E+06   0.286440E+06   0.273123E+06  -0.782528E-02   0.175395E+06   0.175379E+06   0.954264E-02
   0.550608E+00   0.282590E+06   0.281509E+06   0.880664E-01   0.230875E-01   0.917842E+05   0.269226E+06   0.282409E+06   0.269226E+06  -0.771361E-02   0.172907E+06   0.172891E+06   0.931642E-02
   0.555762E+00   0.278650E+06   0.277585E+06   0.852018E-01   0.223186E-01   0.897535E+05   0.265420E+06   0.278471E+06   0.265420E+06  -0.760458E-02   0.170477E+06   0.170462E+06   0.909714E-02
   0.560916E+00   0.274800E+06   0.273751E+06   0.824562E-01   0.215831E-01   0.877822E+05   0.261702E+06   0.274623E+06   0.261702E+06  -0.749805E-02   0.168103E+06   0.168088E+06   0.888549E-02
   0.566070E+00   0.271032E+06   0.269999E+06   0.798214E-01   0.208775E-01   0.858668E+05   0.258065E+06   0.270858E+06   0.258065E+06  -0.739384E-02   0.165781E+06   0.165766E+06   0.868179E-02
   0.571224E+00   0.267338E+06   0.266320E+06   0.772901E-01   0.201999E-01   0.840035E+05   0.254501E+06   0.267167E+06   0.254501E+06  -0.729171E-02   0.163504E+06   0.163490E+06   0.848586E-02
   0.576378E+00   0.263714E+06   0.262709E+06   0.748582E-01   0.195505E-01   0.821894E+05   0.251003E+06   0.263545E+06   0.251003E+06  -0.719151E-02   0.161271E+06   0.161256E+06   0.829719E-02
   0.581532E+00   0.260159E+06   0.259168E+06   0.725188E-01   0.189251E-01   0.804238E+05   0.247574E+06   0.259992E+06   0.247574E+06  -0.709326E-02   0.159080E+06   0.159066E+06   0.811511E-02
   0.586686E+00   0.256678E+06   0.255700E+06   0.702688E-01   0.183224E-01   0.787071E+05   0.244217E+06   0.256514E+06   0.244217E+06  -0.699709E-02   0.156936E+06   0.156922E+06   0.793891E-02
   0.591840E+00   0.253272E+06   0.252308E+06   0.681093E-01   0.177460E-01   0.770386E+05   0.240934E+06   0.253110E+06   0.240934E+06  -0.690302E-02   0.154838E+06   0.154824E+06   0.776787E-02
   0.596995E+00   0.249940E+06   0.248989E+06   0.660375E-01   0.171963E-01   0.754167E+05   0.237722E+06   0.249780E+06   0.237722E+06  -0.681099E-02   0.152786E+06   0.152772E+06   0.760136E-02
   0.602149E+00   0.246679E+06   0.245741E+06   0.640357E-01   0.166579E-01   0.738399E+05   0.234580E+06   0.246522E+06   0.234580E+06  -0.672096E-02   0.150778E+06   0.150764E+06   0.743901E-02
   0.607303E+00   0.243492E+06   0.242566E+06   0.621286E-01   0.161579E-01   0.723077E+05   0.231509E+06   0.243336E+06   0.231509E+06  -0.663297E-02   0.148815E+06   0.148802E+06   0.728076E-02
   0.612457E+00   0.240377E+06   0.239463E+06   0.602790E-01   0.156612E-01   0.708191E+05   0.228508E+06   0.240223E+06   0.228508E+06  -0.654700E-02   0.146897E+06   0.146884E+06   0.712667E-02
   0.659749E+00   0.214533E+06   0.213722E+06   0.462333E-01   0.119447E-01   0.588657E+05   0.203641E+06   0.214397E+06   0.203641E+06  -0.583454E-02   0.130997E+06   0.130986E+06   0.590712E-02
   0.710693E+00   0.191347E+06   0.190626E+06   0.354358E-01   0.910093E-02   0.487802E+05   0.181375E+06   0.191226E+06   0.181375E+06  -0.519658E-02   0.116748E+06   0.116738E+06   0.489467E-02
   0.765571E+00   0.170596E+06   0.169957E+06   0.271525E-01   0.693394E-02   0.403095E+05   0.161486E+06   0.170489E+06   0.161486E+06  -0.462675E-02   0.104010E+06   0.104001E+06   0.405617E-02
   0.895965E+00   0.133576E+06   0.133080E+06   0.154424E-01   0.390057E-02   0.266731E+05   0.126105E+06   0.133492E+06   0.126105E+06  -0.361305E-02   0.813226E+05   0.813153E+05   0.272431E-02
   0.125042E+01   0.790193E+05   0.787330E+05   0.464412E-02   0.114723E-02   0.106871E+05   0.742490E+05   0.789712E+05   0.742490E+05  -0.212731E-02   0.479898E+05   0.479854E+05   0.117521E-02
   0.174510E+01   0.463938E+05   0.462298E+05   0.225789E-02   0.120574E-02   0.407767E+04   0.434417E+05   0.463662E+05   0.434417E+05  -0.124470E-02   0.281281E+05   0.281254E+05   0.514303E-03
   0.243548E+01   0.270779E+05   0.269846E+05   0.106469E-02   0.749763E-03   0.148985E+04   0.252937E+05   0.270622E+05   0.252937E+05  -0.724714E-03   0.163978E+05   0.163961E+05   0.232830E-03
