#          k/h    CDM            baryon         photon         nu             mass_nu        total          no_nu          total_de       Weyl           v_CDM          v_b            v_b-v_c     
   0.105427E-04   0.187950E+08   0.187950E+08   0.250473E+08   0.250469E+08   0.187951E+08   0.187950E+08   0.187950E+08   0.188012E+08  -0.602722E+00   0.110436E+08   0.110436E+08   0.563148E+01
   0.116477E-04   0.187950E+08   0.187950E+08   0.250445E+08   0.250440E+08   0.187951E+08   0.187950E+08   0.187950E+08   0.188013E+08  -0.602724E+00   0.110436E+08   0.110436E+08   0.622156E+01
   0.128685E-04   0.187950E+08   0.187950E+08   0.250411E+08   0.250405E+08   0.187951E+08   0.187950E+08   0.187950E+08   0.188013E+08  -0.602727E+00   0.110437E+08   0.110437E+08   0.687341E+01
   0.142173E-04   0.187950E+08   0.187950E+08   0.250370E+08   0.250363E+08   0.187951E+08   0.187950E+08   0.187950E+08   0.188013E+08  -0.602731E+00   0.110438E+08   0.110438E+08   0.759351E+01
   0.157075E-04   0.187950E+08   0.187950E+08   0.250319E+08   0.250310E+08   0.187951E+08   0.187950E+08   0.187950E+08   0.188013E+08  -0.602735E+00   0.110439E+08   0.110439E+08   0.838896E+01
   0.173539E-04   0.187950E+08   0.187950E+08   0.250257E+08   0.250247E+08   0.187951E+08   0.187950E+08   0.187950E+08   0.188013E+08  -0.602740E+00   0.110440E+08   0.110440E+08   0.926763E+01
   0.191728E-04   0.187950E+08   0.187950E+08   0.250181E+08   0.250169E+08   0.187951E+08   0.187950E+08   0.187950E+08   0.188013E+08  -0.602747E+00   0.110442E+08   0.110442E+08   0.102382E+02
   0.211824E-04   0.187950E+08   0.187950E+08   0.250089E+08   0.250074E+08   0.187951E+08   0.187950E+08   0.187950E+08   0.188013E+08  -0.602754E+00   0.110444E+08   0.110444E+08   0.113102E+02
   0.234026E-04   0.187951E+08   0.187951E+08   0.249977E+08   0.249958E+08   0.187951E+08   0.187951E+08   0.187951E+08   0.188013E+08  -0.602764E+00   0.110446E+08   0.110446E+08   0.124941E+02
   0.258556E-04   0.187951E+08   0.187951E+08   0.249840E+08   0.249817E+08   0.187952E+08   0.187951E+08   0.187951E+08   0.188013E+08  -0.602775E+00   0.110449E+08   0.110449E+08   0.138017E+02
   0.285656E-04   0.187951E+08   0.187951E+08   0.249672E+08   0.249644E+08   0.187952E+08   0.187951E+08   0.187951E+08   0.188013E+08  -0.602789E+00   0.110453E+08   0.110453E+08   0.152455E+02
   0.315597E-04   0.187951E+08   0.187951E+08   0.249468E+08   0.249434E+08   0.187952E+08   0.187951E+08   0.187951E+08   0.188014E+08  -0.602807E+00   0.110457E+08   0.110457E+08   0.168398E+02
   0.348676E-04   0.187952E+08   0.187952E+08   0.249219E+08   0.249178E+08   0.187953E+08   0.187952E+08   0.187952E+08   0.188014E+08  -0.602828E+00   0.110462E+08   0.110462E+08   0.185999E+02
   0.385222E-04   0.187952E+08   0.187952E+08   0.248916E+08   0.248865E+08   0.187953E+08   0.187952E+08   0.187952E+08   0.188014E+08  -0.602853E+00   0.110469E+08   0.110468E+08   0.205427E+02
   0.425599E-04   0.187953E+08   0.187952E+08   0.248546E+08   0.248484E+08   0.187953E+08   0.187953E+08   0.187953E+08   0.188015E+08  -0.602884E+00   0.110476E+08   0.110476E+08   0.226868E+02
   0.470207E-04   0.187953E+08   0.187953E+08   0.248095E+08   0.248019E+08   0.187954E+08   0.187953E+08   0.187953E+08   0.188015E+08  -0.602922E+00   0.110486E+08   0.110486E+08   0.250526E+02
   0.519492E-04   0.187954E+08   0.187954E+08   0.247545E+08   0.247453E+08   0.187955E+08   0.187954E+08   0.187954E+08   0.188016E+08  -0.602969E+00   0.110498E+08   0.110498E+08   0.276620E+02
   0.573942E-04   0.187955E+08   0.187955E+08   0.246876E+08   0.246764E+08   0.187956E+08   0.187955E+08   0.187955E+08   0.188017E+08  -0.603025E+00   0.110512E+08   0.110512E+08   0.305393E+02
   0.634099E-04   0.187956E+08   0.187956E+08   0.246062E+08   0.245926E+08   0.187957E+08   0.187956E+08   0.187956E+08   0.188018E+08  -0.603095E+00   0.110529E+08   0.110529E+08   0.337105E+02
   0.700562E-04   0.187958E+08   0.187957E+08   0.245071E+08   0.244905E+08   0.187958E+08   0.187958E+08   0.187958E+08   0.188019E+08  -0.603179E+00   0.110550E+08   0.110550E+08   0.372037E+02
   0.773991E-04   0.187959E+08   0.187959E+08   0.243867E+08   0.243666E+08   0.187960E+08   0.187959E+08   0.187959E+08   0.188020E+08  -0.603282E+00   0.110576E+08   0.110576E+08   0.410492E+02
   0.855116E-04   0.187962E+08   0.187961E+08   0.242405E+08   0.242160E+08   0.187962E+08   0.187962E+08   0.187961E+08   0.188022E+08  -0.603407E+00   0.110607E+08   0.110607E+08   0.452791E+02
   0.944745E-04   0.187964E+08   0.187964E+08   0.240632E+08   0.240335E+08   0.187965E+08   0.187964E+08   0.187964E+08   0.188024E+08  -0.603559E+00   0.110646E+08   0.110646E+08   0.499273E+02
   0.104377E-03   0.187967E+08   0.187967E+08   0.238484E+08   0.238124E+08   0.187968E+08   0.187967E+08   0.187967E+08   0.188027E+08  -0.603745E+00   0.110692E+08   0.110692E+08   0.550291E+02
   0.115317E-03   0.187971E+08   0.187971E+08   0.235887E+08   0.235452E+08   0.187972E+08   0.187971E+08   0.187971E+08   0.188030E+08  -0.603971E+00   0.110749E+08   0.110749E+08   0.606204E+02
   0.127404E-03   0.187976E+08   0.187975E+08   0.232753E+08   0.232228E+08   0.187977E+08   0.187976E+08   0.187976E+08   0.188034E+08  -0.604246E+00   0.110818E+08   0.110818E+08   0.667374E+02
   0.140757E-03   0.187982E+08   0.187981E+08   0.228982E+08   0.228349E+08   0.187983E+08   0.187982E+08   0.187982E+08   0.188039E+08  -0.604581E+00   0.110902E+08   0.110902E+08   0.734149E+02
   0.155511E-03   0.187989E+08   0.187988E+08   0.224458E+08   0.223698E+08   0.187990E+08   0.187989E+08   0.187989E+08   0.188045E+08  -0.604988E+00   0.111004E+08   0.111003E+08   0.806845E+02
   0.171811E-03   0.187999E+08   0.187997E+08   0.219051E+08   0.218141E+08   0.187999E+08   0.187998E+08   0.187998E+08   0.188053E+08  -0.605481E+00   0.111128E+08   0.111127E+08   0.885726E+02
   0.189819E-03   0.188010E+08   0.188008E+08   0.212620E+08   0.211536E+08   0.188010E+08   0.188009E+08   0.188009E+08   0.188062E+08  -0.606079E+00   0.111278E+08   0.111277E+08   0.970972E+02
   0.209715E-03   0.188023E+08   0.188021E+08   0.205015E+08   0.203730E+08   0.188023E+08   0.188023E+08   0.188023E+08   0.188074E+08  -0.606802E+00   0.111459E+08   0.111458E+08   0.106264E+03
   0.231696E-03   0.188041E+08   0.188038E+08   0.196085E+08   0.194574E+08   0.188040E+08   0.188040E+08   0.188040E+08   0.188089E+08  -0.607675E+00   0.111678E+08   0.111677E+08   0.116059E+03
   0.255981E-03   0.188062E+08   0.188058E+08   0.185694E+08   0.183929E+08   0.188061E+08   0.188061E+08   0.188061E+08   0.188107E+08  -0.608728E+00   0.111942E+08   0.111941E+08   0.126447E+03
   0.282811E-03   0.188088E+08   0.188084E+08   0.173731E+08   0.171691E+08   0.188087E+08   0.188088E+08   0.188088E+08   0.188131E+08  -0.609992E+00   0.112259E+08   0.112258E+08   0.137358E+03
   0.312454E-03   0.188121E+08   0.188116E+08   0.160144E+08   0.157816E+08   0.188120E+08   0.188121E+08   0.188121E+08   0.188160E+08  -0.611506E+00   0.112639E+08   0.112638E+08   0.148682E+03
   0.345203E-03   0.188163E+08   0.188157E+08   0.144970E+08   0.142354E+08   0.188161E+08   0.188162E+08   0.188162E+08   0.188198E+08  -0.613311E+00   0.113092E+08   0.113090E+08   0.160259E+03
   0.381386E-03   0.188216E+08   0.188208E+08   0.128373E+08   0.125490E+08   0.188213E+08   0.188214E+08   0.188214E+08   0.188246E+08  -0.615450E+00   0.113629E+08   0.113627E+08   0.171869E+03
   0.421360E-03   0.188282E+08   0.188273E+08   0.110692E+08   0.107591E+08   0.188278E+08   0.188280E+08   0.188280E+08   0.188308E+08  -0.617972E+00   0.114262E+08   0.114260E+08   0.183223E+03
   0.465525E-03   0.188366E+08   0.188356E+08   0.924725E+07   0.892367E+07   0.188362E+08   0.188364E+08   0.188364E+08   0.188387E+08  -0.620920E+00   0.115002E+08   0.115000E+08   0.193967E+03
   0.514318E-03   0.188474E+08   0.188461E+08   0.744761E+07   0.712289E+07   0.188468E+08   0.188471E+08   0.188472E+08   0.188490E+08  -0.624334E+00   0.115860E+08   0.115857E+08   0.203679E+03
   0.568226E-03   0.188611E+08   0.188596E+08   0.576459E+07   0.545468E+07   0.188603E+08   0.188608E+08   0.188608E+08   0.188622E+08  -0.628243E+00   0.116843E+08   0.116840E+08   0.211892E+03
   0.627784E-03   0.188786E+08   0.188769E+08   0.429905E+07   0.402215E+07   0.188776E+08   0.188782E+08   0.188783E+08   0.188793E+08  -0.632655E+00   0.117954E+08   0.117950E+08   0.218126E+03
   0.693585E-03   0.189009E+08   0.188989E+08   0.313782E+07   0.291145E+07   0.188998E+08   0.189005E+08   0.189005E+08   0.189013E+08  -0.637551E+00   0.119189E+08   0.119184E+08   0.221934E+03
   0.766283E-03   0.189293E+08   0.189270E+08   0.232573E+07   0.216244E+07   0.189279E+08   0.189288E+08   0.189289E+08   0.189294E+08  -0.642874E+00   0.120535E+08   0.120529E+08   0.222963E+03
   0.846600E-03   0.189651E+08   0.189626E+08   0.183926E+07   0.174180E+07   0.189634E+08   0.189646E+08   0.189647E+08   0.189651E+08  -0.648522E+00   0.121967E+08   0.121961E+08   0.221010E+03
   0.935336E-03   0.190100E+08   0.190072E+08   0.157865E+07   0.153691E+07   0.190079E+08   0.190095E+08   0.190096E+08   0.190098E+08  -0.654343E+00   0.123449E+08   0.123443E+08   0.216061E+03
   0.103337E-02   0.190655E+08   0.190624E+08   0.139823E+07   0.139090E+07   0.190629E+08   0.190648E+08   0.190650E+08   0.190652E+08  -0.660148E+00   0.124935E+08   0.124929E+08   0.208284E+03
   0.114168E-02   0.191327E+08   0.191294E+08   0.117861E+07   0.118129E+07   0.191295E+08   0.191320E+08   0.191321E+08   0.191323E+08  -0.665732E+00   0.126373E+08   0.126366E+08   0.197989E+03
   0.126135E-02   0.192123E+08   0.192088E+08   0.903458E+06   0.900572E+06   0.192084E+08   0.192115E+08   0.192117E+08   0.192117E+08  -0.670911E+00   0.127715E+08   0.127708E+08   0.185574E+03
   0.139356E-02   0.193040E+08   0.193003E+08   0.663448E+06   0.655646E+06   0.192992E+08   0.193031E+08   0.193034E+08   0.193033E+08  -0.675569E+00   0.128929E+08   0.128922E+08   0.171508E+03
   0.153962E-02   0.194063E+08   0.194025E+08   0.542230E+06   0.541485E+06   0.194004E+08   0.194053E+08   0.194056E+08   0.194054E+08  -0.679694E+00   0.130004E+08   0.129997E+08   0.156391E+03
   0.170100E-02   0.195162E+08   0.195123E+08   0.490351E+06   0.342023E+06   0.195090E+08   0.195151E+08   0.195156E+08   0.195152E+08  -0.683371E+00   0.130958E+08   0.130951E+08   0.140982E+03
   0.187928E-02   0.196300E+08   0.196261E+08   0.393862E+06   0.302658E+06   0.196212E+08   0.196288E+08   0.196293E+08   0.196288E+08  -0.686729E+00   0.131820E+08   0.131813E+08   0.126115E+03
   0.207626E-02   0.197434E+08   0.197395E+08   0.279769E+06   0.265006E+06   0.197327E+08   0.197421E+08   0.197428E+08   0.197421E+08  -0.689857E+00   0.132616E+08   0.132609E+08   0.112497E+03
   0.229388E-02   0.198528E+08   0.198488E+08   0.245382E+06   0.229254E+06   0.198397E+08   0.198513E+08   0.198521E+08   0.198513E+08  -0.692747E+00   0.133350E+08   0.133343E+08   0.100593E+03
   0.253431E-02   0.199548E+08   0.199508E+08   0.215901E+06   0.196541E+06   0.199390E+08   0.199531E+08   0.199542E+08   0.199532E+08  -0.695325E+00   0.134009E+08   0.134002E+08   0.906023E+02
   0.279995E-02   0.200467E+08   0.200425E+08   0.159069E+06   0.167492E+06   0.200274E+08   0.200447E+08   0.200460E+08   0.200447E+08  -0.697527E+00   0.134581E+08   0.134574E+08   0.823290E+02
   0.309342E-02   0.201253E+08   0.201209E+08   0.144422E+06   0.141902E+06   0.201019E+08   0.201230E+08   0.201245E+08   0.201230E+08  -0.699311E+00   0.135059E+08   0.135052E+08   0.752271E+02
   0.341765E-02   0.201874E+08   0.201827E+08   0.107705E+06   0.119436E+06   0.201592E+08   0.201847E+08   0.201866E+08   0.201847E+08  -0.700606E+00   0.135430E+08   0.135423E+08   0.687096E+02
   0.377587E-02   0.202298E+08   0.202248E+08   0.928856E+05   0.999775E+05   0.201957E+08   0.202267E+08   0.202290E+08   0.202267E+08  -0.701299E+00   0.135675E+08   0.135668E+08   0.624132E+02
   0.417164E-02   0.202492E+08   0.202439E+08   0.699220E+05   0.833109E+05   0.202081E+08   0.202455E+08   0.202483E+08   0.202456E+08  -0.701283E+00   0.135772E+08   0.135765E+08   0.564073E+02
   0.460889E-02   0.202421E+08   0.202364E+08   0.620591E+05   0.691153E+05   0.201928E+08   0.202378E+08   0.202412E+08   0.202379E+08  -0.700437E+00   0.135698E+08   0.135691E+08   0.509859E+02
   0.509196E-02   0.202049E+08   0.201987E+08   0.533743E+05   0.571134E+05   0.201458E+08   0.201999E+08   0.202039E+08   0.201999E+08  -0.698627E+00   0.135429E+08   0.135422E+08   0.462808E+02
   0.562567E-02   0.201338E+08   0.201269E+08   0.398043E+05   0.470196E+05   0.200632E+08   0.201278E+08   0.201326E+08   0.201278E+08  -0.695715E+00   0.134937E+08   0.134930E+08   0.420836E+02
   0.621532E-02   0.200246E+08   0.200171E+08   0.320426E+05   0.385721E+05   0.199408E+08   0.200176E+08   0.200234E+08   0.200176E+08  -0.691554E+00   0.134194E+08   0.134187E+08   0.381561E+02
   0.686678E-02   0.198734E+08   0.198650E+08   0.244604E+05   0.315315E+05   0.197742E+08   0.198652E+08   0.198719E+08   0.198652E+08  -0.685994E+00   0.133173E+08   0.133166E+08   0.345564E+02
   0.758652E-02   0.196757E+08   0.196663E+08   0.203889E+05   0.256856E+05   0.195590E+08   0.196661E+08   0.196741E+08   0.196661E+08  -0.678878E+00   0.131842E+08   0.131835E+08   0.313705E+02
   0.838169E-02   0.194273E+08   0.194166E+08   0.178149E+05   0.208482E+05   0.192909E+08   0.194162E+08   0.194255E+08   0.194162E+08  -0.670049E+00   0.130172E+08   0.130165E+08   0.284729E+02
   0.926021E-02   0.191238E+08   0.191118E+08   0.147628E+05   0.168582E+05   0.189654E+08   0.191110E+08   0.191218E+08   0.191110E+08  -0.659354E+00   0.128133E+08   0.128126E+08   0.258236E+02
   0.102308E-01   0.187612E+08   0.187475E+08   0.111485E+05   0.135775E+05   0.185787E+08   0.187465E+08   0.187589E+08   0.187465E+08  -0.646645E+00   0.125697E+08   0.125690E+08   0.234521E+02
   0.113031E-01   0.183358E+08   0.183200E+08   0.937904E+04   0.108885E+05   0.181270E+08   0.183189E+08   0.183331E+08   0.183189E+08  -0.631788E+00   0.122839E+08   0.122831E+08   0.212932E+02
   0.124879E-01   0.178441E+08   0.178261E+08   0.760692E+04   0.869165E+04   0.176075E+08   0.178249E+08   0.178411E+08   0.178249E+08  -0.614667E+00   0.119536E+08   0.119528E+08   0.193482E+02
   0.137968E-01   0.172839E+08   0.172633E+08   0.634687E+04   0.690307E+04   0.170178E+08   0.172623E+08   0.172804E+08   0.172623E+08  -0.595195E+00   0.115771E+08   0.115764E+08   0.175838E+02
   0.152429E-01   0.166536E+08   0.166300E+08   0.479089E+04   0.545234E+04   0.163570E+08   0.166294E+08   0.166496E+08   0.166294E+08  -0.573320E+00   0.111536E+08   0.111529E+08   0.159855E+02
   0.168406E-01   0.159694E+08   0.159425E+08   0.381740E+04   0.428485E+04   0.156414E+08   0.159425E+08   0.159649E+08   0.159425E+08  -0.549596E+00   0.106938E+08   0.106930E+08   0.145408E+02
   0.186057E-01   0.152036E+08   0.151733E+08   0.317835E+04   0.334255E+04   0.148444E+08   0.151740E+08   0.151985E+08   0.151740E+08  -0.523070E+00   0.101792E+08   0.101784E+08   0.132074E+02
   0.205558E-01   0.143745E+08   0.143404E+08   0.242565E+04   0.258897E+04   0.139848E+08   0.143422E+08   0.143688E+08   0.143422E+08  -0.494370E+00   0.962198E+07   0.962124E+07   0.119735E+02
   0.227104E-01   0.134781E+08   0.134403E+08   0.174182E+04   0.198837E+04   0.130601E+08   0.134433E+08   0.134717E+08   0.134433E+08  -0.463364E+00   0.901971E+07   0.901897E+07   0.108114E+02
   0.250908E-01   0.125484E+08   0.125071E+08   0.141069E+04   0.151609E+04   0.121044E+08   0.125112E+08   0.125414E+08   0.125112E+08  -0.431222E+00   0.839516E+07   0.839443E+07   0.970980E+01
   0.277206E-01   0.115994E+08   0.115552E+08   0.104884E+04   0.114758E+04   0.111323E+08   0.115602E+08   0.115920E+08   0.115602E+08  -0.398433E+00   0.775782E+07   0.775710E+07   0.864431E+01
   0.306261E-01   0.106399E+08   0.105936E+08   0.800081E+03   0.861850E+03   0.101527E+08   0.105990E+08   0.106321E+08   0.105990E+08  -0.365294E+00   0.711355E+07   0.711285E+07   0.759405E+01
   0.338362E-01   0.969848E+07   0.965152E+07   0.601163E+03   0.643113E+03   0.919389E+07   0.965625E+07   0.969060E+07   0.965625E+07  -0.332796E+00   0.648162E+07   0.648095E+07   0.654944E+01
   0.373827E-01   0.881003E+07   0.876424E+07   0.440543E+03   0.478188E+03   0.829003E+07   0.876691E+07   0.880234E+07   0.876691E+07  -0.302141E+00   0.588545E+07   0.588483E+07   0.551292E+01
   0.413009E-01   0.800867E+07   0.796613E+07   0.329686E+03   0.355768E+03   0.747183E+07   0.796490E+07   0.800153E+07   0.796490E+07  -0.274497E+00   0.534782E+07   0.534727E+07   0.450118E+01
   0.454310E-01   0.732712E+07   0.728962E+07   0.529723E+03   0.268721E+03   0.677512E+07   0.728309E+07   0.732083E+07   0.728309E+07  -0.250997E+00   0.489081E+07   0.489032E+07   0.357998E+01
   0.495611E-01   0.679573E+07   0.676412E+07   0.412550E+03   0.209206E+03   0.622701E+07   0.675146E+07   0.679042E+07   0.675146E+07  -0.232673E+00   0.453452E+07   0.453411E+07   0.281572E+01
   0.536912E-01   0.637081E+07   0.634510E+07   0.329317E+03   0.166937E+03   0.578407E+07   0.632622E+07   0.636650E+07   0.632622E+07  -0.218017E+00   0.424960E+07   0.424924E+07   0.220776E+01
   0.578213E-01   0.601365E+07   0.599313E+07   0.267846E+03   0.135725E+03   0.540896E+07   0.596862E+07   0.601020E+07   0.596862E+07  -0.205692E+00   0.401004E+07   0.400974E+07   0.174817E+01
   0.619514E-01   0.569694E+07   0.568042E+07   0.220875E+03   0.111880E+03   0.507578E+07   0.565140E+07   0.569416E+07   0.565140E+07  -0.194760E+00   0.379754E+07   0.379727E+07   0.142196E+01
   0.660815E-01   0.539540E+07   0.538145E+07   0.183712E+03   0.930187E+02   0.476109E+07   0.534935E+07   0.539306E+07   0.534935E+07  -0.184350E+00   0.359517E+07   0.359494E+07   0.120614E+01
   0.702116E-01   0.509393E+07   0.508114E+07   0.153516E+03   0.776986E+02   0.445153E+07   0.504751E+07   0.509179E+07   0.504751E+07  -0.173947E+00   0.339288E+07   0.339266E+07   0.107426E+01
   0.743417E-01   0.479239E+07   0.477959E+07   0.128715E+03   0.651201E+02   0.414700E+07   0.474576E+07   0.479024E+07   0.474576E+07  -0.163548E+00   0.319059E+07   0.319037E+07   0.100007E+01
   0.784718E-01   0.448604E+07   0.447244E+07   0.108041E+03   0.546382E+02   0.384355E+07   0.443949E+07   0.448376E+07   0.443949E+07  -0.152993E+00   0.298519E+07   0.298497E+07   0.957363E+00
   0.826019E-01   0.418830E+07   0.417355E+07   0.909513E+02   0.459770E+02   0.355278E+07   0.414204E+07   0.418582E+07   0.414204E+07  -0.142742E+00   0.278567E+07   0.278544E+07   0.926590E+00
   0.867320E-01   0.390878E+07   0.389297E+07   0.769188E+02   0.388674E+02   0.328258E+07   0.386301E+07   0.390613E+07   0.386301E+07  -0.133126E+00   0.259845E+07   0.259822E+07   0.893053E+00
   0.918813E-01   0.359791E+07   0.358136E+07   0.630163E+02   0.318261E+02   0.298386E+07   0.355286E+07   0.359513E+07   0.355286E+07  -0.122437E+00   0.239034E+07   0.239011E+07   0.834954E+00
   0.970306E-01   0.333897E+07   0.332264E+07   0.523821E+02   0.264418E+02   0.273468E+07   0.329462E+07   0.333622E+07   0.329462E+07  -0.113538E+00   0.221707E+07   0.221685E+07   0.755408E+00
   0.102180E+00   0.313594E+07   0.312082E+07   0.443187E+02   0.223600E+02   0.253659E+07   0.309213E+07   0.313340E+07   0.309213E+07  -0.106560E+00   0.208125E+07   0.208104E+07   0.660421E+00
   0.107329E+00   0.298206E+07   0.296883E+07   0.381606E+02   0.192430E+02   0.238235E+07   0.293852E+07   0.297984E+07   0.293852E+07  -0.101266E+00   0.197827E+07   0.197809E+07   0.561144E+00
   0.112479E+00   0.286154E+07   0.285048E+07   0.333141E+02   0.167914E+02   0.225794E+07   0.281807E+07   0.285968E+07   0.281807E+07  -0.971150E-01   0.189757E+07   0.189742E+07   0.469248E+00
   0.117628E+00   0.275647E+07   0.274738E+07   0.293146E+02   0.147670E+02   0.214831E+07   0.271299E+07   0.275494E+07   0.271299E+07  -0.934938E-01   0.182720E+07   0.182706E+07   0.393693E+00
   0.122777E+00   0.265258E+07   0.264495E+07   0.258698E+02   0.130252E+02   0.204193E+07   0.260916E+07   0.265130E+07   0.260916E+07  -0.899156E-01   0.175763E+07   0.175750E+07   0.338956E+00
   0.127927E+00   0.254147E+07   0.253461E+07   0.228097E+02   0.114788E+02   0.193232E+07   0.249827E+07   0.254032E+07   0.249827E+07  -0.860941E-01   0.168327E+07   0.168316E+07   0.304681E+00
   0.133076E+00   0.242072E+07   0.241398E+07   0.200564E+02   0.100876E+02   0.181785E+07   0.237797E+07   0.241959E+07   0.237797E+07  -0.819484E-01   0.160255E+07   0.160243E+07   0.286623E+00
   0.138225E+00   0.229308E+07   0.228600E+07   0.175931E+02   0.884479E+01   0.170080E+07   0.225101E+07   0.229189E+07   0.225101E+07  -0.775731E-01   0.151729E+07   0.151717E+07   0.278409E+00
   0.143375E+00   0.216468E+07   0.215707E+07   0.154211E+02   0.774912E+01   0.158584E+07   0.212346E+07   0.216340E+07   0.212346E+07  -0.731774E-01   0.143160E+07   0.143148E+07   0.273471E+00
   0.148524E+00   0.204310E+07   0.203503E+07   0.135496E+02   0.680539E+01   0.147845E+07   0.200279E+07   0.204175E+07   0.200279E+07  -0.690191E-01   0.135052E+07   0.135040E+07   0.266619E+00
   0.153673E+00   0.193543E+07   0.192717E+07   0.119781E+02   0.601316E+01   0.138349E+07   0.189597E+07   0.193404E+07   0.189597E+07  -0.653378E-01   0.127874E+07   0.127862E+07   0.254939E+00
   0.158822E+00   0.184596E+07   0.183786E+07   0.106851E+02   0.536106E+01   0.130359E+07   0.180719E+07   0.184460E+07   0.180719E+07  -0.622782E-01   0.121909E+07   0.121898E+07   0.237894E+00
   0.163972E+00   0.177460E+07   0.176701E+07   0.962887E+01   0.482895E+01   0.123818E+07   0.173632E+07   0.177333E+07   0.173632E+07  -0.598359E-01   0.117151E+07   0.117141E+07   0.216826E+00
   0.169121E+00   0.171754E+07   0.171068E+07   0.875315E+01   0.438768E+01   0.118410E+07   0.167958E+07   0.171639E+07   0.167958E+07  -0.578805E-01   0.113344E+07   0.113335E+07   0.194169E+00
   0.174270E+00   0.166945E+07   0.166339E+07   0.800659E+01   0.401170E+01   0.113734E+07   0.163170E+07   0.166843E+07   0.163170E+07  -0.562306E-01   0.110134E+07   0.110125E+07   0.172602E+00
   0.179420E+00   0.162506E+07   0.161973E+07   0.734645E+01   0.367898E+01   0.109402E+07   0.158750E+07   0.162416E+07   0.158750E+07  -0.547074E-01   0.107171E+07   0.107162E+07   0.154297E+00
   0.184569E+00   0.157973E+07   0.157493E+07   0.674322E+01   0.337531E+01   0.105104E+07   0.154242E+07   0.157893E+07   0.154242E+07  -0.531539E-01   0.104147E+07   0.104139E+07   0.140418E+00
   0.189718E+00   0.153029E+07   0.152577E+07   0.617748E+01   0.309077E+01   0.100625E+07   0.149334E+07   0.152953E+07   0.149334E+07  -0.514626E-01   0.100851E+07   0.100844E+07   0.131012E+00
   0.194868E+00   0.147609E+07   0.147164E+07   0.564328E+01   0.282222E+01   0.959316E+06   0.143965E+07   0.147534E+07   0.143965E+07  -0.496124E-01   0.972429E+06   0.972356E+06   0.125235E+00
   0.200017E+00   0.141897E+07   0.141442E+07   0.514481E+01   0.257176E+01   0.911503E+06   0.138316E+07   0.141820E+07   0.138316E+07  -0.476657E-01   0.934439E+06   0.934366E+06   0.121730E+00
   0.205166E+00   0.136186E+07   0.135715E+07   0.468905E+01   0.234289E+01   0.864723E+06   0.132674E+07   0.136107E+07   0.132674E+07  -0.457213E-01   0.896480E+06   0.896406E+06   0.119025E+00
   0.210316E+00   0.130756E+07   0.130272E+07   0.428091E+01   0.213807E+01   0.820724E+06   0.127313E+07   0.130675E+07   0.127313E+07  -0.438739E-01   0.860408E+06   0.860335E+06   0.115886E+00
   0.215465E+00   0.125834E+07   0.125347E+07   0.392236E+01   0.195829E+01   0.780833E+06   0.122455E+07   0.125752E+07   0.122455E+07  -0.421998E-01   0.827720E+06   0.827648E+06   0.111572E+00
   0.220614E+00   0.121564E+07   0.121086E+07   0.361138E+01   0.180210E+01   0.745810E+06   0.118240E+07   0.121484E+07   0.118240E+07  -0.407472E-01   0.799365E+06   0.799295E+06   0.105915E+00
   0.225764E+00   0.117963E+07   0.117507E+07   0.334405E+01   0.166805E+01   0.715599E+06   0.114683E+07   0.117887E+07   0.114683E+07  -0.395213E-01   0.775446E+06   0.775378E+06   0.992204E-01
   0.230913E+00   0.114914E+07   0.114487E+07   0.311162E+01   0.155141E+01   0.689334E+06   0.111667E+07   0.114842E+07   0.111667E+07  -0.384820E-01   0.755180E+06   0.755116E+06   0.920802E-01
   0.236062E+00   0.112219E+07   0.111825E+07   0.290557E+01   0.144808E+01   0.665721E+06   0.109001E+07   0.112153E+07   0.109001E+07  -0.375631E-01   0.737269E+06   0.737209E+06   0.851658E-01
   0.241212E+00   0.109675E+07   0.109310E+07   0.271783E+01   0.135392E+01   0.643469E+06   0.106483E+07   0.109614E+07   0.106483E+07  -0.366956E-01   0.720358E+06   0.720301E+06   0.790451E-01
   0.246361E+00   0.107109E+07   0.106767E+07   0.254282E+01   0.126627E+01   0.621533E+06   0.103947E+07   0.107052E+07   0.103947E+07  -0.358214E-01   0.703310E+06   0.703256E+06   0.740551E-01
   0.251510E+00   0.104412E+07   0.104084E+07   0.237662E+01   0.118299E+01   0.599276E+06   0.101284E+07   0.104357E+07   0.101284E+07  -0.349039E-01   0.685406E+06   0.685353E+06   0.702572E-01
   0.256660E+00   0.101558E+07   0.101236E+07   0.221831E+01   0.110375E+01   0.576567E+06   0.984713E+06   0.101504E+07   0.984713E+06  -0.339345E-01   0.666475E+06   0.666423E+06   0.674720E-01
   0.261809E+00   0.986022E+06   0.982815E+06   0.206846E+01   0.102880E+01   0.553741E+06   0.955626E+06   0.985484E+06   0.955626E+06  -0.329321E-01   0.646889E+06   0.646838E+06   0.653688E-01
   0.266958E+00   0.956479E+06   0.953250E+06   0.192856E+01   0.958862E+00   0.531376E+06   0.926576E+06   0.955937E+06   0.926576E+06  -0.319310E-01   0.627321E+06   0.627270E+06   0.635685E-01
   0.272108E+00   0.928021E+06   0.924774E+06   0.179974E+01   0.894429E+00   0.510055E+06   0.898609E+06   0.927476E+06   0.898609E+06  -0.309672E-01   0.608479E+06   0.608429E+06   0.617383E-01
   0.277257E+00   0.901528E+06   0.898294E+06   0.168291E+01   0.836050E+00   0.490231E+06   0.872578E+06   0.900985E+06   0.872578E+06  -0.300702E-01   0.590942E+06   0.590893E+06   0.596606E-01
   0.282406E+00   0.877543E+06   0.874365E+06   0.157794E+01   0.783607E+00   0.472152E+06   0.849011E+06   0.877009E+06   0.849011E+06  -0.292580E-01   0.575067E+06   0.575018E+06   0.572610E-01
   0.287555E+00   0.856170E+06   0.853090E+06   0.148393E+01   0.736642E+00   0.455824E+06   0.828002E+06   0.855653E+06   0.828002E+06  -0.285340E-01   0.560920E+06   0.560872E+06   0.545953E-01
   0.292705E+00   0.837064E+06   0.834112E+06   0.139937E+01   0.694402E+00   0.441010E+06   0.809213E+06   0.836569E+06   0.809213E+06  -0.278865E-01   0.548270E+06   0.548225E+06   0.518074E-01
   0.297854E+00   0.819566E+06   0.816754E+06   0.132237E+01   0.655957E+00   0.427322E+06   0.792000E+06   0.819094E+06   0.792000E+06  -0.272934E-01   0.536685E+06   0.536641E+06   0.490739E-01
   0.303003E+00   0.802922E+06   0.800244E+06   0.125114E+01   0.620404E+00   0.414335E+06   0.775630E+06   0.802472E+06   0.775630E+06  -0.267292E-01   0.525667E+06   0.525624E+06   0.465540E-01
   0.308153E+00   0.786478E+06   0.783911E+06   0.118422E+01   0.587008E+00   0.401694E+06   0.759466E+06   0.786047E+06   0.759466E+06  -0.261722E-01   0.514784E+06   0.514743E+06   0.443520E-01
   0.313302E+00   0.769805E+06   0.767322E+06   0.112066E+01   0.555301E+00   0.389176E+06   0.743094E+06   0.769388E+06   0.743094E+06  -0.256080E-01   0.503756E+06   0.503716E+06   0.425016E-01
   0.318451E+00   0.752764E+06   0.750336E+06   0.106009E+01   0.525105E+00   0.376706E+06   0.726378E+06   0.752357E+06   0.726378E+06  -0.250319E-01   0.492491E+06   0.492452E+06   0.409692E-01
   0.323601E+00   0.735480E+06   0.733082E+06   0.100252E+01   0.496433E+00   0.364349E+06   0.709439E+06   0.735077E+06   0.709439E+06  -0.244482E-01   0.481071E+06   0.481033E+06   0.396736E-01
   0.328750E+00   0.718259E+06   0.715879E+06   0.948001E+00   0.469239E+00   0.352254E+06   0.692575E+06   0.717859E+06   0.692575E+06  -0.238670E-01   0.469699E+06   0.469661E+06   0.385123E-01
   0.333899E+00   0.701486E+06   0.699123E+06   0.897076E+00   0.443907E+00   0.340602E+06   0.676160E+06   0.701090E+06   0.676160E+06  -0.233013E-01   0.458626E+06   0.458589E+06   0.373892E-01
   0.339049E+00   0.685512E+06   0.683174E+06   0.849729E+00   0.420325E+00   0.329551E+06   0.660530E+06   0.685119E+06   0.660530E+06  -0.227627E-01   0.448083E+06   0.448046E+06   0.362352E-01
   0.344198E+00   0.670562E+06   0.668261E+06   0.806074E+00   0.398596E+00   0.319193E+06   0.645903E+06   0.670176E+06   0.645903E+06  -0.222586E-01   0.438217E+06   0.438181E+06   0.350186E-01
   0.349347E+00   0.656690E+06   0.654440E+06   0.765895E+00   0.378603E+00   0.309533E+06   0.632330E+06   0.656312E+06   0.632330E+06  -0.217909E-01   0.429063E+06   0.429028E+06   0.337435E-01
   0.354497E+00   0.643791E+06   0.641605E+06   0.728817E+00   0.360155E+00   0.300504E+06   0.619709E+06   0.643424E+06   0.619709E+06  -0.213560E-01   0.420552E+06   0.420518E+06   0.324418E-01
   0.359646E+00   0.631662E+06   0.629544E+06   0.694395E+00   0.343030E+00   0.291993E+06   0.607841E+06   0.631306E+06   0.607841E+06  -0.209470E-01   0.412549E+06   0.412516E+06   0.311592E-01
   0.364795E+00   0.620059E+06   0.618008E+06   0.662222E+00   0.327044E+00   0.283875E+06   0.596489E+06   0.619715E+06   0.596489E+06  -0.205558E-01   0.404894E+06   0.404862E+06   0.299417E-01
   0.369945E+00   0.608748E+06   0.606759E+06   0.631855E+00   0.311948E+00   0.276032E+06   0.585428E+06   0.608414E+06   0.585428E+06  -0.201746E-01   0.397434E+06   0.397402E+06   0.288230E-01
   0.375094E+00   0.597545E+06   0.595606E+06   0.603012E+00   0.297611E+00   0.268375E+06   0.574478E+06   0.597219E+06   0.574478E+06  -0.197972E-01   0.390047E+06   0.390016E+06   0.278180E-01
   0.380243E+00   0.586348E+06   0.584450E+06   0.575516E+00   0.283954E+00   0.260854E+06   0.563541E+06   0.586029E+06   0.563541E+06  -0.194203E-01   0.382667E+06   0.382636E+06   0.269220E-01
   0.385393E+00   0.575161E+06   0.573294E+06   0.549284E+00   0.270928E+00   0.253468E+06   0.552622E+06   0.574847E+06   0.552622E+06  -0.190441E-01   0.375296E+06   0.375266E+06   0.261157E-01
   0.390542E+00   0.564087E+06   0.562245E+06   0.524343E+00   0.258547E+00   0.246259E+06   0.541819E+06   0.563777E+06   0.541819E+06  -0.186718E-01   0.368003E+06   0.367973E+06   0.253694E-01
   0.395691E+00   0.553258E+06   0.551440E+06   0.500747E+00   0.246841E+00   0.239281E+06   0.531260E+06   0.552953E+06   0.531260E+06  -0.183079E-01   0.360872E+06   0.360843E+06   0.246632E-01
   0.400840E+00   0.542788E+06   0.540994E+06   0.478504E+00   0.235805E+00   0.232577E+06   0.521055E+06   0.542487E+06   0.521055E+06  -0.179562E-01   0.353980E+06   0.353951E+06   0.239660E-01
   0.405990E+00   0.532748E+06   0.530982E+06   0.457617E+00   0.225452E+00   0.226171E+06   0.511270E+06   0.532451E+06   0.511270E+06  -0.176190E-01   0.347371E+06   0.347343E+06   0.232667E-01
   0.411139E+00   0.523173E+06   0.521440E+06   0.437993E+00   0.215713E+00   0.220072E+06   0.501941E+06   0.522882E+06   0.501941E+06  -0.172975E-01   0.341071E+06   0.341043E+06   0.225622E-01
   0.416288E+00   0.514066E+06   0.512368E+06   0.419602E+00   0.206597E+00   0.214271E+06   0.493067E+06   0.513780E+06   0.493067E+06  -0.169917E-01   0.335077E+06   0.335050E+06   0.218587E-01
   0.421438E+00   0.505372E+06   0.503712E+06   0.402319E+00   0.198036E+00   0.208739E+06   0.484598E+06   0.505093E+06   0.484598E+06  -0.166999E-01   0.329357E+06   0.329331E+06   0.211676E-01
   0.426587E+00   0.496994E+06   0.495372E+06   0.385991E+00   0.189946E+00   0.203431E+06   0.476439E+06   0.496722E+06   0.476439E+06  -0.164187E-01   0.323846E+06   0.323820E+06   0.205009E-01
   0.431736E+00   0.488834E+06   0.487248E+06   0.370495E+00   0.182270E+00   0.198299E+06   0.468494E+06   0.488567E+06   0.468494E+06  -0.161449E-01   0.318479E+06   0.318453E+06   0.198688E-01
   0.436886E+00   0.480827E+06   0.479275E+06   0.355735E+00   0.174959E+00   0.193313E+06   0.460701E+06   0.480567E+06   0.460701E+06  -0.158764E-01   0.313214E+06   0.313189E+06   0.192775E-01
   0.442035E+00   0.472944E+06   0.471421E+06   0.341661E+00   0.167995E+00   0.188459E+06   0.453032E+06   0.472688E+06   0.453032E+06  -0.156121E-01   0.308032E+06   0.308007E+06   0.187278E-01
   0.447184E+00   0.465166E+06   0.463668E+06   0.328209E+00   0.161336E+00   0.183726E+06   0.445468E+06   0.464914E+06   0.445468E+06  -0.153514E-01   0.302920E+06   0.302895E+06   0.182156E-01
   0.452334E+00   0.457494E+06   0.456019E+06   0.315359E+00   0.154977E+00   0.179111E+06   0.438011E+06   0.457246E+06   0.438011E+06  -0.150944E-01   0.297879E+06   0.297855E+06   0.177333E-01
   0.457483E+00   0.449959E+06   0.448506E+06   0.303104E+00   0.148918E+00   0.174625E+06   0.430691E+06   0.449715E+06   0.430691E+06  -0.148422E-01   0.292929E+06   0.292906E+06   0.172725E-01
   0.462632E+00   0.442613E+06   0.441181E+06   0.291433E+00   0.143143E+00   0.170284E+06   0.423556E+06   0.442373E+06   0.423556E+06  -0.145963E-01   0.288105E+06   0.288082E+06   0.168262E-01
   0.467782E+00   0.435495E+06   0.434084E+06   0.280359E+00   0.137670E+00   0.166099E+06   0.416644E+06   0.435258E+06   0.416644E+06  -0.143581E-01   0.283431E+06   0.283408E+06   0.163891E-01
   0.472931E+00   0.428614E+06   0.427225E+06   0.269850E+00   0.132475E+00   0.162071E+06   0.409964E+06   0.428381E+06   0.409964E+06  -0.141279E-01   0.278913E+06   0.278890E+06   0.159586E-01
   0.478080E+00   0.421962E+06   0.420596E+06   0.259874E+00   0.127547E+00   0.158193E+06   0.403507E+06   0.421733E+06   0.403507E+06  -0.139054E-01   0.274546E+06   0.274524E+06   0.155347E-01
   0.483230E+00   0.415525E+06   0.414183E+06   0.250388E+00   0.122860E+00   0.154455E+06   0.397260E+06   0.415299E+06   0.397260E+06  -0.136901E-01   0.270321E+06   0.270300E+06   0.151197E-01
   0.488379E+00   0.409284E+06   0.407967E+06   0.241366E+00   0.118405E+00   0.150849E+06   0.391206E+06   0.409063E+06   0.391206E+06  -0.134814E-01   0.266226E+06   0.266205E+06   0.147169E-01
   0.493528E+00   0.403212E+06   0.401919E+06   0.232766E+00   0.114159E+00   0.147360E+06   0.385316E+06   0.402995E+06   0.385316E+06  -0.132785E-01   0.262242E+06   0.262221E+06   0.143292E-01
   0.498678E+00   0.397274E+06   0.396004E+06   0.224546E+00   0.110101E+00   0.143974E+06   0.379559E+06   0.397061E+06   0.379559E+06  -0.130801E-01   0.258347E+06   0.258326E+06   0.139586E-01
   0.503827E+00   0.391444E+06   0.390195E+06   0.216670E+00   0.106212E+00   0.140679E+06   0.373907E+06   0.391234E+06   0.373907E+06  -0.128853E-01   0.254523E+06   0.254502E+06   0.136055E-01
   0.508976E+00   0.385713E+06   0.384483E+06   0.209131E+00   0.102495E+00   0.137470E+06   0.368353E+06   0.385506E+06   0.368353E+06  -0.126939E-01   0.250765E+06   0.250744E+06   0.132694E-01
   0.514126E+00   0.380085E+06   0.378873E+06   0.201900E+00   0.989269E-01   0.134346E+06   0.362901E+06   0.379882E+06   0.362901E+06  -0.125060E-01   0.247075E+06   0.247055E+06   0.129485E-01
   0.519275E+00   0.374567E+06   0.373373E+06   0.194975E+00   0.955114E-01   0.131309E+06   0.357558E+06   0.374367E+06   0.357558E+06  -0.123219E-01   0.243458E+06   0.243438E+06   0.126405E-01
   0.524424E+00   0.369164E+06   0.367987E+06   0.188343E+00   0.922420E-01   0.128357E+06   0.352327E+06   0.368967E+06   0.352327E+06  -0.121416E-01   0.239917E+06   0.239897E+06   0.123427E-01
   0.529574E+00   0.363883E+06   0.362722E+06   0.181995E+00   0.891133E-01   0.125492E+06   0.347215E+06   0.363688E+06   0.347215E+06  -0.119655E-01   0.236456E+06   0.236437E+06   0.120532E-01
   0.534723E+00   0.358734E+06   0.357591E+06   0.175924E+00   0.861215E-01   0.122715E+06   0.342233E+06   0.358542E+06   0.342233E+06  -0.117938E-01   0.233083E+06   0.233064E+06   0.117708E-01
   0.539872E+00   0.353724E+06   0.352597E+06   0.170117E+00   0.832606E-01   0.120027E+06   0.337386E+06   0.353535E+06   0.337386E+06  -0.116268E-01   0.229801E+06   0.229782E+06   0.114950E-01
   0.545021E+00   0.348846E+06   0.347736E+06   0.164564E+00   0.805260E-01   0.117423E+06   0.332668E+06   0.348660E+06   0.332668E+06  -0.114642E-01   0.226606E+06   0.226588E+06   0.112259E-01
   0.550171E+00   0.344087E+06   0.342994E+06   0.159239E+00   0.779009E-01   0.114898E+06   0.328066E+06   0.343903E+06   0.328066E+06  -0.113056E-01   0.223489E+06   0.223471E+06   0.109641E-01
   0.555320E+00   0.339435E+06   0.338358E+06   0.154137E+00   0.753889E-01   0.112445E+06   0.323569E+06   0.339254E+06   0.323569E+06  -0.111506E-01   0.220443E+06   0.220425E+06   0.107101E-01
   0.560469E+00   0.334884E+06   0.333824E+06   0.149244E+00   0.729810E-01   0.110062E+06   0.319171E+06   0.334706E+06   0.319171E+06  -0.109990E-01   0.217464E+06   0.217446E+06   0.104646E-01
   0.565619E+00   0.330428E+06   0.329384E+06   0.144546E+00   0.706691E-01   0.107743E+06   0.314865E+06   0.330253E+06   0.314865E+06  -0.108507E-01   0.214547E+06   0.214530E+06   0.102281E-01
   0.570768E+00   0.326057E+06   0.325027E+06   0.140030E+00   0.684472E-01   0.105486E+06   0.310642E+06   0.325884E+06   0.310642E+06  -0.107051E-01   0.211686E+06   0.211669E+06   0.100001E-01
   0.575917E+00   0.321763E+06   0.320747E+06   0.135684E+00   0.663091E-01   0.103286E+06   0.306495E+06   0.321592E+06   0.306495E+06  -0.105622E-01   0.208876E+06   0.208859E+06   0.978031E-02
   0.581067E+00   0.317546E+06   0.316545E+06   0.131504E+00   0.642533E-01   0.101142E+06   0.302424E+06   0.317378E+06   0.302424E+06  -0.104219E-01   0.206117E+06   0.206101E+06   0.956792E-02
   0.586216E+00   0.313413E+06   0.312425E+06   0.127484E+00   0.622767E-01   0.990542E+05   0.298435E+06   0.313247E+06   0.298435E+06  -0.102844E-01   0.203414E+06   0.203397E+06   0.936227E-02
   0.591365E+00   0.309366E+06   0.308391E+06   0.123620E+00   0.603768E-01   0.970232E+05   0.294529E+06   0.309203E+06   0.294529E+06  -0.101498E-01   0.200767E+06   0.200750E+06   0.916263E-02
   0.596515E+00   0.305403E+06   0.304441E+06   0.119904E+00   0.585502E-01   0.950470E+05   0.290706E+06   0.305242E+06   0.290706E+06  -0.100181E-01   0.198175E+06   0.198159E+06   0.896833E-02
   0.601664E+00   0.301522E+06   0.300573E+06   0.116329E+00   0.567935E-01   0.931239E+05   0.286962E+06   0.301363E+06   0.286962E+06  -0.988906E-02   0.195637E+06   0.195621E+06   0.877896E-02
   0.606813E+00   0.297724E+06   0.296787E+06   0.112891E+00   0.551043E-01   0.912533E+05   0.283299E+06   0.297567E+06   0.283299E+06  -0.976284E-02   0.193154E+06   0.193138E+06   0.859440E-02
   0.611963E+00   0.294009E+06   0.293085E+06   0.109584E+00   0.534798E-01   0.894344E+05   0.279717E+06   0.293854E+06   0.279717E+06  -0.963941E-02   0.190726E+06   0.190710E+06   0.841471E-02
   0.617112E+00   0.290373E+06   0.289462E+06   0.106400E+00   0.519164E-01   0.876645E+05   0.276212E+06   0.290220E+06   0.276212E+06  -0.951862E-02   0.188349E+06   0.188334E+06   0.823992E-02
   0.622261E+00   0.286807E+06   0.285908E+06   0.103334E+00   0.504108E-01   0.859403E+05   0.272776E+06   0.286656E+06   0.272776E+06  -0.940019E-02   0.186018E+06   0.186003E+06   0.807006E-02
   0.627411E+00   0.283308E+06   0.282420E+06   0.100378E+00   0.489598E-01   0.842596E+05   0.269403E+06   0.283159E+06   0.269403E+06  -0.928398E-02   0.183732E+06   0.183717E+06   0.790515E-02
   0.632560E+00   0.279874E+06   0.278998E+06   0.975268E-01   0.475604E-01   0.826216E+05   0.266096E+06   0.279727E+06   0.266096E+06  -0.916999E-02   0.181488E+06   0.181473E+06   0.774520E-02
   0.681404E+00   0.250280E+06   0.249502E+06   0.749799E-01   0.365044E-01   0.689668E+05   0.237620E+06   0.250150E+06   0.237620E+06  -0.818868E-02   0.162166E+06   0.162153E+06   0.643272E-02
   0.734021E+00   0.223577E+06   0.222886E+06   0.575874E-01   0.279909E-01   0.573691E+05   0.211975E+06   0.223461E+06   0.211975E+06  -0.730491E-02   0.144752E+06   0.144740E+06   0.533803E-02
   0.790700E+00   0.199537E+06   0.198924E+06   0.441922E-01   0.214459E-01   0.475727E+05   0.188932E+06   0.199434E+06   0.188932E+06  -0.651084E-02   0.129092E+06   0.129082E+06   0.442786E-02
   0.895965E+00   0.164369E+06   0.163868E+06   0.282506E-01   0.136744E-01   0.344628E+05   0.155307E+06   0.164285E+06   0.155307E+06  -0.535206E-02   0.106217E+06   0.106208E+06   0.322994E-02
   0.125042E+01   0.966497E+05   0.963603E+05   0.845543E-02   0.406618E-02   0.139577E+05   0.908858E+05   0.966011E+05   0.908858E+05  -0.313204E-02   0.622974E+05   0.622922E+05   0.138934E-02
   0.174510E+01   0.558263E+05   0.556606E+05   0.382066E-02   0.252121E-02   0.532792E+04   0.523081E+05   0.557985E+05   0.523081E+05  -0.180246E-02   0.359151E+05   0.359119E+05   0.601818E-03
   0.243548E+01   0.317920E+05   0.316979E+05   0.193923E-02   0.155981E-02   0.192934E+04   0.297121E+05   0.317762E+05   0.297121E+05  -0.102388E-02   0.204281E+05   0.204262E+05   0.267819E-03
