#          k/h    CDM            baryon         photon         nu             mass_nu        total          no_nu          total_de       Weyl           v_CDM          v_b            v_b-v_c     
   0.104213E-04   0.187684E+08   0.187684E+08   0.250117E+08   0.250113E+08   0.187685E+08   0.187684E+08   0.187684E+08   0.187746E+08  -0.484920E+00   0.944562E+07   0.944562E+07   0.570118E+01
   0.115152E-04   0.187684E+08   0.187684E+08   0.250088E+08   0.250083E+08   0.187684E+08   0.187684E+08   0.187684E+08   0.187746E+08  -0.484918E+00   0.944561E+07   0.944561E+07   0.629941E+01
   0.127239E-04   0.187683E+08   0.187683E+08   0.250053E+08   0.250047E+08   0.187684E+08   0.187683E+08   0.187683E+08   0.187746E+08  -0.484916E+00   0.944560E+07   0.944560E+07   0.696037E+01
   0.140594E-04   0.187683E+08   0.187683E+08   0.250011E+08   0.250004E+08   0.187684E+08   0.187683E+08   0.187683E+08   0.187746E+08  -0.484913E+00   0.944558E+07   0.944558E+07   0.769061E+01
   0.155352E-04   0.187683E+08   0.187683E+08   0.249959E+08   0.249950E+08   0.187684E+08   0.187683E+08   0.187683E+08   0.187745E+08  -0.484910E+00   0.944556E+07   0.944556E+07   0.849739E+01
   0.171658E-04   0.187682E+08   0.187682E+08   0.249895E+08   0.249885E+08   0.187683E+08   0.187682E+08   0.187682E+08   0.187745E+08  -0.484907E+00   0.944554E+07   0.944554E+07   0.938868E+01
   0.189676E-04   0.187682E+08   0.187682E+08   0.249817E+08   0.249805E+08   0.187683E+08   0.187682E+08   0.187682E+08   0.187744E+08  -0.484902E+00   0.944550E+07   0.944550E+07   0.103733E+02
   0.209585E-04   0.187681E+08   0.187681E+08   0.249723E+08   0.249707E+08   0.187682E+08   0.187681E+08   0.187681E+08   0.187744E+08  -0.484896E+00   0.944547E+07   0.944547E+07   0.114610E+02
   0.231584E-04   0.187680E+08   0.187680E+08   0.249607E+08   0.249588E+08   0.187681E+08   0.187680E+08   0.187680E+08   0.187743E+08  -0.484889E+00   0.944542E+07   0.944542E+07   0.126624E+02
   0.255893E-04   0.187679E+08   0.187679E+08   0.249466E+08   0.249443E+08   0.187680E+08   0.187679E+08   0.187679E+08   0.187742E+08  -0.484881E+00   0.944537E+07   0.944537E+07   0.139895E+02
   0.282752E-04   0.187678E+08   0.187678E+08   0.249294E+08   0.249266E+08   0.187679E+08   0.187678E+08   0.187678E+08   0.187741E+08  -0.484871E+00   0.944530E+07   0.944530E+07   0.154551E+02
   0.312431E-04   0.187677E+08   0.187677E+08   0.249085E+08   0.249050E+08   0.187678E+08   0.187677E+08   0.187677E+08   0.187739E+08  -0.484858E+00   0.944522E+07   0.944522E+07   0.170735E+02
   0.345225E-04   0.187675E+08   0.187675E+08   0.248829E+08   0.248786E+08   0.187676E+08   0.187675E+08   0.187675E+08   0.187737E+08  -0.484843E+00   0.944512E+07   0.944512E+07   0.188605E+02
   0.381462E-04   0.187673E+08   0.187673E+08   0.248516E+08   0.248465E+08   0.187674E+08   0.187673E+08   0.187673E+08   0.187735E+08  -0.484824E+00   0.944499E+07   0.944499E+07   0.208333E+02
   0.421502E-04   0.187670E+08   0.187670E+08   0.248136E+08   0.248073E+08   0.187671E+08   0.187670E+08   0.187670E+08   0.187732E+08  -0.484801E+00   0.944484E+07   0.944484E+07   0.230107E+02
   0.465744E-04   0.187667E+08   0.187667E+08   0.247672E+08   0.247595E+08   0.187668E+08   0.187667E+08   0.187667E+08   0.187729E+08  -0.484773E+00   0.944466E+07   0.944466E+07   0.254135E+02
   0.514631E-04   0.187663E+08   0.187663E+08   0.247106E+08   0.247013E+08   0.187664E+08   0.187663E+08   0.187663E+08   0.187725E+08  -0.484739E+00   0.944444E+07   0.944443E+07   0.280641E+02
   0.568649E-04   0.187659E+08   0.187658E+08   0.246417E+08   0.246304E+08   0.187659E+08   0.187659E+08   0.187659E+08   0.187720E+08  -0.484698E+00   0.944416E+07   0.944416E+07   0.309871E+02
   0.628337E-04   0.187653E+08   0.187653E+08   0.245579E+08   0.245440E+08   0.187654E+08   0.187653E+08   0.187653E+08   0.187714E+08  -0.484647E+00   0.944383E+07   0.944382E+07   0.342089E+02
   0.694290E-04   0.187646E+08   0.187646E+08   0.244558E+08   0.244390E+08   0.187647E+08   0.187646E+08   0.187646E+08   0.187707E+08  -0.484585E+00   0.944343E+07   0.944342E+07   0.377583E+02
   0.767166E-04   0.187637E+08   0.187637E+08   0.243318E+08   0.243113E+08   0.187638E+08   0.187637E+08   0.187637E+08   0.187698E+08  -0.484510E+00   0.944293E+07   0.944292E+07   0.416659E+02
   0.847691E-04   0.187627E+08   0.187627E+08   0.241811E+08   0.241562E+08   0.187628E+08   0.187627E+08   0.187627E+08   0.187687E+08  -0.484418E+00   0.944233E+07   0.944232E+07   0.459644E+02
   0.936668E-04   0.187614E+08   0.187614E+08   0.239984E+08   0.239681E+08   0.187615E+08   0.187614E+08   0.187614E+08   0.187674E+08  -0.484307E+00   0.944160E+07   0.944158E+07   0.506881E+02
   0.103499E-03   0.187599E+08   0.187598E+08   0.237769E+08   0.237403E+08   0.187599E+08   0.187599E+08   0.187599E+08   0.187658E+08  -0.484171E+00   0.944070E+07   0.944068E+07   0.558730E+02
   0.114362E-03   0.187580E+08   0.187579E+08   0.235092E+08   0.234648E+08   0.187581E+08   0.187580E+08   0.187580E+08   0.187639E+08  -0.484005E+00   0.943961E+07   0.943959E+07   0.615553E+02
   0.126366E-03   0.187557E+08   0.187556E+08   0.231860E+08   0.231324E+08   0.187558E+08   0.187557E+08   0.187557E+08   0.187615E+08  -0.483804E+00   0.943829E+07   0.943826E+07   0.677717E+02
   0.139630E-03   0.187529E+08   0.187528E+08   0.227970E+08   0.227324E+08   0.187530E+08   0.187529E+08   0.187529E+08   0.187586E+08  -0.483561E+00   0.943668E+07   0.943664E+07   0.745570E+02
   0.154286E-03   0.187495E+08   0.187494E+08   0.223303E+08   0.222527E+08   0.187496E+08   0.187495E+08   0.187495E+08   0.187551E+08  -0.483265E+00   0.943472E+07   0.943468E+07   0.819430E+02
   0.170481E-03   0.187454E+08   0.187453E+08   0.217725E+08   0.216797E+08   0.187454E+08   0.187454E+08   0.187454E+08   0.187508E+08  -0.482907E+00   0.943234E+07   0.943230E+07   0.899559E+02
   0.188375E-03   0.187404E+08   0.187402E+08   0.211091E+08   0.209984E+08   0.187404E+08   0.187404E+08   0.187404E+08   0.187457E+08  -0.482475E+00   0.942947E+07   0.942941E+07   0.986127E+02
   0.208148E-03   0.187344E+08   0.187341E+08   0.203246E+08   0.201935E+08   0.187344E+08   0.187343E+08   0.187343E+08   0.187394E+08  -0.481954E+00   0.942599E+07   0.942592E+07   0.107917E+03
   0.229996E-03   0.187271E+08   0.187268E+08   0.194036E+08   0.192493E+08   0.187270E+08   0.187270E+08   0.187270E+08   0.187319E+08  -0.481327E+00   0.942179E+07   0.942171E+07   0.117856E+03
   0.254138E-03   0.187182E+08   0.187179E+08   0.183321E+08   0.181520E+08   0.187182E+08   0.187182E+08   0.187182E+08   0.187228E+08  -0.480577E+00   0.941674E+07   0.941664E+07   0.128387E+03
   0.280813E-03   0.187076E+08   0.187072E+08   0.170991E+08   0.168910E+08   0.187075E+08   0.187076E+08   0.187076E+08   0.187118E+08  -0.479681E+00   0.941067E+07   0.941055E+07   0.139438E+03
   0.310288E-03   0.186949E+08   0.186944E+08   0.156997E+08   0.154623E+08   0.186947E+08   0.186948E+08   0.186948E+08   0.186987E+08  -0.478618E+00   0.940341E+07   0.940327E+07   0.150894E+03
   0.342858E-03   0.186796E+08   0.186790E+08   0.141381E+08   0.138714E+08   0.186794E+08   0.186795E+08   0.186795E+08   0.186830E+08  -0.477363E+00   0.939476E+07   0.939460E+07   0.162586E+03
   0.378845E-03   0.186615E+08   0.186607E+08   0.124322E+08   0.121385E+08   0.186612E+08   0.186613E+08   0.186614E+08   0.186644E+08  -0.475893E+00   0.938453E+07   0.938433E+07   0.174284E+03
   0.418611E-03   0.186400E+08   0.186391E+08   0.106180E+08   0.103024E+08   0.186396E+08   0.186398E+08   0.186398E+08   0.186424E+08  -0.474186E+00   0.937248E+07   0.937224E+07   0.185690E+03
   0.462550E-03   0.186147E+08   0.186136E+08   0.875291E+07   0.842392E+07   0.186142E+08   0.186145E+08   0.186145E+08   0.186166E+08  -0.472224E+00   0.935839E+07   0.935812E+07   0.196436E+03
   0.511101E-03   0.185851E+08   0.185838E+08   0.691677E+07   0.658699E+07   0.185845E+08   0.185849E+08   0.185849E+08   0.185866E+08  -0.469997E+00   0.934209E+07   0.934177E+07   0.206089E+03
   0.564749E-03   0.185508E+08   0.185494E+08   0.520774E+07   0.489328E+07   0.185501E+08   0.185506E+08   0.185506E+08   0.185518E+08  -0.467506E+00   0.932339E+07   0.932303E+07   0.214172E+03
   0.624027E-03   0.185116E+08   0.185099E+08   0.373000E+07   0.344896E+07   0.185107E+08   0.185112E+08   0.185113E+08   0.185121E+08  -0.464766E+00   0.930221E+07   0.930180E+07   0.220197E+03
   0.689528E-03   0.184670E+08   0.184650E+08   0.257196E+07   0.234136E+07   0.184659E+08   0.184666E+08   0.184667E+08   0.184673E+08  -0.461810E+00   0.927853E+07   0.927806E+07   0.223717E+03
   0.761904E-03   0.184171E+08   0.184149E+08   0.177725E+07   0.160840E+07   0.184158E+08   0.184167E+08   0.184168E+08   0.184171E+08  -0.458689E+00   0.925243E+07   0.925192E+07   0.224387E+03
   0.841877E-03   0.183620E+08   0.183595E+08   0.131784E+07   0.121145E+07   0.183603E+08   0.183615E+08   0.183616E+08   0.183619E+08  -0.455469E+00   0.922411E+07   0.922355E+07   0.222019E+03
   0.930244E-03   0.183020E+08   0.182992E+08   0.108759E+07   0.103075E+07   0.182999E+08   0.183015E+08   0.183016E+08   0.183017E+08  -0.452223E+00   0.919383E+07   0.919322E+07   0.216621E+03
   0.102789E-02   0.182376E+08   0.182344E+08   0.935862E+06   0.904228E+06   0.182350E+08   0.182369E+08   0.182370E+08   0.182371E+08  -0.449018E+00   0.916187E+07   0.916123E+07   0.208384E+03
   0.113578E-02   0.181691E+08   0.181657E+08   0.743542E+06   0.710187E+06   0.181659E+08   0.181684E+08   0.181685E+08   0.181685E+08  -0.445903E+00   0.912848E+07   0.912781E+07   0.197633E+03
   0.125499E-02   0.180970E+08   0.180935E+08   0.500022E+06   0.448010E+06   0.180931E+08   0.180962E+08   0.180964E+08   0.180963E+08  -0.442901E+00   0.909376E+07   0.909307E+07   0.184774E+03
   0.138672E-02   0.180215E+08   0.180178E+08   0.300240E+06   0.230137E+06   0.180167E+08   0.180206E+08   0.180209E+08   0.180207E+08  -0.440005E+00   0.905762E+07   0.905691E+07   0.170280E+03
   0.153228E-02   0.179424E+08   0.179385E+08   0.222037E+06   0.146487E+06   0.179365E+08   0.179414E+08   0.179417E+08   0.179414E+08  -0.437190E+00   0.901977E+07   0.901906E+07   0.154754E+03
   0.169312E-02   0.178591E+08   0.178552E+08   0.204287E+06  -0.121621E+06   0.178518E+08   0.178580E+08   0.178584E+08   0.178580E+08  -0.434421E+00   0.897982E+07   0.897912E+07   0.138968E+03
   0.187083E-02   0.177707E+08   0.177668E+08   0.134305E+06  -0.105850E+06   0.177619E+08   0.177695E+08   0.177700E+08   0.177695E+08  -0.431660E+00   0.893722E+07   0.893653E+07   0.123761E+03
   0.206720E-02   0.176762E+08   0.176723E+08   0.527307E+05  -0.908079E+05   0.176655E+08   0.176748E+08   0.176755E+08   0.176748E+08  -0.428859E+00   0.889137E+07   0.889069E+07   0.109836E+03
   0.228419E-02   0.175743E+08   0.175704E+08   0.516326E+05  -0.770426E+05   0.175612E+08   0.175728E+08   0.175736E+08   0.175728E+08  -0.425971E+00   0.884159E+07   0.884092E+07   0.976647E+02
   0.252394E-02   0.174635E+08   0.174595E+08   0.436846E+05  -0.647909E+05   0.174476E+08   0.174618E+08   0.174628E+08   0.174618E+08  -0.422944E+00   0.878714E+07   0.878647E+07   0.874484E+02
   0.278887E-02   0.173423E+08   0.173381E+08   0.114959E+05  -0.541010E+05   0.173230E+08   0.173403E+08   0.173416E+08   0.173403E+08  -0.419726E+00   0.872721E+07   0.872654E+07   0.789883E+02
   0.308160E-02   0.172089E+08   0.172045E+08   0.180441E+05  -0.449104E+05   0.171856E+08   0.172066E+08   0.172082E+08   0.172066E+08  -0.416267E+00   0.866097E+07   0.866030E+07   0.717377E+02
   0.340506E-02   0.170616E+08   0.170570E+08  -0.111374E+04  -0.370967E+05   0.170334E+08   0.170590E+08   0.170609E+08   0.170590E+08  -0.412514E+00   0.858754E+07   0.858688E+07   0.651083E+02
   0.376247E-02   0.168986E+08   0.168937E+08   0.789935E+03  -0.305128E+05   0.168646E+08   0.168955E+08   0.168978E+08   0.168955E+08  -0.408414E+00   0.850602E+07   0.850536E+07   0.587340E+02
   0.415740E-02   0.167180E+08   0.167128E+08  -0.585934E+04  -0.250028E+05   0.166770E+08   0.167143E+08   0.167171E+08   0.167143E+08  -0.403914E+00   0.841544E+07   0.841479E+07   0.526830E+02
   0.459377E-02   0.165177E+08   0.165121E+08  -0.218074E+04  -0.204183E+05   0.164684E+08   0.165134E+08   0.165167E+08   0.165134E+08  -0.398961E+00   0.831481E+07   0.831416E+07   0.472475E+02
   0.507596E-02   0.162956E+08   0.162895E+08   0.117213E+04  -0.166215E+05   0.162366E+08   0.162905E+08   0.162946E+08   0.162905E+08  -0.393499E+00   0.820306E+07   0.820242E+07   0.425549E+02
   0.560875E-02   0.160496E+08   0.160429E+08  -0.198353E+04  -0.134894E+05   0.159793E+08   0.160437E+08   0.160485E+08   0.160437E+08  -0.387473E+00   0.807915E+07   0.807851E+07   0.383944E+02
   0.619747E-02   0.157775E+08   0.157702E+08  -0.221828E+04  -0.109147E+05   0.156940E+08   0.157706E+08   0.157763E+08   0.157706E+08  -0.380827E+00   0.794198E+07   0.794134E+07   0.345285E+02
   0.684799E-02   0.154772E+08   0.154690E+08  -0.365499E+04  -0.880476E+04   0.153785E+08   0.154691E+08   0.154758E+08   0.154691E+08  -0.373505E+00   0.779043E+07   0.778980E+07   0.310143E+02
   0.756678E-02   0.151463E+08   0.151371E+08  -0.277110E+04  -0.708053E+04   0.150303E+08   0.151369E+08   0.151448E+08   0.151369E+08  -0.365451E+00   0.762341E+07   0.762278E+07   0.279336E+02
   0.836102E-02   0.147828E+08   0.147725E+08  -0.221056E+04  -0.567530E+04   0.146474E+08   0.147718E+08   0.147811E+08   0.147718E+08  -0.356613E+00   0.743984E+07   0.743921E+07   0.251595E+02
   0.923863E-02   0.143848E+08   0.143730E+08  -0.233798E+04  -0.453309E+04   0.142277E+08   0.143721E+08   0.143828E+08   0.143721E+08  -0.346940E+00   0.723873E+07   0.723810E+07   0.226512E+02
   0.102084E-01   0.139503E+08   0.139369E+08  -0.190984E+04  -0.360716E+04   0.137696E+08   0.139357E+08   0.139481E+08   0.139357E+08  -0.336391E+00   0.701921E+07   0.701858E+07   0.204343E+02
   0.112799E-01   0.134781E+08   0.134627E+08  -0.200712E+04  -0.285864E+04   0.132719E+08   0.134614E+08   0.134755E+08   0.134614E+08  -0.324929E+00   0.678056E+07   0.677994E+07   0.184434E+02
   0.124639E-01   0.129671E+08   0.129495E+08  -0.136798E+04  -0.225535E+04   0.127338E+08   0.129482E+08   0.129642E+08   0.129482E+08  -0.312531E+00   0.652233E+07   0.652171E+07   0.166766E+02
   0.137721E-01   0.124171E+08   0.123969E+08  -0.958818E+03  -0.177068E+04   0.121555E+08   0.123959E+08   0.124137E+08   0.123959E+08  -0.299191E+00   0.624436E+07   0.624374E+07   0.150987E+02
   0.152177E-01   0.118285E+08   0.118053E+08  -0.109141E+04  -0.138270E+04   0.115378E+08   0.118048E+08   0.118246E+08   0.118048E+08  -0.284918E+00   0.594690E+07   0.594628E+07   0.136928E+02
   0.168150E-01   0.112140E+08   0.111876E+08  -0.803831E+03  -0.107444E+04   0.108937E+08   0.111878E+08   0.112096E+08   0.111878E+08  -0.270021E+00   0.563637E+07   0.563574E+07   0.124417E+02
   0.185800E-01   0.105556E+08   0.105256E+08  -0.639306E+03  -0.828867E+03   0.102063E+08   0.105268E+08   0.105506E+08   0.105268E+08  -0.254063E+00   0.530370E+07   0.530307E+07   0.113046E+02
   0.205302E-01   0.986727E+07   0.983357E+07  -0.456150E+03  -0.634966E+03   0.949028E+07   0.983594E+07   0.986162E+07   0.983594E+07  -0.237387E+00   0.495600E+07   0.495537E+07   0.102652E+02
   0.226852E-01   0.914760E+07   0.911016E+07  -0.416995E+03  -0.482383E+03   0.874558E+07   0.911395E+07   0.914132E+07   0.911395E+07  -0.219960E+00   0.459260E+07   0.459197E+07   0.929436E+01
   0.250663E-01   0.842058E+07   0.837962E+07  -0.284670E+03  -0.363874E+03   0.799650E+07   0.838485E+07   0.841370E+07   0.838485E+07  -0.202362E+00   0.422561E+07   0.422498E+07   0.837524E+01
   0.276974E-01   0.769600E+07   0.765205E+07  -0.142550E+03  -0.272521E+03   0.725328E+07   0.765852E+07   0.768862E+07   0.765852E+07  -0.184832E+00   0.386000E+07   0.385938E+07   0.748137E+01
   0.306047E-01   0.697969E+07   0.693368E+07  -0.144641E+03  -0.202540E+03   0.652208E+07   0.694085E+07   0.697196E+07   0.694085E+07  -0.167510E+00   0.349874E+07   0.349813E+07   0.659052E+01
   0.338171E-01   0.629017E+07   0.624350E+07  -0.126955E+03  -0.149591E+03   0.582112E+07   0.625044E+07   0.628234E+07   0.625044E+07  -0.150847E+00   0.315118E+07   0.315061E+07   0.569045E+01
   0.373666E-01   0.564919E+07   0.560366E+07  -0.654838E+02  -0.110112E+03   0.517133E+07   0.560902E+07   0.564154E+07   0.560902E+07  -0.135367E+00   0.282828E+07   0.282775E+07   0.478123E+01
   0.412888E-01   0.507702E+07   0.503473E+07  -0.535819E+02  -0.811178E+02   0.459002E+07   0.503673E+07   0.506992E+07   0.503673E+07  -0.121555E+00   0.254019E+07   0.253971E+07   0.387819E+01
   0.454177E-01   0.459494E+07   0.455768E+07   0.634567E+02  -0.607330E+02   0.410106E+07   0.455496E+07   0.458868E+07   0.455496E+07  -0.109928E+00   0.229769E+07   0.229728E+07   0.304607E+01
   0.495466E-01   0.421963E+07   0.418825E+07   0.488708E+02  -0.469140E+02   0.371777E+07   0.418002E+07   0.421436E+07   0.418002E+07  -0.100879E+00   0.210899E+07   0.210864E+07   0.234966E+01
   0.536755E-01   0.391980E+07   0.389430E+07   0.386090E+02  -0.371750E+02   0.340904E+07   0.388049E+07   0.391552E+07   0.388049E+07  -0.936501E-01   0.195828E+07   0.195799E+07   0.179475E+01
   0.578043E-01   0.366885E+07   0.364856E+07   0.311003E+02  -0.300360E+02   0.314948E+07   0.362976E+07   0.366545E+07   0.362976E+07  -0.875991E-01   0.183214E+07   0.183190E+07   0.137824E+01
   0.619332E-01   0.344840E+07   0.343210E+07   0.254148E+02  -0.246202E+02   0.292181E+07   0.340943E+07   0.344566E+07   0.340943E+07  -0.822816E-01   0.172130E+07   0.172110E+07   0.108833E+01
   0.660621E-01   0.324201E+07   0.322829E+07   0.209586E+02  -0.203660E+02   0.271114E+07   0.320315E+07   0.323971E+07   0.320315E+07  -0.773033E-01   0.161751E+07   0.161733E+07   0.904473E+00
   0.701910E-01   0.303996E+07   0.302739E+07   0.173722E+02  -0.169339E+02   0.250879E+07   0.300126E+07   0.303785E+07   0.300126E+07  -0.724309E-01   0.151589E+07   0.151572E+07   0.801699E+00
   0.743199E-01   0.284168E+07   0.282909E+07   0.144538E+02  -0.141334E+02   0.231430E+07   0.280324E+07   0.283956E+07   0.280324E+07  -0.676519E-01   0.141619E+07   0.141602E+07   0.754176E+00
   0.784487E-01   0.264395E+07   0.263056E+07   0.120432E+02  -0.118134E+02   0.212491E+07   0.260596E+07   0.264170E+07   0.260596E+07  -0.628909E-01   0.131681E+07   0.131664E+07   0.736273E+00
   0.825776E-01   0.245432E+07   0.243978E+07   0.100669E+02  -0.990595E+01   0.194655E+07   0.241693E+07   0.245188E+07   0.241693E+07  -0.583290E-01   0.122157E+07   0.122139E+07   0.728034E+00
   0.867065E-01   0.227802E+07   0.226239E+07   0.845619E+01  -0.834709E+01   0.178299E+07   0.224135E+07   0.227540E+07   0.224135E+07  -0.540914E-01   0.113307E+07   0.113288E+07   0.714576E+00
   0.918358E-01   0.208388E+07   0.206750E+07   0.687691E+01  -0.681434E+01   0.160462E+07   0.204818E+07   0.208113E+07   0.204818E+07  -0.494296E-01   0.103570E+07   0.103551E+07   0.678097E+00
   0.969650E-01   0.192236E+07   0.190618E+07   0.567582E+01  -0.564542E+01   0.145652E+07   0.188761E+07   0.191964E+07   0.188761E+07  -0.455546E-01   0.954761E+06   0.954582E+06   0.616357E+00
   0.102094E+00   0.179495E+07   0.177996E+07   0.476903E+01  -0.476098E+01   0.133848E+07   0.176104E+07   0.179244E+07   0.176104E+07  -0.425000E-01   0.890974E+06   0.890810E+06   0.535535E+00
   0.107224E+00   0.169722E+07   0.168409E+07   0.407905E+01  -0.408685E+01   0.124582E+07   0.166395E+07   0.169501E+07   0.166395E+07  -0.401568E-01   0.842069E+06   0.841925E+06   0.447297E+00
   0.112353E+00   0.161982E+07   0.160884E+07   0.353808E+01  -0.355739E+01   0.117061E+07   0.158704E+07   0.161797E+07   0.158704E+07  -0.383006E-01   0.803351E+06   0.803228E+06   0.364114E+00
   0.117482E+00   0.155240E+07   0.154340E+07   0.309466E+01  -0.312244E+01   0.110467E+07   0.152003E+07   0.155089E+07   0.152003E+07  -0.366835E-01   0.769626E+06   0.769522E+06   0.295795E+00
   0.122611E+00   0.148681E+07   0.147928E+07   0.271531E+01  -0.274921E+01   0.104183E+07   0.145486E+07   0.148554E+07   0.145486E+07  -0.351107E-01   0.736812E+06   0.736722E+06   0.247514E+00
   0.127741E+00   0.141824E+07   0.141150E+07   0.238103E+01  -0.241910E+01   0.978639E+06   0.138679E+07   0.141711E+07   0.138679E+07  -0.334679E-01   0.702511E+06   0.702427E+06   0.219404E+00
   0.132870E+00   0.134526E+07   0.133865E+07   0.208277E+01  -0.212338E+01   0.914163E+06   0.131441E+07   0.134415E+07   0.131441E+07  -0.317213E-01   0.666012E+06   0.665930E+06   0.207478E+00
   0.137999E+00   0.126926E+07   0.126233E+07   0.181753E+01  -0.185933E+01   0.849449E+06   0.123915E+07   0.126810E+07   0.123915E+07  -0.299049E-01   0.628029E+06   0.627944E+06   0.205415E+00
   0.143128E+00   0.119352E+07   0.118606E+07   0.158506E+01  -0.162704E+01   0.786709E+06   0.116422E+07   0.119227E+07   0.116422E+07  -0.280967E-01   0.590198E+06   0.590109E+06   0.206525E+00
   0.148258E+00   0.112206E+07   0.111412E+07   0.138563E+01  -0.142710E+01   0.728525E+06   0.109360E+07   0.112073E+07   0.109360E+07  -0.263924E-01   0.554530E+06   0.554438E+06   0.205397E+00
   0.153387E+00   0.105863E+07   0.105047E+07   0.121861E+01  -0.125921E+01   0.677142E+06   0.103097E+07   0.105726E+07   0.103097E+07  -0.248808E-01   0.522892E+06   0.522801E+06   0.198865E+00
   0.158516E+00   0.100551E+07   0.997493E+06   0.108148E+01  -0.112110E+01   0.633732E+06   0.978546E+06   0.100416E+07   0.978546E+06  -0.236156E-01   0.496417E+06   0.496329E+06   0.186213E+00
   0.163646E+00   0.962657E+06   0.955123E+06   0.969566E+00  -0.100824E+01   0.597931E+06   0.936256E+06   0.961392E+06   0.936256E+06  -0.225950E-01   0.475070E+06   0.474988E+06   0.168736E+00
   0.168775E+00   0.928001E+06   0.921185E+06   0.877057E+00  -0.914835E+00   0.568147E+06   0.902049E+06   0.926856E+06   0.902049E+06  -0.217695E-01   0.457814E+06   0.457739E+06   0.148949E+00
   0.173904E+00   0.898638E+06   0.892622E+06   0.798490E+00  -0.835390E+00   0.542361E+06   0.873058E+06   0.897627E+06   0.873058E+06  -0.210699E-01   0.443197E+06   0.443129E+06   0.129691E+00
   0.179033E+00   0.871711E+06   0.866424E+06   0.729497E+00  -0.765492E+00   0.518670E+06   0.846469E+06   0.870823E+06   0.846469E+06  -0.204282E-01   0.429792E+06   0.429731E+06   0.113328E+00
   0.184163E+00   0.844712E+06   0.839969E+06   0.666868E+00  -0.701831E+00   0.495560E+06   0.819825E+06   0.843916E+06   0.819825E+06  -0.197852E-01   0.416352E+06   0.416296E+06   0.101226E+00
   0.189292E+00   0.815886E+06   0.811448E+06   0.608555E+00  -0.642333E+00   0.471966E+06   0.791408E+06   0.815141E+06   0.791408E+06  -0.190994E-01   0.402004E+06   0.401951E+06   0.935986E-01
   0.194421E+00   0.784790E+06   0.780427E+06   0.553841E+00  -0.586278E+00   0.447663E+06   0.760793E+06   0.784057E+06   0.760793E+06  -0.183605E-01   0.386533E+06   0.386481E+06   0.896908E-01
   0.199550E+00   0.752306E+06   0.747856E+06   0.503017E+00  -0.534009E+00   0.423190E+06   0.728850E+06   0.751559E+06   0.728850E+06  -0.175896E-01   0.370380E+06   0.370327E+06   0.881494E-01
   0.204680E+00   0.719937E+06   0.715327E+06   0.456680E+00  -0.486197E+00   0.399405E+06   0.697050E+06   0.719163E+06   0.697050E+06  -0.168222E-01   0.354292E+06   0.354238E+06   0.874477E-01
   0.209809E+00   0.689144E+06   0.684395E+06   0.415255E+00  -0.443333E+00   0.377094E+06   0.666822E+06   0.688347E+06   0.666822E+06  -0.160927E-01   0.338995E+06   0.338941E+06   0.862726E-01
   0.214938E+00   0.661104E+06   0.656306E+06   0.378883E+00  -0.405614E+00   0.356846E+06   0.639312E+06   0.660298E+06   0.639312E+06  -0.154288E-01   0.325074E+06   0.325020E+06   0.837958E-01
   0.220067E+00   0.636579E+06   0.631858E+06   0.347413E+00  -0.372925E+00   0.338995E+06   0.615261E+06   0.635786E+06   0.615261E+06  -0.148483E-01   0.312905E+06   0.312852E+06   0.797720E-01
   0.225197E+00   0.615697E+06   0.611176E+06   0.320350E+00  -0.344781E+00   0.323516E+06   0.594784E+06   0.614938E+06   0.594784E+06  -0.143542E-01   0.302548E+06   0.302498E+06   0.744680E-01
   0.230326E+00   0.597885E+06   0.593649E+06   0.296906E+00  -0.320374E+00   0.310019E+06   0.577315E+06   0.597174E+06   0.577315E+06  -0.139326E-01   0.293717E+06   0.293670E+06   0.684821E-01
   0.235455E+00   0.582140E+06   0.578225E+06   0.276199E+00  -0.298787E+00   0.297913E+06   0.561872E+06   0.581483E+06   0.561872E+06  -0.135599E-01   0.285913E+06   0.285868E+06   0.625274E-01
   0.240585E+00   0.567394E+06   0.563778E+06   0.257452E+00  -0.279204E+00   0.286600E+06   0.547411E+06   0.566787E+06   0.547411E+06  -0.132109E-01   0.278604E+06   0.278563E+06   0.572334E-01
   0.245714E+00   0.552738E+06   0.549360E+06   0.240073E+00  -0.261000E+00   0.275597E+06   0.533044E+06   0.552171E+06   0.533044E+06  -0.128642E-01   0.271340E+06   0.271301E+06   0.530038E-01
   0.250843E+00   0.537568E+06   0.534344E+06   0.223689E+00  -0.243784E+00   0.264594E+06   0.518187E+06   0.537027E+06   0.518187E+06  -0.125056E-01   0.263824E+06   0.263786E+06   0.499576E-01
   0.255972E+00   0.521698E+06   0.518546E+06   0.208150E+00  -0.227398E+00   0.253504E+06   0.502658E+06   0.521169E+06   0.502658E+06  -0.121308E-01   0.255962E+06   0.255926E+06   0.479512E-01
   0.261102E+00   0.505366E+06   0.502222E+06   0.193488E+00  -0.211888E+00   0.242448E+06   0.486692E+06   0.504838E+06   0.486692E+06  -0.117455E-01   0.247875E+06   0.247838E+06   0.466627E-01
   0.266231E+00   0.489066E+06   0.485900E+06   0.179823E+00  -0.197390E+00   0.231665E+06   0.470770E+06   0.488534E+06   0.470770E+06  -0.113613E-01   0.239806E+06   0.239770E+06   0.457000E-01
   0.271360E+00   0.473340E+06   0.470153E+06   0.167267E+00  -0.184037E+00   0.221403E+06   0.455419E+06   0.472805E+06   0.455419E+06  -0.109908E-01   0.232025E+06   0.231989E+06   0.447043E-01
   0.276489E+00   0.458638E+06   0.455457E+06   0.155882E+00  -0.171903E+00   0.211856E+06   0.441074E+06   0.458104E+06   0.441074E+06  -0.106446E-01   0.224754E+06   0.224718E+06   0.434269E-01
   0.281619E+00   0.445248E+06   0.442115E+06   0.145657E+00  -0.160990E+00   0.203131E+06   0.428015E+06   0.444722E+06   0.428015E+06  -0.103294E-01   0.218134E+06   0.218099E+06   0.417652E-01
   0.286748E+00   0.433247E+06   0.430204E+06   0.136515E+00  -0.151219E+00   0.195235E+06   0.416312E+06   0.432736E+06   0.416312E+06  -0.100470E-01   0.212204E+06   0.212170E+06   0.397572E-01
   0.291877E+00   0.422485E+06   0.419565E+06   0.128312E+00  -0.142441E+00   0.188072E+06   0.405818E+06   0.421995E+06   0.405818E+06  -0.979375E-02   0.206887E+06   0.206854E+06   0.375428E-01
   0.297006E+00   0.412644E+06   0.409862E+06   0.120872E+00  -0.134468E+00   0.181476E+06   0.396223E+06   0.412177E+06   0.396223E+06  -0.956219E-02   0.202027E+06   0.201995E+06   0.353087E-01
   0.302136E+00   0.403345E+06   0.400697E+06   0.114022E+00  -0.127114E+00   0.175262E+06   0.387158E+06   0.402900E+06   0.387158E+06  -0.934343E-02   0.197434E+06   0.197404E+06   0.332325E-01
   0.307265E+00   0.394247E+06   0.391715E+06   0.107621E+00  -0.120227E+00   0.169269E+06   0.378293E+06   0.393822E+06   0.378293E+06  -0.912949E-02   0.192943E+06   0.192914E+06   0.314406E-01
   0.312394E+00   0.385117E+06   0.382673E+06   0.101574E+00  -0.113704E+00   0.163393E+06   0.369402E+06   0.384707E+06   0.369402E+06  -0.891491E-02   0.188436E+06   0.188407E+06   0.299872E-01
   0.317524E+00   0.375862E+06   0.373475E+06   0.958326E-01  -0.107495E+00   0.157589E+06   0.360394E+06   0.375461E+06   0.360394E+06  -0.869752E-02   0.183867E+06   0.183840E+06   0.288533E-01
   0.322653E+00   0.366519E+06   0.364166E+06   0.903871E-01  -0.101590E+00   0.151873E+06   0.351307E+06   0.366124E+06   0.351307E+06  -0.847824E-02   0.179257E+06   0.179230E+06   0.279639E-01
   0.327782E+00   0.357227E+06   0.354892E+06   0.852514E-01  -0.960068E-01   0.146300E+06   0.342275E+06   0.356835E+06   0.342275E+06  -0.826025E-02   0.174673E+06   0.174646E+06   0.272154E-01
   0.332911E+00   0.348167E+06   0.345847E+06   0.804474E-01  -0.907733E-01   0.140941E+06   0.333473E+06   0.347777E+06   0.333473E+06  -0.804784E-02   0.170205E+06   0.170179E+06   0.265043E-01
   0.338041E+00   0.339515E+06   0.337216E+06   0.759918E-01  -0.859102E-01   0.135860E+06   0.325071E+06   0.339129E+06   0.325071E+06  -0.784507E-02   0.165940E+06   0.165913E+06   0.257512E-01
   0.343170E+00   0.331390E+06   0.329126E+06   0.718860E-01  -0.814217E-01   0.131096E+06   0.317185E+06   0.331010E+06   0.317185E+06  -0.765475E-02   0.161936E+06   0.161910E+06   0.249142E-01
   0.348299E+00   0.323833E+06   0.321617E+06   0.681127E-01  -0.772909E-01   0.126656E+06   0.309851E+06   0.323461E+06   0.309851E+06  -0.747775E-02   0.158212E+06   0.158187E+06   0.239906E-01
   0.353428E+00   0.316801E+06   0.314645E+06   0.646393E-01  -0.734833E-01   0.122513E+06   0.303028E+06   0.316439E+06   0.303028E+06  -0.731309E-02   0.154749E+06   0.154725E+06   0.230093E-01
   0.358558E+00   0.310200E+06   0.308110E+06   0.614255E-01  -0.699550E-01   0.118621E+06   0.296625E+06   0.309850E+06   0.296625E+06  -0.715856E-02   0.151499E+06   0.151475E+06   0.220175E-01
   0.363687E+00   0.303913E+06   0.301890E+06   0.584302E-01  -0.666615E-01   0.114927E+06   0.290527E+06   0.303573E+06   0.290527E+06  -0.701140E-02   0.148403E+06   0.148380E+06   0.210660E-01
   0.368816E+00   0.297821E+06   0.295860E+06   0.556167E-01  -0.635623E-01   0.111382E+06   0.284621E+06   0.297492E+06   0.284621E+06  -0.686887E-02   0.145405E+06   0.145382E+06   0.201954E-01
   0.373946E+00   0.291828E+06   0.289920E+06   0.529555E-01  -0.606250E-01   0.107944E+06   0.278813E+06   0.291508E+06   0.278813E+06  -0.672871E-02   0.142455E+06   0.142433E+06   0.194279E-01
   0.379075E+00   0.285875E+06   0.284008E+06   0.504266E-01  -0.578279E-01   0.104589E+06   0.273046E+06   0.285561E+06   0.273046E+06  -0.658953E-02   0.139526E+06   0.139504E+06   0.187651E-01
   0.384204E+00   0.279950E+06   0.278116E+06   0.480205E-01  -0.551611E-01   0.101312E+06   0.267309E+06   0.279642E+06   0.267309E+06  -0.645108E-02   0.136611E+06   0.136590E+06   0.181908E-01
   0.389333E+00   0.274094E+06   0.272286E+06   0.457370E-01  -0.526250E-01   0.981238E+05   0.261642E+06   0.273791E+06   0.261642E+06  -0.631431E-02   0.133730E+06   0.133710E+06   0.176788E-01
   0.394463E+00   0.268368E+06   0.266583E+06   0.435790E-01  -0.502239E-01   0.950450E+05   0.256103E+06   0.268069E+06   0.256103E+06  -0.618063E-02   0.130914E+06   0.130894E+06   0.171990E-01
   0.399592E+00   0.262829E+06   0.261066E+06   0.415480E-01  -0.479603E-01   0.920921E+05   0.250746E+06   0.262533E+06   0.250746E+06  -0.605134E-02   0.128191E+06   0.128171E+06   0.167262E-01
   0.404721E+00   0.257512E+06   0.255776E+06   0.396422E-01  -0.458329E-01   0.892747E+05   0.245606E+06   0.257221E+06   0.245606E+06  -0.592731E-02   0.125577E+06   0.125558E+06   0.162433E-01
   0.409850E+00   0.252438E+06   0.250732E+06   0.378569E-01  -0.438372E-01   0.865956E+05   0.240702E+06   0.252152E+06   0.240702E+06  -0.580896E-02   0.123084E+06   0.123065E+06   0.157445E-01
   0.414980E+00   0.247610E+06   0.245939E+06   0.361854E-01  -0.419661E-01   0.840523E+05   0.236038E+06   0.247330E+06   0.236038E+06  -0.569639E-02   0.120712E+06   0.120693E+06   0.152342E-01
   0.420109E+00   0.243009E+06   0.241374E+06   0.346180E-01  -0.402091E-01   0.816340E+05   0.231593E+06   0.242734E+06   0.231593E+06  -0.558913E-02   0.118452E+06   0.118433E+06   0.147235E-01
   0.425238E+00   0.238590E+06   0.236993E+06   0.331423E-01  -0.385526E-01   0.793226E+05   0.227326E+06   0.238322E+06   0.227326E+06  -0.548615E-02   0.116282E+06   0.116264E+06   0.142259E-01
   0.430367E+00   0.234305E+06   0.232744E+06   0.317464E-01  -0.369832E-01   0.770987E+05   0.223189E+06   0.234043E+06   0.223189E+06  -0.538630E-02   0.114178E+06   0.114160E+06   0.137538E-01
   0.435497E+00   0.230117E+06   0.228590E+06   0.304209E-01  -0.354906E-01   0.749483E+05   0.219147E+06   0.229860E+06   0.219147E+06  -0.528876E-02   0.112122E+06   0.112104E+06   0.133156E-01
   0.440626E+00   0.226008E+06   0.224510E+06   0.291597E-01  -0.340681E-01   0.728634E+05   0.215183E+06   0.225756E+06   0.215183E+06  -0.519309E-02   0.110105E+06   0.110088E+06   0.129142E-01
   0.445755E+00   0.221968E+06   0.220496E+06   0.279580E-01  -0.327104E-01   0.708391E+05   0.211286E+06   0.221721E+06   0.211286E+06  -0.509905E-02   0.108122E+06   0.108105E+06   0.125472E-01
   0.450885E+00   0.217993E+06   0.216544E+06   0.268123E-01  -0.314139E-01   0.688726E+05   0.207454E+06   0.217750E+06   0.207454E+06  -0.500656E-02   0.106172E+06   0.106155E+06   0.122079E-01
   0.456014E+00   0.214093E+06   0.212666E+06   0.257210E-01  -0.301769E-01   0.669658E+05   0.203695E+06   0.213853E+06   0.203695E+06  -0.491585E-02   0.104258E+06   0.104242E+06   0.118880E-01
   0.461143E+00   0.210291E+06   0.208884E+06   0.246839E-01  -0.289996E-01   0.651240E+05   0.200032E+06   0.210055E+06   0.200032E+06  -0.482744E-02   0.102393E+06   0.102377E+06   0.115794E-01
   0.466272E+00   0.206606E+06   0.205220E+06   0.237005E-01  -0.278817E-01   0.633519E+05   0.196483E+06   0.206373E+06   0.196483E+06  -0.474179E-02   0.100586E+06   0.100571E+06   0.112760E-01
   0.471402E+00   0.203047E+06   0.201682E+06   0.227689E-01  -0.268212E-01   0.616499E+05   0.193055E+06   0.202818E+06   0.193055E+06  -0.465907E-02   0.988411E+05   0.988255E+05   0.109745E-01
   0.476531E+00   0.199610E+06   0.198267E+06   0.218861E-01  -0.258149E-01   0.600152E+05   0.189746E+06   0.199384E+06   0.189746E+06  -0.457921E-02   0.971560E+05   0.971407E+05   0.106742E-01
   0.481660E+00   0.196288E+06   0.194969E+06   0.210487E-01  -0.248593E-01   0.584443E+05   0.186549E+06   0.196066E+06   0.186549E+06  -0.450205E-02   0.955278E+05   0.955128E+05   0.103770E-01
   0.486789E+00   0.193073E+06   0.191778E+06   0.202537E-01  -0.239508E-01   0.569329E+05   0.183456E+06   0.192856E+06   0.183456E+06  -0.442741E-02   0.939526E+05   0.939378E+05   0.100864E-01
   0.491919E+00   0.189954E+06   0.188682E+06   0.194976E-01  -0.230856E-01   0.554761E+05   0.180455E+06   0.189740E+06   0.180455E+06  -0.435499E-02   0.924242E+05   0.924097E+05   0.980606E-02
   0.497048E+00   0.186913E+06   0.185664E+06   0.187769E-01  -0.222598E-01   0.540675E+05   0.177531E+06   0.186704E+06   0.177531E+06  -0.428442E-02   0.909346E+05   0.909204E+05   0.953859E-02
   0.502177E+00   0.183937E+06   0.182709E+06   0.180884E-01  -0.214698E-01   0.527019E+05   0.174669E+06   0.183731E+06   0.174669E+06  -0.421536E-02   0.894767E+05   0.894627E+05   0.928541E-02
   0.507306E+00   0.181018E+06   0.179810E+06   0.174298E-01  -0.207131E-01   0.513761E+05   0.171864E+06   0.180815E+06   0.171864E+06  -0.414765E-02   0.880471E+05   0.880333E+05   0.904646E-02
   0.512436E+00   0.178157E+06   0.176967E+06   0.167999E-01  -0.199884E-01   0.500894E+05   0.169114E+06   0.177957E+06   0.169114E+06  -0.408129E-02   0.866458E+05   0.866323E+05   0.882045E-02
   0.517565E+00   0.175355E+06   0.174183E+06   0.161975E-01  -0.192944E-01   0.488415E+05   0.166423E+06   0.175159E+06   0.166423E+06  -0.401635E-02   0.852743E+05   0.852609E+05   0.860518E-02
   0.522694E+00   0.172616E+06   0.171460E+06   0.156215E-01  -0.186299E-01   0.476320E+05   0.163792E+06   0.172422E+06   0.163792E+06  -0.395286E-02   0.839333E+05   0.839201E+05   0.839813E-02
   0.527824E+00   0.169941E+06   0.168802E+06   0.150710E-01  -0.179940E-01   0.464606E+05   0.161224E+06   0.169750E+06   0.161224E+06  -0.389087E-02   0.826240E+05   0.826110E+05   0.819704E-02
   0.532953E+00   0.167335E+06   0.166212E+06   0.145451E-01  -0.173858E-01   0.453276E+05   0.158722E+06   0.167146E+06   0.158722E+06  -0.383050E-02   0.813484E+05   0.813357E+05   0.800042E-02
   0.538082E+00   0.164801E+06   0.163694E+06   0.140431E-01  -0.168045E-01   0.442331E+05   0.156290E+06   0.164615E+06   0.156290E+06  -0.377180E-02   0.801085E+05   0.800959E+05   0.780760E-02
   0.543211E+00   0.162338E+06   0.161247E+06   0.135637E-01  -0.162488E-01   0.431757E+05   0.153926E+06   0.162155E+06   0.153926E+06  -0.371477E-02   0.789033E+05   0.788909E+05   0.761863E-02
   0.548341E+00   0.159939E+06   0.158865E+06   0.131054E-01  -0.157169E-01   0.421529E+05   0.151626E+06   0.159759E+06   0.151626E+06  -0.365924E-02   0.777299E+05   0.777177E+05   0.743402E-02
   0.553470E+00   0.157599E+06   0.156542E+06   0.126667E-01  -0.152072E-01   0.411624E+05   0.149381E+06   0.157422E+06   0.149381E+06  -0.360508E-02   0.765855E+05   0.765734E+05   0.725459E-02
   0.558599E+00   0.155314E+06   0.154273E+06   0.122466E-01  -0.147185E-01   0.402024E+05   0.147191E+06   0.155139E+06   0.147191E+06  -0.355221E-02   0.754681E+05   0.754562E+05   0.708117E-02
   0.563728E+00   0.153081E+06   0.152055E+06   0.118440E-01  -0.142496E-01   0.392714E+05   0.145050E+06   0.152909E+06   0.145050E+06  -0.350055E-02   0.743762E+05   0.743646E+05   0.691436E-02
   0.568858E+00   0.150896E+06   0.149885E+06   0.114578E-01  -0.137992E-01   0.383676E+05   0.142956E+06   0.150726E+06   0.142956E+06  -0.345001E-02   0.733077E+05   0.732962E+05   0.675426E-02
   0.573987E+00   0.148753E+06   0.147756E+06   0.110869E-01  -0.133663E-01   0.374892E+05   0.140903E+06   0.148586E+06   0.140903E+06  -0.340046E-02   0.722603E+05   0.722489E+05   0.660057E-02
   0.579116E+00   0.146652E+06   0.145669E+06   0.107307E-01  -0.129499E-01   0.366353E+05   0.138890E+06   0.146487E+06   0.138890E+06  -0.335189E-02   0.712334E+05   0.712222E+05   0.645271E-02
   0.584246E+00   0.144595E+06   0.143625E+06   0.103886E-01  -0.125496E-01   0.358059E+05   0.136920E+06   0.144432E+06   0.136920E+06  -0.330434E-02   0.702279E+05   0.702168E+05   0.631002E-02
   0.589375E+00   0.142583E+06   0.141626E+06   0.100602E-01  -0.121649E-01   0.350009E+05   0.134993E+06   0.142422E+06   0.134993E+06  -0.325784E-02   0.692446E+05   0.692337E+05   0.617176E-02
   0.594504E+00   0.140615E+06   0.139671E+06   0.974484E-02  -0.117951E-01   0.342194E+05   0.133110E+06   0.140457E+06   0.133110E+06  -0.321239E-02   0.682833E+05   0.682725E+05   0.603729E-02
   0.599633E+00   0.138691E+06   0.137759E+06   0.944195E-02  -0.114395E-01   0.334606E+05   0.131268E+06   0.138534E+06   0.131268E+06  -0.316794E-02   0.673431E+05   0.673325E+05   0.590614E-02
   0.604763E+00   0.136809E+06   0.135890E+06   0.915101E-02  -0.110976E-01   0.327241E+05   0.129468E+06   0.136655E+06   0.129468E+06  -0.312449E-02   0.664241E+05   0.664136E+05   0.577813E-02
   0.609892E+00   0.134972E+06   0.134065E+06   0.887156E-02  -0.107689E-01   0.320094E+05   0.127709E+06   0.134819E+06   0.127709E+06  -0.308206E-02   0.655265E+05   0.655161E+05   0.565329E-02
   0.615021E+00   0.133176E+06   0.132281E+06   0.860304E-02  -0.104526E-01   0.313157E+05   0.125992E+06   0.133026E+06   0.125992E+06  -0.304061E-02   0.646494E+05   0.646392E+05   0.553175E-02
   0.620150E+00   0.131418E+06   0.130536E+06   0.834478E-02  -0.101482E-01   0.306416E+05   0.124311E+06   0.131270E+06   0.124311E+06  -0.300004E-02   0.637912E+05   0.637811E+05   0.541362E-02
   0.625280E+00   0.129696E+06   0.128825E+06   0.809618E-02  -0.985481E-02   0.299860E+05   0.122664E+06   0.129550E+06   0.122664E+06  -0.296030E-02   0.629502E+05   0.629403E+05   0.529901E-02
   0.673562E+00   0.115062E+06   0.114289E+06   0.615826E-02  -0.755662E-02   0.246194E+05   0.108687E+06   0.114932E+06   0.108687E+06  -0.262298E-02   0.558095E+05   0.558006E+05   0.437522E-02
   0.725573E+00   0.102020E+06   0.101333E+06   0.468229E-02  -0.579035E-02   0.201540E+05   0.962508E+05   0.101904E+06   0.962508E+05  -0.232286E-02   0.494514E+05   0.494436E+05   0.360950E-02
   0.781600E+00   0.904186E+05   0.898097E+05   0.355930E-02  -0.443462E-02   0.164538E+05   0.852083E+05   0.903164E+05   0.852083E+05  -0.205636E-02   0.438015E+05   0.437946E+05   0.297767E-02
   0.895965E+00   0.723171E+05   0.718295E+05   0.214873E-02  -0.271185E-02   0.112511E+05   0.680178E+05   0.722352E+05   0.680178E+05  -0.164150E-02   0.349970E+05   0.349914E+05   0.208977E-02
   0.125042E+01   0.416266E+05   0.413452E+05   0.624376E-03  -0.809226E-03   0.428429E+04   0.390002E+05   0.415794E+05   0.390002E+05  -0.941206E-03   0.201050E+05   0.201017E+05   0.880746E-03
   0.174510E+01   0.237388E+05   0.235779E+05   0.182020E-03  -0.237153E-03   0.155228E+04   0.221793E+05   0.237118E+05   0.221793E+05  -0.535401E-03   0.114499E+05   0.114479E+05   0.374306E-03
   0.243548E+01   0.134228E+05   0.133316E+05   0.524459E-04  -0.691325E-04   0.537577E+03   0.125175E+05   0.134075E+05   0.125175E+05  -0.302179E-03   0.646843E+04   0.646724E+04   0.162899E-03
