#          k/h    CDM            baryon         photon         nu             mass_nu        total          no_nu          total_de       Weyl           v_CDM          v_b            v_b-v_c     
   0.104390E-04   0.186515E+08   0.186515E+08   0.248559E+08   0.248555E+08   0.186516E+08   0.186515E+08   0.186515E+08   0.186577E+08  -0.489057E+00   0.936976E+07   0.936976E+07   0.571592E+01
   0.115345E-04   0.186515E+08   0.186515E+08   0.248531E+08   0.248526E+08   0.186516E+08   0.186515E+08   0.186515E+08   0.186577E+08  -0.489055E+00   0.936975E+07   0.936975E+07   0.631560E+01
   0.127450E-04   0.186515E+08   0.186515E+08   0.248496E+08   0.248490E+08   0.186516E+08   0.186515E+08   0.186515E+08   0.186577E+08  -0.489053E+00   0.936974E+07   0.936974E+07   0.697814E+01
   0.140826E-04   0.186515E+08   0.186515E+08   0.248454E+08   0.248447E+08   0.186516E+08   0.186515E+08   0.186515E+08   0.186577E+08  -0.489051E+00   0.936973E+07   0.936973E+07   0.771012E+01
   0.155605E-04   0.186514E+08   0.186514E+08   0.248402E+08   0.248393E+08   0.186515E+08   0.186514E+08   0.186514E+08   0.186577E+08  -0.489048E+00   0.936971E+07   0.936971E+07   0.851881E+01
   0.171935E-04   0.186514E+08   0.186514E+08   0.248339E+08   0.248328E+08   0.186515E+08   0.186514E+08   0.186514E+08   0.186576E+08  -0.489044E+00   0.936969E+07   0.936969E+07   0.941220E+01
   0.189979E-04   0.186514E+08   0.186514E+08   0.248262E+08   0.248249E+08   0.186515E+08   0.186514E+08   0.186514E+08   0.186576E+08  -0.489040E+00   0.936966E+07   0.936966E+07   0.103991E+02
   0.209917E-04   0.186513E+08   0.186513E+08   0.248168E+08   0.248152E+08   0.186514E+08   0.186513E+08   0.186513E+08   0.186575E+08  -0.489034E+00   0.936963E+07   0.936963E+07   0.114893E+02
   0.231947E-04   0.186512E+08   0.186512E+08   0.248053E+08   0.248034E+08   0.186513E+08   0.186513E+08   0.186512E+08   0.186574E+08  -0.489027E+00   0.936959E+07   0.936959E+07   0.126935E+02
   0.256289E-04   0.186512E+08   0.186512E+08   0.247913E+08   0.247889E+08   0.186513E+08   0.186512E+08   0.186512E+08   0.186574E+08  -0.489019E+00   0.936955E+07   0.936955E+07   0.140236E+02
   0.283186E-04   0.186511E+08   0.186511E+08   0.247742E+08   0.247713E+08   0.186512E+08   0.186511E+08   0.186511E+08   0.186573E+08  -0.489009E+00   0.936949E+07   0.936949E+07   0.154925E+02
   0.312905E-04   0.186510E+08   0.186509E+08   0.247533E+08   0.247498E+08   0.186510E+08   0.186510E+08   0.186510E+08   0.186571E+08  -0.488997E+00   0.936942E+07   0.936942E+07   0.171146E+02
   0.345744E-04   0.186508E+08   0.186508E+08   0.247278E+08   0.247236E+08   0.186509E+08   0.186508E+08   0.186508E+08   0.186570E+08  -0.488982E+00   0.936934E+07   0.936934E+07   0.189056E+02
   0.382028E-04   0.186506E+08   0.186506E+08   0.246968E+08   0.246916E+08   0.186507E+08   0.186506E+08   0.186506E+08   0.186568E+08  -0.488964E+00   0.936924E+07   0.936923E+07   0.208827E+02
   0.422121E-04   0.186504E+08   0.186504E+08   0.246590E+08   0.246527E+08   0.186505E+08   0.186504E+08   0.186504E+08   0.186566E+08  -0.488942E+00   0.936911E+07   0.936911E+07   0.230650E+02
   0.466421E-04   0.186502E+08   0.186501E+08   0.246128E+08   0.246051E+08   0.186502E+08   0.186502E+08   0.186502E+08   0.186563E+08  -0.488914E+00   0.936896E+07   0.936896E+07   0.254730E+02
   0.515371E-04   0.186498E+08   0.186498E+08   0.245566E+08   0.245473E+08   0.186499E+08   0.186498E+08   0.186498E+08   0.186560E+08  -0.488881E+00   0.936877E+07   0.936877E+07   0.281294E+02
   0.569457E-04   0.186494E+08   0.186494E+08   0.244881E+08   0.244767E+08   0.186495E+08   0.186494E+08   0.186494E+08   0.186556E+08  -0.488841E+00   0.936854E+07   0.936854E+07   0.310586E+02
   0.629220E-04   0.186490E+08   0.186489E+08   0.244048E+08   0.243909E+08   0.186490E+08   0.186490E+08   0.186490E+08   0.186551E+08  -0.488792E+00   0.936827E+07   0.936826E+07   0.342874E+02
   0.695254E-04   0.186484E+08   0.186484E+08   0.243033E+08   0.242865E+08   0.186485E+08   0.186484E+08   0.186484E+08   0.186545E+08  -0.488732E+00   0.936793E+07   0.936792E+07   0.378443E+02
   0.768219E-04   0.186477E+08   0.186476E+08   0.241800E+08   0.241595E+08   0.186478E+08   0.186477E+08   0.186477E+08   0.186537E+08  -0.488658E+00   0.936752E+07   0.936751E+07   0.417601E+02
   0.848841E-04   0.186468E+08   0.186468E+08   0.240303E+08   0.240053E+08   0.186469E+08   0.186468E+08   0.186468E+08   0.186528E+08  -0.488569E+00   0.936701E+07   0.936700E+07   0.460675E+02
   0.937924E-04   0.186458E+08   0.186457E+08   0.238486E+08   0.238183E+08   0.186458E+08   0.186458E+08   0.186457E+08   0.186517E+08  -0.488461E+00   0.936640E+07   0.936638E+07   0.508010E+02
   0.103636E-03   0.186445E+08   0.186444E+08   0.236285E+08   0.235918E+08   0.186445E+08   0.186445E+08   0.186445E+08   0.186504E+08  -0.488328E+00   0.936565E+07   0.936564E+07   0.559965E+02
   0.114512E-03   0.186429E+08   0.186428E+08   0.233623E+08   0.233180E+08   0.186430E+08   0.186429E+08   0.186429E+08   0.186487E+08  -0.488167E+00   0.936474E+07   0.936472E+07   0.616904E+02
   0.126529E-03   0.186410E+08   0.186409E+08   0.230412E+08   0.229876E+08   0.186410E+08   0.186410E+08   0.186410E+08   0.186467E+08  -0.487972E+00   0.936364E+07   0.936361E+07   0.679193E+02
   0.139808E-03   0.186387E+08   0.186386E+08   0.226546E+08   0.225900E+08   0.186387E+08   0.186387E+08   0.186387E+08   0.186443E+08  -0.487734E+00   0.936229E+07   0.936226E+07   0.747182E+02
   0.154481E-03   0.186359E+08   0.186357E+08   0.221907E+08   0.221132E+08   0.186359E+08   0.186358E+08   0.186358E+08   0.186414E+08  -0.487446E+00   0.936065E+07   0.936061E+07   0.821188E+02
   0.170693E-03   0.186324E+08   0.186323E+08   0.216364E+08   0.215436E+08   0.186324E+08   0.186324E+08   0.186324E+08   0.186378E+08  -0.487096E+00   0.935866E+07   0.935862E+07   0.901474E+02
   0.188606E-03   0.186283E+08   0.186281E+08   0.209771E+08   0.208665E+08   0.186283E+08   0.186282E+08   0.186282E+08   0.186335E+08  -0.486673E+00   0.935625E+07   0.935620E+07   0.988211E+02
   0.208400E-03   0.186232E+08   0.186230E+08   0.201975E+08   0.200665E+08   0.186232E+08   0.186232E+08   0.186232E+08   0.186282E+08  -0.486163E+00   0.935334E+07   0.935327E+07   0.108144E+03
   0.230271E-03   0.186171E+08   0.186168E+08   0.192823E+08   0.191281E+08   0.186171E+08   0.186170E+08   0.186170E+08   0.186219E+08  -0.485548E+00   0.934981E+07   0.934973E+07   0.118101E+03
   0.254437E-03   0.186097E+08   0.186094E+08   0.182176E+08   0.180376E+08   0.186096E+08   0.186096E+08   0.186097E+08   0.186142E+08  -0.484810E+00   0.934556E+07   0.934546E+07   0.128652E+03
   0.281139E-03   0.186008E+08   0.186004E+08   0.169924E+08   0.167844E+08   0.186007E+08   0.186007E+08   0.186007E+08   0.186050E+08  -0.483927E+00   0.934044E+07   0.934032E+07   0.139724E+03
   0.310644E-03   0.185901E+08   0.185896E+08   0.156018E+08   0.153645E+08   0.185899E+08   0.185900E+08   0.185900E+08   0.185939E+08  -0.482876E+00   0.933431E+07   0.933417E+07   0.151201E+03
   0.343245E-03   0.185772E+08   0.185766E+08   0.140501E+08   0.137836E+08   0.185770E+08   0.185771E+08   0.185771E+08   0.185806E+08  -0.481630E+00   0.932698E+07   0.932682E+07   0.162913E+03
   0.379268E-03   0.185619E+08   0.185612E+08   0.123551E+08   0.120615E+08   0.185616E+08   0.185618E+08   0.185618E+08   0.185648E+08  -0.480163E+00   0.931828E+07   0.931808E+07   0.174632E+03
   0.419070E-03   0.185437E+08   0.185428E+08   0.105525E+08   0.102368E+08   0.185433E+08   0.185435E+08   0.185435E+08   0.185461E+08  -0.478450E+00   0.930798E+07   0.930775E+07   0.186057E+03
   0.463050E-03   0.185221E+08   0.185211E+08   0.869924E+07   0.837017E+07   0.185217E+08   0.185219E+08   0.185219E+08   0.185241E+08  -0.476467E+00   0.929589E+07   0.929562E+07   0.196820E+03
   0.511646E-03   0.184968E+08   0.184955E+08   0.687484E+07   0.654488E+07   0.184962E+08   0.184966E+08   0.184966E+08   0.184982E+08  -0.474197E+00   0.928181E+07   0.928149E+07   0.206485E+03
   0.565341E-03   0.184673E+08   0.184658E+08   0.517682E+07   0.486210E+07   0.184665E+08   0.184670E+08   0.184670E+08   0.184683E+08  -0.471633E+00   0.926555E+07   0.926518E+07   0.214574E+03
   0.624672E-03   0.184332E+08   0.184314E+08   0.370880E+07   0.342748E+07   0.184323E+08   0.184328E+08   0.184329E+08   0.184337E+08  -0.468781E+00   0.924697E+07   0.924656E+07   0.220598E+03
   0.690229E-03   0.183941E+08   0.183922E+08   0.255880E+07   0.232800E+07   0.183930E+08   0.183938E+08   0.183938E+08   0.183944E+08  -0.465663E+00   0.922600E+07   0.922553E+07   0.224107E+03
   0.762667E-03   0.183500E+08   0.183477E+08   0.177033E+07   0.160157E+07   0.183486E+08   0.183495E+08   0.183496E+08   0.183500E+08  -0.462323E+00   0.920263E+07   0.920212E+07   0.224754E+03
   0.842706E-03   0.183007E+08   0.182981E+08   0.131566E+07   0.120991E+07   0.182990E+08   0.183002E+08   0.183002E+08   0.183005E+08  -0.458823E+00   0.917697E+07   0.917641E+07   0.222350E+03
   0.931145E-03   0.182463E+08   0.182434E+08   0.108918E+07   0.103385E+07   0.182442E+08   0.182457E+08   0.182458E+08   0.182459E+08  -0.455241E+00   0.914919E+07   0.914858E+07   0.216906E+03
   0.102887E-02   0.181870E+08   0.181839E+08   0.940709E+06   0.911661E+06   0.181844E+08   0.181863E+08   0.181865E+08   0.181866E+08  -0.451658E+00   0.911950E+07   0.911886E+07   0.208613E+03
   0.113684E-02   0.181232E+08   0.181199E+08   0.750998E+06   0.721320E+06   0.181200E+08   0.181225E+08   0.181227E+08   0.181227E+08  -0.448145E+00   0.908812E+07   0.908744E+07   0.197806E+03
   0.125615E-02   0.180552E+08   0.180516E+08   0.508745E+06   0.461191E+06   0.180513E+08   0.180544E+08   0.180546E+08   0.180545E+08  -0.444751E+00   0.905515E+07   0.905445E+07   0.184896E+03
   0.138798E-02   0.179831E+08   0.179794E+08   0.308454E+06   0.242994E+06   0.179783E+08   0.179822E+08   0.179825E+08   0.179823E+08  -0.441493E+00   0.902056E+07   0.901986E+07   0.170362E+03
   0.153364E-02   0.179068E+08   0.179030E+08   0.228803E+06   0.157425E+06   0.179009E+08   0.179058E+08   0.179062E+08   0.179059E+08  -0.438358E+00   0.898413E+07   0.898342E+07   0.154810E+03
   0.169459E-02   0.178259E+08   0.178220E+08   0.210211E+06  -0.567086E+05   0.178187E+08   0.178248E+08   0.178253E+08   0.178248E+08  -0.435311E+00   0.894548E+07   0.894477E+07   0.139012E+03
   0.187243E-02   0.177396E+08   0.177357E+08   0.139924E+06  -0.610310E+05   0.177308E+08   0.177384E+08   0.177390E+08   0.177384E+08  -0.432311E+00   0.890406E+07   0.890337E+07   0.123805E+03
   0.206894E-02   0.176469E+08   0.176430E+08   0.570445E+05  -0.599688E+05   0.176361E+08   0.176455E+08   0.176462E+08   0.176455E+08  -0.429309E+00   0.885929E+07   0.885861E+07   0.109891E+03
   0.228607E-02   0.175465E+08   0.175426E+08   0.544665E+05  -0.558647E+05   0.175334E+08   0.175450E+08   0.175458E+08   0.175450E+08  -0.426252E+00   0.881048E+07   0.880981E+07   0.977352E+02
   0.252598E-02   0.174370E+08   0.174330E+08   0.463964E+05  -0.502623E+05   0.174211E+08   0.174353E+08   0.174363E+08   0.174353E+08  -0.423085E+00   0.875691E+07   0.875624E+07   0.875338E+02
   0.279108E-02   0.173169E+08   0.173127E+08   0.135049E+05  -0.441344E+05   0.172976E+08   0.173149E+08   0.173162E+08   0.173149E+08  -0.419752E+00   0.869777E+07   0.869711E+07   0.790820E+02
   0.308399E-02   0.171845E+08   0.171801E+08   0.195360E+05  -0.380673E+05   0.171611E+08   0.171822E+08   0.171837E+08   0.171822E+08  -0.416199E+00   0.863226E+07   0.863159E+07   0.718302E+02
   0.340764E-02   0.170381E+08   0.170334E+08   0.642118E+02  -0.323905E+05   0.170098E+08   0.170354E+08   0.170373E+08   0.170354E+08  -0.412369E+00   0.855949E+07   0.855882E+07   0.651917E+02
   0.376527E-02   0.168758E+08   0.168709E+08   0.167944E+04  -0.272675E+05   0.168417E+08   0.168727E+08   0.168750E+08   0.168727E+08  -0.408208E+00   0.847857E+07   0.847791E+07   0.588069E+02
   0.416042E-02   0.166958E+08   0.166906E+08  -0.547506E+04  -0.227576E+05   0.166547E+08   0.166921E+08   0.166949E+08   0.166921E+08  -0.403659E+00   0.838856E+07   0.838790E+07   0.527497E+02
   0.459704E-02   0.164960E+08   0.164904E+08  -0.176943E+04  -0.188583E+05   0.164467E+08   0.164917E+08   0.164951E+08   0.164917E+08  -0.398666E+00   0.828845E+07   0.828780E+07   0.473122E+02
   0.507948E-02   0.162744E+08   0.162683E+08   0.145419E+04  -0.155323E+05   0.162154E+08   0.162694E+08   0.162734E+08   0.162694E+08  -0.393173E+00   0.817722E+07   0.817657E+07   0.426171E+02
   0.561256E-02   0.160289E+08   0.160222E+08  -0.188960E+04  -0.127247E+05   0.159584E+08   0.160230E+08   0.160277E+08   0.160230E+08  -0.387122E+00   0.805381E+07   0.805316E+07   0.384505E+02
   0.620158E-02   0.157572E+08   0.157499E+08  -0.216982E+04  -0.103746E+05   0.156736E+08   0.157503E+08   0.157560E+08   0.157503E+08  -0.380457E+00   0.791713E+07   0.791649E+07   0.345779E+02
   0.685241E-02   0.154573E+08   0.154491E+08  -0.361366E+04  -0.842069E+04   0.153584E+08   0.154491E+08   0.154559E+08   0.154491E+08  -0.373121E+00   0.776610E+07   0.776546E+07   0.310599E+02
   0.757155E-02   0.151268E+08   0.151176E+08  -0.269794E+04  -0.680558E+04   0.150106E+08   0.151173E+08   0.151253E+08   0.151173E+08  -0.365057E+00   0.759960E+07   0.759897E+07   0.279753E+02
   0.836616E-02   0.147637E+08   0.147533E+08  -0.214531E+04  -0.547713E+04   0.146281E+08   0.147527E+08   0.147620E+08   0.147527E+08  -0.356213E+00   0.741659E+07   0.741595E+07   0.251961E+02
   0.924416E-02   0.143661E+08   0.143542E+08  -0.219410E+04  -0.438930E+04   0.142088E+08   0.143533E+08   0.143641E+08   0.143533E+08  -0.346538E+00   0.721607E+07   0.721544E+07   0.226842E+02
   0.102143E-01   0.139320E+08   0.139186E+08  -0.188582E+04  -0.350218E+04   0.137511E+08   0.139174E+08   0.139298E+08   0.139174E+08  -0.335988E+00   0.699717E+07   0.699654E+07   0.204635E+02
   0.112863E-01   0.134603E+08   0.134448E+08  -0.194501E+04  -0.278157E+04   0.132538E+08   0.134436E+08   0.134577E+08   0.134436E+08  -0.324529E+00   0.675920E+07   0.675857E+07   0.184692E+02
   0.124707E-01   0.129498E+08   0.129321E+08  -0.131161E+04  -0.219850E+04   0.127162E+08   0.129309E+08   0.129468E+08   0.129309E+08  -0.312137E+00   0.650169E+07   0.650107E+07   0.166991E+02
   0.137795E-01   0.124003E+08   0.123801E+08  -0.912863E+03  -0.172859E+04   0.121384E+08   0.123790E+08   0.123969E+08   0.123790E+08  -0.298804E+00   0.622451E+07   0.622388E+07   0.151184E+02
   0.152256E-01   0.118123E+08   0.117891E+08  -0.105751E+04  -0.135146E+04   0.115213E+08   0.117886E+08   0.118084E+08   0.117886E+08  -0.284541E+00   0.592789E+07   0.592726E+07   0.137097E+02
   0.168235E-01   0.111985E+08   0.111720E+08  -0.790614E+03  -0.105121E+04   0.108778E+08   0.111721E+08   0.111940E+08   0.111721E+08  -0.269655E+00   0.561824E+07   0.561761E+07   0.124562E+02
   0.185890E-01   0.105407E+08   0.105107E+08  -0.603346E+03  -0.811605E+03   0.101910E+08   0.105118E+08   0.105357E+08   0.105118E+08  -0.253712E+00   0.528653E+07   0.528590E+07   0.113168E+02
   0.205399E-01   0.985314E+07   0.981942E+07  -0.433172E+03  -0.622157E+03   0.947576E+07   0.982177E+07   0.984748E+07   0.982177E+07  -0.237052E+00   0.493985E+07   0.493922E+07   0.102753E+02
   0.226955E-01   0.913429E+07   0.909684E+07  -0.421692E+03  -0.472913E+03   0.873188E+07   0.910061E+07   0.912800E+07   0.910061E+07  -0.219644E+00   0.457753E+07   0.457690E+07   0.930252E+01
   0.250773E-01   0.840816E+07   0.836718E+07  -0.270642E+03  -0.356894E+03   0.798368E+07   0.837240E+07   0.840128E+07   0.837240E+07  -0.202066E+00   0.421166E+07   0.421103E+07   0.838162E+01
   0.277091E-01   0.768453E+07   0.764056E+07  -0.136065E+03  -0.267397E+03   0.724141E+07   0.764701E+07   0.767714E+07   0.764701E+07  -0.184557E+00   0.384719E+07   0.384657E+07   0.748617E+01
   0.306170E-01   0.696920E+07   0.692319E+07  -0.143704E+03  -0.198797E+03   0.651120E+07   0.693034E+07   0.696148E+07   0.693034E+07  -0.167259E+00   0.348709E+07   0.348648E+07   0.659392E+01
   0.338302E-01   0.628071E+07   0.623404E+07  -0.123187E+03  -0.146868E+03   0.581125E+07   0.624095E+07   0.627287E+07   0.624095E+07  -0.150620E+00   0.314068E+07   0.314010E+07   0.569265E+01
   0.373805E-01   0.564074E+07   0.559522E+07  -0.657649E+02  -0.108136E+03   0.516248E+07   0.560055E+07   0.563310E+07   0.560055E+07  -0.135164E+00   0.281888E+07   0.281835E+07   0.478249E+01
   0.413035E-01   0.506956E+07   0.502728E+07  -0.549637E+02  -0.796812E+02   0.458215E+07   0.502924E+07   0.506246E+07   0.502924E+07  -0.121375E+00   0.253181E+07   0.253133E+07   0.387879E+01
   0.454339E-01   0.458827E+07   0.455103E+07   0.638109E+02  -0.596675E+02   0.409396E+07   0.454827E+07   0.458202E+07   0.454827E+07  -0.109767E+00   0.229015E+07   0.228973E+07   0.304619E+01
   0.495642E-01   0.421361E+07   0.418225E+07   0.491405E+02  -0.460976E+02   0.371130E+07   0.417397E+07   0.420834E+07   0.417397E+07  -0.100733E+00   0.210212E+07   0.210177E+07   0.234961E+01
   0.536946E-01   0.391428E+07   0.388881E+07   0.388203E+02  -0.365325E+02   0.340306E+07   0.387494E+07   0.391000E+07   0.387494E+07  -0.935166E-01   0.195193E+07   0.195164E+07   0.179476E+01
   0.578249E-01   0.366371E+07   0.364343E+07   0.312690E+02  -0.295195E+02   0.314386E+07   0.362459E+07   0.366030E+07   0.362459E+07  -0.874745E-01   0.182621E+07   0.182597E+07   0.137845E+01
   0.619553E-01   0.344351E+07   0.342724E+07   0.255513E+02  -0.241983E+02   0.291646E+07   0.340452E+07   0.344078E+07   0.340452E+07  -0.821633E-01   0.171570E+07   0.171550E+07   0.108879E+01
   0.660856E-01   0.323733E+07   0.322361E+07   0.210699E+02  -0.200177E+02   0.270600E+07   0.319844E+07   0.323502E+07   0.319844E+07  -0.771898E-01   0.161220E+07   0.161202E+07   0.905190E+00
   0.702160E-01   0.303544E+07   0.302287E+07   0.174633E+02  -0.166446E+02   0.250385E+07   0.299671E+07   0.303333E+07   0.299671E+07  -0.723213E-01   0.151085E+07   0.151068E+07   0.802601E+00
   0.743463E-01   0.283732E+07   0.282473E+07   0.145286E+02  -0.138920E+02   0.230956E+07   0.279885E+07   0.283520E+07   0.279885E+07  -0.675462E-01   0.141141E+07   0.141124E+07   0.755165E+00
   0.784767E-01   0.263977E+07   0.262637E+07   0.121047E+02  -0.116116E+02   0.212037E+07   0.260176E+07   0.263752E+07   0.260176E+07  -0.627895E-01   0.131231E+07   0.131213E+07   0.737240E+00
   0.826070E-01   0.245035E+07   0.243579E+07   0.101179E+02  -0.973684E+01   0.194226E+07   0.241294E+07   0.244791E+07   0.241294E+07  -0.582327E-01   0.121734E+07   0.121716E+07   0.728882E+00
   0.867374E-01   0.227429E+07   0.225866E+07   0.849874E+01  -0.820478E+01   0.177897E+07   0.223760E+07   0.227167E+07   0.223760E+07  -0.540010E-01   0.112913E+07   0.112894E+07   0.715235E+00
   0.918764E-01   0.208022E+07   0.206383E+07   0.690938E+01  -0.669651E+01   0.160070E+07   0.204449E+07   0.207747E+07   0.204449E+07  -0.493408E-01   0.103196E+07   0.103178E+07   0.678400E+00
   0.970155E-01   0.191887E+07   0.190270E+07   0.570136E+01  -0.554690E+01   0.145278E+07   0.188411E+07   0.191615E+07   0.188411E+07  -0.454701E-01   0.951264E+06   0.951085E+06   0.616246E+00
   0.102155E+00   0.179171E+07   0.177672E+07   0.478982E+01  -0.467748E+01   0.133496E+07   0.175778E+07   0.178919E+07   0.175778E+07  -0.424213E-01   0.887716E+06   0.887552E+06   0.535054E+00
   0.107294E+00   0.169420E+07   0.168111E+07   0.409644E+01  -0.401498E+01   0.124251E+07   0.166092E+07   0.169201E+07   0.166092E+07  -0.400837E-01   0.839018E+06   0.838875E+06   0.446583E+00
   0.112433E+00   0.161696E+07   0.160602E+07   0.355279E+01  -0.349462E+01   0.116745E+07   0.158416E+07   0.161512E+07   0.158416E+07  -0.382313E-01   0.800449E+06   0.800327E+06   0.363357E+00
   0.117572E+00   0.154958E+07   0.154061E+07   0.310703E+01  -0.306697E+01   0.110155E+07   0.151720E+07   0.154808E+07   0.151720E+07  -0.366152E-01   0.766805E+06   0.766701E+06   0.295175E+00
   0.122711E+00   0.148392E+07   0.147640E+07   0.272554E+01  -0.269985E+01   0.103869E+07   0.145195E+07   0.148265E+07   0.145195E+07  -0.350406E-01   0.734014E+06   0.733923E+06   0.247156E+00
   0.127850E+00   0.141520E+07   0.140847E+07   0.238931E+01  -0.237508E+01   0.975432E+06   0.138374E+07   0.141407E+07   0.138374E+07  -0.333943E-01   0.699703E+06   0.699619E+06   0.219340E+00
   0.132989E+00   0.134206E+07   0.133546E+07   0.208935E+01  -0.208415E+01   0.910896E+06   0.131121E+07   0.134095E+07   0.131121E+07  -0.316441E-01   0.663194E+06   0.663111E+06   0.207654E+00
   0.138128E+00   0.126597E+07   0.125902E+07   0.182273E+01  -0.182450E+01   0.846171E+06   0.123585E+07   0.126480E+07   0.123585E+07  -0.298254E-01   0.625230E+06   0.625145E+06   0.205711E+00
   0.143267E+00   0.119023E+07   0.118275E+07   0.158923E+01  -0.159623E+01   0.783495E+06   0.116093E+07   0.118897E+07   0.116093E+07  -0.280173E-01   0.587470E+06   0.587381E+06   0.206798E+00
   0.148406E+00   0.111889E+07   0.111094E+07   0.138909E+01  -0.139994E+01   0.725455E+06   0.109044E+07   0.111756E+07   0.109044E+07  -0.263160E-01   0.551930E+06   0.551838E+06   0.205524E+00
   0.153545E+00   0.105569E+07   0.104753E+07   0.122165E+01  -0.123527E+01   0.674283E+06   0.102804E+07   0.105432E+07   0.102804E+07  -0.248101E-01   0.520467E+06   0.520376E+06   0.198774E+00
   0.158684E+00   0.100287E+07   0.994859E+06   0.108427E+01  -0.109992E+01   0.631110E+06   0.975905E+06   0.100152E+07   0.975905E+06  -0.235519E-01   0.494187E+06   0.494098E+06   0.185898E+00
   0.163823E+00   0.960295E+06   0.952782E+06   0.972199E+00  -0.989340E+00   0.595527E+06   0.933895E+06   0.959034E+06   0.933895E+06  -0.225381E-01   0.473020E+06   0.472938E+06   0.168251E+00
   0.168962E+00   0.925854E+06   0.919066E+06   0.879523E+00  -0.897794E+00   0.565908E+06   0.899900E+06   0.924714E+06   0.899900E+06  -0.217177E-01   0.455903E+06   0.455828E+06   0.148386E+00
   0.174102E+00   0.896609E+06   0.890623E+06   0.800746E+00  -0.819859E+00   0.540222E+06   0.871027E+06   0.895604E+06   0.871027E+06  -0.210209E-01   0.441371E+06   0.441304E+06   0.129153E+00
   0.179241E+00   0.869698E+06   0.864438E+06   0.731491E+00  -0.751209E+00   0.516567E+06   0.844455E+06   0.868815E+06   0.844455E+06  -0.203796E-01   0.427999E+06   0.427938E+06   0.112900E+00
   0.184380E+00   0.842628E+06   0.837902E+06   0.668557E+00  -0.688614E+00   0.493441E+06   0.817741E+06   0.841834E+06   0.817741E+06  -0.197349E-01   0.414547E+06   0.414492E+06   0.100954E+00
   0.189519E+00   0.813681E+06   0.809249E+06   0.609929E+00  -0.630076E+00   0.469808E+06   0.789207E+06   0.812937E+06   0.789207E+06  -0.190463E-01   0.400167E+06   0.400114E+06   0.934867E-01
   0.194658E+00   0.782470E+06   0.778106E+06   0.554931E+00  -0.574938E+00   0.445477E+06   0.758483E+06   0.781738E+06   0.758483E+06  -0.183048E-01   0.384668E+06   0.384616E+06   0.897021E-01
   0.199797E+00   0.749928E+06   0.745471E+06   0.503886E+00  -0.523565E+00   0.421012E+06   0.726485E+06   0.749180E+06   0.726485E+06  -0.175326E-01   0.368516E+06   0.368463E+06   0.882230E-01
   0.204936E+00   0.717576E+06   0.712957E+06   0.457401E+00  -0.476626E+00   0.397278E+06   0.694704E+06   0.716801E+06   0.694704E+06  -0.167656E-01   0.352466E+06   0.352412E+06   0.875161E-01
   0.210075E+00   0.686874E+06   0.682118E+06   0.415894E+00  -0.434595E+00   0.375059E+06   0.664567E+06   0.686075E+06   0.664567E+06  -0.160383E-01   0.337243E+06   0.337189E+06   0.862804E-01
   0.215214E+00   0.658983E+06   0.654186E+06   0.379491E+00  -0.397652E+00   0.354932E+06   0.637206E+06   0.658178E+06   0.637206E+06  -0.153780E-01   0.323423E+06   0.323369E+06   0.837118E-01
   0.220353E+00   0.634641E+06   0.629929E+06   0.348020E+00  -0.365662E+00   0.337214E+06   0.613336E+06   0.633850E+06   0.613336E+06  -0.148019E-01   0.311367E+06   0.311314E+06   0.795937E-01
   0.225492E+00   0.613936E+06   0.609429E+06   0.320962E+00  -0.338127E+00   0.321858E+06   0.593033E+06   0.613180E+06   0.593033E+06  -0.143119E-01   0.301117E+06   0.301067E+06   0.742180E-01
   0.230631E+00   0.596260E+06   0.592043E+06   0.297510E+00  -0.314234E+00   0.308459E+06   0.575698E+06   0.595552E+06   0.575698E+06  -0.138935E-01   0.292370E+06   0.292322E+06   0.681987E-01
   0.235770E+00   0.580593E+06   0.576697E+06   0.276773E+00  -0.293077E+00   0.296415E+06   0.560331E+06   0.579939E+06   0.560331E+06  -0.135227E-01   0.284618E+06   0.284574E+06   0.622528E-01
   0.240910E+00   0.565864E+06   0.562265E+06   0.257971E+00  -0.273856E+00   0.285133E+06   0.545887E+06   0.565260E+06   0.545887E+06  -0.131741E-01   0.277331E+06   0.277290E+06   0.570027E-01
   0.246049E+00   0.551176E+06   0.547810E+06   0.240522E+00  -0.255967E+00   0.274136E+06   0.531491E+06   0.550611E+06   0.531491E+06  -0.128267E-01   0.270066E+06   0.270027E+06   0.528375E-01
   0.251188E+00   0.535949E+06   0.532732E+06   0.224061E+00  -0.239036E+00   0.263128E+06   0.516579E+06   0.535409E+06   0.516579E+06  -0.124668E-01   0.262535E+06   0.262497E+06   0.498582E-01
   0.256327E+00   0.520023E+06   0.516873E+06   0.208451E+00  -0.222924E+00   0.252036E+06   0.500998E+06   0.519494E+06   0.500998E+06  -0.120908E-01   0.254660E+06   0.254624E+06   0.479053E-01
   0.261466E+00   0.503661E+06   0.500517E+06   0.193733E+00  -0.207684E+00   0.240993E+06   0.485005E+06   0.503133E+06   0.485005E+06  -0.117048E-01   0.246573E+06   0.246537E+06   0.466469E-01
   0.266605E+00   0.487371E+06   0.484204E+06   0.180031E+00  -0.193456E+00   0.230242E+06   0.469094E+06   0.486839E+06   0.469094E+06  -0.113208E-01   0.238525E+06   0.238488E+06   0.456880E-01
   0.271744E+00   0.471694E+06   0.468507E+06   0.167458E+00  -0.180366E+00   0.220030E+06   0.453792E+06   0.471159E+06   0.453792E+06  -0.109515E-01   0.230783E+06   0.230746E+06   0.446736E-01
   0.276883E+00   0.457073E+06   0.453894E+06   0.156067E+00  -0.168485E+00   0.210546E+06   0.439527E+06   0.456539E+06   0.439527E+06  -0.106073E-01   0.223565E+06   0.223529E+06   0.433636E-01
   0.282022E+00   0.443781E+06   0.440653E+06   0.145847E+00  -0.157807E+00   0.201889E+06   0.426563E+06   0.443255E+06   0.426563E+06  -0.102944E-01   0.217006E+06   0.216971E+06   0.416664E-01
   0.287161E+00   0.431876E+06   0.428842E+06   0.136709E+00  -0.148249E+00   0.194058E+06   0.414955E+06   0.431367E+06   0.414955E+06  -0.100143E-01   0.211134E+06   0.211100E+06   0.396299E-01
   0.292300E+00   0.421193E+06   0.418284E+06   0.128507E+00  -0.139658E+00   0.186951E+06   0.404539E+06   0.420705E+06   0.404539E+06  -0.976291E-02   0.205866E+06   0.205834E+06   0.374006E-01
   0.297439E+00   0.411404E+06   0.408633E+06   0.121061E+00  -0.131848E+00   0.180396E+06   0.394995E+06   0.410939E+06   0.394995E+06  -0.953258E-02   0.201041E+06   0.201009E+06   0.351674E-01
   0.302578E+00   0.402127E+06   0.399490E+06   0.114197E+00  -0.124635E+00   0.174208E+06   0.385952E+06   0.401684E+06   0.385952E+06  -0.931434E-02   0.196468E+06   0.196438E+06   0.331058E-01
   0.307717E+00   0.393026E+06   0.390502E+06   0.107777E+00  -0.117873E+00   0.168231E+06   0.377085E+06   0.392602E+06   0.377085E+06  -0.910035E-02   0.191983E+06   0.191954E+06   0.313375E-01
   0.312856E+00   0.383879E+06   0.381440E+06   0.101709E+00  -0.111465E+00   0.162364E+06   0.368179E+06   0.383470E+06   0.368179E+06  -0.888540E-02   0.187476E+06   0.187448E+06   0.299101E-01
   0.317996E+00   0.374604E+06   0.372221E+06   0.959466E-01  -0.105364E+00   0.156570E+06   0.359153E+06   0.374204E+06   0.359153E+06  -0.866759E-02   0.182907E+06   0.182879E+06   0.287986E-01
   0.323135E+00   0.365252E+06   0.362900E+06   0.904838E-01  -0.995644E-01   0.150867E+06   0.350058E+06   0.364857E+06   0.350058E+06  -0.844809E-02   0.178301E+06   0.178274E+06   0.279237E-01
   0.328274E+00   0.355966E+06   0.353632E+06   0.853359E-01  -0.940859E-01   0.145315E+06   0.341033E+06   0.355574E+06   0.341033E+06  -0.823028E-02   0.173728E+06   0.173701E+06   0.271801E-01
   0.333413E+00   0.346931E+06   0.344612E+06   0.805251E-01  -0.889553E-01   0.139983E+06   0.332256E+06   0.346541E+06   0.332256E+06  -0.801848E-02   0.169281E+06   0.169254E+06   0.264652E-01
   0.338552E+00   0.338319E+06   0.336023E+06   0.760671E-01  -0.841921E-01   0.134935E+06   0.323895E+06   0.337934E+06   0.323895E+06  -0.781668E-02   0.165043E+06   0.165017E+06   0.257023E-01
   0.343691E+00   0.330245E+06   0.327984E+06   0.719617E-01  -0.797986E-01   0.130208E+06   0.316058E+06   0.329865E+06   0.316058E+06  -0.762754E-02   0.161072E+06   0.161046E+06   0.248533E-01
   0.348830E+00   0.322738E+06   0.320527E+06   0.681894E-01  -0.757560E-01   0.125803E+06   0.308773E+06   0.322367E+06   0.308773E+06  -0.745175E-02   0.157380E+06   0.157355E+06   0.239192E-01
   0.353969E+00   0.315751E+06   0.313601E+06   0.647162E-01  -0.720288E-01   0.121691E+06   0.301994E+06   0.315390E+06   0.301994E+06  -0.728815E-02   0.153945E+06   0.153921E+06   0.229315E-01
   0.359108E+00   0.309184E+06   0.307101E+06   0.615006E-01  -0.685730E-01   0.117825E+06   0.295624E+06   0.308834E+06   0.295624E+06  -0.713442E-02   0.150718E+06   0.150694E+06   0.219389E-01
   0.364247E+00   0.302917E+06   0.300901E+06   0.585016E-01  -0.653447E-01   0.114152E+06   0.289548E+06   0.302579E+06   0.289548E+06  -0.698777E-02   0.147638E+06   0.147615E+06   0.209917E-01
   0.369386E+00   0.296836E+06   0.294881E+06   0.556826E-01  -0.623046E-01   0.110623E+06   0.283652E+06   0.296507E+06   0.283652E+06  -0.684549E-02   0.144650E+06   0.144628E+06   0.201293E-01
   0.374525E+00   0.290844E+06   0.288941E+06   0.530147E-01  -0.594217E-01   0.107198E+06   0.277847E+06   0.290525E+06   0.277847E+06  -0.670538E-02   0.141707E+06   0.141686E+06   0.193716E-01
   0.379664E+00   0.284889E+06   0.283027E+06   0.504789E-01  -0.566758E-01   0.103855E+06   0.272078E+06   0.284576E+06   0.272078E+06  -0.656617E-02   0.138782E+06   0.138761E+06   0.187178E-01
   0.384804E+00   0.278964E+06   0.277134E+06   0.480668E-01  -0.540583E-01   0.100590E+06   0.266343E+06   0.278657E+06   0.266343E+06  -0.642775E-02   0.135873E+06   0.135852E+06   0.181504E-01
   0.389943E+00   0.273116E+06   0.271310E+06   0.457787E-01  -0.515704E-01   0.974163E+05   0.260683E+06   0.272813E+06   0.260683E+06  -0.629116E-02   0.133002E+06   0.132981E+06   0.176417E-01
   0.395082E+00   0.267405E+06   0.265622E+06   0.436177E-01  -0.492163E-01   0.943544E+05   0.255158E+06   0.267105E+06   0.255158E+06  -0.615784E-02   0.130198E+06   0.130178E+06   0.171626E-01
   0.400221E+00   0.261886E+06   0.260127E+06   0.415850E-01  -0.469984E-01   0.914204E+05   0.249822E+06   0.261590E+06   0.249822E+06  -0.602905E-02   0.127490E+06   0.127470E+06   0.166877E-01
   0.405360E+00   0.256594E+06   0.254862E+06   0.396784E-01  -0.449148E-01   0.886227E+05   0.244707E+06   0.256303E+06   0.244707E+06  -0.590561E-02   0.124894E+06   0.124874E+06   0.162013E-01
   0.410499E+00   0.251547E+06   0.249845E+06   0.378928E-01  -0.429606E-01   0.859635E+05   0.239830E+06   0.251261E+06   0.239830E+06  -0.578791E-02   0.122418E+06   0.122399E+06   0.156991E-01
   0.415638E+00   0.246746E+06   0.245079E+06   0.362211E-01  -0.411285E-01   0.834393E+05   0.235191E+06   0.246466E+06   0.235191E+06  -0.567597E-02   0.120064E+06   0.120045E+06   0.151865E-01
   0.420777E+00   0.242167E+06   0.240537E+06   0.346530E-01  -0.394077E-01   0.810383E+05   0.230769E+06   0.241893E+06   0.230769E+06  -0.556924E-02   0.117819E+06   0.117801E+06   0.146751E-01
   0.425916E+00   0.237765E+06   0.236173E+06   0.331760E-01  -0.377845E-01   0.787418E+05   0.226518E+06   0.237497E+06   0.226518E+06  -0.546666E-02   0.115662E+06   0.115643E+06   0.141788E-01
   0.431055E+00   0.233490E+06   0.231934E+06   0.317781E-01  -0.362458E-01   0.765306E+05   0.222392E+06   0.233229E+06   0.222392E+06  -0.536708E-02   0.113567E+06   0.113549E+06   0.137095E-01
   0.436194E+00   0.229310E+06   0.227787E+06   0.304504E-01  -0.347820E-01   0.743917E+05   0.218359E+06   0.229055E+06   0.218359E+06  -0.526973E-02   0.111519E+06   0.111501E+06   0.132748E-01
   0.441333E+00   0.225208E+06   0.223714E+06   0.291869E-01  -0.333866E-01   0.723175E+05   0.214401E+06   0.224957E+06   0.214401E+06  -0.517422E-02   0.109509E+06   0.109492E+06   0.128772E-01
   0.446472E+00   0.221173E+06   0.219705E+06   0.279830E-01  -0.320549E-01   0.703035E+05   0.210510E+06   0.220927E+06   0.210510E+06  -0.508032E-02   0.107532E+06   0.107515E+06   0.125133E-01
   0.451611E+00   0.217205E+06   0.215760E+06   0.268354E-01  -0.307833E-01   0.683475E+05   0.206684E+06   0.216962E+06   0.206684E+06  -0.498800E-02   0.105589E+06   0.105572E+06   0.121762E-01
   0.456750E+00   0.213314E+06   0.211890E+06   0.257425E-01  -0.295705E-01   0.664518E+05   0.202935E+06   0.213075E+06   0.202935E+06  -0.489752E-02   0.103684E+06   0.103667E+06   0.118574E-01
   0.461890E+00   0.209525E+06   0.208121E+06   0.247044E-01  -0.284167E-01   0.646220E+05   0.199285E+06   0.209289E+06   0.199285E+06  -0.480941E-02   0.101828E+06   0.101812E+06   0.115488E-01
   0.467029E+00   0.205855E+06   0.204472E+06   0.237204E-01  -0.273215E-01   0.628623E+05   0.195750E+06   0.205623E+06   0.195750E+06  -0.472412E-02   0.100032E+06   0.100016E+06   0.112449E-01
   0.472168E+00   0.202311E+06   0.200950E+06   0.227884E-01  -0.262827E-01   0.611726E+05   0.192338E+06   0.202083E+06   0.192338E+06  -0.464177E-02   0.982976E+05   0.982821E+05   0.109425E-01
   0.477307E+00   0.198889E+06   0.197551E+06   0.219051E-01  -0.252970E-01   0.595499E+05   0.189044E+06   0.198664E+06   0.189044E+06  -0.456227E-02   0.966231E+05   0.966078E+05   0.106416E-01
   0.482446E+00   0.195582E+06   0.194266E+06   0.210672E-01  -0.243608E-01   0.579903E+05   0.185861E+06   0.195361E+06   0.185861E+06  -0.448545E-02   0.950049E+05   0.949900E+05   0.103443E-01
   0.487585E+00   0.192380E+06   0.191089E+06   0.202717E-01  -0.234707E-01   0.564896E+05   0.182780E+06   0.192163E+06   0.182780E+06  -0.441111E-02   0.934389E+05   0.934242E+05   0.100542E-01
   0.492724E+00   0.189271E+06   0.188003E+06   0.195149E-01  -0.226229E-01   0.550425E+05   0.179790E+06   0.189058E+06   0.179790E+06  -0.433895E-02   0.919187E+05   0.919042E+05   0.977484E-02
   0.497863E+00   0.186239E+06   0.184994E+06   0.187933E-01  -0.218134E-01   0.536429E+05   0.176875E+06   0.186030E+06   0.176875E+06  -0.426859E-02   0.904361E+05   0.904219E+05   0.950876E-02
   0.503002E+00   0.183270E+06   0.182045E+06   0.181038E-01  -0.210388E-01   0.522856E+05   0.174020E+06   0.183064E+06   0.174020E+06  -0.419970E-02   0.889844E+05   0.889704E+05   0.925712E-02
   0.508141E+00   0.180358E+06   0.179153E+06   0.174444E-01  -0.202969E-01   0.509680E+05   0.171221E+06   0.180155E+06   0.171221E+06  -0.413215E-02   0.875607E+05   0.875470E+05   0.901964E-02
   0.513280E+00   0.177503E+06   0.176317E+06   0.168136E-01  -0.195863E-01   0.496894E+05   0.168479E+06   0.177304E+06   0.168479E+06  -0.406596E-02   0.861656E+05   0.861521E+05   0.879485E-02
   0.518419E+00   0.174710E+06   0.173540E+06   0.162105E-01  -0.189060E-01   0.484496E+05   0.165796E+06   0.174514E+06   0.165796E+06  -0.400121E-02   0.848005E+05   0.847872E+05   0.858044E-02
   0.523558E+00   0.171979E+06   0.170826E+06   0.156340E-01  -0.182548E-01   0.472482E+05   0.163173E+06   0.171786E+06   0.163173E+06  -0.393792E-02   0.834661E+05   0.834530E+05   0.837387E-02
   0.528697E+00   0.169313E+06   0.168177E+06   0.150829E-01  -0.176316E-01   0.460850E+05   0.160614E+06   0.169123E+06   0.160614E+06  -0.387615E-02   0.821637E+05   0.821508E+05   0.817299E-02
   0.533837E+00   0.166717E+06   0.165597E+06   0.145567E-01  -0.170357E-01   0.449603E+05   0.158122E+06   0.166529E+06   0.158122E+06  -0.381601E-02   0.808955E+05   0.808827E+05   0.797643E-02
   0.538976E+00   0.164193E+06   0.163089E+06   0.140544E-01  -0.164662E-01   0.438740E+05   0.155700E+06   0.164008E+06   0.155700E+06  -0.375757E-02   0.796629E+05   0.796504E+05   0.778366E-02
   0.544115E+00   0.161740E+06   0.160652E+06   0.135746E-01  -0.159218E-01   0.428244E+05   0.153346E+06   0.161557E+06   0.153346E+06  -0.370076E-02   0.784648E+05   0.784524E+05   0.759482E-02
   0.549254E+00   0.159350E+06   0.158279E+06   0.131160E-01  -0.154006E-01   0.418090E+05   0.151054E+06   0.159170E+06   0.151054E+06  -0.364544E-02   0.772980E+05   0.772858E+05   0.741049E-02
   0.554393E+00   0.157018E+06   0.155964E+06   0.126770E-01  -0.149011E-01   0.408256E+05   0.148818E+06   0.156841E+06   0.148818E+06  -0.359148E-02   0.761597E+05   0.761476E+05   0.723153E-02
   0.559532E+00   0.154741E+06   0.153703E+06   0.122565E-01  -0.144222E-01   0.398724E+05   0.146635E+06   0.154567E+06   0.146635E+06  -0.353880E-02   0.750481E+05   0.750363E+05   0.705875E-02
   0.564671E+00   0.152515E+06   0.151492E+06   0.118535E-01  -0.139627E-01   0.389480E+05   0.144502E+06   0.152344E+06   0.144502E+06  -0.348731E-02   0.739619E+05   0.739502E+05   0.689265E-02
   0.569810E+00   0.150336E+06   0.149328E+06   0.114669E-01  -0.135212E-01   0.380504E+05   0.142413E+06   0.150167E+06   0.142413E+06  -0.343692E-02   0.728985E+05   0.728870E+05   0.673328E-02
   0.574949E+00   0.148200E+06   0.147205E+06   0.110956E-01  -0.130968E-01   0.371781E+05   0.140366E+06   0.148033E+06   0.140366E+06  -0.338752E-02   0.718560E+05   0.718446E+05   0.658024E-02
   0.580088E+00   0.146105E+06   0.145124E+06   0.107390E-01  -0.126887E-01   0.363302E+05   0.138360E+06   0.145940E+06   0.138360E+06  -0.333910E-02   0.708340E+05   0.708229E+05   0.643296E-02
   0.585227E+00   0.144054E+06   0.143087E+06   0.103966E-01  -0.122964E-01   0.355068E+05   0.136396E+06   0.143892E+06   0.136396E+06  -0.329171E-02   0.698338E+05   0.698227E+05   0.629071E-02
   0.590366E+00   0.142049E+06   0.141095E+06   0.100679E-01  -0.119194E-01   0.347076E+05   0.134477E+06   0.141889E+06   0.134477E+06  -0.324538E-02   0.688558E+05   0.688449E+05   0.615280E-02
   0.595505E+00   0.140089E+06   0.139147E+06   0.975229E-02  -0.115571E-01   0.339319E+05   0.132600E+06   0.139930E+06   0.132600E+06  -0.320009E-02   0.678996E+05   0.678888E+05   0.601858E-02
   0.600644E+00   0.138171E+06   0.137242E+06   0.944917E-02  -0.112087E-01   0.331789E+05   0.130765E+06   0.138015E+06   0.130765E+06  -0.315580E-02   0.669645E+05   0.669539E+05   0.588765E-02
   0.605784E+00   0.136297E+06   0.135380E+06   0.915802E-02  -0.108736E-01   0.324479E+05   0.128972E+06   0.136143E+06   0.128972E+06  -0.311252E-02   0.660507E+05   0.660402E+05   0.575986E-02
   0.610923E+00   0.134466E+06   0.133561E+06   0.887839E-02  -0.105515E-01   0.317387E+05   0.127220E+06   0.134314E+06   0.127220E+06  -0.307025E-02   0.651582E+05   0.651478E+05   0.563529E-02
   0.616062E+00   0.132676E+06   0.131784E+06   0.860966E-02  -0.102417E-01   0.310503E+05   0.125509E+06   0.132527E+06   0.125509E+06  -0.302895E-02   0.642860E+05   0.642758E+05   0.551405E-02
   0.621201E+00   0.130925E+06   0.130044E+06   0.835118E-02  -0.994334E-02   0.303812E+05   0.123834E+06   0.130777E+06   0.123834E+06  -0.298853E-02   0.634322E+05   0.634222E+05   0.539626E-02
   0.626340E+00   0.129208E+06   0.128340E+06   0.810236E-02  -0.965585E-02   0.297305E+05   0.122193E+06   0.129062E+06   0.122193E+06  -0.294893E-02   0.625957E+05   0.625858E+05   0.528205E-02
   0.674704E+00   0.114628E+06   0.113856E+06   0.616319E-02  -0.740420E-02   0.244060E+05   0.108268E+06   0.114498E+06   0.108268E+06  -0.261287E-02   0.554943E+05   0.554855E+05   0.436124E-02
   0.726803E+00   0.101633E+06   0.100949E+06   0.468623E-02  -0.567368E-02   0.199767E+05   0.958791E+05   0.101518E+06   0.958791E+05  -0.231389E-02   0.491717E+05   0.491638E+05   0.359799E-02
   0.782925E+00   0.900753E+05   0.894680E+05   0.356245E-02  -0.434536E-02   0.163071E+05   0.848788E+05   0.899733E+05   0.848788E+05  -0.204841E-02   0.435534E+05   0.435465E+05   0.296815E-02
   0.895965E+00   0.722416E+05   0.717539E+05   0.216431E-02  -0.267364E-02   0.112022E+05   0.679441E+05   0.721597E+05   0.679441E+05  -0.163972E-02   0.348955E+05   0.348899E+05   0.209218E-02
   0.125042E+01   0.415834E+05   0.413020E+05   0.629028E-03  -0.797916E-03   0.426591E+04   0.389587E+05   0.415361E+05   0.389587E+05  -0.940205E-03   0.200469E+05   0.200436E+05   0.881736E-03
   0.174510E+01   0.237142E+05   0.235534E+05   0.183890E-03  -0.233340E-03   0.154609E+04   0.221560E+05   0.236872E+05   0.221560E+05  -0.534885E-03   0.114169E+05   0.114149E+05   0.374719E-03
   0.243548E+01   0.134090E+05   0.133178E+05   0.516029E-04  -0.694126E-04   0.535663E+03   0.125044E+05   0.133937E+05   0.125044E+05  -0.301639E-03   0.644984E+04   0.644865E+04   0.163063E-03
