#           k/h    P           
    0.10000E-03    0.46495E+03
    0.10202E-03    0.47395E+03
    0.10408E-03    0.48313E+03
    0.10618E-03    0.49248E+03
    0.10833E-03    0.50201E+03
    0.11052E-03    0.51172E+03
    0.11275E-03    0.52162E+03
    0.11503E-03    0.53172E+03
    0.11735E-03    0.54200E+03
    0.11972E-03    0.55249E+03
    0.12214E-03    0.56317E+03
    0.12461E-03    0.57407E+03
    0.12712E-03    0.58517E+03
    0.12969E-03    0.59649E+03
    0.13231E-03    0.60802E+03
    0.13499E-03    0.61978E+03
    0.13771E-03    0.63176E+03
    0.14049E-03    0.64397E+03
    0.14333E-03    0.65642E+03
    0.14623E-03    0.66910E+03
    0.14918E-03    0.68203E+03
    0.15220E-03    0.69521E+03
    0.15527E-03    0.70864E+03
    0.15841E-03    0.72233E+03
    0.16161E-03    0.73628E+03
    0.16487E-03    0.75050E+03
    0.16820E-03    0.76499E+03
    0.17160E-03    0.77975E+03
    0.17507E-03    0.79480E+03
    0.17860E-03    0.81014E+03
    0.18221E-03    0.82577E+03
    0.18589E-03    0.84170E+03
    0.18965E-03    0.85794E+03
    0.19348E-03    0.87448E+03
    0.19739E-03    0.89134E+03
    0.20138E-03    0.90852E+03
    0.20544E-03    0.92603E+03
    0.20959E-03    0.94387E+03
    0.21383E-03    0.96205E+03
    0.21815E-03    0.98057E+03
    0.22255E-03    0.99945E+03
    0.22705E-03    0.10187E+04
    0.23164E-03    0.10383E+04
    0.23632E-03    0.10583E+04
    0.24109E-03    0.10786E+04
    0.24596E-03    0.10993E+04
    0.25093E-03    0.11205E+04
    0.25600E-03    0.11420E+04
    0.26117E-03    0.11639E+04
    0.26645E-03    0.11863E+04
    0.27183E-03    0.12090E+04
    0.27732E-03    0.12322E+04
    0.28292E-03    0.12559E+04
    0.28864E-03    0.12799E+04
    0.29447E-03    0.13045E+04
    0.30042E-03    0.13294E+04
    0.30649E-03    0.13549E+04
    0.31268E-03    0.13808E+04
    0.31899E-03    0.14072E+04
    0.32544E-03    0.14341E+04
    0.33201E-03    0.14615E+04
    0.33872E-03    0.14894E+04
    0.34556E-03    0.15178E+04
    0.35254E-03    0.15468E+04
    0.35966E-03    0.15763E+04
    0.36693E-03    0.16063E+04
    0.37434E-03    0.16369E+04
    0.38190E-03    0.16680E+04
    0.38962E-03    0.16998E+04
    0.39749E-03    0.17321E+04
    0.40552E-03    0.17650E+04
    0.41371E-03    0.17984E+04
    0.42207E-03    0.18325E+04
    0.43060E-03    0.18673E+04
    0.43929E-03    0.19026E+04
    0.44817E-03    0.19386E+04
    0.45722E-03    0.19753E+04
    0.46646E-03    0.20126E+04
    0.47588E-03    0.20506E+04
    0.48550E-03    0.20892E+04
    0.49530E-03    0.21286E+04
    0.50531E-03    0.21686E+04
    0.51552E-03    0.22094E+04
    0.52593E-03    0.22509E+04
    0.53656E-03    0.22932E+04
    0.54739E-03    0.23362E+04
    0.55845E-03    0.23799E+04
    0.56973E-03    0.24245E+04
    0.58124E-03    0.24698E+04
    0.59299E-03    0.25159E+04
    0.60496E-03    0.25629E+04
    0.61719E-03    0.26106E+04
    0.62965E-03    0.26592E+04
    0.64237E-03    0.27087E+04
    0.65535E-03    0.27590E+04
    0.66859E-03    0.28102E+04
    0.68210E-03    0.28623E+04
    0.69588E-03    0.29153E+04
    0.70993E-03    0.29692E+04
    0.72427E-03    0.30241E+04
    0.73891E-03    0.30799E+04
    0.75383E-03    0.31366E+04
    0.76906E-03    0.31944E+04
    0.78460E-03    0.32531E+04
    0.80045E-03    0.33129E+04
    0.81662E-03    0.33737E+04
    0.83311E-03    0.34355E+04
    0.84994E-03    0.34984E+04
    0.86711E-03    0.35624E+04
    0.88463E-03    0.36275E+04
    0.90250E-03    0.36937E+04
    0.92073E-03    0.37610E+04
    0.93933E-03    0.38295E+04
    0.95831E-03    0.38992E+04
    0.97767E-03    0.39700E+04
    0.99742E-03    0.40421E+04
    0.10176E-02    0.41154E+04
    0.10381E-02    0.41899E+04
    0.10591E-02    0.42658E+04
    0.10805E-02    0.43429E+04
    0.11023E-02    0.44213E+04
    0.11246E-02    0.45011E+04
    0.11473E-02    0.45822E+04
    0.11705E-02    0.46647E+04
    0.11941E-02    0.47486E+04
    0.12182E-02    0.48339E+04
    0.12429E-02    0.49207E+04
    0.12680E-02    0.50089E+04
    0.12936E-02    0.50986E+04
    0.13197E-02    0.51899E+04
    0.13464E-02    0.52826E+04
    0.13736E-02    0.53769E+04
    0.14013E-02    0.54728E+04
    0.14296E-02    0.55703E+04
    0.14585E-02    0.56693E+04
    0.14880E-02    0.57701E+04
    0.15180E-02    0.58724E+04
    0.15487E-02    0.59765E+04
    0.15800E-02    0.60822E+04
    0.16119E-02    0.61897E+04
    0.16445E-02    0.62989E+04
    0.16777E-02    0.64098E+04
    0.17116E-02    0.65225E+04
    0.17462E-02    0.66370E+04
    0.17814E-02    0.67534E+04
    0.18174E-02    0.68715E+04
    0.18541E-02    0.69915E+04
    0.18916E-02    0.71133E+04
    0.19298E-02    0.72371E+04
    0.19688E-02    0.73627E+04
    0.20086E-02    0.74902E+04
    0.20491E-02    0.76196E+04
    0.20905E-02    0.77510E+04
    0.21328E-02    0.78843E+04
    0.21758E-02    0.80196E+04
    0.22198E-02    0.81568E+04
    0.22646E-02    0.82960E+04
    0.23104E-02    0.84372E+04
    0.23571E-02    0.85804E+04
    0.24047E-02    0.87256E+04
    0.24533E-02    0.88728E+04
    0.25028E-02    0.90220E+04
    0.25534E-02    0.91733E+04
    0.26050E-02    0.93265E+04
    0.26576E-02    0.94818E+04
    0.27113E-02    0.96390E+04
    0.27660E-02    0.97983E+04
    0.28219E-02    0.99596E+04
    0.28789E-02    0.10123E+05
    0.29371E-02    0.10288E+05
    0.29964E-02    0.10455E+05
    0.30569E-02    0.10625E+05
    0.31187E-02    0.10796E+05
    0.31817E-02    0.10969E+05
    0.32460E-02    0.11144E+05
    0.33115E-02    0.11321E+05
    0.33784E-02    0.11500E+05
    0.34467E-02    0.11681E+05
    0.35163E-02    0.11863E+05
    0.35874E-02    0.12048E+05
    0.36598E-02    0.12234E+05
    0.37338E-02    0.12422E+05
    0.38092E-02    0.12612E+05
    0.38861E-02    0.12803E+05
    0.39646E-02    0.12996E+05
    0.40447E-02    0.13191E+05
    0.41264E-02    0.13387E+05
    0.42098E-02    0.13584E+05
    0.42948E-02    0.13783E+05
    0.43816E-02    0.13984E+05
    0.44701E-02    0.14185E+05
    0.45604E-02    0.14388E+05
    0.46525E-02    0.14592E+05
    0.47465E-02    0.14797E+05
    0.48424E-02    0.15003E+05
    0.49402E-02    0.15210E+05
    0.50400E-02    0.15418E+05
    0.51419E-02    0.15627E+05
    0.52457E-02    0.15836E+05
    0.53517E-02    0.16046E+05
    0.54598E-02    0.16256E+05
    0.55701E-02    0.16466E+05
    0.56826E-02    0.16677E+05
    0.57974E-02    0.16887E+05
    0.59145E-02    0.17098E+05
    0.60340E-02    0.17309E+05
    0.61559E-02    0.17519E+05
    0.62803E-02    0.17728E+05
    0.64072E-02    0.17937E+05
    0.65366E-02    0.18146E+05
    0.66686E-02    0.18353E+05
    0.68033E-02    0.18559E+05
    0.69408E-02    0.18764E+05
    0.70810E-02    0.18968E+05
    0.72240E-02    0.19169E+05
    0.73700E-02    0.19369E+05
    0.75189E-02    0.19567E+05
    0.76708E-02    0.19763E+05
    0.78257E-02    0.19956E+05
    0.79838E-02    0.20147E+05
    0.81451E-02    0.20335E+05
    0.83096E-02    0.20519E+05
    0.84775E-02    0.20700E+05
    0.86488E-02    0.20878E+05
    0.88235E-02    0.21052E+05
    0.90017E-02    0.21222E+05
    0.91836E-02    0.21388E+05
    0.93691E-02    0.21549E+05
    0.95583E-02    0.21705E+05
    0.97514E-02    0.21856E+05
    0.99484E-02    0.22002E+05
    0.10149E-01    0.22142E+05
    0.10354E-01    0.22277E+05
    0.10564E-01    0.22405E+05
    0.10777E-01    0.22527E+05
    0.10995E-01    0.22642E+05
    0.11217E-01    0.22751E+05
    0.11443E-01    0.22852E+05
    0.11675E-01    0.22945E+05
    0.11910E-01    0.23031E+05
    0.12151E-01    0.23109E+05
    0.12397E-01    0.23178E+05
    0.12647E-01    0.23240E+05
    0.12902E-01    0.23293E+05
    0.13163E-01    0.23336E+05
    0.13429E-01    0.23370E+05
    0.13700E-01    0.23393E+05
    0.13977E-01    0.23406E+05
    0.14259E-01    0.23408E+05
    0.14547E-01    0.23401E+05
    0.14841E-01    0.23385E+05
    0.15141E-01    0.23361E+05
    0.15447E-01    0.23330E+05
    0.15759E-01    0.23290E+05
    0.16077E-01    0.23241E+05
    0.16402E-01    0.23180E+05
    0.16734E-01    0.23106E+05
    0.17072E-01    0.23017E+05
    0.17416E-01    0.22914E+05
    0.17768E-01    0.22797E+05
    0.18127E-01    0.22668E+05
    0.18493E-01    0.22528E+05
    0.18867E-01    0.22377E+05
    0.19248E-01    0.22216E+05
    0.19637E-01    0.22043E+05
    0.20034E-01    0.21858E+05
    0.20438E-01    0.21660E+05
    0.20851E-01    0.21447E+05
    0.21272E-01    0.21221E+05
    0.21702E-01    0.20984E+05
    0.22141E-01    0.20736E+05
    0.22588E-01    0.20479E+05
    0.23044E-01    0.20214E+05
    0.23510E-01    0.19942E+05
    0.23985E-01    0.19663E+05
    0.24469E-01    0.19378E+05
    0.24964E-01    0.19085E+05
    0.25468E-01    0.18786E+05
    0.25982E-01    0.18482E+05
    0.26507E-01    0.18171E+05
    0.27043E-01    0.17854E+05
    0.27589E-01    0.17531E+05
    0.28146E-01    0.17203E+05
    0.28715E-01    0.16870E+05
    0.29295E-01    0.16534E+05
    0.29887E-01    0.16195E+05
    0.30490E-01    0.15853E+05
    0.31106E-01    0.15511E+05
    0.31735E-01    0.15169E+05
    0.32376E-01    0.14828E+05
    0.33030E-01    0.14489E+05
    0.33697E-01    0.14152E+05
    0.34378E-01    0.13818E+05
    0.35072E-01    0.13489E+05
    0.35781E-01    0.13165E+05
    0.36504E-01    0.12849E+05
    0.37241E-01    0.12540E+05
    0.37993E-01    0.12241E+05
    0.38761E-01    0.11950E+05
    0.39544E-01    0.11667E+05
    0.40343E-01    0.11393E+05
    0.41158E-01    0.11125E+05
    0.41989E-01    0.10865E+05
    0.42838E-01    0.10613E+05
    0.43703E-01    0.10371E+05
    0.44586E-01    0.10138E+05
    0.45486E-01    0.99168E+04
    0.46405E-01    0.97072E+04
    0.47343E-01    0.95087E+04
    0.48299E-01    0.93203E+04
    0.49275E-01    0.91414E+04
    0.50270E-01    0.89712E+04
    0.51286E-01    0.88088E+04
    0.52322E-01    0.86532E+04
    0.53379E-01    0.85036E+04
    0.54457E-01    0.83591E+04
    0.55557E-01    0.82189E+04
    0.56680E-01    0.80823E+04
    0.57825E-01    0.79484E+04
    0.58993E-01    0.78165E+04
    0.60184E-01    0.76851E+04
    0.61400E-01    0.75528E+04
    0.62641E-01    0.74182E+04
    0.63906E-01    0.72800E+04
    0.65197E-01    0.71364E+04
    0.66514E-01    0.69863E+04
    0.67858E-01    0.68290E+04
    0.69229E-01    0.66654E+04
    0.70627E-01    0.64962E+04
    0.72054E-01    0.63213E+04
    0.73510E-01    0.61392E+04
    0.74994E-01    0.59483E+04
    0.76509E-01    0.57496E+04
    0.78055E-01    0.55457E+04
    0.79632E-01    0.53394E+04
    0.81241E-01    0.51325E+04
    0.82882E-01    0.49265E+04
    0.84556E-01    0.47230E+04
    0.86264E-01    0.45238E+04
    0.88007E-01    0.43308E+04
    0.89785E-01    0.41455E+04
    0.91598E-01    0.39698E+04
    0.93449E-01    0.38048E+04
    0.95337E-01    0.36519E+04
    0.97263E-01    0.35121E+04
    0.99227E-01    0.33862E+04
    0.10123E+00    0.32741E+04
    0.10328E+00    0.31756E+04
    0.10536E+00    0.30895E+04
    0.10749E+00    0.30143E+04
    0.10966E+00    0.29481E+04
    0.11188E+00    0.28883E+04
    0.11414E+00    0.28326E+04
    0.11644E+00    0.27783E+04
    0.11880E+00    0.27230E+04
    0.12120E+00    0.26646E+04
    0.12365E+00    0.26013E+04
    0.12614E+00    0.25316E+04
    0.12869E+00    0.24548E+04
    0.13129E+00    0.23709E+04
    0.13394E+00    0.22804E+04
    0.13665E+00    0.21845E+04
    0.13941E+00    0.20851E+04
    0.14223E+00    0.19844E+04
    0.14510E+00    0.18849E+04
    0.14803E+00    0.17893E+04
    0.15102E+00    0.17001E+04
    0.15407E+00    0.16193E+04
    0.15718E+00    0.15484E+04
    0.16036E+00    0.14877E+04
    0.16360E+00    0.14367E+04
    0.16690E+00    0.13941E+04
    0.17028E+00    0.13577E+04
    0.17371E+00    0.13255E+04
    0.17722E+00    0.12951E+04
    0.18080E+00    0.12641E+04
    0.18446E+00    0.12304E+04
    0.18818E+00    0.11922E+04
    0.19198E+00    0.11487E+04
    0.19586E+00    0.11005E+04
    0.19982E+00    0.10492E+04
    0.20386E+00    0.99707E+03
    0.20797E+00    0.94610E+03
    0.21218E+00    0.89829E+03
    0.21646E+00    0.85525E+03
    0.22083E+00    0.81800E+03
    0.22530E+00    0.78669E+03
    0.22985E+00    0.76046E+03
    0.23449E+00    0.73770E+03
    0.23923E+00    0.71652E+03
    0.24406E+00    0.69510E+03
    0.24899E+00    0.67195E+03
    0.25402E+00    0.64631E+03
    0.25915E+00    0.61840E+03
    0.26439E+00    0.58929E+03
    0.26973E+00    0.56045E+03
    0.27518E+00    0.53328E+03
    0.28074E+00    0.50881E+03
    0.28641E+00    0.48752E+03
    0.29219E+00    0.46914E+03
    0.29810E+00    0.45276E+03
    0.30412E+00    0.43718E+03
    0.31026E+00    0.42134E+03
    0.31653E+00    0.40463E+03
    0.32292E+00    0.38709E+03
    0.32945E+00    0.36926E+03
    0.33610E+00    0.35200E+03
    0.34289E+00    0.33603E+03
    0.34982E+00    0.32169E+03
    0.35689E+00    0.30880E+03
    0.36409E+00    0.29687E+03
    0.37145E+00    0.28531E+03
    0.37895E+00    0.27365E+03
    0.38661E+00    0.26178E+03
    0.39442E+00    0.25000E+03
    0.40239E+00    0.23872E+03
    0.41052E+00    0.22822E+03
    0.41881E+00    0.21855E+03
    0.42727E+00    0.20953E+03
    0.43590E+00    0.20084E+03
    0.44471E+00    0.19228E+03
    0.45369E+00    0.18384E+03
    0.46286E+00    0.17563E+03
    0.47221E+00    0.16786E+03
    0.48174E+00    0.16056E+03
    0.49148E+00    0.15367E+03
    0.50141E+00    0.14706E+03
    0.51153E+00    0.14064E+03
    0.52187E+00    0.13441E+03
    0.53241E+00    0.12843E+03
    0.54317E+00    0.12275E+03
    0.55414E+00    0.11736E+03
    0.56533E+00    0.11221E+03
    0.57675E+00    0.10725E+03
    0.58840E+00    0.10246E+03
    0.60029E+00    0.97888E+02
    0.61242E+00    0.93525E+02
    0.62479E+00    0.89364E+02
    0.63741E+00    0.85373E+02
    0.65029E+00    0.81547E+02
    0.66342E+00    0.77884E+02
    0.67683E+00    0.74380E+02
    0.69050E+00    0.71030E+02
    0.70445E+00    0.67827E+02
    0.71868E+00    0.64765E+02
    0.73320E+00    0.61839E+02
    0.74801E+00    0.59042E+02
    0.76312E+00    0.56368E+02
    0.77854E+00    0.53810E+02
    0.79426E+00    0.51363E+02
    0.81031E+00    0.49022E+02
    0.82668E+00    0.46784E+02
    0.84338E+00    0.44645E+02
    0.86041E+00    0.42600E+02
    0.87780E+00    0.40645E+02
    0.89553E+00    0.38778E+02
    0.91362E+00    0.36994E+02
    0.93208E+00    0.35291E+02
    0.95091E+00    0.33663E+02
    0.97011E+00    0.32109E+02
    0.98971E+00    0.30625E+02
    0.10097E+01    0.29208E+02
    0.10301E+01    0.27854E+02
    0.10509E+01    0.26562E+02
    0.10721E+01    0.25328E+02
    0.10938E+01    0.24150E+02
    0.11159E+01    0.23026E+02
    0.11384E+01    0.21953E+02
    0.11614E+01    0.20928E+02
    0.11849E+01    0.19950E+02
    0.12088E+01    0.19017E+02
    0.12333E+01    0.18126E+02
    0.12582E+01    0.17277E+02
    0.12836E+01    0.16466E+02
    0.13095E+01    0.15692E+02
    0.13360E+01    0.14954E+02
    0.13630E+01    0.14249E+02
    0.13905E+01    0.13577E+02
    0.14186E+01    0.12936E+02
    0.14472E+01    0.12324E+02
    0.14765E+01    0.11741E+02
    0.15063E+01    0.11185E+02
    0.15367E+01    0.10654E+02
    0.15678E+01    0.10148E+02
    0.15994E+01    0.96648E+01
    0.16318E+01    0.92044E+01
    0.16647E+01    0.87653E+01
    0.16984E+01    0.83467E+01
    0.17327E+01    0.79475E+01
    0.17677E+01    0.75668E+01
    0.18034E+01    0.72040E+01
    0.18398E+01    0.68581E+01
    0.18770E+01    0.65284E+01
    0.19149E+01    0.62143E+01
    0.19536E+01    0.59150E+01
    0.19930E+01    0.56298E+01
    0.20333E+01    0.53582E+01
    0.20744E+01    0.50995E+01
    0.21163E+01    0.48531E+01
    0.21590E+01    0.46185E+01
    0.22026E+01    0.43951E+01
    0.22471E+01    0.41825E+01
    0.22925E+01    0.39800E+01
    0.23388E+01    0.37873E+01
    0.23861E+01    0.36040E+01
    0.24343E+01    0.34294E+01
