#          k/h    CDM            baryon         photon         nu             mass_nu        total          no_nu          total_de       Weyl           v_CDM          v_b            v_b-v_c     
   0.104390E-04   0.192757E+08   0.192756E+08   0.256879E+08   0.256875E+08   0.192757E+08   0.192757E+08   0.192757E+08   0.192821E+08  -0.618097E+00   0.112949E+08   0.112949E+08   0.574445E+01
   0.115345E-04   0.192756E+08   0.192756E+08   0.256850E+08   0.256845E+08   0.192757E+08   0.192756E+08   0.192756E+08   0.192820E+08  -0.618100E+00   0.112950E+08   0.112950E+08   0.634712E+01
   0.127450E-04   0.192756E+08   0.192756E+08   0.256815E+08   0.256809E+08   0.192757E+08   0.192756E+08   0.192756E+08   0.192820E+08  -0.618103E+00   0.112951E+08   0.112951E+08   0.701297E+01
   0.140826E-04   0.192756E+08   0.192756E+08   0.256772E+08   0.256765E+08   0.192757E+08   0.192756E+08   0.192756E+08   0.192820E+08  -0.618107E+00   0.112951E+08   0.112951E+08   0.774861E+01
   0.155605E-04   0.192756E+08   0.192756E+08   0.256720E+08   0.256711E+08   0.192757E+08   0.192756E+08   0.192756E+08   0.192820E+08  -0.618111E+00   0.112953E+08   0.112953E+08   0.856133E+01
   0.171935E-04   0.192756E+08   0.192756E+08   0.256657E+08   0.256646E+08   0.192757E+08   0.192756E+08   0.192756E+08   0.192820E+08  -0.618117E+00   0.112954E+08   0.112954E+08   0.945918E+01
   0.189979E-04   0.192756E+08   0.192756E+08   0.256579E+08   0.256566E+08   0.192757E+08   0.192756E+08   0.192756E+08   0.192820E+08  -0.618124E+00   0.112956E+08   0.112956E+08   0.104510E+02
   0.209917E-04   0.192756E+08   0.192756E+08   0.256485E+08   0.256469E+08   0.192757E+08   0.192756E+08   0.192756E+08   0.192820E+08  -0.618132E+00   0.112957E+08   0.112957E+08   0.115467E+02
   0.231947E-04   0.192756E+08   0.192756E+08   0.256369E+08   0.256350E+08   0.192757E+08   0.192756E+08   0.192756E+08   0.192820E+08  -0.618142E+00   0.112960E+08   0.112960E+08   0.127569E+02
   0.256289E-04   0.192756E+08   0.192756E+08   0.256229E+08   0.256205E+08   0.192757E+08   0.192756E+08   0.192756E+08   0.192820E+08  -0.618155E+00   0.112963E+08   0.112963E+08   0.140936E+02
   0.283186E-04   0.192756E+08   0.192756E+08   0.256057E+08   0.256028E+08   0.192757E+08   0.192756E+08   0.192756E+08   0.192820E+08  -0.618170E+00   0.112966E+08   0.112966E+08   0.155699E+02
   0.312905E-04   0.192756E+08   0.192756E+08   0.255847E+08   0.255813E+08   0.192757E+08   0.192756E+08   0.192756E+08   0.192820E+08  -0.618188E+00   0.112971E+08   0.112971E+08   0.172001E+02
   0.345744E-04   0.192756E+08   0.192756E+08   0.255592E+08   0.255549E+08   0.192757E+08   0.192756E+08   0.192756E+08   0.192820E+08  -0.618211E+00   0.112976E+08   0.112976E+08   0.190000E+02
   0.382028E-04   0.192756E+08   0.192756E+08   0.255280E+08   0.255228E+08   0.192757E+08   0.192756E+08   0.192756E+08   0.192820E+08  -0.618239E+00   0.112983E+08   0.112983E+08   0.209871E+02
   0.422121E-04   0.192756E+08   0.192756E+08   0.254899E+08   0.254836E+08   0.192757E+08   0.192756E+08   0.192756E+08   0.192820E+08  -0.618272E+00   0.112991E+08   0.112991E+08   0.231803E+02
   0.466421E-04   0.192756E+08   0.192756E+08   0.254436E+08   0.254359E+08   0.192757E+08   0.192756E+08   0.192756E+08   0.192820E+08  -0.618314E+00   0.113001E+08   0.113001E+08   0.256004E+02
   0.515371E-04   0.192756E+08   0.192756E+08   0.253871E+08   0.253777E+08   0.192757E+08   0.192756E+08   0.192756E+08   0.192819E+08  -0.618364E+00   0.113013E+08   0.113013E+08   0.282701E+02
   0.569457E-04   0.192756E+08   0.192756E+08   0.253182E+08   0.253068E+08   0.192757E+08   0.192756E+08   0.192756E+08   0.192819E+08  -0.618425E+00   0.113027E+08   0.113027E+08   0.312141E+02
   0.629220E-04   0.192756E+08   0.192756E+08   0.252344E+08   0.252206E+08   0.192757E+08   0.192756E+08   0.192756E+08   0.192819E+08  -0.618500E+00   0.113045E+08   0.113045E+08   0.344592E+02
   0.695254E-04   0.192756E+08   0.192755E+08   0.251325E+08   0.251156E+08   0.192756E+08   0.192756E+08   0.192756E+08   0.192818E+08  -0.618591E+00   0.113067E+08   0.113066E+08   0.380341E+02
   0.768219E-04   0.192755E+08   0.192755E+08   0.250086E+08   0.249880E+08   0.192756E+08   0.192755E+08   0.192755E+08   0.192818E+08  -0.618702E+00   0.113093E+08   0.113093E+08   0.419697E+02
   0.848841E-04   0.192755E+08   0.192755E+08   0.248580E+08   0.248331E+08   0.192756E+08   0.192755E+08   0.192755E+08   0.192817E+08  -0.618838E+00   0.113125E+08   0.113125E+08   0.462991E+02
   0.937924E-04   0.192755E+08   0.192755E+08   0.246754E+08   0.246451E+08   0.192756E+08   0.192755E+08   0.192755E+08   0.192817E+08  -0.619003E+00   0.113164E+08   0.113164E+08   0.510569E+02
   0.103636E-03   0.192755E+08   0.192754E+08   0.244542E+08   0.244175E+08   0.192755E+08   0.192755E+08   0.192755E+08   0.192816E+08  -0.619204E+00   0.113212E+08   0.113212E+08   0.562791E+02
   0.114512E-03   0.192754E+08   0.192754E+08   0.241866E+08   0.241422E+08   0.192755E+08   0.192754E+08   0.192754E+08   0.192815E+08  -0.619450E+00   0.113271E+08   0.113270E+08   0.620025E+02
   0.126529E-03   0.192754E+08   0.192753E+08   0.238637E+08   0.238101E+08   0.192755E+08   0.192754E+08   0.192754E+08   0.192814E+08  -0.619748E+00   0.113341E+08   0.113341E+08   0.682640E+02
   0.139808E-03   0.192754E+08   0.192753E+08   0.234751E+08   0.234104E+08   0.192754E+08   0.192754E+08   0.192754E+08   0.192812E+08  -0.620110E+00   0.113428E+08   0.113427E+08   0.750988E+02
   0.154481E-03   0.192753E+08   0.192752E+08   0.230087E+08   0.229311E+08   0.192754E+08   0.192753E+08   0.192753E+08   0.192811E+08  -0.620551E+00   0.113532E+08   0.113532E+08   0.825390E+02
   0.170693E-03   0.192753E+08   0.192751E+08   0.224513E+08   0.223584E+08   0.192753E+08   0.192753E+08   0.192753E+08   0.192809E+08  -0.621085E+00   0.113659E+08   0.113659E+08   0.906112E+02
   0.188606E-03   0.192753E+08   0.192751E+08   0.217882E+08   0.216775E+08   0.192753E+08   0.192752E+08   0.192752E+08   0.192807E+08  -0.621733E+00   0.113813E+08   0.113813E+08   0.993330E+02
   0.208400E-03   0.192753E+08   0.192750E+08   0.210041E+08   0.208729E+08   0.192752E+08   0.192752E+08   0.192752E+08   0.192805E+08  -0.622516E+00   0.114000E+08   0.113999E+08   0.108709E+03
   0.230271E-03   0.192753E+08   0.192750E+08   0.200834E+08   0.199290E+08   0.192752E+08   0.192752E+08   0.192752E+08   0.192802E+08  -0.623462E+00   0.114225E+08   0.114224E+08   0.118724E+03
   0.254437E-03   0.192754E+08   0.192750E+08   0.190120E+08   0.188318E+08   0.192753E+08   0.192753E+08   0.192753E+08   0.192800E+08  -0.624601E+00   0.114496E+08   0.114495E+08   0.129339E+03
   0.281139E-03   0.192755E+08   0.192751E+08   0.177788E+08   0.175705E+08   0.192754E+08   0.192754E+08   0.192755E+08   0.192799E+08  -0.625968E+00   0.114822E+08   0.114821E+08   0.140481E+03
   0.310644E-03   0.192758E+08   0.192753E+08   0.163784E+08   0.161409E+08   0.192757E+08   0.192757E+08   0.192757E+08   0.192798E+08  -0.627603E+00   0.115212E+08   0.115210E+08   0.152034E+03
   0.343245E-03   0.192764E+08   0.192757E+08   0.148151E+08   0.145483E+08   0.192761E+08   0.192762E+08   0.192762E+08   0.192799E+08  -0.629549E+00   0.115676E+08   0.115675E+08   0.163831E+03
   0.379268E-03   0.192772E+08   0.192765E+08   0.131060E+08   0.128123E+08   0.192769E+08   0.192771E+08   0.192771E+08   0.192803E+08  -0.631854E+00   0.116227E+08   0.116225E+08   0.175640E+03
   0.419070E-03   0.192786E+08   0.192777E+08   0.112867E+08   0.109711E+08   0.192782E+08   0.192784E+08   0.192784E+08   0.192812E+08  -0.634562E+00   0.116876E+08   0.116873E+08   0.187165E+03
   0.463050E-03   0.192807E+08   0.192796E+08   0.941365E+07   0.908496E+07   0.192802E+08   0.192805E+08   0.192805E+08   0.192828E+08  -0.637719E+00   0.117633E+08   0.117630E+08   0.198035E+03
   0.511646E-03   0.192839E+08   0.192826E+08   0.756591E+07   0.723681E+07   0.192833E+08   0.192836E+08   0.192837E+08   0.192855E+08  -0.641359E+00   0.118509E+08   0.118506E+08   0.207816E+03
   0.565341E-03   0.192886E+08   0.192871E+08   0.584064E+07   0.552752E+07   0.192879E+08   0.192883E+08   0.192884E+08   0.192898E+08  -0.645502E+00   0.119509E+08   0.119505E+08   0.216029E+03
   0.624672E-03   0.192955E+08   0.192938E+08   0.434116E+07   0.406255E+07   0.192946E+08   0.192952E+08   0.192952E+08   0.192963E+08  -0.650140E+00   0.120634E+08   0.120630E+08   0.222185E+03
   0.690229E-03   0.193055E+08   0.193035E+08   0.315532E+07   0.292886E+07   0.193044E+08   0.193051E+08   0.193052E+08   0.193059E+08  -0.655230E+00   0.121877E+08   0.121872E+08   0.225833E+03
   0.762667E-03   0.193195E+08   0.193173E+08   0.232675E+07   0.216467E+07   0.193182E+08   0.193191E+08   0.193192E+08   0.193197E+08  -0.660675E+00   0.123218E+08   0.123213E+08   0.226625E+03
   0.842706E-03   0.193390E+08   0.193365E+08   0.182819E+07   0.173240E+07   0.193373E+08   0.193385E+08   0.193386E+08   0.193389E+08  -0.666320E+00   0.124625E+08   0.124619E+08   0.224372E+03
   0.931145E-03   0.193654E+08   0.193625E+08   0.155501E+07   0.151410E+07   0.193632E+08   0.193648E+08   0.193649E+08   0.193652E+08  -0.671942E+00   0.126049E+08   0.126043E+08   0.219080E+03
   0.102887E-02   0.194002E+08   0.193971E+08   0.135857E+07   0.134983E+07   0.193976E+08   0.193995E+08   0.193997E+08   0.193999E+08  -0.677268E+00   0.127430E+08   0.127423E+08   0.210940E+03
   0.113684E-02   0.194448E+08   0.194415E+08   0.112170E+07   0.111983E+07   0.194416E+08   0.194441E+08   0.194443E+08   0.194444E+08  -0.682001E+00   0.128699E+08   0.128692E+08   0.200282E+03
   0.125615E-02   0.195002E+08   0.194966E+08   0.835510E+06   0.824863E+06   0.194963E+08   0.194994E+08   0.194996E+08   0.194996E+08  -0.685882E+00   0.129791E+08   0.129784E+08   0.187513E+03
   0.138798E-02   0.195662E+08   0.195625E+08   0.596695E+06   0.578636E+06   0.195614E+08   0.195653E+08   0.195656E+08   0.195654E+08  -0.688761E+00   0.130664E+08   0.130657E+08   0.173110E+03
   0.153364E-02   0.196413E+08   0.196375E+08   0.485267E+06   0.472553E+06   0.196354E+08   0.196403E+08   0.196407E+08   0.196405E+08  -0.690671E+00   0.131312E+08   0.131305E+08   0.157674E+03
   0.169459E-02   0.197225E+08   0.197185E+08   0.441423E+06   0.326921E+06   0.197152E+08   0.197213E+08   0.197218E+08   0.197214E+08  -0.691840E+00   0.131773E+08   0.131766E+08   0.141976E+03
   0.187243E-02   0.198050E+08   0.198011E+08   0.350491E+06   0.305079E+06   0.197962E+08   0.198038E+08   0.198043E+08   0.198039E+08  -0.692619E+00   0.132120E+08   0.132113E+08   0.126849E+03
   0.206894E-02   0.198838E+08   0.198799E+08   0.248752E+06   0.275959E+06   0.198731E+08   0.198825E+08   0.198832E+08   0.198826E+08  -0.693315E+00   0.132422E+08   0.132415E+08   0.112996E+03
   0.228607E-02   0.199544E+08   0.199505E+08   0.226914E+06   0.242129E+06   0.199413E+08   0.199529E+08   0.199538E+08   0.199530E+08  -0.694013E+00   0.132710E+08   0.132704E+08   0.100881E+03
   0.252598E-02   0.200136E+08   0.200096E+08   0.198904E+06   0.207632E+06   0.199977E+08   0.200119E+08   0.200129E+08   0.200119E+08  -0.694555E+00   0.132965E+08   0.132958E+08   0.907017E+02
   0.279108E-02   0.200593E+08   0.200551E+08   0.146724E+06   0.175969E+06   0.200400E+08   0.200573E+08   0.200586E+08   0.200574E+08  -0.694719E+00   0.133141E+08   0.133134E+08   0.822533E+02
   0.308399E-02   0.200897E+08   0.200853E+08   0.135316E+06   0.148434E+06   0.200662E+08   0.200874E+08   0.200889E+08   0.200874E+08  -0.694420E+00   0.133219E+08   0.133212E+08   0.749875E+02
   0.340764E-02   0.201020E+08   0.200973E+08   0.100236E+06   0.124512E+06   0.200737E+08   0.200993E+08   0.201012E+08   0.200994E+08  -0.693666E+00   0.133198E+08   0.133191E+08   0.683191E+02
   0.376527E-02   0.200934E+08   0.200884E+08   0.875946E+05   0.103662E+06   0.200592E+08   0.200903E+08   0.200926E+08   0.200903E+08  -0.692373E+00   0.133064E+08   0.133057E+08   0.618897E+02
   0.416042E-02   0.200611E+08   0.200558E+08   0.674794E+05   0.858652E+05   0.200198E+08   0.200574E+08   0.200602E+08   0.200574E+08  -0.690390E+00   0.132790E+08   0.132783E+08   0.557746E+02
   0.459704E-02   0.200020E+08   0.199964E+08   0.594915E+05   0.708644E+05   0.199525E+08   0.199977E+08   0.200011E+08   0.199977E+08  -0.687613E+00   0.132353E+08   0.132347E+08   0.502674E+02
   0.507948E-02   0.199131E+08   0.199069E+08   0.522005E+05   0.582427E+05   0.198537E+08   0.199080E+08   0.199121E+08   0.199080E+08  -0.683924E+00   0.131733E+08   0.131726E+08   0.454918E+02
   0.561256E-02   0.197909E+08   0.197841E+08   0.397091E+05   0.477072E+05   0.197200E+08   0.197849E+08   0.197897E+08   0.197849E+08  -0.679188E+00   0.130903E+08   0.130896E+08   0.412348E+02
   0.620158E-02   0.196318E+08   0.196244E+08   0.318320E+05   0.389455E+05   0.195477E+08   0.196249E+08   0.196306E+08   0.196249E+08  -0.673274E+00   0.129837E+08   0.129830E+08   0.372631E+02
   0.685241E-02   0.194323E+08   0.194240E+08   0.242300E+05   0.316898E+05   0.193328E+08   0.194242E+08   0.194309E+08   0.194242E+08  -0.666042E+00   0.128510E+08   0.128503E+08   0.336382E+02
   0.757155E-02   0.191886E+08   0.191792E+08   0.200967E+05   0.257007E+05   0.190715E+08   0.191790E+08   0.191870E+08   0.191790E+08  -0.657352E+00   0.126893E+08   0.126886E+08   0.304398E+02
   0.836616E-02   0.188967E+08   0.188862E+08   0.174942E+05   0.207726E+05   0.187599E+08   0.188856E+08   0.188949E+08   0.188856E+08  -0.647063E+00   0.124961E+08   0.124954E+08   0.275406E+02
   0.924416E-02   0.185530E+08   0.185410E+08   0.137739E+05   0.167294E+05   0.183942E+08   0.185401E+08   0.185510E+08   0.185401E+08  -0.635039E+00   0.122687E+08   0.122680E+08   0.249039E+02
   0.102143E-01   0.181539E+08   0.181402E+08   0.110399E+05   0.134216E+05   0.179709E+08   0.181391E+08   0.181516E+08   0.181391E+08  -0.621149E+00   0.120046E+08   0.120039E+08   0.225544E+02
   0.112863E-01   0.176961E+08   0.176805E+08   0.879810E+04   0.107233E+05   0.174870E+08   0.176792E+08   0.176935E+08   0.176792E+08  -0.605280E+00   0.117016E+08   0.117010E+08   0.204277E+02
   0.124707E-01   0.171771E+08   0.171592E+08   0.730329E+04   0.852886E+04   0.169402E+08   0.171579E+08   0.171741E+08   0.171579E+08  -0.587333E+00   0.113580E+08   0.113573E+08   0.185231E+02
   0.137795E-01   0.165948E+08   0.165743E+08   0.609585E+04   0.675002E+04   0.163287E+08   0.165732E+08   0.165913E+08   0.165732E+08  -0.567240E+00   0.109724E+08   0.109717E+08   0.168062E+02
   0.152256E-01   0.159484E+08   0.159249E+08   0.449310E+04   0.531322E+04   0.156521E+08   0.159242E+08   0.159444E+08   0.159242E+08  -0.544967E+00   0.105441E+08   0.105434E+08   0.152609E+02
   0.168235E-01   0.152536E+08   0.152269E+08   0.364997E+04   0.416152E+04   0.149265E+08   0.152268E+08   0.152491E+08   0.152268E+08  -0.521052E+00   0.100837E+08   0.100830E+08   0.138726E+02
   0.185890E-01   0.144846E+08   0.144544E+08   0.290575E+04   0.323567E+04   0.141269E+08   0.144552E+08   0.144796E+08   0.144552E+08  -0.494610E+00   0.957394E+07   0.957324E+07   0.125990E+02
   0.205399E-01   0.136592E+08   0.136252E+08   0.228398E+04   0.249807E+04   0.132719E+08   0.136271E+08   0.136535E+08   0.136271E+08  -0.466247E+00   0.902670E+07   0.902599E+07   0.114261E+02
   0.226955E-01   0.127740E+08   0.127363E+08   0.166088E+04   0.191240E+04   0.123596E+08   0.127394E+08   0.127677E+08   0.127394E+08  -0.435854E+00   0.843985E+07   0.843915E+07   0.103251E+02
   0.250773E-01   0.118616E+08   0.118204E+08   0.131555E+04   0.145352E+04   0.114227E+08   0.118248E+08   0.118547E+08   0.118248E+08  -0.404544E+00   0.783499E+07   0.783429E+07   0.928246E+01
   0.277091E-01   0.109355E+08   0.108914E+08   0.106412E+04   0.109672E+04   0.104751E+08   0.108968E+08   0.109281E+08   0.108968E+08  -0.372782E+00   0.722111E+07   0.722042E+07   0.827280E+01
   0.306170E-01   0.100040E+08   0.995782E+07   0.754969E+03   0.821046E+03   0.952558E+07   0.996373E+07   0.999628E+07   0.996373E+07  -0.340853E+00   0.660376E+07   0.660309E+07   0.727441E+01
   0.338302E-01   0.909414E+07   0.904726E+07   0.546060E+03   0.610722E+03   0.860068E+07   0.905269E+07   0.908627E+07   0.905269E+07  -0.309679E+00   0.600087E+07   0.600023E+07   0.627669E+01
   0.373805E-01   0.823841E+07   0.819269E+07   0.430808E+03   0.452663E+03   0.773216E+07   0.819625E+07   0.823073E+07   0.819625E+07  -0.280376E+00   0.543405E+07   0.543345E+07   0.528121E+01
   0.413035E-01   0.746837E+07   0.742590E+07   0.313095E+03   0.335713E+03   0.694836E+07   0.742577E+07   0.746124E+07   0.742577E+07  -0.254016E+00   0.492409E+07   0.492355E+07   0.430429E+01
   0.454339E-01   0.681537E+07   0.677794E+07   0.495057E+03   0.252892E+03   0.628343E+07   0.677273E+07   0.680908E+07   0.677273E+07  -0.231674E+00   0.449186E+07   0.449140E+07   0.341221E+01
   0.495642E-01   0.630623E+07   0.627469E+07   0.384629E+03   0.196401E+03   0.576091E+07   0.626359E+07   0.630093E+07   0.626359E+07  -0.214256E+00   0.415493E+07   0.415453E+07   0.267003E+01
   0.536946E-01   0.589902E+07   0.587339E+07   0.306351E+03   0.156366E+03   0.533909E+07   0.585629E+07   0.589472E+07   0.585629E+07  -0.200322E+00   0.388544E+07   0.388511E+07   0.207933E+01
   0.578249E-01   0.555693E+07   0.553649E+07   0.248653E+03   0.126864E+03   0.498248E+07   0.551400E+07   0.555350E+07   0.551400E+07  -0.188613E+00   0.365900E+07   0.365871E+07   0.163372E+01
   0.619553E-01   0.525412E+07   0.523769E+07   0.204650E+03   0.104370E+03   0.466654E+07   0.521092E+07   0.525136E+07   0.521092E+07  -0.178245E+00   0.345849E+07   0.345824E+07   0.131925E+01
   0.660856E-01   0.496696E+07   0.495309E+07   0.169904E+03   0.866138E+02   0.436942E+07   0.492347E+07   0.496463E+07   0.492347E+07  -0.168411E+00   0.326829E+07   0.326807E+07   0.111369E+01
   0.702160E-01   0.468134E+07   0.466862E+07   0.141731E+03   0.722212E+02   0.407832E+07   0.463765E+07   0.467920E+07   0.463765E+07  -0.158634E+00   0.307911E+07   0.307890E+07   0.991069E+00
   0.743463E-01   0.439700E+07   0.438426E+07   0.118638E+03   0.604286E+02   0.379326E+07   0.435325E+07   0.439486E+07   0.435325E+07  -0.148906E+00   0.289081E+07   0.289060E+07   0.925263E+00
   0.784767E-01   0.410947E+07   0.409593E+07   0.994249E+02   0.506211E+02   0.351037E+07   0.406592E+07   0.410719E+07   0.406592E+07  -0.139077E+00   0.270049E+07   0.270028E+07   0.890263E+00
   0.826070E-01   0.383094E+07   0.381625E+07   0.835713E+02   0.425317E+02   0.324012E+07   0.378779E+07   0.382848E+07   0.378779E+07  -0.129563E+00   0.251621E+07   0.251600E+07   0.866412E+00
   0.867374E-01   0.357012E+07   0.355436E+07   0.705747E+02   0.359023E+02   0.298957E+07   0.352751E+07   0.356747E+07   0.352751E+07  -0.120660E+00   0.234373E+07   0.234351E+07   0.838981E+00
   0.918764E-01   0.328106E+07   0.326456E+07   0.577419E+02   0.293589E+02   0.271360E+07   0.323924E+07   0.327829E+07   0.323924E+07  -0.110800E+00   0.215268E+07   0.215246E+07   0.787476E+00
   0.970155E-01   0.304027E+07   0.302399E+07   0.479344E+02   0.243598E+02   0.248348E+07   0.299922E+07   0.303753E+07   0.299922E+07  -0.102589E+00   0.199361E+07   0.199340E+07   0.713375E+00
   0.102155E+00   0.285102E+07   0.283594E+07   0.405027E+02   0.205732E+02   0.230036E+07   0.281058E+07   0.284849E+07   0.281058E+07  -0.961370E-01   0.186863E+07   0.186844E+07   0.622742E+00
   0.107294E+00   0.270698E+07   0.269378E+07   0.348473E+02   0.177008E+02   0.215748E+07   0.266692E+07   0.270476E+07   0.266692E+07  -0.912226E-01   0.177350E+07   0.177333E+07   0.526870E+00
   0.112433E+00   0.259373E+07   0.258269E+07   0.303608E+02   0.154046E+02   0.204206E+07   0.255385E+07   0.259187E+07   0.255385E+07  -0.873552E-01   0.169867E+07   0.169852E+07   0.437652E+00
   0.117572E+00   0.249496E+07   0.248590E+07   0.266814E+02   0.135295E+02   0.194042E+07   0.245520E+07   0.249344E+07   0.245520E+07  -0.839805E-01   0.163340E+07   0.163327E+07   0.364288E+00
   0.122711E+00   0.239775E+07   0.239014E+07   0.235225E+02   0.119239E+02   0.184212E+07   0.235813E+07   0.239647E+07   0.235813E+07  -0.806604E-01   0.156916E+07   0.156904E+07   0.311467E+00
   0.127850E+00   0.229445E+07   0.228762E+07   0.207115E+02   0.104911E+02   0.174126E+07   0.225512E+07   0.229330E+07   0.225512E+07  -0.771369E-01   0.150093E+07   0.150082E+07   0.278994E+00
   0.132989E+00   0.218284E+07   0.217614E+07   0.181973E+02   0.921518E+01   0.163631E+07   0.214400E+07   0.218171E+07   0.214400E+07  -0.733357E-01   0.142727E+07   0.142716E+07   0.262724E+00
   0.138128E+00   0.206534E+07   0.205831E+07   0.159399E+02   0.806579E+01   0.152929E+07   0.202717E+07   0.206416E+07   0.202717E+07  -0.693398E-01   0.134978E+07   0.134967E+07   0.256319E+00
   0.143267E+00   0.194742E+07   0.193986E+07   0.139561E+02   0.705819E+01   0.142433E+07   0.191007E+07   0.194615E+07   0.191007E+07  -0.653341E-01   0.127207E+07   0.127196E+07   0.253189E+00
   0.148406E+00   0.183581E+07   0.182778E+07   0.122500E+02   0.619307E+01   0.132630E+07   0.179932E+07   0.183446E+07   0.179932E+07  -0.615459E-01   0.119856E+07   0.119844E+07   0.248076E+00
   0.153545E+00   0.173679E+07   0.172855E+07   0.108184E+02   0.546785E+01   0.123951E+07   0.170111E+07   0.173540E+07   0.170111E+07  -0.581867E-01   0.113337E+07   0.113326E+07   0.237979E+00
   0.158684E+00   0.165421E+07   0.164613E+07   0.963558E+01   0.486629E+01   0.116631E+07   0.161920E+07   0.165285E+07   0.161920E+07  -0.553850E-01   0.107901E+07   0.107890E+07   0.222292E+00
   0.163823E+00   0.158804E+07   0.158046E+07   0.867321E+01   0.437907E+01   0.110622E+07   0.155353E+07   0.158676E+07   0.155353E+07  -0.531387E-01   0.103545E+07   0.103535E+07   0.202329E+00
   0.168962E+00   0.153490E+07   0.152804E+07   0.787221E+01   0.397172E+01   0.105644E+07   0.150074E+07   0.153375E+07   0.150074E+07  -0.513329E-01   0.100046E+07   0.100037E+07   0.180537E+00
   0.174102E+00   0.149002E+07   0.148397E+07   0.719344E+01   0.362835E+01   0.101337E+07   0.145611E+07   0.148900E+07   0.145611E+07  -0.498063E-01   0.970896E+06   0.970813E+06   0.159639E+00
   0.179241E+00   0.144869E+07   0.144336E+07   0.659397E+01   0.332470E+01   0.973564E+06   0.141500E+07   0.144779E+07   0.141500E+07  -0.484001E-01   0.943665E+06   0.943589E+06   0.141870E+00
   0.184380E+00   0.140677E+07   0.140198E+07   0.604624E+01   0.304705E+01   0.934234E+06   0.137334E+07   0.140597E+07   0.137334E+07  -0.469753E-01   0.916060E+06   0.915989E+06   0.128465E+00
   0.189519E+00   0.136140E+07   0.135691E+07   0.553366E+01   0.278743E+01   0.893451E+06   0.132834E+07   0.136065E+07   0.132834E+07  -0.454359E-01   0.886206E+06   0.886138E+06   0.119537E+00
   0.194658E+00   0.131193E+07   0.130750E+07   0.505055E+01   0.254296E+01   0.850854E+06   0.127935E+07   0.131118E+07   0.127935E+07  -0.437601E-01   0.853680E+06   0.853614E+06   0.114277E+00
   0.199797E+00   0.125990E+07   0.125539E+07   0.459983E+01   0.231485E+01   0.807529E+06   0.122791E+07   0.125914E+07   0.122791E+07  -0.420008E-01   0.819509E+06   0.819443E+06   0.111338E+00
   0.204936E+00   0.120791E+07   0.120323E+07   0.418738E+01   0.210602E+01   0.765154E+06   0.117656E+07   0.120712E+07   0.117656E+07  -0.402442E-01   0.785377E+06   0.785310E+06   0.109231E+00
   0.210075E+00   0.115842E+07   0.115361E+07   0.381858E+01   0.191970E+01   0.725276E+06   0.112772E+07   0.115762E+07   0.112772E+07  -0.385736E-01   0.752911E+06   0.752843E+06   0.106696E+00
   0.215214E+00   0.111345E+07   0.110860E+07   0.349463E+01   0.175624E+01   0.689063E+06   0.108335E+07   0.111264E+07   0.108335E+07  -0.370558E-01   0.723415E+06   0.723348E+06   0.102958E+00
   0.220353E+00   0.107428E+07   0.106952E+07   0.321405E+01   0.161469E+01   0.657193E+06   0.104469E+07   0.107348E+07   0.104469E+07  -0.357338E-01   0.697727E+06   0.697663E+06   0.978140E-01
   0.225492E+00   0.104110E+07   0.103655E+07   0.297188E+01   0.149222E+01   0.629640E+06   0.101194E+07   0.104034E+07   0.101194E+07  -0.346133E-01   0.675965E+06   0.675904E+06   0.915513E-01
   0.230631E+00   0.101292E+07   0.100865E+07   0.276146E+01   0.138570E+01   0.605664E+06   0.984085E+06   0.101220E+07   0.984085E+06  -0.336606E-01   0.657474E+06   0.657415E+06   0.847598E-01
   0.235770E+00   0.988011E+06   0.984068E+06   0.257591E+01   0.129219E+01   0.584132E+06   0.959464E+06   0.987349E+06   0.959464E+06  -0.328185E-01   0.641132E+06   0.641076E+06   0.781226E-01
   0.240910E+00   0.964579E+06   0.960934E+06   0.240725E+01   0.120719E+01   0.563905E+06   0.936300E+06   0.963967E+06   0.936300E+06  -0.320261E-01   0.625757E+06   0.625705E+06   0.722292E-01
   0.246049E+00   0.941094E+06   0.937683E+06   0.224982E+01   0.112769E+01   0.544057E+06   0.913103E+06   0.940521E+06   0.913103E+06  -0.312327E-01   0.610354E+06   0.610304E+06   0.674421E-01
   0.251188E+00   0.916565E+06   0.913304E+06   0.210115E+01   0.105281E+01   0.524010E+06   0.888908E+06   0.916017E+06   0.888908E+06  -0.304051E-01   0.594278E+06   0.594229E+06   0.638461E-01
   0.256327E+00   0.890720E+06   0.887526E+06   0.195919E+01   0.981150E+00   0.503621E+06   0.863450E+06   0.890183E+06   0.863450E+06  -0.295343E-01   0.577351E+06   0.577304E+06   0.612773E-01
   0.261466E+00   0.864006E+06   0.860820E+06   0.182547E+01   0.913961E+00   0.483159E+06   0.837170E+06   0.863471E+06   0.837170E+06  -0.286354E-01   0.559867E+06   0.559821E+06   0.594103E-01
   0.266605E+00   0.837303E+06   0.834095E+06   0.170014E+01   0.850783E+00   0.463117E+06   0.810925E+06   0.836765E+06   0.810925E+06  -0.277377E-01   0.542401E+06   0.542354E+06   0.578624E-01
   0.271744E+00   0.811551E+06   0.808324E+06   0.158515E+01   0.792993E+00   0.444004E+06   0.785629E+06   0.811009E+06   0.785629E+06  -0.268724E-01   0.525563E+06   0.525517E+06   0.562914E-01
   0.276883E+00   0.787522E+06   0.784305E+06   0.148079E+01   0.740574E+00   0.426215E+06   0.762033E+06   0.786982E+06   0.762033E+06  -0.260653E-01   0.509856E+06   0.509810E+06   0.544666E-01
   0.282022E+00   0.765702E+06   0.762536E+06   0.138690E+01   0.693377E+00   0.409970E+06   0.740606E+06   0.765170E+06   0.740606E+06  -0.253324E-01   0.495594E+06   0.495550E+06   0.523010E-01
   0.287161E+00   0.746203E+06   0.743132E+06   0.130282E+01   0.651098E+00   0.395284E+06   0.721455E+06   0.745688E+06   0.721455E+06  -0.246774E-01   0.482851E+06   0.482808E+06   0.498422E-01
   0.292300E+00   0.728750E+06   0.725804E+06   0.122723E+01   0.613079E+00   0.381963E+06   0.704307E+06   0.728255E+06   0.704307E+06  -0.240908E-01   0.471443E+06   0.471402E+06   0.472308E-01
   0.297439E+00   0.712780E+06   0.709974E+06   0.115845E+01   0.578472E+00   0.369675E+06   0.688614E+06   0.712309E+06   0.688614E+06  -0.235540E-01   0.461006E+06   0.460966E+06   0.446464E-01
   0.302578E+00   0.697639E+06   0.694967E+06   0.109496E+01   0.546543E+00   0.358049E+06   0.673737E+06   0.697190E+06   0.673737E+06  -0.230451E-01   0.451111E+06   0.451073E+06   0.422546E-01
   0.307717E+00   0.682746E+06   0.680189E+06   0.103559E+01   0.516774E+00   0.346773E+06   0.659112E+06   0.682317E+06   0.659112E+06  -0.225449E-01   0.441381E+06   0.441344E+06   0.401686E-01
   0.312856E+00   0.667716E+06   0.665244E+06   0.979243E+00   0.488490E+00   0.335641E+06   0.644365E+06   0.667301E+06   0.644365E+06  -0.220405E-01   0.431566E+06   0.431530E+06   0.384306E-01
   0.317996E+00   0.652407E+06   0.649990E+06   0.925382E+00   0.461361E+00   0.324580E+06   0.629358E+06   0.652001E+06   0.629358E+06  -0.215272E-01   0.421574E+06   0.421538E+06   0.370133E-01
   0.323135E+00   0.636907E+06   0.634523E+06   0.874568E+00   0.435969E+00   0.313634E+06   0.614178E+06   0.636507E+06   0.614178E+06  -0.210079E-01   0.411462E+06   0.411427E+06   0.358386E-01
   0.328274E+00   0.621470E+06   0.619104E+06   0.826377E+00   0.411800E+00   0.302926E+06   0.599071E+06   0.621073E+06   0.599071E+06  -0.204912E-01   0.401395E+06   0.401361E+06   0.348039E-01
   0.333413E+00   0.606422E+06   0.604073E+06   0.781320E+00   0.389246E+00   0.292607E+06   0.584353E+06   0.606028E+06   0.584353E+06  -0.199878E-01   0.391586E+06   0.391552E+06   0.338101E-01
   0.338552E+00   0.592069E+06   0.589743E+06   0.739330E+00   0.368153E+00   0.282815E+06   0.570319E+06   0.591679E+06   0.570319E+06  -0.195077E-01   0.382232E+06   0.382199E+06   0.327839E-01
   0.343691E+00   0.578615E+06   0.576325E+06   0.700690E+00   0.348790E+00   0.273632E+06   0.557166E+06   0.578231E+06   0.557166E+06  -0.190578E-01   0.373465E+06   0.373433E+06   0.316889E-01
   0.348830E+00   0.566118E+06   0.563878E+06   0.665201E+00   0.331041E+00   0.265069E+06   0.544948E+06   0.565742E+06   0.544948E+06  -0.186399E-01   0.365323E+06   0.365291E+06   0.305262E-01
   0.353969E+00   0.554496E+06   0.552317E+06   0.632466E+00   0.314665E+00   0.257070E+06   0.533586E+06   0.554130E+06   0.533586E+06  -0.182513E-01   0.357752E+06   0.357720E+06   0.293256E-01
   0.359108E+00   0.543578E+06   0.541466E+06   0.602087E+00   0.299455E+00   0.249541E+06   0.522913E+06   0.543223E+06   0.522913E+06  -0.178862E-01   0.350639E+06   0.350609E+06   0.281334E-01
   0.364247E+00   0.533156E+06   0.531112E+06   0.573697E+00   0.285238E+00   0.242374E+06   0.512727E+06   0.532813E+06   0.512727E+06  -0.175378E-01   0.343852E+06   0.343822E+06   0.269970E-01
   0.369386E+00   0.523028E+06   0.521046E+06   0.546939E+00   0.271830E+00   0.235468E+06   0.502832E+06   0.522696E+06   0.502832E+06  -0.171994E-01   0.337257E+06   0.337228E+06   0.259531E-01
   0.374525E+00   0.513029E+06   0.511099E+06   0.521585E+00   0.259139E+00   0.228742E+06   0.493068E+06   0.512705E+06   0.493068E+06  -0.168654E-01   0.330748E+06   0.330720E+06   0.250196E-01
   0.379664E+00   0.503063E+06   0.501174E+06   0.497505E+00   0.247124E+00   0.222150E+06   0.483341E+06   0.502746E+06   0.483341E+06  -0.165327E-01   0.324262E+06   0.324235E+06   0.241944E-01
   0.384804E+00   0.493122E+06   0.491266E+06   0.474471E+00   0.235594E+00   0.215685E+06   0.473645E+06   0.492810E+06   0.473645E+06  -0.162010E-01   0.317795E+06   0.317768E+06   0.234597E-01
   0.389943E+00   0.483287E+06   0.481456E+06   0.452669E+00   0.224729E+00   0.209379E+06   0.464058E+06   0.482979E+06   0.464058E+06  -0.158731E-01   0.311399E+06   0.311372E+06   0.227885E-01
   0.395082E+00   0.473668E+06   0.471860E+06   0.431961E+00   0.214372E+00   0.203277E+06   0.454686E+06   0.473364E+06   0.454686E+06  -0.155525E-01   0.305145E+06   0.305119E+06   0.221532E-01
   0.400221E+00   0.464365E+06   0.462581E+06   0.412491E+00   0.204655E+00   0.197417E+06   0.445625E+06   0.464065E+06   0.445625E+06  -0.152426E-01   0.299098E+06   0.299072E+06   0.215285E-01
   0.405360E+00   0.455441E+06   0.453684E+06   0.394188E+00   0.195517E+00   0.191818E+06   0.436935E+06   0.455146E+06   0.436935E+06  -0.149453E-01   0.293298E+06   0.293273E+06   0.208996E-01
   0.410499E+00   0.446928E+06   0.445203E+06   0.377007E+00   0.186932E+00   0.186487E+06   0.428647E+06   0.446638E+06   0.428647E+06  -0.146619E-01   0.287767E+06   0.287742E+06   0.202620E-01
   0.415638E+00   0.438831E+06   0.437141E+06   0.360930E+00   0.178916E+00   0.181421E+06   0.420765E+06   0.438547E+06   0.420765E+06  -0.143923E-01   0.282507E+06   0.282482E+06   0.196211E-01
   0.420777E+00   0.431110E+06   0.429457E+06   0.345824E+00   0.171383E+00   0.176595E+06   0.413250E+06   0.430832E+06   0.413250E+06  -0.141352E-01   0.277491E+06   0.277467E+06   0.189880E-01
   0.425916E+00   0.423684E+06   0.422069E+06   0.331542E+00   0.164244E+00   0.171971E+06   0.406024E+06   0.423412E+06   0.406024E+06  -0.138880E-01   0.272668E+06   0.272644E+06   0.183754E-01
   0.431055E+00   0.416466E+06   0.414888E+06   0.318081E+00   0.157555E+00   0.167509E+06   0.399003E+06   0.416201E+06   0.399003E+06  -0.136479E-01   0.267981E+06   0.267958E+06   0.177941E-01
   0.436194E+00   0.409399E+06   0.407854E+06   0.305177E+00   0.151096E+00   0.163181E+06   0.392130E+06   0.409139E+06   0.392130E+06  -0.134128E-01   0.263393E+06   0.263370E+06   0.172512E-01
   0.441333E+00   0.402452E+06   0.400936E+06   0.292993E+00   0.145056E+00   0.158972E+06   0.385377E+06   0.402198E+06   0.385377E+06  -0.131818E-01   0.258884E+06   0.258861E+06   0.167486E-01
   0.446472E+00   0.395609E+06   0.394120E+06   0.281292E+00   0.139220E+00   0.154874E+06   0.378728E+06   0.395359E+06   0.378728E+06  -0.129544E-01   0.254443E+06   0.254421E+06   0.162830E-01
   0.451611E+00   0.388868E+06   0.387401E+06   0.270127E+00   0.133657E+00   0.150883E+06   0.372181E+06   0.388622E+06   0.372181E+06  -0.127304E-01   0.250069E+06   0.250048E+06   0.158470E-01
   0.456750E+00   0.382250E+06   0.380805E+06   0.259465E+00   0.128339E+00   0.147004E+06   0.365756E+06   0.382008E+06   0.365756E+06  -0.125107E-01   0.245777E+06   0.245756E+06   0.154322E-01
   0.461890E+00   0.375798E+06   0.374373E+06   0.249337E+00   0.123296E+00   0.143252E+06   0.359493E+06   0.375559E+06   0.359493E+06  -0.122964E-01   0.241593E+06   0.241572E+06   0.150312E-01
   0.467029E+00   0.369546E+06   0.368142E+06   0.239738E+00   0.118524E+00   0.139637E+06   0.353427E+06   0.369310E+06   0.353427E+06  -0.120889E-01   0.237539E+06   0.237518E+06   0.146384E-01
   0.472168E+00   0.363505E+06   0.362124E+06   0.230625E+00   0.113991E+00   0.136160E+06   0.347567E+06   0.363273E+06   0.347567E+06  -0.118885E-01   0.233623E+06   0.233603E+06   0.142507E-01
   0.477307E+00   0.357670E+06   0.356312E+06   0.221974E+00   0.109685E+00   0.132814E+06   0.341908E+06   0.357442E+06   0.341908E+06  -0.116949E-01   0.229841E+06   0.229821E+06   0.138679E-01
   0.482446E+00   0.352028E+06   0.350694E+06   0.213764E+00   0.105603E+00   0.129594E+06   0.336437E+06   0.351804E+06   0.336437E+06  -0.115078E-01   0.226185E+06   0.226165E+06   0.134920E-01
   0.487585E+00   0.346564E+06   0.345254E+06   0.205972E+00   0.101736E+00   0.126490E+06   0.331140E+06   0.346344E+06   0.331140E+06  -0.113266E-01   0.222644E+06   0.222625E+06   0.131262E-01
   0.492724E+00   0.341256E+06   0.339969E+06   0.198532E+00   0.980358E-01   0.123491E+06   0.325995E+06   0.341040E+06   0.325995E+06  -0.111506E-01   0.219205E+06   0.219186E+06   0.127739E-01
   0.497863E+00   0.336074E+06   0.334810E+06   0.191432E+00   0.945074E-01   0.120584E+06   0.320974E+06   0.335862E+06   0.320974E+06  -0.109789E-01   0.215849E+06   0.215830E+06   0.124373E-01
   0.503002E+00   0.330994E+06   0.329751E+06   0.184632E+00   0.911251E-01   0.117759E+06   0.316053E+06   0.330785E+06   0.316053E+06  -0.108106E-01   0.212559E+06   0.212540E+06   0.121172E-01
   0.508141E+00   0.326006E+06   0.324782E+06   0.178149E+00   0.879160E-01   0.115011E+06   0.311223E+06   0.325800E+06   0.311223E+06  -0.106454E-01   0.209329E+06   0.209311E+06   0.118133E-01
   0.513280E+00   0.321112E+06   0.319907E+06   0.171905E+00   0.848080E-01   0.112338E+06   0.306485E+06   0.320909E+06   0.306485E+06  -0.104833E-01   0.206160E+06   0.206142E+06   0.115240E-01
   0.518419E+00   0.316317E+06   0.315130E+06   0.165938E+00   0.818447E-01   0.109740E+06   0.301846E+06   0.316118E+06   0.301846E+06  -0.103246E-01   0.203057E+06   0.203039E+06   0.112470E-01
   0.523558E+00   0.311626E+06   0.310455E+06   0.160224E+00   0.790063E-01   0.107218E+06   0.297307E+06   0.311429E+06   0.297307E+06  -0.101694E-01   0.200021E+06   0.200004E+06   0.109798E-01
   0.528697E+00   0.307043E+06   0.305889E+06   0.154781E+00   0.763150E-01   0.104772E+06   0.292874E+06   0.306849E+06   0.292874E+06  -0.100177E-01   0.197055E+06   0.197038E+06   0.107201E-01
   0.533837E+00   0.302576E+06   0.301439E+06   0.149563E+00   0.737290E-01   0.102402E+06   0.288555E+06   0.302385E+06   0.288555E+06  -0.987002E-02   0.194166E+06   0.194149E+06   0.104667E-01
   0.538976E+00   0.298233E+06   0.297112E+06   0.144552E+00   0.712343E-01   0.100109E+06   0.284356E+06   0.298044E+06   0.284356E+06  -0.972638E-02   0.191356E+06   0.191339E+06   0.102191E-01
   0.544115E+00   0.294008E+06   0.292904E+06   0.139780E+00   0.688679E-01   0.978902E+05   0.280272E+06   0.293822E+06   0.280272E+06  -0.958670E-02   0.188624E+06   0.188607E+06   0.997720E-02
   0.549254E+00   0.289890E+06   0.288803E+06   0.135215E+00   0.666056E-01   0.957401E+05   0.276294E+06   0.289708E+06   0.276294E+06  -0.945061E-02   0.185961E+06   0.185945E+06   0.974156E-02
   0.554393E+00   0.285870E+06   0.284800E+06   0.130847E+00   0.644451E-01   0.936539E+05   0.272410E+06   0.285690E+06   0.272410E+06  -0.931777E-02   0.183362E+06   0.183346E+06   0.951287E-02
   0.559532E+00   0.281942E+06   0.280887E+06   0.126649E+00   0.623645E-01   0.916283E+05   0.268615E+06   0.281764E+06   0.268615E+06  -0.918797E-02   0.180822E+06   0.180806E+06   0.929187E-02
   0.564671E+00   0.278099E+06   0.277060E+06   0.122615E+00   0.603623E-01   0.896603E+05   0.264905E+06   0.277924E+06   0.264905E+06  -0.906105E-02   0.178338E+06   0.178323E+06   0.907899E-02
   0.569810E+00   0.274334E+06   0.273310E+06   0.118744E+00   0.584435E-01   0.877459E+05   0.261270E+06   0.274162E+06   0.261270E+06  -0.893673E-02   0.175905E+06   0.175890E+06   0.887415E-02
   0.574949E+00   0.270639E+06   0.269629E+06   0.115028E+00   0.566045E-01   0.858817E+05   0.257704E+06   0.270469E+06   0.257704E+06  -0.881475E-02   0.173517E+06   0.173502E+06   0.867691E-02
   0.580088E+00   0.267014E+06   0.266018E+06   0.111453E+00   0.548346E-01   0.840664E+05   0.254206E+06   0.266846E+06   0.254206E+06  -0.869510E-02   0.171175E+06   0.171160E+06   0.848661E-02
   0.585227E+00   0.263462E+06   0.262479E+06   0.108016E+00   0.531330E-01   0.823003E+05   0.250780E+06   0.263297E+06   0.250780E+06  -0.857791E-02   0.168881E+06   0.168866E+06   0.830256E-02
   0.590366E+00   0.259986E+06   0.259017E+06   0.104712E+00   0.514972E-01   0.805833E+05   0.247428E+06   0.259824E+06   0.247428E+06  -0.846326E-02   0.166636E+06   0.166622E+06   0.812405E-02
   0.595505E+00   0.256586E+06   0.255630E+06   0.101539E+00   0.499278E-01   0.789140E+05   0.244149E+06   0.256425E+06   0.244149E+06  -0.835112E-02   0.164440E+06   0.164426E+06   0.795040E-02
   0.600644E+00   0.253258E+06   0.252314E+06   0.984883E-01   0.484197E-01   0.772906E+05   0.240941E+06   0.253100E+06   0.240941E+06  -0.824139E-02   0.162291E+06   0.162277E+06   0.778115E-02
   0.605784E+00   0.250004E+06   0.249072E+06   0.955538E-01   0.469684E-01   0.757124E+05   0.237805E+06   0.249847E+06   0.237805E+06  -0.813410E-02   0.160190E+06   0.160176E+06   0.761615E-02
   0.610923E+00   0.246823E+06   0.245904E+06   0.927265E-01   0.455674E-01   0.741787E+05   0.234740E+06   0.246669E+06   0.234740E+06  -0.802926E-02   0.158137E+06   0.158123E+06   0.745545E-02
   0.616062E+00   0.243713E+06   0.242806E+06   0.900098E-01   0.442230E-01   0.726875E+05   0.231743E+06   0.243560E+06   0.231743E+06  -0.792677E-02   0.156129E+06   0.156116E+06   0.729911E-02
   0.621201E+00   0.240666E+06   0.239772E+06   0.874054E-01   0.429401E-01   0.712360E+05   0.228809E+06   0.240516E+06   0.228809E+06  -0.782639E-02   0.154163E+06   0.154149E+06   0.714719E-02
   0.626340E+00   0.237678E+06   0.236795E+06   0.848823E-01   0.416907E-01   0.698221E+05   0.225932E+06   0.237530E+06   0.225932E+06  -0.772798E-02   0.152235E+06   0.152222E+06   0.699974E-02
   0.674704E+00   0.212219E+06   0.211434E+06   0.651613E-01   0.319541E-01   0.581587E+05   0.201442E+06   0.212087E+06   0.201442E+06  -0.689030E-02   0.135817E+06   0.135805E+06   0.580562E-02
   0.726803E+00   0.189399E+06   0.188703E+06   0.499995E-01   0.244793E-01   0.483119E+05   0.179534E+06   0.189283E+06   0.179534E+06  -0.614093E-02   0.121119E+06   0.121108E+06   0.481250E-02
   0.782925E+00   0.168989E+06   0.168372E+06   0.383618E-01   0.187536E-01   0.400323E+05   0.159974E+06   0.168885E+06   0.159974E+06  -0.547191E-02   0.107987E+06   0.107977E+06   0.398964E-02
   0.895965E+00   0.137242E+06   0.136746E+06   0.236991E-01   0.115544E-01   0.282731E+05   0.129629E+06   0.137159E+06   0.129629E+06  -0.443395E-02   0.875914E+05   0.875838E+05   0.283875E-02
   0.125042E+01   0.817022E+05   0.814153E+05   0.718410E-02   0.348148E-02   0.115667E+05   0.768071E+05   0.816541E+05   0.768071E+05  -0.262718E-02   0.520135E+05   0.520089E+05   0.122896E-02
   0.174510E+01   0.483986E+05   0.482342E+05  -0.229061E-03  -0.135324E-02   0.452362E+04   0.453387E+05   0.483710E+05   0.453387E+05  -0.155072E-02   0.307550E+05   0.307522E+05   0.540616E-03
   0.243548E+01   0.285297E+05   0.284362E+05   0.770365E-03   0.430489E-03   0.169586E+04   0.266594E+05   0.285140E+05   0.266594E+05  -0.911727E-03   0.181055E+05   0.181038E+05   0.246117E-03
