#          k/h    CDM            baryon         photon         nu             mass_nu        total          no_nu          total_de       Weyl           v_CDM          v_b            v_b-v_c     
   0.103499E-04   0.189587E+08   0.189587E+08   0.252653E+08   0.252649E+08   0.189588E+08   0.189587E+08   0.189587E+08   0.189650E+08  -0.478018E+00   0.957224E+07   0.957224E+07   0.573807E+01
   0.114373E-04   0.189587E+08   0.189587E+08   0.252624E+08   0.252619E+08   0.189588E+08   0.189587E+08   0.189587E+08   0.189650E+08  -0.478017E+00   0.957222E+07   0.957222E+07   0.634074E+01
   0.126389E-04   0.189587E+08   0.189587E+08   0.252588E+08   0.252582E+08   0.189588E+08   0.189587E+08   0.189587E+08   0.189650E+08  -0.478015E+00   0.957222E+07   0.957222E+07   0.700665E+01
   0.139668E-04   0.189586E+08   0.189586E+08   0.252545E+08   0.252538E+08   0.189587E+08   0.189587E+08   0.189586E+08   0.189650E+08  -0.478013E+00   0.957220E+07   0.957220E+07   0.774244E+01
   0.154342E-04   0.189586E+08   0.189586E+08   0.252492E+08   0.252484E+08   0.189587E+08   0.189586E+08   0.189586E+08   0.189649E+08  -0.478011E+00   0.957218E+07   0.957218E+07   0.855541E+01
   0.170557E-04   0.189586E+08   0.189586E+08   0.252428E+08   0.252417E+08   0.189587E+08   0.189586E+08   0.189586E+08   0.189649E+08  -0.478008E+00   0.957216E+07   0.957216E+07   0.945362E+01
   0.188477E-04   0.189585E+08   0.189585E+08   0.252349E+08   0.252336E+08   0.189586E+08   0.189585E+08   0.189585E+08   0.189648E+08  -0.478005E+00   0.957214E+07   0.957214E+07   0.104460E+02
   0.208278E-04   0.189585E+08   0.189585E+08   0.252253E+08   0.252237E+08   0.189586E+08   0.189585E+08   0.189585E+08   0.189648E+08  -0.478001E+00   0.957211E+07   0.957211E+07   0.115423E+02
   0.230161E-04   0.189584E+08   0.189584E+08   0.252136E+08   0.252117E+08   0.189585E+08   0.189584E+08   0.189584E+08   0.189647E+08  -0.477996E+00   0.957207E+07   0.957207E+07   0.127534E+02
   0.254342E-04   0.189583E+08   0.189583E+08   0.251993E+08   0.251969E+08   0.189584E+08   0.189583E+08   0.189583E+08   0.189646E+08  -0.477990E+00   0.957203E+07   0.957203E+07   0.140912E+02
   0.281064E-04   0.189582E+08   0.189582E+08   0.251818E+08   0.251789E+08   0.189583E+08   0.189583E+08   0.189582E+08   0.189645E+08  -0.477982E+00   0.957197E+07   0.957197E+07   0.155688E+02
   0.310593E-04   0.189581E+08   0.189581E+08   0.251605E+08   0.251570E+08   0.189582E+08   0.189581E+08   0.189581E+08   0.189644E+08  -0.477973E+00   0.957190E+07   0.957190E+07   0.172007E+02
   0.343224E-04   0.189580E+08   0.189580E+08   0.251345E+08   0.251302E+08   0.189581E+08   0.189580E+08   0.189580E+08   0.189643E+08  -0.477962E+00   0.957182E+07   0.957182E+07   0.190026E+02
   0.379284E-04   0.189578E+08   0.189578E+08   0.251028E+08   0.250976E+08   0.189579E+08   0.189578E+08   0.189578E+08   0.189641E+08  -0.477948E+00   0.957172E+07   0.957172E+07   0.209921E+02
   0.419133E-04   0.189576E+08   0.189576E+08   0.250641E+08   0.250578E+08   0.189577E+08   0.189576E+08   0.189576E+08   0.189639E+08  -0.477932E+00   0.957160E+07   0.957160E+07   0.231882E+02
   0.463168E-04   0.189573E+08   0.189573E+08   0.250170E+08   0.250092E+08   0.189574E+08   0.189573E+08   0.189573E+08   0.189636E+08  -0.477911E+00   0.957145E+07   0.957145E+07   0.256117E+02
   0.511830E-04   0.189570E+08   0.189570E+08   0.249595E+08   0.249500E+08   0.189571E+08   0.189570E+08   0.189570E+08   0.189633E+08  -0.477887E+00   0.957127E+07   0.957126E+07   0.282854E+02
   0.565604E-04   0.189566E+08   0.189566E+08   0.248895E+08   0.248780E+08   0.189567E+08   0.189566E+08   0.189566E+08   0.189628E+08  -0.477857E+00   0.957105E+07   0.957104E+07   0.312341E+02
   0.625027E-04   0.189561E+08   0.189561E+08   0.248042E+08   0.247902E+08   0.189562E+08   0.189562E+08   0.189561E+08   0.189623E+08  -0.477820E+00   0.957078E+07   0.957077E+07   0.344845E+02
   0.690694E-04   0.189556E+08   0.189555E+08   0.247004E+08   0.246834E+08   0.189556E+08   0.189556E+08   0.189556E+08   0.189617E+08  -0.477775E+00   0.957045E+07   0.957044E+07   0.380656E+02
   0.763260E-04   0.189549E+08   0.189548E+08   0.245743E+08   0.245535E+08   0.189549E+08   0.189549E+08   0.189549E+08   0.189610E+08  -0.477720E+00   0.957004E+07   0.957003E+07   0.420084E+02
   0.843450E-04   0.189540E+08   0.189540E+08   0.244210E+08   0.243958E+08   0.189541E+08   0.189540E+08   0.189540E+08   0.189601E+08  -0.477653E+00   0.956955E+07   0.956954E+07   0.463459E+02
   0.932065E-04   0.189529E+08   0.189529E+08   0.242351E+08   0.242045E+08   0.189530E+08   0.189529E+08   0.189529E+08   0.189590E+08  -0.477572E+00   0.956895E+07   0.956894E+07   0.511129E+02
   0.102999E-03   0.189517E+08   0.189516E+08   0.240098E+08   0.239727E+08   0.189517E+08   0.189517E+08   0.189516E+08   0.189576E+08  -0.477473E+00   0.956822E+07   0.956820E+07   0.563453E+02
   0.113820E-03   0.189501E+08   0.189500E+08   0.237373E+08   0.236924E+08   0.189502E+08   0.189501E+08   0.189501E+08   0.189560E+08  -0.477353E+00   0.956733E+07   0.956731E+07   0.620801E+02
   0.125778E-03   0.189482E+08   0.189481E+08   0.234084E+08   0.233542E+08   0.189482E+08   0.189482E+08   0.189482E+08   0.189540E+08  -0.477207E+00   0.956625E+07   0.956622E+07   0.683539E+02
   0.138993E-03   0.189459E+08   0.189458E+08   0.230125E+08   0.229471E+08   0.189459E+08   0.189459E+08   0.189459E+08   0.189516E+08  -0.477030E+00   0.956494E+07   0.956490E+07   0.752020E+02
   0.153596E-03   0.189431E+08   0.189429E+08   0.225374E+08   0.224589E+08   0.189431E+08   0.189430E+08   0.189430E+08   0.189487E+08  -0.476815E+00   0.956334E+07   0.956330E+07   0.826563E+02
   0.169733E-03   0.189396E+08   0.189395E+08   0.219696E+08   0.218757E+08   0.189397E+08   0.189396E+08   0.189396E+08   0.189451E+08  -0.476554E+00   0.956140E+07   0.956135E+07   0.907430E+02
   0.187566E-03   0.189355E+08   0.189353E+08   0.212943E+08   0.211824E+08   0.189355E+08   0.189355E+08   0.189355E+08   0.189408E+08  -0.476240E+00   0.955905E+07   0.955899E+07   0.994789E+02
   0.207272E-03   0.189305E+08   0.189302E+08   0.204957E+08   0.203631E+08   0.189304E+08   0.189304E+08   0.189304E+08   0.189355E+08  -0.475861E+00   0.955620E+07   0.955614E+07   0.108868E+03
   0.229048E-03   0.189244E+08   0.189241E+08   0.195584E+08   0.194023E+08   0.189243E+08   0.189243E+08   0.189243E+08   0.189292E+08  -0.475406E+00   0.955277E+07   0.955269E+07   0.118894E+03
   0.253113E-03   0.189170E+08   0.189167E+08   0.184680E+08   0.182859E+08   0.189170E+08   0.189170E+08   0.189170E+08   0.189216E+08  -0.474860E+00   0.954863E+07   0.954853E+07   0.129516E+03
   0.279705E-03   0.189082E+08   0.189078E+08   0.172137E+08   0.170033E+08   0.189081E+08   0.189081E+08   0.189081E+08   0.189124E+08  -0.474210E+00   0.954366E+07   0.954355E+07   0.140660E+03
   0.309092E-03   0.188976E+08   0.188970E+08   0.157905E+08   0.155506E+08   0.188974E+08   0.188975E+08   0.188975E+08   0.189014E+08  -0.473438E+00   0.953772E+07   0.953758E+07   0.152206E+03
   0.341566E-03   0.188849E+08   0.188842E+08   0.142033E+08   0.139340E+08   0.188846E+08   0.188847E+08   0.188848E+08   0.188883E+08  -0.472528E+00   0.953064E+07   0.953047E+07   0.163983E+03
   0.377451E-03   0.188697E+08   0.188690E+08   0.124708E+08   0.121745E+08   0.188694E+08   0.188696E+08   0.188696E+08   0.188727E+08  -0.471463E+00   0.952224E+07   0.952204E+07   0.175759E+03
   0.417107E-03   0.188518E+08   0.188509E+08   0.106302E+08   0.103121E+08   0.188514E+08   0.188516E+08   0.188516E+08   0.188542E+08  -0.470227E+00   0.951234E+07   0.951210E+07   0.187229E+03
   0.460929E-03   0.188306E+08   0.188296E+08   0.874065E+07   0.840962E+07   0.188302E+08   0.188304E+08   0.188305E+08   0.188326E+08  -0.468809E+00   0.950076E+07   0.950049E+07   0.198021E+03
   0.509356E-03   0.188059E+08   0.188047E+08   0.688408E+07   0.655299E+07   0.188054E+08   0.188057E+08   0.188057E+08   0.188074E+08  -0.467201E+00   0.948733E+07   0.948701E+07   0.207698E+03
   0.562870E-03   0.187773E+08   0.187758E+08   0.516074E+07   0.484602E+07   0.187765E+08   0.187770E+08   0.187770E+08   0.187782E+08  -0.465404E+00   0.947190E+07   0.947153E+07   0.215779E+03
   0.622006E-03   0.187443E+08   0.187426E+08   0.367637E+07   0.339638E+07   0.187434E+08   0.187440E+08   0.187440E+08   0.187449E+08  -0.463430E+00   0.945436E+07   0.945395E+07   0.221775E+03
   0.687356E-03   0.187069E+08   0.187049E+08   0.251974E+07   0.229157E+07   0.187058E+08   0.187065E+08   0.187065E+08   0.187071E+08  -0.461303E+00   0.943469E+07   0.943422E+07   0.225241E+03
   0.759571E-03   0.186648E+08   0.186625E+08   0.173286E+07   0.156764E+07   0.186634E+08   0.186644E+08   0.186644E+08   0.186648E+08  -0.459056E+00   0.941290E+07   0.941238E+07   0.225838E+03
   0.839373E-03   0.186181E+08   0.186156E+08   0.128408E+07   0.118201E+07   0.186164E+08   0.186176E+08   0.186177E+08   0.186179E+08  -0.456733E+00   0.938908E+07   0.938852E+07   0.223388E+03
   0.927560E-03   0.185670E+08   0.185641E+08   0.106266E+07   0.101015E+07   0.185649E+08   0.185664E+08   0.185665E+08   0.185667E+08  -0.454379E+00   0.936339E+07   0.936278E+07   0.217909E+03
   0.102501E-02   0.185116E+08   0.185085E+08   0.914852E+06   0.886966E+06   0.185090E+08   0.185109E+08   0.185111E+08   0.185112E+08  -0.452031E+00   0.933596E+07   0.933532E+07   0.209598E+03
   0.113270E-02   0.184522E+08   0.184488E+08   0.722440E+06   0.692191E+06   0.184490E+08   0.184514E+08   0.184516E+08   0.184516E+08  -0.449714E+00   0.930688E+07   0.930621E+07   0.198782E+03
   0.125171E-02   0.183888E+08   0.183852E+08   0.479579E+06   0.430689E+06   0.183848E+08   0.183879E+08   0.183882E+08   0.183880E+08  -0.447431E+00   0.927611E+07   0.927541E+07   0.185860E+03
   0.138321E-02   0.183213E+08   0.183175E+08   0.284950E+06   0.218964E+06   0.183165E+08   0.183204E+08   0.183207E+08   0.183204E+08  -0.445165E+00   0.924345E+07   0.924274E+07   0.171299E+03
   0.152854E-02   0.182494E+08   0.182455E+08   0.213313E+06   0.143347E+06   0.182435E+08   0.182484E+08   0.182487E+08   0.182484E+08  -0.442893E+00   0.920859E+07   0.920788E+07   0.155701E+03
   0.168913E-02   0.181723E+08   0.181684E+08   0.196864E+06  -0.148562E+06   0.181651E+08   0.181712E+08   0.181717E+08   0.181712E+08  -0.440584E+00   0.917111E+07   0.917040E+07   0.139839E+03
   0.186659E-02   0.180892E+08   0.180853E+08   0.124859E+06  -0.125176E+06   0.180804E+08   0.180880E+08   0.180886E+08   0.180880E+08  -0.438206E+00   0.913046E+07   0.912976E+07   0.124554E+03
   0.206270E-02   0.179990E+08   0.179951E+08   0.466330E+05  -0.104764E+06   0.179883E+08   0.179976E+08   0.179983E+08   0.179976E+08  -0.435721E+00   0.908607E+07   0.908539E+07   0.110548E+03
   0.227941E-02   0.179004E+08   0.178964E+08   0.495573E+05  -0.871978E+05   0.178873E+08   0.178988E+08   0.178997E+08   0.178989E+08  -0.433085E+00   0.903729E+07   0.903662E+07   0.982959E+02
   0.251889E-02   0.177919E+08   0.177879E+08   0.392690E+05  -0.722403E+05   0.177760E+08   0.177902E+08   0.177912E+08   0.177902E+08  -0.430256E+00   0.898339E+07   0.898272E+07   0.880066E+02
   0.278353E-02   0.176721E+08   0.176680E+08   0.897966E+04  -0.596121E+05   0.176529E+08   0.176702E+08   0.176714E+08   0.176702E+08  -0.427190E+00   0.892360E+07   0.892294E+07   0.794816E+02
   0.307598E-02   0.175394E+08   0.175350E+08   0.159668E+05  -0.490219E+05   0.175160E+08   0.175371E+08   0.175387E+08   0.175371E+08  -0.423839E+00   0.885712E+07   0.885646E+07   0.721764E+02
   0.339915E-02   0.173920E+08   0.173873E+08  -0.301706E+04  -0.401895E+05   0.173637E+08   0.173893E+08   0.173912E+08   0.173893E+08  -0.420159E+00   0.878308E+07   0.878241E+07   0.655015E+02
   0.375627E-02   0.172280E+08   0.172231E+08  -0.992793E+03  -0.328571E+05   0.171939E+08   0.172249E+08   0.172272E+08   0.172249E+08  -0.416099E+00   0.870058E+07   0.869991E+07   0.590866E+02
   0.415091E-02   0.170457E+08   0.170405E+08  -0.609710E+04  -0.267923E+05   0.170046E+08   0.170421E+08   0.170449E+08   0.170421E+08  -0.411610E+00   0.860866E+07   0.860800E+07   0.529971E+02
   0.458702E-02   0.168430E+08   0.168374E+08  -0.351126E+04  -0.217928E+05   0.167937E+08   0.168387E+08   0.168421E+08   0.168387E+08  -0.406641E+00   0.850632E+07   0.850567E+07   0.475254E+02
   0.506894E-02   0.166179E+08   0.166118E+08   0.516567E+02  -0.176829E+05   0.165587E+08   0.166128E+08   0.166168E+08   0.166128E+08  -0.401138E+00   0.839252E+07   0.839187E+07   0.427997E+02
   0.560150E-02   0.163681E+08   0.163614E+08  -0.223315E+04  -0.143126E+05   0.162976E+08   0.163622E+08   0.163670E+08   0.163622E+08  -0.395047E+00   0.826618E+07   0.826553E+07   0.386102E+02
   0.619000E-02   0.160915E+08   0.160841E+08  -0.241461E+04  -0.115555E+05   0.160077E+08   0.160845E+08   0.160903E+08   0.160845E+08  -0.388314E+00   0.812619E+07   0.812554E+07   0.347186E+02
   0.684034E-02   0.157859E+08   0.157777E+08  -0.369315E+04  -0.930476E+04   0.156868E+08   0.157778E+08   0.157845E+08   0.157778E+08  -0.380882E+00   0.797142E+07   0.797078E+07   0.311810E+02
   0.755900E-02   0.154490E+08   0.154398E+08  -0.302768E+04  -0.747133E+04   0.153326E+08   0.154395E+08   0.154475E+08   0.154395E+08  -0.372698E+00   0.780076E+07   0.780012E+07   0.280793E+02
   0.835317E-02   0.150787E+08   0.150683E+08  -0.255369E+04  -0.598097E+04   0.149428E+08   0.150677E+08   0.150770E+08   0.150677E+08  -0.363706E+00   0.761311E+07   0.761247E+07   0.252864E+02
   0.923077E-02   0.146730E+08   0.146612E+08  -0.297376E+04  -0.477216E+04   0.145153E+08   0.146603E+08   0.146710E+08   0.146603E+08  -0.353859E+00   0.740746E+07   0.740683E+07   0.227614E+02
   0.102006E-01   0.142301E+08   0.142166E+08  -0.196434E+04  -0.379395E+04   0.140486E+08   0.142154E+08   0.142278E+08   0.142154E+08  -0.343112E+00   0.718292E+07   0.718229E+07   0.205295E+02
   0.112723E-01   0.137485E+08   0.137331E+08  -0.220285E+04  -0.300433E+04   0.135413E+08   0.137318E+08   0.137459E+08   0.137318E+08  -0.331431E+00   0.693876E+07   0.693813E+07   0.185254E+02
   0.124566E-01   0.132274E+08   0.132097E+08  -0.163091E+04  -0.236870E+04   0.129928E+08   0.132084E+08   0.132244E+08   0.132084E+08  -0.318791E+00   0.667451E+07   0.667389E+07   0.167467E+02
   0.137653E-01   0.126662E+08   0.126460E+08  -0.120553E+04  -0.185856E+04   0.124032E+08   0.126449E+08   0.126628E+08   0.126449E+08  -0.305186E+00   0.639002E+07   0.638940E+07   0.151585E+02
   0.152115E-01   0.120656E+08   0.120424E+08  -0.116335E+04  -0.145056E+04   0.117733E+08   0.120418E+08   0.120617E+08   0.120418E+08  -0.290627E+00   0.608554E+07   0.608492E+07   0.137433E+02
   0.168096E-01   0.114385E+08   0.114121E+08  -0.834804E+03  -0.112663E+04   0.111163E+08   0.114121E+08   0.114341E+08   0.114121E+08  -0.275427E+00   0.576763E+07   0.576700E+07   0.124842E+02
   0.185757E-01   0.107665E+08   0.107365E+08  -0.754112E+03  -0.868738E+03   0.104150E+08   0.107375E+08   0.107615E+08   0.107375E+08  -0.259143E+00   0.542703E+07   0.542640E+07   0.113401E+02
   0.205273E-01   0.100639E+08   0.100302E+08  -0.525953E+03  -0.665230E+03   0.968445E+07   0.100324E+08   0.100583E+08   0.100324E+08  -0.242124E+00   0.507102E+07   0.507039E+07   0.102945E+02
   0.226840E-01   0.932934E+07   0.929188E+07  -0.350088E+03  -0.505171E+03   0.892452E+07   0.929549E+07   0.932305E+07   0.929549E+07  -0.224338E+00   0.469891E+07   0.469828E+07   0.931827E+01
   0.250672E-01   0.858720E+07   0.854621E+07  -0.326335E+03  -0.380914E+03   0.816003E+07   0.855125E+07   0.858032E+07   0.855125E+07  -0.206375E+00   0.432311E+07   0.432248E+07   0.839440E+01
   0.277008E-01   0.784755E+07   0.780357E+07  -0.182810E+03  -0.285173E+03   0.740147E+07   0.780982E+07   0.784016E+07   0.780982E+07  -0.188481E+00   0.394872E+07   0.394809E+07   0.749638E+01
   0.306111E-01   0.711637E+07   0.707033E+07  -0.147750E+03  -0.211861E+03   0.665515E+07   0.707728E+07   0.710864E+07   0.707728E+07  -0.170801E+00   0.357879E+07   0.357818E+07   0.660183E+01
   0.338272E-01   0.641261E+07   0.636592E+07  -0.954945E+02  -0.156415E+03   0.593971E+07   0.637261E+07   0.640477E+07   0.637261E+07  -0.153795E+00   0.322293E+07   0.322235E+07   0.569849E+01
   0.373812E-01   0.575850E+07   0.571296E+07  -0.900757E+02  -0.115092E+03   0.527658E+07   0.571805E+07   0.575085E+07   0.571805E+07  -0.137997E+00   0.289237E+07   0.289183E+07   0.478643E+01
   0.413085E-01   0.517475E+07   0.513246E+07  -0.605906E+02  -0.847566E+02   0.468346E+07   0.513417E+07   0.516765E+07   0.513417E+07  -0.123906E+00   0.259751E+07   0.259703E+07   0.388102E+01
   0.454394E-01   0.468347E+07   0.464622E+07   0.643306E+02  -0.634539E+02   0.418508E+07   0.464318E+07   0.467721E+07   0.464318E+07  -0.112056E+00   0.234959E+07   0.234917E+07   0.304789E+01
   0.495702E-01   0.430103E+07   0.426966E+07   0.495463E+02  -0.490137E+02   0.379441E+07   0.426109E+07   0.429576E+07   0.426109E+07  -0.102835E+00   0.215668E+07   0.215633E+07   0.235099E+01
   0.537011E-01   0.399546E+07   0.396999E+07   0.391441E+02  -0.388371E+02   0.347972E+07   0.395582E+07   0.399119E+07   0.395582E+07  -0.954677E-01   0.200259E+07   0.200230E+07   0.179596E+01
   0.578319E-01   0.373967E+07   0.371940E+07   0.315317E+02  -0.313770E+02   0.321508E+07   0.370022E+07   0.373627E+07   0.370022E+07  -0.892993E-01   0.187360E+07   0.187336E+07   0.137956E+01
   0.619628E-01   0.351488E+07   0.349860E+07   0.257671E+02  -0.257175E+02   0.298288E+07   0.347554E+07   0.351214E+07   0.347554E+07  -0.838768E-01   0.176021E+07   0.176001E+07   0.108987E+01
   0.660936E-01   0.330435E+07   0.329064E+07   0.212481E+02  -0.212717E+02   0.276785E+07   0.326511E+07   0.330205E+07   0.326511E+07  -0.787983E-01   0.165400E+07   0.165382E+07   0.906237E+00
   0.702245E-01   0.309821E+07   0.308564E+07   0.176112E+02  -0.176849E+02   0.256141E+07   0.305912E+07   0.309610E+07   0.305912E+07  -0.738271E-01   0.154999E+07   0.154982E+07   0.803614E+00
   0.743553E-01   0.289590E+07   0.288330E+07   0.146517E+02  -0.147584E+02   0.236287E+07   0.285707E+07   0.289379E+07   0.285707E+07  -0.689509E-01   0.144793E+07   0.144777E+07   0.756123E+00
   0.784862E-01   0.269420E+07   0.268079E+07   0.122072E+02  -0.123343E+02   0.216952E+07   0.265582E+07   0.269195E+07   0.265582E+07  -0.640940E-01   0.134624E+07   0.134606E+07   0.738116E+00
   0.826170E-01   0.250082E+07   0.248625E+07   0.102035E+02  -0.103417E+02   0.198747E+07   0.246304E+07   0.249837E+07   0.246304E+07  -0.594416E-01   0.124879E+07   0.124861E+07   0.729653E+00
   0.867479E-01   0.232109E+07   0.230544E+07   0.857062E+01  -0.871364E+01   0.182057E+07   0.228403E+07   0.231846E+07   0.228403E+07  -0.551215E-01   0.115829E+07   0.115810E+07   0.715886E+00
   0.918849E-01   0.212308E+07   0.210669E+07   0.696854E+01  -0.711178E+01   0.163843E+07   0.208700E+07   0.212033E+07   0.208700E+07  -0.503665E-01   0.105866E+07   0.105847E+07   0.678922E+00
   0.970219E-01   0.195847E+07   0.194230E+07   0.575073E+01  -0.589084E+01   0.148729E+07   0.192336E+07   0.195576E+07   0.192336E+07  -0.464173E-01   0.975910E+06   0.975730E+06   0.616683E+00
   0.102159E+00   0.182875E+07   0.181376E+07   0.483170E+01  -0.496747E+01   0.136692E+07   0.179447E+07   0.182623E+07   0.179447E+07  -0.433066E-01   0.910748E+06   0.910584E+06   0.535449E+00
   0.107296E+00   0.172927E+07   0.171617E+07   0.413252E+01  -0.426380E+01   0.127246E+07   0.169563E+07   0.172707E+07   0.169563E+07  -0.409214E-01   0.860809E+06   0.860665E+06   0.446966E+00
   0.112433E+00   0.165045E+07   0.163950E+07   0.358425E+01  -0.371107E+01   0.119576E+07   0.161729E+07   0.164861E+07   0.161729E+07  -0.390308E-01   0.821249E+06   0.821126E+06   0.363738E+00
   0.117570E+00   0.158168E+07   0.157271E+07   0.313466E+01  -0.325681E+01   0.112843E+07   0.154894E+07   0.158018E+07   0.154894E+07  -0.373811E-01   0.786737E+06   0.786633E+06   0.295548E+00
   0.122707E+00   0.151468E+07   0.150716E+07   0.274987E+01  -0.286687E+01   0.106418E+07   0.148235E+07   0.151341E+07   0.148235E+07  -0.357741E-01   0.753102E+06   0.753011E+06   0.247506E+00
   0.127844E+00   0.144456E+07   0.143782E+07   0.241073E+01  -0.252193E+01   0.999517E+06   0.141273E+07   0.144343E+07   0.141273E+07  -0.340940E-01   0.717912E+06   0.717828E+06   0.219656E+00
   0.132981E+00   0.136993E+07   0.136332E+07   0.210818E+01  -0.221296E+01   0.933529E+06   0.133872E+07   0.136882E+07   0.133872E+07  -0.323079E-01   0.680470E+06   0.680387E+06   0.207931E+00
   0.138118E+00   0.129229E+07   0.128534E+07   0.183923E+01  -0.193722E+01   0.867326E+06   0.126181E+07   0.129112E+07   0.126181E+07  -0.304519E-01   0.641535E+06   0.641450E+06   0.205953E+00
   0.143255E+00   0.121499E+07   0.120751E+07   0.160367E+01  -0.169480E+01   0.803199E+06   0.118535E+07   0.121374E+07   0.118535E+07  -0.286064E-01   0.602802E+06   0.602714E+06   0.207017E+00
   0.148392E+00   0.114218E+07   0.113422E+07   0.140174E+01  -0.148633E+01   0.743798E+06   0.111338E+07   0.114084E+07   0.111338E+07  -0.268697E-01   0.566341E+06   0.566250E+06   0.205734E+00
   0.153529E+00   0.107766E+07   0.106949E+07   0.123278E+01  -0.131143E+01   0.691414E+06   0.104967E+07   0.107629E+07   0.104967E+07  -0.253321E-01   0.534058E+06   0.533966E+06   0.198988E+00
   0.158666E+00   0.102372E+07   0.101571E+07   0.109416E+01  -0.116767E+01   0.647214E+06   0.996430E+06   0.102238E+07   0.996430E+06  -0.240473E-01   0.507086E+06   0.506998E+06   0.186122E+00
   0.163803E+00   0.980246E+06   0.972728E+06   0.981046E+00  -0.105022E+01   0.610783E+06   0.953521E+06   0.978984E+06   0.953521E+06  -0.230117E-01   0.485358E+06   0.485276E+06   0.168483E+00
   0.168940E+00   0.945072E+06   0.938278E+06   0.887513E+00  -0.952978E+00   0.580460E+06   0.918795E+06   0.943932E+06   0.918795E+06  -0.221737E-01   0.467786E+06   0.467711E+06   0.148619E+00
   0.174077E+00   0.915213E+06   0.909221E+06   0.808014E+00  -0.870206E+00   0.554171E+06   0.889308E+06   0.914207E+06   0.889308E+06  -0.214620E-01   0.452872E+06   0.452804E+06   0.129376E+00
   0.179214E+00   0.887751E+06   0.882484E+06   0.738135E+00  -0.797310E+00   0.529965E+06   0.862184E+06   0.886866E+06   0.862184E+06  -0.208074E-01   0.439155E+06   0.439094E+06   0.113103E+00
   0.184351E+00   0.860137E+06   0.855407E+06   0.674644E+00  -0.730857E+00   0.506305E+06   0.834928E+06   0.859342E+06   0.834928E+06  -0.201496E-01   0.425362E+06   0.425306E+06   0.101130E+00
   0.189488E+00   0.830612E+06   0.826178E+06   0.615500E+00  -0.668720E+00   0.482121E+06   0.805819E+06   0.829868E+06   0.805819E+06  -0.194471E-01   0.410618E+06   0.410565E+06   0.936333E-01
   0.194625E+00   0.798778E+06   0.794412E+06   0.560017E+00  -0.610194E+00   0.457214E+06   0.774475E+06   0.798045E+06   0.774475E+06  -0.186907E-01   0.394728E+06   0.394676E+06   0.898239E-01
   0.199762E+00   0.765579E+06   0.761120E+06   0.508518E+00  -0.555664E+00   0.432161E+06   0.741824E+06   0.764831E+06   0.741824E+06  -0.179027E-01   0.378165E+06   0.378112E+06   0.883282E-01
   0.204899E+00   0.732563E+06   0.727943E+06   0.461613E+00  -0.505835E+00   0.407847E+06   0.709385E+06   0.731788E+06   0.709385E+06  -0.171199E-01   0.361702E+06   0.361648E+06   0.876147E-01
   0.210036E+00   0.701219E+06   0.696462E+06   0.419721E+00  -0.461210E+00   0.385074E+06   0.678612E+06   0.700420E+06   0.678612E+06  -0.163772E-01   0.346080E+06   0.346026E+06   0.863811E-01
   0.215173E+00   0.672734E+06   0.667934E+06   0.382975E+00  -0.421981E+00   0.364438E+06   0.650663E+06   0.671928E+06   0.650663E+06  -0.157027E-01   0.331892E+06   0.331838E+06   0.838200E-01
   0.220310E+00   0.647866E+06   0.643151E+06   0.351203E+00  -0.388009E+00   0.346268E+06   0.626272E+06   0.647075E+06   0.626272E+06  -0.151141E-01   0.319513E+06   0.319460E+06   0.797110E-01
   0.225447E+00   0.626711E+06   0.622200E+06   0.323886E+00  -0.358766E+00   0.330520E+06   0.605523E+06   0.625954E+06   0.605523E+06  -0.146133E-01   0.308985E+06   0.308935E+06   0.743419E-01
   0.230584E+00   0.608653E+06   0.604431E+06   0.300210E+00  -0.333394E+00   0.316779E+06   0.587808E+06   0.607944E+06   0.587808E+06  -0.141858E-01   0.300002E+06   0.299955E+06   0.683240E-01
   0.235721E+00   0.592654E+06   0.588752E+06   0.279279E+00  -0.310933E+00   0.304433E+06   0.572112E+06   0.591999E+06   0.572112E+06  -0.138070E-01   0.292045E+06   0.292000E+06   0.623733E-01
   0.240858E+00   0.577622E+06   0.574018E+06   0.260306E+00  -0.290531E+00   0.292871E+06   0.557366E+06   0.577017E+06   0.557366E+06  -0.134511E-01   0.284569E+06   0.284528E+06   0.571132E-01
   0.245995E+00   0.562640E+06   0.559270E+06   0.242701E+00  -0.271548E+00   0.281603E+06   0.542677E+06   0.562074E+06   0.542677E+06  -0.130966E-01   0.277119E+06   0.277080E+06   0.529346E-01
   0.251132E+00   0.547110E+06   0.543891E+06   0.226095E+00  -0.253585E+00   0.270324E+06   0.527466E+06   0.546570E+06   0.527466E+06  -0.127295E-01   0.269399E+06   0.269361E+06   0.499415E-01
   0.256269E+00   0.530868E+06   0.527716E+06   0.210347E+00  -0.236492E+00   0.258956E+06   0.511571E+06   0.530339E+06   0.511571E+06  -0.123459E-01   0.261327E+06   0.261290E+06   0.479769E-01
   0.261406E+00   0.514178E+06   0.511032E+06   0.195498E+00  -0.220323E+00   0.247635E+06   0.495253E+06   0.513650E+06   0.495253E+06  -0.119521E-01   0.253034E+06   0.252998E+06   0.467105E-01
   0.266543E+00   0.497554E+06   0.494385E+06   0.181672E+00  -0.205224E+00   0.236607E+06   0.479013E+06   0.497022E+06   0.479013E+06  -0.115602E-01   0.244778E+06   0.244742E+06   0.457481E-01
   0.271680E+00   0.481549E+06   0.478360E+06   0.168982E+00  -0.191332E+00   0.226129E+06   0.463386E+06   0.481013E+06   0.463386E+06  -0.111831E-01   0.236833E+06   0.236797E+06   0.447341E-01
   0.276817E+00   0.466615E+06   0.463434E+06   0.157484E+00  -0.178721E+00   0.216393E+06   0.448813E+06   0.466080E+06   0.448813E+06  -0.108314E-01   0.229423E+06   0.229387E+06   0.434271E-01
   0.281954E+00   0.453035E+06   0.449904E+06   0.147165E+00  -0.167385E+00   0.207505E+06   0.435565E+06   0.452509E+06   0.435565E+06  -0.105117E-01   0.222687E+06   0.222652E+06   0.417336E-01
   0.287091E+00   0.440871E+06   0.437834E+06   0.137940E+00  -0.157238E+00   0.199464E+06   0.423702E+06   0.440361E+06   0.423702E+06  -0.102254E-01   0.216656E+06   0.216622E+06   0.396999E-01
   0.292228E+00   0.429957E+06   0.427045E+06   0.129660E+00  -0.148119E+00   0.192166E+06   0.413057E+06   0.429468E+06   0.413057E+06  -0.996847E-02   0.211246E+06   0.211213E+06   0.374713E-01
   0.297365E+00   0.419960E+06   0.417186E+06   0.122144E+00  -0.139830E+00   0.185437E+06   0.403307E+06   0.419494E+06   0.403307E+06  -0.973317E-02   0.206292E+06   0.206260E+06   0.352361E-01
   0.302502E+00   0.410489E+06   0.407850E+06   0.115217E+00  -0.132177E+00   0.179087E+06   0.394074E+06   0.410046E+06   0.394074E+06  -0.951034E-02   0.201600E+06   0.201570E+06   0.331704E-01
   0.307639E+00   0.401204E+06   0.398678E+06   0.108740E+00  -0.125004E+00   0.172955E+06   0.385024E+06   0.400780E+06   0.385024E+06  -0.929195E-02   0.197000E+06   0.196971E+06   0.313965E-01
   0.312776E+00   0.391874E+06   0.389434E+06   0.102617E+00  -0.118207E+00   0.166936E+06   0.375937E+06   0.391465E+06   0.375937E+06  -0.907263E-02   0.192379E+06   0.192351E+06   0.299630E-01
   0.317913E+00   0.382414E+06   0.380029E+06   0.968044E-01  -0.111736E+00   0.160990E+06   0.366729E+06   0.382014E+06   0.366729E+06  -0.885040E-02   0.187694E+06   0.187666E+06   0.288461E-01
   0.323049E+00   0.372873E+06   0.370520E+06   0.912930E-01  -0.105585E+00   0.155138E+06   0.357448E+06   0.372478E+06   0.357448E+06  -0.862642E-02   0.182970E+06   0.182943E+06   0.279674E-01
   0.328186E+00   0.363397E+06   0.361062E+06   0.860987E-01  -0.997738E-01   0.149437E+06   0.348235E+06   0.363005E+06   0.348235E+06  -0.840409E-02   0.178280E+06   0.178253E+06   0.272216E-01
   0.333323E+00   0.354173E+06   0.351854E+06   0.812439E-01  -0.943308E-01   0.143962E+06   0.339273E+06   0.353784E+06   0.339273E+06  -0.818781E-02   0.173716E+06   0.173690E+06   0.265060E-01
   0.338460E+00   0.345379E+06   0.343082E+06   0.767445E-01  -0.892769E-01   0.138776E+06   0.330732E+06   0.344994E+06   0.330732E+06  -0.798169E-02   0.169367E+06   0.169340E+06   0.257436E-01
   0.343597E+00   0.337132E+06   0.334870E+06   0.726004E-01  -0.846149E-01   0.133919E+06   0.322725E+06   0.336752E+06   0.322725E+06  -0.778844E-02   0.165288E+06   0.165263E+06   0.248956E-01
   0.348734E+00   0.329463E+06   0.327250E+06   0.687925E-01  -0.803251E-01   0.129392E+06   0.315281E+06   0.329092E+06   0.315281E+06  -0.760881E-02   0.161498E+06   0.161473E+06   0.239623E-01
   0.353871E+00   0.322326E+06   0.320174E+06   0.652867E-01  -0.763702E-01   0.125166E+06   0.308355E+06   0.321965E+06   0.308355E+06  -0.744165E-02   0.157971E+06   0.157946E+06   0.229748E-01
   0.359008E+00   0.315619E+06   0.313534E+06   0.620414E-01  -0.727039E-01   0.121194E+06   0.301848E+06   0.315269E+06   0.301848E+06  -0.728461E-02   0.154657E+06   0.154633E+06   0.219813E-01
   0.364145E+00   0.309222E+06   0.307204E+06   0.590150E-01  -0.692794E-01   0.117421E+06   0.295642E+06   0.308883E+06   0.295642E+06  -0.713485E-02   0.151497E+06   0.151474E+06   0.210325E-01
   0.369282E+00   0.303015E+06   0.301058E+06   0.561707E-01  -0.660551E-01   0.113796E+06   0.289623E+06   0.302686E+06   0.289623E+06  -0.698959E-02   0.148432E+06   0.148409E+06   0.201677E-01
   0.374419E+00   0.296902E+06   0.294997E+06   0.534791E-01  -0.629979E-01   0.110279E+06   0.283698E+06   0.296582E+06   0.283698E+06  -0.684659E-02   0.145413E+06   0.145391E+06   0.194074E-01
   0.379556E+00   0.290826E+06   0.288962E+06   0.509210E-01  -0.600862E-01   0.106845E+06   0.277811E+06   0.290513E+06   0.277811E+06  -0.670452E-02   0.142413E+06   0.142392E+06   0.187512E-01
   0.384693E+00   0.284781E+06   0.282949E+06   0.484876E-01  -0.573105E-01   0.103491E+06   0.271957E+06   0.284473E+06   0.271957E+06  -0.656325E-02   0.139429E+06   0.139408E+06   0.181817E-01
   0.389830E+00   0.278812E+06   0.277006E+06   0.461791E-01  -0.546722E-01   0.100230E+06   0.266180E+06   0.278509E+06   0.266180E+06  -0.642382E-02   0.136483E+06   0.136463E+06   0.176713E-01
   0.394967E+00   0.272982E+06   0.271198E+06   0.439987E-01  -0.521757E-01   0.970835E+05   0.260539E+06   0.272683E+06   0.260539E+06  -0.628769E-02   0.133607E+06   0.133586E+06   0.171918E-01
   0.400104E+00   0.267348E+06   0.265587E+06   0.419476E-01  -0.498232E-01   0.940676E+05   0.255089E+06   0.267052E+06   0.255089E+06  -0.615616E-02   0.130827E+06   0.130807E+06   0.167166E-01
   0.405241E+00   0.261944E+06   0.260210E+06   0.400235E-01  -0.476131E-01   0.911915E+05   0.249864E+06   0.261653E+06   0.249864E+06  -0.603007E-02   0.128162E+06   0.128143E+06   0.162302E-01
   0.410378E+00   0.256789E+06   0.255086E+06   0.382215E-01  -0.455403E-01   0.884574E+05   0.244882E+06   0.256503E+06   0.244882E+06  -0.590983E-02   0.125621E+06   0.125602E+06   0.157280E-01
   0.415515E+00   0.251886E+06   0.250217E+06   0.365344E-01  -0.435970E-01   0.858619E+05   0.240143E+06   0.251606E+06   0.240143E+06  -0.579547E-02   0.123204E+06   0.123185E+06   0.152152E-01
   0.420652E+00   0.247210E+06   0.245579E+06   0.349520E-01  -0.417718E-01   0.833933E+05   0.235626E+06   0.246936E+06   0.235626E+06  -0.568645E-02   0.120899E+06   0.120881E+06   0.147034E-01
   0.425789E+00   0.242716E+06   0.241122E+06   0.334617E-01  -0.400504E-01   0.810323E+05   0.231285E+06   0.242448E+06   0.231285E+06  -0.558169E-02   0.118685E+06   0.118667E+06   0.142063E-01
   0.430926E+00   0.238352E+06   0.236795E+06   0.320514E-01  -0.384188E-01   0.787593E+05   0.227072E+06   0.238091E+06   0.227072E+06  -0.548002E-02   0.116536E+06   0.116518E+06   0.137359E-01
   0.436063E+00   0.234086E+06   0.232562E+06   0.307120E-01  -0.368667E-01   0.765605E+05   0.222954E+06   0.233830E+06   0.222954E+06  -0.538064E-02   0.114434E+06   0.114417E+06   0.133001E-01
   0.441200E+00   0.229899E+06   0.228404E+06   0.294374E-01  -0.353874E-01   0.744284E+05   0.218914E+06   0.229648E+06   0.218914E+06  -0.528313E-02   0.112372E+06   0.112355E+06   0.129013E-01
   0.446337E+00   0.225782E+06   0.224313E+06   0.282229E-01  -0.339754E-01   0.723580E+05   0.214942E+06   0.225535E+06   0.214942E+06  -0.518728E-02   0.110345E+06   0.110328E+06   0.125364E-01
   0.451474E+00   0.221732E+06   0.220286E+06   0.270651E-01  -0.326272E-01   0.703470E+05   0.211037E+06   0.221489E+06   0.211037E+06  -0.509303E-02   0.108351E+06   0.108334E+06   0.121985E-01
   0.456611E+00   0.217761E+06   0.216336E+06   0.259627E-01  -0.313414E-01   0.683978E+05   0.207209E+06   0.217522E+06   0.207209E+06  -0.500065E-02   0.106396E+06   0.106380E+06   0.118790E-01
   0.461748E+00   0.213892E+06   0.212487E+06   0.249153E-01  -0.301180E-01   0.665160E+05   0.203481E+06   0.213656E+06   0.203481E+06  -0.491068E-02   0.104492E+06   0.104476E+06   0.115701E-01
   0.466885E+00   0.210146E+06   0.208761E+06   0.239225E-01  -0.289566E-01   0.647061E+05   0.199871E+06   0.209913E+06   0.199871E+06  -0.482357E-02   0.102648E+06   0.102633E+06   0.112658E-01
   0.472022E+00   0.206527E+06   0.205164E+06   0.229821E-01  -0.278552E-01   0.629681E+05   0.196386E+06   0.206298E+06   0.196386E+06  -0.473946E-02   0.100868E+06   0.100853E+06   0.109633E-01
   0.477159E+00   0.203033E+06   0.201693E+06   0.220909E-01  -0.268099E-01   0.612988E+05   0.193021E+06   0.202808E+06   0.193021E+06  -0.465826E-02   0.991495E+05   0.991342E+05   0.106621E-01
   0.482296E+00   0.199655E+06   0.198339E+06   0.212456E-01  -0.258173E-01   0.596945E+05   0.189770E+06   0.199434E+06   0.189770E+06  -0.457980E-02   0.974886E+05   0.974736E+05   0.103644E-01
   0.487433E+00   0.196386E+06   0.195094E+06   0.204430E-01  -0.248735E-01   0.581508E+05   0.186625E+06   0.196169E+06   0.186625E+06  -0.450388E-02   0.958814E+05   0.958667E+05   0.100739E-01
   0.492570E+00   0.193213E+06   0.191944E+06   0.196796E-01  -0.239746E-01   0.566622E+05   0.183571E+06   0.193000E+06   0.183571E+06  -0.443020E-02   0.943213E+05   0.943068E+05   0.979401E-02
   0.497707E+00   0.190118E+06   0.188871E+06   0.189516E-01  -0.231164E-01   0.552226E+05   0.180594E+06   0.189909E+06   0.180594E+06  -0.435835E-02   0.928000E+05   0.927858E+05   0.952735E-02
   0.502844E+00   0.187087E+06   0.185862E+06   0.182561E-01  -0.222953E-01   0.538265E+05   0.177680E+06   0.186882E+06   0.177680E+06  -0.428802E-02   0.913105E+05   0.912965E+05   0.927512E-02
   0.507981E+00   0.184115E+06   0.182909E+06   0.175909E-01  -0.215089E-01   0.524712E+05   0.174822E+06   0.183912E+06   0.174822E+06  -0.421905E-02   0.898498E+05   0.898361E+05   0.903707E-02
   0.513118E+00   0.181202E+06   0.180014E+06   0.169547E-01  -0.207556E-01   0.511559E+05   0.172022E+06   0.181002E+06   0.172022E+06  -0.415148E-02   0.884184E+05   0.884049E+05   0.881176E-02
   0.518255E+00   0.178350E+06   0.177179E+06   0.163464E-01  -0.200345E-01   0.498805E+05   0.169283E+06   0.178154E+06   0.169283E+06  -0.408536E-02   0.870177E+05   0.870043E+05   0.859691E-02
   0.523392E+00   0.175562E+06   0.174408E+06   0.157648E-01  -0.193441E-01   0.486445E+05   0.166605E+06   0.175369E+06   0.166605E+06  -0.402074E-02   0.856484E+05   0.856352E+05   0.838999E-02
   0.528529E+00   0.172841E+06   0.171703E+06   0.152090E-01  -0.186835E-01   0.474476E+05   0.163991E+06   0.172650E+06   0.163991E+06  -0.395767E-02   0.843119E+05   0.842989E+05   0.818882E-02
   0.533666E+00   0.170190E+06   0.169069E+06   0.146781E-01  -0.180518E-01   0.462903E+05   0.161447E+06   0.170002E+06   0.161447E+06  -0.389625E-02   0.830103E+05   0.829975E+05   0.799200E-02
   0.538803E+00   0.167614E+06   0.166509E+06   0.141714E-01  -0.174481E-01   0.451724E+05   0.158973E+06   0.167428E+06   0.158973E+06  -0.383656E-02   0.817452E+05   0.817326E+05   0.779898E-02
   0.543940E+00   0.165109E+06   0.164020E+06   0.136875E-01  -0.168709E-01   0.440923E+05   0.156569E+06   0.164926E+06   0.156569E+06  -0.377855E-02   0.805156E+05   0.805032E+05   0.760988E-02
   0.549077E+00   0.162669E+06   0.161597E+06   0.132248E-01  -0.163184E-01   0.430474E+05   0.154229E+06   0.162489E+06   0.154229E+06  -0.372206E-02   0.793181E+05   0.793059E+05   0.742527E-02
   0.554214E+00   0.160288E+06   0.159233E+06   0.127820E-01  -0.157890E-01   0.420354E+05   0.151945E+06   0.160111E+06   0.151945E+06  -0.366696E-02   0.781500E+05   0.781379E+05   0.724600E-02
   0.559351E+00   0.157964E+06   0.156924E+06   0.123579E-01  -0.152814E-01   0.410544E+05   0.149716E+06   0.157789E+06   0.149716E+06  -0.361316E-02   0.770093E+05   0.769975E+05   0.707289E-02
   0.564488E+00   0.155692E+06   0.154667E+06   0.119514E-01  -0.147943E-01   0.401031E+05   0.147538E+06   0.155520E+06   0.147538E+06  -0.356059E-02   0.758946E+05   0.758830E+05   0.690645E-02
   0.569625E+00   0.153467E+06   0.152458E+06   0.115615E-01  -0.143264E-01   0.391794E+05   0.145406E+06   0.153298E+06   0.145406E+06  -0.350913E-02   0.748035E+05   0.747920E+05   0.674673E-02
   0.574762E+00   0.151286E+06   0.150291E+06   0.111870E-01  -0.138766E-01   0.382817E+05   0.143316E+06   0.151119E+06   0.143316E+06  -0.345870E-02   0.737338E+05   0.737225E+05   0.659338E-02
   0.579899E+00   0.149148E+06   0.148167E+06   0.108273E-01  -0.134440E-01   0.374090E+05   0.141267E+06   0.148983E+06   0.141267E+06  -0.340926E-02   0.726852E+05   0.726740E+05   0.644580E-02
   0.585036E+00   0.147055E+06   0.146087E+06   0.104820E-01  -0.130282E-01   0.365616E+05   0.139262E+06   0.146892E+06   0.139262E+06  -0.336087E-02   0.716588E+05   0.716477E+05   0.630329E-02
   0.590173E+00   0.145008E+06   0.144053E+06   0.101505E-01  -0.126287E-01   0.357390E+05   0.137302E+06   0.144847E+06   0.137302E+06  -0.331356E-02   0.706551E+05   0.706442E+05   0.616514E-02
   0.595310E+00   0.143006E+06   0.142064E+06   0.983217E-02  -0.122446E-01   0.349406E+05   0.135386E+06   0.142848E+06   0.135386E+06  -0.326731E-02   0.696739E+05   0.696631E+05   0.603070E-02
   0.600447E+00   0.141049E+06   0.140119E+06   0.952645E-02  -0.118753E-01   0.341654E+05   0.133512E+06   0.140893E+06   0.133512E+06  -0.322209E-02   0.687143E+05   0.687037E+05   0.589956E-02
   0.605584E+00   0.139135E+06   0.138218E+06   0.923281E-02  -0.115203E-01   0.334130E+05   0.131680E+06   0.138981E+06   0.131680E+06  -0.317789E-02   0.677765E+05   0.677660E+05   0.577157E-02
   0.610721E+00   0.137266E+06   0.136361E+06   0.895078E-02  -0.111789E-01   0.326829E+05   0.129892E+06   0.137114E+06   0.129892E+06  -0.313473E-02   0.668605E+05   0.668502E+05   0.564679E-02
   0.615858E+00   0.135439E+06   0.134546E+06   0.867976E-02  -0.108505E-01   0.319742E+05   0.128144E+06   0.135289E+06   0.128144E+06  -0.309256E-02   0.659655E+05   0.659553E+05   0.552534E-02
   0.620995E+00   0.133651E+06   0.132770E+06   0.841908E-02  -0.105343E-01   0.312855E+05   0.126434E+06   0.133503E+06   0.126434E+06  -0.305128E-02   0.650894E+05   0.650794E+05   0.540734E-02
   0.668947E+00   0.118580E+06   0.117797E+06   0.640383E-02  -0.807778E-02   0.256924E+05   0.112033E+06   0.118448E+06   0.112033E+06  -0.270375E-02   0.577096E+05   0.577006E+05   0.446441E-02
   0.720601E+00   0.105143E+06   0.104448E+06   0.486885E-02  -0.618968E-02   0.210365E+05   0.992178E+05   0.105026E+06   0.992178E+05  -0.239446E-02   0.511370E+05   0.511290E+05   0.368311E-02
   0.776244E+00   0.931889E+05   0.925730E+05   0.370093E-02  -0.474036E-02   0.171769E+05   0.878359E+05   0.930855E+05   0.878359E+05  -0.211978E-02   0.452953E+05   0.452883E+05   0.303861E-02
   0.895965E+00   0.737025E+05   0.732146E+05   0.217801E-02  -0.282779E-02   0.115234E+05   0.693262E+05   0.736206E+05   0.693262E+05  -0.167307E-02   0.357853E+05   0.357796E+05   0.209508E-02
   0.125042E+01   0.424227E+05   0.421411E+05   0.632739E-03  -0.843632E-03   0.438499E+04   0.397481E+05   0.423754E+05   0.397481E+05  -0.959257E-03   0.205569E+05   0.205536E+05   0.883288E-03
   0.174510E+01   0.241922E+05   0.240313E+05   0.182596E-03  -0.249069E-03   0.158752E+04   0.226038E+05   0.241652E+05   0.226038E+05  -0.545477E-03   0.117069E+05   0.117049E+05   0.375645E-03
   0.243548E+01   0.136790E+05   0.135878E+05   0.523440E-04  -0.728555E-04   0.549386E+03   0.127568E+05   0.136637E+05   0.127568E+05  -0.307812E-03   0.661352E+04   0.661233E+04   0.163664E-03
