#          k/h    CDM            baryon         photon         nu             mass_nu        total          no_nu          total_de       Weyl           v_CDM          v_b            v_b-v_c     
   0.106069E-04   0.185497E+08   0.185497E+08   0.247204E+08   0.247200E+08   0.185498E+08   0.185497E+08   0.185497E+08   0.185559E+08  -0.624375E+00   0.111856E+08   0.111856E+08   0.557397E+01
   0.117178E-04   0.185497E+08   0.185497E+08   0.247176E+08   0.247172E+08   0.185498E+08   0.185497E+08   0.185497E+08   0.185559E+08  -0.624377E+00   0.111857E+08   0.111857E+08   0.615756E+01
   0.129450E-04   0.185497E+08   0.185497E+08   0.247143E+08   0.247137E+08   0.185498E+08   0.185497E+08   0.185497E+08   0.185559E+08  -0.624381E+00   0.111858E+08   0.111858E+08   0.680220E+01
   0.143007E-04   0.185497E+08   0.185497E+08   0.247102E+08   0.247095E+08   0.185498E+08   0.185497E+08   0.185497E+08   0.185559E+08  -0.624385E+00   0.111859E+08   0.111859E+08   0.751428E+01
   0.157985E-04   0.185497E+08   0.185497E+08   0.247052E+08   0.247044E+08   0.185498E+08   0.185497E+08   0.185497E+08   0.185559E+08  -0.624390E+00   0.111860E+08   0.111860E+08   0.830081E+01
   0.174531E-04   0.185497E+08   0.185497E+08   0.246991E+08   0.246981E+08   0.185498E+08   0.185497E+08   0.185497E+08   0.185559E+08  -0.624396E+00   0.111861E+08   0.111861E+08   0.916956E+01
   0.192810E-04   0.185498E+08   0.185498E+08   0.246916E+08   0.246904E+08   0.185498E+08   0.185498E+08   0.185498E+08   0.185559E+08  -0.624404E+00   0.111863E+08   0.111863E+08   0.101291E+02
   0.213003E-04   0.185498E+08   0.185498E+08   0.246826E+08   0.246810E+08   0.185499E+08   0.185498E+08   0.185498E+08   0.185559E+08  -0.624413E+00   0.111865E+08   0.111865E+08   0.111888E+02
   0.235311E-04   0.185498E+08   0.185498E+08   0.246715E+08   0.246696E+08   0.185499E+08   0.185498E+08   0.185498E+08   0.185560E+08  -0.624425E+00   0.111868E+08   0.111868E+08   0.123592E+02
   0.259956E-04   0.185498E+08   0.185498E+08   0.246580E+08   0.246557E+08   0.185499E+08   0.185498E+08   0.185498E+08   0.185560E+08  -0.624439E+00   0.111871E+08   0.111871E+08   0.136516E+02
   0.287182E-04   0.185499E+08   0.185499E+08   0.246415E+08   0.246387E+08   0.185499E+08   0.185499E+08   0.185499E+08   0.185560E+08  -0.624455E+00   0.111875E+08   0.111875E+08   0.150786E+02
   0.317259E-04   0.185499E+08   0.185499E+08   0.246214E+08   0.246180E+08   0.185500E+08   0.185499E+08   0.185499E+08   0.185561E+08  -0.624476E+00   0.111879E+08   0.111879E+08   0.166542E+02
   0.350486E-04   0.185499E+08   0.185499E+08   0.245968E+08   0.245927E+08   0.185500E+08   0.185500E+08   0.185499E+08   0.185561E+08  -0.624501E+00   0.111885E+08   0.111885E+08   0.183936E+02
   0.387193E-04   0.185500E+08   0.185500E+08   0.245670E+08   0.245619E+08   0.185501E+08   0.185500E+08   0.185500E+08   0.185562E+08  -0.624532E+00   0.111892E+08   0.111892E+08   0.203134E+02
   0.427744E-04   0.185501E+08   0.185501E+08   0.245305E+08   0.245244E+08   0.185502E+08   0.185501E+08   0.185501E+08   0.185562E+08  -0.624569E+00   0.111901E+08   0.111901E+08   0.224319E+02
   0.472543E-04   0.185502E+08   0.185502E+08   0.244861E+08   0.244787E+08   0.185503E+08   0.185502E+08   0.185502E+08   0.185563E+08  -0.624615E+00   0.111911E+08   0.111911E+08   0.247693E+02
   0.522033E-04   0.185503E+08   0.185503E+08   0.244320E+08   0.244230E+08   0.185504E+08   0.185503E+08   0.185503E+08   0.185564E+08  -0.624671E+00   0.111924E+08   0.111924E+08   0.273473E+02
   0.576706E-04   0.185504E+08   0.185504E+08   0.243662E+08   0.243551E+08   0.185505E+08   0.185504E+08   0.185504E+08   0.185565E+08  -0.624739E+00   0.111939E+08   0.111939E+08   0.301897E+02
   0.637106E-04   0.185506E+08   0.185506E+08   0.242860E+08   0.242726E+08   0.185507E+08   0.185506E+08   0.185506E+08   0.185567E+08  -0.624821E+00   0.111958E+08   0.111958E+08   0.333222E+02
   0.703831E-04   0.185508E+08   0.185508E+08   0.241886E+08   0.241722E+08   0.185509E+08   0.185508E+08   0.185508E+08   0.185568E+08  -0.624922E+00   0.111981E+08   0.111981E+08   0.367727E+02
   0.777545E-04   0.185511E+08   0.185510E+08   0.240701E+08   0.240502E+08   0.185511E+08   0.185511E+08   0.185510E+08   0.185571E+08  -0.625045E+00   0.112009E+08   0.112009E+08   0.405710E+02
   0.858978E-04   0.185514E+08   0.185513E+08   0.239263E+08   0.239022E+08   0.185514E+08   0.185514E+08   0.185514E+08   0.185573E+08  -0.625196E+00   0.112044E+08   0.112044E+08   0.447487E+02
   0.948941E-04   0.185517E+08   0.185517E+08   0.237519E+08   0.237226E+08   0.185518E+08   0.185517E+08   0.185517E+08   0.185577E+08  -0.625378E+00   0.112085E+08   0.112085E+08   0.493393E+02
   0.104833E-03   0.185522E+08   0.185521E+08   0.235407E+08   0.235052E+08   0.185523E+08   0.185522E+08   0.185522E+08   0.185581E+08  -0.625601E+00   0.112136E+08   0.112136E+08   0.543778E+02
   0.115812E-03   0.185528E+08   0.185527E+08   0.232853E+08   0.232424E+08   0.185528E+08   0.185528E+08   0.185528E+08   0.185586E+08  -0.625871E+00   0.112198E+08   0.112198E+08   0.598996E+02
   0.127941E-03   0.185535E+08   0.185534E+08   0.229772E+08   0.229254E+08   0.185535E+08   0.185534E+08   0.185534E+08   0.185592E+08  -0.626201E+00   0.112273E+08   0.112273E+08   0.659406E+02
   0.141340E-03   0.185543E+08   0.185542E+08   0.226065E+08   0.225440E+08   0.185543E+08   0.185543E+08   0.185543E+08   0.185599E+08  -0.626601E+00   0.112365E+08   0.112364E+08   0.725350E+02
   0.156143E-03   0.185553E+08   0.185552E+08   0.221617E+08   0.220867E+08   0.185554E+08   0.185553E+08   0.185553E+08   0.185608E+08  -0.627087E+00   0.112476E+08   0.112475E+08   0.797144E+02
   0.172497E-03   0.185566E+08   0.185565E+08   0.216302E+08   0.215404E+08   0.185566E+08   0.185566E+08   0.185566E+08   0.185620E+08  -0.627676E+00   0.112610E+08   0.112610E+08   0.875051E+02
   0.190562E-03   0.185582E+08   0.185580E+08   0.209981E+08   0.208911E+08   0.185582E+08   0.185582E+08   0.185581E+08   0.185634E+08  -0.628390E+00   0.112773E+08   0.112773E+08   0.959252E+02
   0.210520E-03   0.185601E+08   0.185599E+08   0.202505E+08   0.201237E+08   0.185601E+08   0.185601E+08   0.185601E+08   0.185651E+08  -0.629254E+00   0.112971E+08   0.112970E+08   0.104980E+03
   0.232569E-03   0.185625E+08   0.185622E+08   0.193727E+08   0.192235E+08   0.185625E+08   0.185624E+08   0.185624E+08   0.185673E+08  -0.630296E+00   0.113209E+08   0.113208E+08   0.114659E+03
   0.256926E-03   0.185654E+08   0.185651E+08   0.183511E+08   0.181769E+08   0.185654E+08   0.185654E+08   0.185654E+08   0.185700E+08  -0.631550E+00   0.113496E+08   0.113495E+08   0.124925E+03
   0.283834E-03   0.185691E+08   0.185687E+08   0.171748E+08   0.169734E+08   0.185690E+08   0.185690E+08   0.185690E+08   0.185733E+08  -0.633056E+00   0.113840E+08   0.113839E+08   0.135712E+03
   0.313561E-03   0.185736E+08   0.185731E+08   0.158385E+08   0.156086E+08   0.185735E+08   0.185735E+08   0.185735E+08   0.185775E+08  -0.634856E+00   0.114251E+08   0.114250E+08   0.146913E+03
   0.346401E-03   0.185793E+08   0.185787E+08   0.143456E+08   0.140871E+08   0.185791E+08   0.185792E+08   0.185792E+08   0.185827E+08  -0.636998E+00   0.114742E+08   0.114740E+08   0.158371E+03
   0.382680E-03   0.185863E+08   0.185856E+08   0.127118E+08   0.124268E+08   0.185861E+08   0.185862E+08   0.185862E+08   0.185894E+08  -0.639534E+00   0.115323E+08   0.115321E+08   0.169871E+03
   0.422759E-03   0.185952E+08   0.185943E+08   0.109702E+08   0.106634E+08   0.185948E+08   0.185950E+08   0.185950E+08   0.185977E+08  -0.642516E+00   0.116006E+08   0.116004E+08   0.181131E+03
   0.467035E-03   0.186063E+08   0.186052E+08   0.917367E+07   0.885327E+07   0.186058E+08   0.186061E+08   0.186061E+08   0.186084E+08  -0.645994E+00   0.116804E+08   0.116801E+08   0.191801E+03
   0.515948E-03   0.186203E+08   0.186190E+08   0.739693E+07   0.707501E+07   0.186197E+08   0.186200E+08   0.186200E+08   0.186218E+08  -0.650009E+00   0.117727E+08   0.117724E+08   0.201469E+03
   0.569984E-03   0.186379E+08   0.186364E+08   0.573242E+07   0.542468E+07   0.186371E+08   0.186376E+08   0.186376E+08   0.186390E+08  -0.654589E+00   0.118781E+08   0.118777E+08   0.209674E+03
   0.629680E-03   0.186601E+08   0.186584E+08   0.427952E+07   0.400398E+07   0.186592E+08   0.186598E+08   0.186598E+08   0.186608E+08  -0.659734E+00   0.119968E+08   0.119964E+08   0.215940E+03
   0.695628E-03   0.186881E+08   0.186862E+08   0.312452E+07   0.289867E+07   0.186870E+08   0.186877E+08   0.186878E+08   0.186885E+08  -0.665412E+00   0.121282E+08   0.121278E+08   0.219824E+03
   0.768482E-03   0.187233E+08   0.187211E+08   0.231319E+07   0.214984E+07   0.187219E+08   0.187228E+08   0.187229E+08   0.187234E+08  -0.671543E+00   0.122707E+08   0.122702E+08   0.220970E+03
   0.848967E-03   0.187672E+08   0.187647E+08   0.182465E+07   0.172709E+07   0.187655E+08   0.187667E+08   0.187668E+08   0.187671E+08  -0.677992E+00   0.124214E+08   0.124209E+08   0.219170E+03
   0.937880E-03   0.188215E+08   0.188187E+08   0.156271E+07   0.152168E+07   0.188194E+08   0.188210E+08   0.188211E+08   0.188213E+08  -0.684570E+00   0.125762E+08   0.125756E+08   0.214400E+03
   0.103611E-02   0.188879E+08   0.188849E+08   0.138441E+07   0.137946E+07   0.188854E+08   0.188873E+08   0.188874E+08   0.188876E+08  -0.691043E+00   0.127299E+08   0.127293E+08   0.206819E+03
   0.114462E-02   0.189677E+08   0.189644E+08   0.117001E+07   0.117726E+07   0.189645E+08   0.189670E+08   0.189672E+08   0.189673E+08  -0.697170E+00   0.128770E+08   0.128763E+08   0.196728E+03
   0.126450E-02   0.190615E+08   0.190580E+08   0.899583E+06   0.903332E+06   0.190576E+08   0.190607E+08   0.190609E+08   0.190609E+08  -0.702744E+00   0.130124E+08   0.130117E+08   0.184518E+03
   0.139693E-02   0.191690E+08   0.191653E+08   0.660476E+06   0.660683E+06   0.191641E+08   0.191680E+08   0.191683E+08   0.191682E+08  -0.707653E+00   0.131330E+08   0.131322E+08   0.170657E+03
   0.154323E-02   0.192883E+08   0.192845E+08   0.538250E+06   0.546070E+06   0.192824E+08   0.192873E+08   0.192877E+08   0.192874E+08  -0.711917E+00   0.132384E+08   0.132377E+08   0.155733E+03
   0.170486E-02   0.194166E+08   0.194128E+08   0.489035E+06   0.400747E+06   0.194094E+08   0.194155E+08   0.194160E+08   0.194156E+08  -0.715681E+00   0.133311E+08   0.133304E+08   0.140500E+03
   0.188341E-02   0.195499E+08   0.195460E+08   0.398345E+06   0.357928E+06   0.195411E+08   0.195487E+08   0.195492E+08   0.195488E+08  -0.719143E+00   0.134154E+08   0.134146E+08   0.125788E+03
   0.208067E-02   0.196839E+08   0.196800E+08   0.285705E+06   0.315054E+06   0.196732E+08   0.196826E+08   0.196833E+08   0.196827E+08  -0.722452E+00   0.134945E+08   0.134938E+08   0.112304E+03
   0.229858E-02   0.198149E+08   0.198110E+08   0.250319E+06   0.273366E+06   0.198019E+08   0.198134E+08   0.198143E+08   0.198135E+08  -0.725638E+00   0.135698E+08   0.135691E+08   0.100519E+03
   0.253931E-02   0.199397E+08   0.199357E+08   0.224311E+06   0.234560E+06   0.199239E+08   0.199380E+08   0.199390E+08   0.199380E+08  -0.728639E+00   0.136405E+08   0.136398E+08   0.906311E+02
   0.280526E-02   0.200554E+08   0.200512E+08   0.167590E+06   0.199666E+06   0.200362E+08   0.200534E+08   0.200547E+08   0.200534E+08  -0.731380E+00   0.137051E+08   0.137044E+08   0.824546E+02
   0.309906E-02   0.201590E+08   0.201546E+08   0.152439E+06   0.168831E+06   0.201357E+08   0.201567E+08   0.201582E+08   0.201567E+08  -0.733800E+00   0.137626E+08   0.137619E+08   0.754474E+02
   0.342363E-02   0.202474E+08   0.202428E+08   0.116130E+06   0.141876E+06   0.202193E+08   0.202448E+08   0.202467E+08   0.202448E+08  -0.735812E+00   0.138114E+08   0.138107E+08   0.690213E+02
   0.378219E-02   0.203175E+08   0.203125E+08   0.100272E+06   0.118611E+06   0.202835E+08   0.203144E+08   0.203167E+08   0.203144E+08  -0.737296E+00   0.138493E+08   0.138486E+08   0.628082E+02
   0.417831E-02   0.203659E+08   0.203606E+08   0.759718E+05   0.987309E+05   0.203250E+08   0.203623E+08   0.203650E+08   0.203623E+08  -0.738126E+00   0.138741E+08   0.138734E+08   0.568704E+02
   0.461591E-02   0.203890E+08   0.203833E+08   0.681231E+05   0.818568E+05   0.203398E+08   0.203847E+08   0.203881E+08   0.203848E+08  -0.738166E+00   0.138831E+08   0.138824E+08   0.515012E+02
   0.509935E-02   0.203830E+08   0.203768E+08   0.583702E+05   0.676250E+05   0.203241E+08   0.203780E+08   0.203820E+08   0.203780E+08  -0.737264E+00   0.138735E+08   0.138728E+08   0.468388E+02
   0.563341E-02   0.203439E+08   0.203371E+08   0.440254E+05   0.556801E+05   0.202735E+08   0.203380E+08   0.203428E+08   0.203380E+08  -0.735264E+00   0.138425E+08   0.138418E+08   0.426790E+02
   0.622341E-02   0.202674E+08   0.202599E+08   0.359184E+05   0.456973E+05   0.201838E+08   0.202605E+08   0.202662E+08   0.202605E+08  -0.732000E+00   0.137870E+08   0.137863E+08   0.387801E+02
   0.687520E-02   0.201491E+08   0.201407E+08   0.279167E+05   0.373845E+05   0.200501E+08   0.201410E+08   0.201477E+08   0.201410E+08  -0.727300E+00   0.137036E+08   0.137029E+08   0.351954E+02
   0.759525E-02   0.199844E+08   0.199749E+08   0.233248E+05   0.304846E+05   0.198679E+08   0.199748E+08   0.199828E+08   0.199749E+08  -0.720984E+00   0.135892E+08   0.135885E+08   0.320161E+02
   0.839072E-02   0.197684E+08   0.197577E+08   0.203271E+05   0.247744E+05   0.196322E+08   0.197573E+08   0.197666E+08   0.197574E+08  -0.712873E+00   0.134404E+08   0.134396E+08   0.291185E+02
   0.926949E-02   0.194966E+08   0.194845E+08   0.173097E+05   0.200622E+05   0.193383E+08   0.194838E+08   0.194946E+08   0.194838E+08  -0.702790E+00   0.132537E+08   0.132530E+08   0.264591E+02
   0.102403E-01   0.191643E+08   0.191504E+08   0.129642E+05   0.161844E+05   0.189817E+08   0.191495E+08   0.191620E+08   0.191495E+08  -0.690560E+00   0.130261E+08   0.130254E+08   0.240712E+02
   0.113128E-01   0.187672E+08   0.187514E+08   0.111813E+05   0.130023E+05   0.185582E+08   0.187503E+08   0.187645E+08   0.187503E+08  -0.676023E+00   0.127546E+08   0.127538E+08   0.218894E+02
   0.124976E-01   0.183015E+08   0.182834E+08   0.885633E+04   0.103990E+05   0.180644E+08   0.182823E+08   0.182985E+08   0.182823E+08  -0.659040E+00   0.124364E+08   0.124357E+08   0.199159E+02
   0.138065E-01   0.177643E+08   0.177436E+08   0.735373E+04   0.827596E+04   0.174974E+08   0.177426E+08   0.177608E+08   0.177426E+08  -0.639496E+00   0.120696E+08   0.120689E+08   0.181186E+02
   0.152525E-01   0.171535E+08   0.171299E+08   0.573640E+04   0.655080E+04   0.168556E+08   0.171292E+08   0.171496E+08   0.171292E+08  -0.617316E+00   0.116528E+08   0.116520E+08   0.164841E+02
   0.168499E-01   0.164853E+08   0.164583E+08   0.460366E+04   0.515972E+04   0.161553E+08   0.164583E+08   0.164808E+08   0.164583E+08  -0.593079E+00   0.111968E+08   0.111960E+08   0.150011E+02
   0.186146E-01   0.157306E+08   0.157001E+08   0.374760E+04   0.403452E+04   0.153685E+08   0.157008E+08   0.157255E+08   0.157008E+08  -0.565739E+00   0.106820E+08   0.106812E+08   0.136277E+02
   0.205642E-01   0.149076E+08   0.148734E+08   0.283621E+04   0.313261E+04   0.145139E+08   0.148750E+08   0.149018E+08   0.148750E+08  -0.535950E+00   0.101207E+08   0.101200E+08   0.123533E+02
   0.227179E-01   0.140117E+08   0.139738E+08   0.216675E+04   0.241202E+04   0.135884E+08   0.139765E+08   0.140053E+08   0.139765E+08  -0.503549E+00   0.951000E+07   0.950924E+07   0.111509E+02
   0.250972E-01   0.130777E+08   0.130362E+08   0.169171E+04   0.184399E+04   0.126267E+08   0.130400E+08   0.130707E+08   0.130400E+08  -0.469789E+00   0.887344E+07   0.887268E+07   0.100105E+02
   0.277256E-01   0.121198E+08   0.120755E+08   0.124437E+04   0.139961E+04   0.116438E+08   0.120800E+08   0.121124E+08   0.120800E+08  -0.435187E+00   0.822083E+07   0.822009E+07   0.890833E+01
   0.306294E-01   0.111469E+08   0.111005E+08   0.958646E+03   0.105413E+04   0.106486E+08   0.111052E+08   0.111391E+08   0.111052E+08  -0.400059E+00   0.755816E+07   0.755745E+07   0.782395E+01
   0.338373E-01   0.101887E+08   0.101417E+08   0.716541E+03   0.788933E+03   0.967061E+07   0.101455E+08   0.101808E+08   0.101455E+08  -0.365479E+00   0.690575E+07   0.690507E+07   0.674839E+01
   0.373811E-01   0.928193E+07   0.923608E+07   0.532514E+03   0.588424E+03   0.874565E+07   0.923768E+07   0.927423E+07   0.923768E+07  -0.332768E+00   0.628855E+07   0.628791E+07   0.568462E+01
   0.412961E-01   0.846273E+07   0.842012E+07   0.388231E+03   0.439184E+03   0.790641E+07   0.841760E+07   0.845558E+07   0.841760E+07  -0.303222E+00   0.573105E+07   0.573048E+07   0.464959E+01
   0.454257E-01   0.776483E+07   0.772726E+07   0.611514E+03   0.332708E+03   0.719005E+07   0.771921E+07   0.775852E+07   0.771921E+07  -0.278061E+00   0.525633E+07   0.525582E+07   0.370880E+01
   0.495553E-01   0.722140E+07   0.718971E+07   0.477558E+03   0.259752E+03   0.662651E+07   0.717530E+07   0.721608E+07   0.717530E+07  -0.258466E+00   0.488669E+07   0.488626E+07   0.292957E+01
   0.536849E-01   0.678756E+07   0.676177E+07   0.382210E+03   0.207829E+03   0.617118E+07   0.674090E+07   0.678323E+07   0.674090E+07  -0.242816E+00   0.459155E+07   0.459117E+07   0.230983E+01
   0.578146E-01   0.642307E+07   0.640248E+07   0.311648E+03   0.169408E+03   0.578528E+07   0.637575E+07   0.641962E+07   0.637575E+07  -0.229661E+00   0.434350E+07   0.434318E+07   0.184058E+01
   0.619442E-01   0.609945E+07   0.608286E+07   0.257617E+03   0.139994E+03   0.544180E+07   0.605138E+07   0.609667E+07   0.605138E+07  -0.217976E+00   0.412318E+07   0.412290E+07   0.150615E+01
   0.660738E-01   0.579002E+07   0.577600E+07   0.214772E+03   0.116674E+03   0.511606E+07   0.574122E+07   0.578767E+07   0.574122E+07  -0.206803E+00   0.391248E+07   0.391222E+07   0.128302E+01
   0.702034E-01   0.547877E+07   0.546592E+07   0.179877E+03   0.976857E+02   0.479395E+07   0.542940E+07   0.547661E+07   0.542940E+07  -0.195570E+00   0.370059E+07   0.370035E+07   0.114441E+01
   0.743330E-01   0.516562E+07   0.515276E+07   0.151148E+03   0.820569E+02   0.447546E+07   0.511588E+07   0.516346E+07   0.511588E+07  -0.184277E+00   0.348747E+07   0.348723E+07   0.106399E+01
   0.784626E-01   0.484551E+07   0.483185E+07   0.127138E+03   0.689997E+02   0.415645E+07   0.479572E+07   0.484322E+07   0.479572E+07  -0.172744E+00   0.326976E+07   0.326953E+07   0.101545E+01
   0.825922E-01   0.453299E+07   0.451820E+07   0.107246E+03   0.581848E+02   0.384955E+07   0.448342E+07   0.453051E+07   0.448342E+07  -0.161494E+00   0.305734E+07   0.305710E+07   0.979337E+00
   0.867218E-01   0.423865E+07   0.422279E+07   0.908770E+02   0.492878E+02   0.356350E+07   0.418948E+07   0.423599E+07   0.418948E+07  -0.150907E+00   0.285738E+07   0.285713E+07   0.941023E+00
   0.918591E-01   0.391122E+07   0.389462E+07   0.746578E+02   0.404746E+02   0.324719E+07   0.386270E+07   0.390843E+07   0.386270E+07  -0.139135E+00   0.263505E+07   0.263481E+07   0.877966E+00
   0.969964E-01   0.363814E+07   0.362177E+07   0.622191E+02   0.337174E+02   0.298288E+07   0.359027E+07   0.363540E+07   0.359027E+07  -0.129322E+00   0.244971E+07   0.244948E+07   0.794477E+00
   0.102134E+00   0.342427E+07   0.340909E+07   0.527672E+02   0.285837E+02   0.277273E+07   0.337684E+07   0.342172E+07   0.337684E+07  -0.121634E+00   0.230455E+07   0.230434E+07   0.696432E+00
   0.107271E+00   0.326276E+07   0.324947E+07   0.455414E+02   0.246618E+02   0.260937E+07   0.321550E+07   0.326053E+07   0.321550E+07  -0.115823E+00   0.219489E+07   0.219470E+07   0.594737E+00
   0.112408E+00   0.313691E+07   0.312577E+07   0.398319E+02   0.215578E+02   0.247790E+07   0.308959E+07   0.313504E+07   0.308959E+07  -0.111287E+00   0.210938E+07   0.210921E+07   0.500767E+00
   0.117546E+00   0.302740E+07   0.301824E+07   0.351201E+02   0.189981E+02   0.236210E+07   0.297995E+07   0.302586E+07   0.297995E+07  -0.107338E+00   0.203493E+07   0.203478E+07   0.423242E+00
   0.122683E+00   0.291869E+07   0.291099E+07   0.310575E+02   0.167946E+02   0.224941E+07   0.287120E+07   0.291739E+07   0.287120E+07  -0.103421E+00   0.196106E+07   0.196092E+07   0.366513E+00
   0.127820E+00   0.280150E+07   0.279458E+07   0.274372E+02   0.148308E+02   0.213268E+07   0.275416E+07   0.280034E+07   0.275416E+07  -0.992050E-01   0.188150E+07   0.188137E+07   0.330211E+00
   0.132958E+00   0.267307E+07   0.266629E+07   0.241723E+02   0.130605E+02   0.201003E+07   0.262615E+07   0.267193E+07   0.262615E+07  -0.945940E-01   0.179441E+07   0.179428E+07   0.310152E+00
   0.138095E+00   0.253629E+07   0.252919E+07   0.212414E+02   0.114729E+02   0.188392E+07   0.249007E+07   0.253510E+07   0.249007E+07  -0.896921E-01   0.170176E+07   0.170163E+07   0.300059E+00
   0.143232E+00   0.239788E+07   0.239024E+07   0.186492E+02   0.100688E+02   0.175943E+07   0.235253E+07   0.239659E+07   0.235253E+07  -0.847380E-01   0.160808E+07   0.160795E+07   0.293448E+00
   0.148369E+00   0.226616E+07   0.225806E+07   0.164094E+02   0.885586E+01   0.164264E+07   0.222177E+07   0.226480E+07   0.222177E+07  -0.800282E-01   0.151899E+07   0.151887E+07   0.285176E+00
   0.153507E+00   0.214906E+07   0.214076E+07   0.145238E+02   0.783527E+01   0.153900E+07   0.210557E+07   0.214766E+07   0.210557E+07  -0.758425E-01   0.143982E+07   0.143970E+07   0.272331E+00
   0.158644E+00   0.205152E+07   0.204338E+07   0.129700E+02   0.699435E+01   0.145159E+07   0.200876E+07   0.205016E+07   0.200876E+07  -0.723554E-01   0.137388E+07   0.137376E+07   0.254340E+00
   0.163781E+00   0.197372E+07   0.196608E+07   0.116974E+02   0.630551E+01   0.137996E+07   0.193147E+07   0.197244E+07   0.193147E+07  -0.695712E-01   0.132127E+07   0.132115E+07   0.232472E+00
   0.168919E+00   0.191163E+07   0.190472E+07   0.106424E+02   0.573463E+01   0.132080E+07   0.186969E+07   0.191047E+07   0.186969E+07  -0.673461E-01   0.127925E+07   0.127914E+07   0.209077E+00
   0.174056E+00   0.185945E+07   0.185333E+07   0.974215E+01   0.524751E+01   0.126968E+07   0.181771E+07   0.185842E+07   0.181771E+07  -0.654735E-01   0.124391E+07   0.124381E+07   0.186771E+00
   0.179193E+00   0.181136E+07   0.180597E+07   0.894714E+01   0.481754E+01   0.122237E+07   0.176979E+07   0.181046E+07   0.176979E+07  -0.637475E-01   0.121134E+07   0.121125E+07   0.167694E+00
   0.184330E+00   0.176223E+07   0.175738E+07   0.821949E+01   0.442400E+01   0.117540E+07   0.172089E+07   0.176141E+07   0.172089E+07  -0.619860E-01   0.117808E+07   0.117799E+07   0.153013E+00
   0.189468E+00   0.170843E+07   0.170388E+07   0.753635E+01   0.405480E+01   0.112633E+07   0.166746E+07   0.170767E+07   0.166746E+07  -0.600618E-01   0.114171E+07   0.114163E+07   0.142797E+00
   0.194605E+00   0.164913E+07   0.164465E+07   0.689028E+01   0.370585E+01   0.107470E+07   0.160870E+07   0.164838E+07   0.160870E+07  -0.579452E-01   0.110167E+07   0.110159E+07   0.136236E+00
   0.199742E+00   0.158626E+07   0.158170E+07   0.628604E+01   0.337965E+01   0.102186E+07   0.154652E+07   0.158549E+07   0.154652E+07  -0.557053E-01   0.105927E+07   0.105919E+07   0.132013E+00
   0.204880E+00   0.152306E+07   0.151834E+07   0.573210E+01   0.308073E+01   0.969942E+06   0.148407E+07   0.152227E+07   0.148407E+07  -0.534561E-01   0.101668E+07   0.101660E+07   0.128683E+00
   0.210017E+00   0.146269E+07   0.145784E+07   0.523475E+01   0.281244E+01   0.920917E+06   0.142447E+07   0.146188E+07   0.142447E+07  -0.513091E-01   0.976011E+06   0.975933E+06   0.125019E+00
   0.215154E+00   0.140772E+07   0.140283E+07   0.479658E+01   0.257611E+01   0.876308E+06   0.137020E+07   0.140690E+07   0.137020E+07  -0.493545E-01   0.938991E+06   0.938913E+06   0.120267E+00
   0.220292E+00   0.135983E+07   0.135502E+07   0.441685E+01   0.237149E+01   0.837017E+06   0.132292E+07   0.135902E+07   0.132292E+07  -0.476513E-01   0.906739E+06   0.906664E+06   0.114234E+00
   0.225429E+00   0.131931E+07   0.131471E+07   0.408874E+01   0.219432E+01   0.803055E+06   0.128289E+07   0.131854E+07   0.128289E+07  -0.462095E-01   0.879449E+06   0.879376E+06   0.107197E+00
   0.230566E+00   0.128497E+07   0.128065E+07   0.380431E+01   0.204103E+01   0.773520E+06   0.124892E+07   0.128424E+07   0.124892E+07  -0.449859E-01   0.856302E+06   0.856233E+06   0.997224E-01
   0.235703E+00   0.125465E+07   0.125066E+07   0.355196E+01   0.190496E+01   0.746996E+06   0.121892E+07   0.125398E+07   0.121892E+07  -0.439054E-01   0.835868E+06   0.835803E+06   0.924639E-01
   0.240841E+00   0.122610E+07   0.122241E+07   0.332254E+01   0.178138E+01   0.722040E+06   0.119066E+07   0.122548E+07   0.119066E+07  -0.428875E-01   0.816620E+06   0.816558E+06   0.859830E-01
   0.245978E+00   0.119737E+07   0.119391E+07   0.310851E+01   0.166607E+01   0.697474E+06   0.116226E+07   0.119679E+07   0.116226E+07  -0.418642E-01   0.797263E+06   0.797204E+06   0.806220E-01
   0.251115E+00   0.116719E+07   0.116389E+07   0.290557E+01   0.155681E+01   0.672557E+06   0.113247E+07   0.116664E+07   0.113247E+07  -0.407912E-01   0.776951E+06   0.776894E+06   0.764550E-01
   0.256253E+00   0.113522E+07   0.113199E+07   0.271193E+01   0.145255E+01   0.647101E+06   0.110096E+07   0.113468E+07   0.110096E+07  -0.396563E-01   0.755451E+06   0.755394E+06   0.733173E-01
   0.261390E+00   0.110202E+07   0.109880E+07   0.252846E+01   0.135383E+01   0.621453E+06   0.106828E+07   0.110148E+07   0.106828E+07  -0.384793E-01   0.733142E+06   0.733086E+06   0.708918E-01
   0.266527E+00   0.106871E+07   0.106546E+07   0.235693E+01   0.126162E+01   0.596248E+06   0.103553E+07   0.106816E+07   0.103553E+07  -0.372995E-01   0.710771E+06   0.710716E+06   0.688073E-01
   0.271665E+00   0.103649E+07   0.103323E+07   0.219875E+01   0.117656E+01   0.572147E+06   0.100387E+07   0.103594E+07   0.100387E+07  -0.361591E-01   0.689144E+06   0.689089E+06   0.667321E-01
   0.276802E+00   0.100637E+07   0.100311E+07   0.205506E+01   0.109934E+01   0.549669E+06   0.974275E+06   0.100582E+07   0.974275E+06  -0.350932E-01   0.668928E+06   0.668874E+06   0.644424E-01
   0.281939E+00   0.978980E+06   0.975780E+06   0.192573E+01   0.102984E+01   0.529116E+06   0.947369E+06   0.978443E+06   0.947369E+06  -0.341240E-01   0.650550E+06   0.650498E+06   0.618537E-01
   0.287076E+00   0.954492E+06   0.951386E+06   0.180985E+01   0.967567E+00   0.510518E+06   0.923303E+06   0.953970E+06   0.923303E+06  -0.332572E-01   0.634116E+06   0.634065E+06   0.590112E-01
   0.292214E+00   0.932562E+06   0.929582E+06   0.170564E+01   0.911582E+00   0.493637E+06   0.901742E+06   0.932062E+06   0.901742E+06  -0.324805E-01   0.619396E+06   0.619347E+06   0.560492E-01
   0.297351E+00   0.912486E+06   0.909646E+06   0.161083E+01   0.860652E+00   0.478052E+06   0.881998E+06   0.912009E+06   0.881998E+06  -0.317694E-01   0.605920E+06   0.605873E+06   0.531387E-01
   0.302488E+00   0.893432E+06   0.890727E+06   0.152321E+01   0.813594E+00   0.463292E+06   0.863262E+06   0.892978E+06   0.863262E+06  -0.310945E-01   0.593132E+06   0.593086E+06   0.504372E-01
   0.307626E+00   0.874661E+06   0.872071E+06   0.144100E+01   0.769457E+00   0.448956E+06   0.844816E+06   0.874226E+06   0.844816E+06  -0.304301E-01   0.580538E+06   0.580494E+06   0.480512E-01
   0.312763E+00   0.855676E+06   0.853173E+06   0.136303E+01   0.727615E+00   0.434778E+06   0.826177E+06   0.855256E+06   0.826177E+06  -0.297587E-01   0.567807E+06   0.567764E+06   0.460193E-01
   0.317900E+00   0.836292E+06   0.833846E+06   0.128875E+01   0.687771E+00   0.420664E+06   0.807167E+06   0.835882E+06   0.807167E+06  -0.290740E-01   0.554817E+06   0.554774E+06   0.443137E-01
   0.323038E+00   0.816622E+06   0.814209E+06   0.121806E+01   0.649869E+00   0.406671E+06   0.787894E+06   0.816217E+06   0.787894E+06  -0.283798E-01   0.541642E+06   0.541600E+06   0.428577E-01
   0.328175E+00   0.796991E+06   0.794597E+06   0.115123E+01   0.614049E+00   0.392959E+06   0.768676E+06   0.796589E+06   0.768676E+06  -0.276875E-01   0.528499E+06   0.528458E+06   0.415516E-01
   0.333312E+00   0.777820E+06   0.775443E+06   0.108862E+01   0.580508E+00   0.379726E+06   0.749917E+06   0.777420E+06   0.749917E+06  -0.270118E-01   0.515669E+06   0.515629E+06   0.402995E-01
   0.338449E+00   0.759503E+06   0.757150E+06   0.103034E+01   0.549252E+00   0.367151E+06   0.732002E+06   0.759108E+06   0.732002E+06  -0.263665E-01   0.503414E+06   0.503375E+06   0.390301E-01
   0.343587E+00   0.742309E+06   0.739992E+06   0.976601E+00   0.520457E+00   0.355346E+06   0.715186E+06   0.741920E+06   0.715186E+06  -0.257608E-01   0.491912E+06   0.491873E+06   0.377081E-01
   0.348724E+00   0.726319E+06   0.724052E+06   0.927140E+00   0.493964E+00   0.344327E+06   0.699548E+06   0.725938E+06   0.699548E+06  -0.251975E-01   0.481216E+06   0.481178E+06   0.363337E-01
   0.353861E+00   0.711435E+06   0.709230E+06   0.881521E+00   0.469536E+00   0.334025E+06   0.684990E+06   0.711064E+06   0.684990E+06  -0.246732E-01   0.471260E+06   0.471223E+06   0.349350E-01
   0.358999E+00   0.697440E+06   0.695303E+06   0.839223E+00   0.446894E+00   0.324322E+06   0.671302E+06   0.697081E+06   0.671302E+06  -0.241802E-01   0.461900E+06   0.461864E+06   0.335557E-01
   0.364136E+00   0.684071E+06   0.682002E+06   0.799681E+00   0.425725E+00   0.315078E+06   0.658230E+06   0.683724E+06   0.658230E+06  -0.237093E-01   0.452960E+06   0.452925E+06   0.322410E-01
   0.369273E+00   0.671069E+06   0.669062E+06   0.762443E+00   0.405798E+00   0.306163E+06   0.645519E+06   0.670732E+06   0.645519E+06  -0.232515E-01   0.444267E+06   0.444233E+06   0.310253E-01
   0.374411E+00   0.658221E+06   0.656267E+06   0.727130E+00   0.386910E+00   0.297472E+06   0.632968E+06   0.657893E+06   0.632968E+06  -0.227993E-01   0.435680E+06   0.435646E+06   0.299252E-01
   0.379548E+00   0.645405E+06   0.643493E+06   0.693474E+00   0.368909E+00   0.288945E+06   0.620455E+06   0.645084E+06   0.620455E+06  -0.223486E-01   0.427117E+06   0.427084E+06   0.289380E-01
   0.384685E+00   0.632610E+06   0.630730E+06   0.661380E+00   0.351747E+00   0.280574E+06   0.607970E+06   0.632294E+06   0.607970E+06  -0.218989E-01   0.418572E+06   0.418539E+06   0.280459E-01
   0.389822E+00   0.619937E+06   0.618084E+06   0.630867E+00   0.335436E+00   0.272400E+06   0.595613E+06   0.619626E+06   0.595613E+06  -0.214538E-01   0.410111E+06   0.410079E+06   0.272223E-01
   0.394960E+00   0.607529E+06   0.605700E+06   0.601991E+00   0.320008E+00   0.264482E+06   0.583520E+06   0.607222E+06   0.583520E+06  -0.210182E-01   0.401829E+06   0.401798E+06   0.264415E-01
   0.400097E+00   0.595517E+06   0.593711E+06   0.574771E+00   0.305464E+00   0.256870E+06   0.571815E+06   0.595214E+06   0.571815E+06  -0.205966E-01   0.393813E+06   0.393782E+06   0.256777E-01
   0.405234E+00   0.583982E+06   0.582204E+06   0.549193E+00   0.291801E+00   0.249592E+06   0.560579E+06   0.583683E+06   0.560579E+06  -0.201919E-01   0.386117E+06   0.386087E+06   0.249166E-01
   0.410372E+00   0.572968E+06   0.571222E+06   0.525198E+00   0.278986E+00   0.242660E+06   0.549852E+06   0.572675E+06   0.549852E+06  -0.198055E-01   0.378770E+06   0.378741E+06   0.241536E-01
   0.415509E+00   0.562482E+06   0.560771E+06   0.502701E+00   0.266974E+00   0.236067E+06   0.539640E+06   0.562194E+06   0.539640E+06  -0.194377E-01   0.371776E+06   0.371747E+06   0.233935E-01
   0.420646E+00   0.552474E+06   0.550801E+06   0.481563E+00   0.255688E+00   0.229786E+06   0.529897E+06   0.552193E+06   0.529897E+06  -0.190868E-01   0.365102E+06   0.365073E+06   0.226468E-01
   0.425783E+00   0.542844E+06   0.541210E+06   0.461623E+00   0.245042E+00   0.223766E+06   0.520523E+06   0.542570E+06   0.520523E+06  -0.187491E-01   0.358681E+06   0.358653E+06   0.219254E-01
   0.430921E+00   0.533482E+06   0.531884E+06   0.442733E+00   0.234966E+00   0.217956E+06   0.511411E+06   0.533213E+06   0.511411E+06  -0.184209E-01   0.352439E+06   0.352411E+06   0.212393E-01
   0.436058E+00   0.524309E+06   0.522745E+06   0.424751E+00   0.225370E+00   0.212319E+06   0.502489E+06   0.524047E+06   0.502489E+06  -0.180995E-01   0.346325E+06   0.346299E+06   0.205951E-01
   0.441195E+00   0.515290E+06   0.513756E+06   0.407635E+00   0.216250E+00   0.206835E+06   0.493719E+06   0.515033E+06   0.493719E+06  -0.177836E-01   0.340315E+06   0.340289E+06   0.199944E-01
   0.446333E+00   0.506403E+06   0.504895E+06   0.391275E+00   0.207524E+00   0.201494E+06   0.485081E+06   0.506150E+06   0.485081E+06  -0.174725E-01   0.334395E+06   0.334369E+06   0.194337E-01
   0.451470E+00   0.497645E+06   0.496160E+06   0.375651E+00   0.199190E+00   0.196289E+06   0.476572E+06   0.497395E+06   0.476572E+06  -0.171660E-01   0.328562E+06   0.328536E+06   0.189059E-01
   0.456607E+00   0.489042E+06   0.487580E+06   0.360758E+00   0.191254E+00   0.191230E+06   0.468218E+06   0.488797E+06   0.468218E+06  -0.168651E-01   0.322834E+06   0.322809E+06   0.184024E-01
   0.461745E+00   0.480650E+06   0.479208E+06   0.346584E+00   0.183699E+00   0.186334E+06   0.460071E+06   0.480408E+06   0.460071E+06  -0.165716E-01   0.317247E+06   0.317222E+06   0.179161E-01
   0.466882E+00   0.472512E+06   0.471092E+06   0.333137E+00   0.176536E+00   0.181614E+06   0.452173E+06   0.472274E+06   0.452173E+06  -0.162872E-01   0.311831E+06   0.311807E+06   0.174414E-01
   0.472019E+00   0.464646E+06   0.463248E+06   0.320375E+00   0.169736E+00   0.177072E+06   0.444540E+06   0.464412E+06   0.444540E+06  -0.160122E-01   0.306596E+06   0.306572E+06   0.169753E-01
   0.477156E+00   0.457043E+06   0.455669E+06   0.308274E+00   0.163294E+00   0.172701E+06   0.437164E+06   0.456813E+06   0.437164E+06  -0.157466E-01   0.301538E+06   0.301514E+06   0.165173E-01
   0.482294E+00   0.449688E+06   0.448338E+06   0.296778E+00   0.157172E+00   0.168491E+06   0.430031E+06   0.449462E+06   0.430031E+06  -0.154896E-01   0.296645E+06   0.296621E+06   0.160690E-01
   0.487431E+00   0.442563E+06   0.441236E+06   0.285848E+00   0.151354E+00   0.164432E+06   0.423121E+06   0.442340E+06   0.423121E+06  -0.152407E-01   0.291905E+06   0.291882E+06   0.156336E-01
   0.492568E+00   0.435638E+06   0.434335E+06   0.275438E+00   0.145813E+00   0.160510E+06   0.416407E+06   0.435419E+06   0.416407E+06  -0.149989E-01   0.287299E+06   0.287277E+06   0.152142E-01
   0.497706E+00   0.428877E+06   0.427597E+06   0.265503E+00   0.140526E+00   0.156708E+06   0.409855E+06   0.428662E+06   0.409855E+06  -0.147629E-01   0.282804E+06   0.282782E+06   0.148127E-01
   0.502843E+00   0.422248E+06   0.420990E+06   0.255996E+00   0.135468E+00   0.153012E+06   0.403432E+06   0.422037E+06   0.403432E+06  -0.145315E-01   0.278397E+06   0.278375E+06   0.144298E-01
   0.507980E+00   0.415738E+06   0.414500E+06   0.246895E+00   0.130628E+00   0.149415E+06   0.397127E+06   0.415530E+06   0.397127E+06  -0.143044E-01   0.274070E+06   0.274048E+06   0.140649E-01
   0.513118E+00   0.409350E+06   0.408131E+06   0.238176E+00   0.125991E+00   0.145917E+06   0.390942E+06   0.409146E+06   0.390942E+06  -0.140816E-01   0.269825E+06   0.269804E+06   0.137166E-01
   0.518255E+00   0.403091E+06   0.401889E+06   0.229832E+00   0.121555E+00   0.142516E+06   0.384883E+06   0.402889E+06   0.384883E+06  -0.138634E-01   0.265666E+06   0.265645E+06   0.133826E-01
   0.523392E+00   0.396965E+06   0.395781E+06   0.221845E+00   0.117309E+00   0.139214E+06   0.378955E+06   0.396767E+06   0.378955E+06  -0.136499E-01   0.261596E+06   0.261576E+06   0.130603E-01
   0.528529E+00   0.390980E+06   0.389812E+06   0.214203E+00   0.113247E+00   0.136010E+06   0.373164E+06   0.390783E+06   0.373164E+06  -0.134413E-01   0.257621E+06   0.257600E+06   0.127474E-01
   0.533667E+00   0.385144E+06   0.383993E+06   0.206898E+00   0.109366E+00   0.132906E+06   0.367520E+06   0.384951E+06   0.367520E+06  -0.132380E-01   0.253745E+06   0.253725E+06   0.124426E-01
   0.538804E+00   0.379467E+06   0.378333E+06   0.199914E+00   0.105655E+00   0.129902E+06   0.362031E+06   0.379277E+06   0.362031E+06  -0.130403E-01   0.249976E+06   0.249956E+06   0.121453E-01
   0.543941E+00   0.373944E+06   0.372827E+06   0.193241E+00   0.102111E+00   0.126995E+06   0.356692E+06   0.373757E+06   0.356692E+06  -0.128479E-01   0.246309E+06   0.246290E+06   0.118556E-01
   0.549079E+00   0.368561E+06   0.367461E+06   0.186851E+00   0.987150E-01   0.124178E+06   0.351489E+06   0.368377E+06   0.351489E+06  -0.126605E-01   0.242736E+06   0.242717E+06   0.115737E-01
   0.554216E+00   0.363305E+06   0.362221E+06   0.180739E+00   0.954733E-01   0.121444E+06   0.346409E+06   0.363123E+06   0.346409E+06  -0.124776E-01   0.239247E+06   0.239228E+06   0.113002E-01
   0.559353E+00   0.358167E+06   0.357100E+06   0.174868E+00   0.923536E-01   0.118790E+06   0.341446E+06   0.357988E+06   0.341446E+06  -0.122988E-01   0.235838E+06   0.235819E+06   0.110358E-01
   0.564491E+00   0.353142E+06   0.352090E+06   0.169235E+00   0.893613E-01   0.116212E+06   0.336592E+06   0.352965E+06   0.336592E+06  -0.121240E-01   0.232503E+06   0.232485E+06   0.107809E-01
   0.569628E+00   0.348218E+06   0.347182E+06   0.163830E+00   0.864922E-01   0.113703E+06   0.331838E+06   0.348044E+06   0.331838E+06  -0.119527E-01   0.229237E+06   0.229219E+06   0.105352E-01
   0.574765E+00   0.343386E+06   0.342365E+06   0.158637E+00   0.837375E-01   0.111260E+06   0.327174E+06   0.343215E+06   0.327174E+06  -0.117847E-01   0.226032E+06   0.226014E+06   0.102984E-01
   0.579902E+00   0.338646E+06   0.337638E+06   0.153642E+00   0.810872E-01   0.108880E+06   0.322598E+06   0.338476E+06   0.322598E+06  -0.116199E-01   0.222888E+06   0.222870E+06   0.100697E-01
   0.585040E+00   0.334000E+06   0.333006E+06   0.148843E+00   0.785427E-01   0.106564E+06   0.318116E+06   0.333834E+06   0.318116E+06  -0.114585E-01   0.219808E+06   0.219790E+06   0.984848E-02
   0.590177E+00   0.329455E+06   0.328474E+06   0.144232E+00   0.760965E-01   0.104313E+06   0.313732E+06   0.329290E+06   0.313732E+06  -0.113005E-01   0.216794E+06   0.216777E+06   0.963391E-02
   0.595314E+00   0.325008E+06   0.324040E+06   0.139801E+00   0.737474E-01   0.102123E+06   0.309442E+06   0.324845E+06   0.309442E+06  -0.111460E-01   0.213846E+06   0.213829E+06   0.942532E-02
   0.600452E+00   0.320655E+06   0.319700E+06   0.135542E+00   0.714896E-01   0.999943E+05   0.305246E+06   0.320494E+06   0.305246E+06  -0.109949E-01   0.210961E+06   0.210944E+06   0.922219E-02
   0.605589E+00   0.316397E+06   0.315455E+06   0.131446E+00   0.693187E-01   0.979244E+05   0.301141E+06   0.316239E+06   0.301141E+06  -0.108470E-01   0.208139E+06   0.208123E+06   0.902435E-02
   0.610726E+00   0.312236E+06   0.311307E+06   0.127510E+00   0.672319E-01   0.959129E+05   0.297131E+06   0.312080E+06   0.297131E+06  -0.107026E-01   0.205382E+06   0.205366E+06   0.883179E-02
   0.615864E+00   0.308167E+06   0.307250E+06   0.123724E+00   0.652255E-01   0.939576E+05   0.293210E+06   0.308013E+06   0.293210E+06  -0.105613E-01   0.202686E+06   0.202670E+06   0.864456E-02
   0.621001E+00   0.304181E+06   0.303277E+06   0.120079E+00   0.632945E-01   0.920546E+05   0.289370E+06   0.304030E+06   0.289370E+06  -0.104230E-01   0.200045E+06   0.200030E+06   0.846266E-02
   0.626138E+00   0.300273E+06   0.299380E+06   0.116569E+00   0.614347E-01   0.902011E+05   0.285606E+06   0.300123E+06   0.285606E+06  -0.102874E-01   0.197457E+06   0.197441E+06   0.828606E-02
   0.631275E+00   0.296441E+06   0.295560E+06   0.113186E+00   0.596430E-01   0.883959E+05   0.281916E+06   0.296293E+06   0.281916E+06  -0.101545E-01   0.194919E+06   0.194903E+06   0.811480E-02
   0.636413E+00   0.292685E+06   0.291815E+06   0.109927E+00   0.579170E-01   0.866379E+05   0.278299E+06   0.292539E+06   0.278299E+06  -0.100243E-01   0.192431E+06   0.192416E+06   0.794877E-02
   0.685555E+00   0.260177E+06   0.259405E+06   0.840157E-01   0.442055E-01   0.719149E+05   0.247037E+06   0.260048E+06   0.247037E+06  -0.889821E-02   0.170919E+06   0.170906E+06   0.657490E-02
   0.738492E+00   0.231087E+06   0.230401E+06   0.641630E-01   0.337153E-01   0.594985E+05   0.219113E+06   0.230972E+06   0.219113E+06  -0.789241E-02   0.151690E+06   0.151678E+06   0.543503E-02
   0.795516E+00   0.205106E+06   0.204498E+06   0.489704E-01   0.256987E-01   0.490861E+05   0.194221E+06   0.205004E+06   0.194221E+06  -0.699579E-02   0.134536E+06   0.134525E+06   0.449144E-02
   0.895965E+00   0.169187E+06   0.168685E+06   0.317408E-01   0.166243E-01   0.358591E+05   0.159888E+06   0.169102E+06   0.159888E+06  -0.575911E-02   0.110853E+06   0.110844E+06   0.330855E-02
   0.125042E+01   0.977499E+05   0.974604E+05   0.933546E-02   0.486296E-02   0.143101E+05   0.919343E+05   0.977013E+05   0.919343E+05  -0.331145E-02   0.638816E+05   0.638764E+05   0.140559E-02
   0.174510E+01   0.558437E+05   0.556781E+05   0.499912E-02   0.368987E-02   0.541944E+04   0.523307E+05   0.558159E+05   0.523307E+05  -0.188505E-02   0.364287E+05   0.364255E+05   0.603845E-03
   0.243548E+01   0.316020E+05   0.315080E+05  -0.547781E-03  -0.927693E-03   0.195664E+04   0.295371E+05   0.315862E+05   0.295371E+05  -0.106397E-02   0.205886E+05   0.205866E+05   0.267224E-03
