#           k/h    P           
    0.10000E-03    0.45217E+03
    0.10202E-03    0.46091E+03
    0.10408E-03    0.46982E+03
    0.10618E-03    0.47891E+03
    0.10833E-03    0.48816E+03
    0.11052E-03    0.49760E+03
    0.11275E-03    0.50722E+03
    0.11503E-03    0.51702E+03
    0.11735E-03    0.52701E+03
    0.11972E-03    0.53719E+03
    0.12214E-03    0.54757E+03
    0.12461E-03    0.55815E+03
    0.12712E-03    0.56893E+03
    0.12969E-03    0.57991E+03
    0.13231E-03    0.59111E+03
    0.13499E-03    0.60252E+03
    0.13771E-03    0.61414E+03
    0.14049E-03    0.62600E+03
    0.14333E-03    0.63807E+03
    0.14623E-03    0.65038E+03
    0.14918E-03    0.66292E+03
    0.15220E-03    0.67571E+03
    0.15527E-03    0.68873E+03
    0.15841E-03    0.70200E+03
    0.16161E-03    0.71553E+03
    0.16487E-03    0.72931E+03
    0.16820E-03    0.74336E+03
    0.17160E-03    0.75767E+03
    0.17507E-03    0.77226E+03
    0.17860E-03    0.78712E+03
    0.18221E-03    0.80226E+03
    0.18589E-03    0.81769E+03
    0.18965E-03    0.83341E+03
    0.19348E-03    0.84943E+03
    0.19739E-03    0.86575E+03
    0.20138E-03    0.88237E+03
    0.20544E-03    0.89932E+03
    0.20959E-03    0.91658E+03
    0.21383E-03    0.93416E+03
    0.21815E-03    0.95207E+03
    0.22255E-03    0.97032E+03
    0.22705E-03    0.98892E+03
    0.23164E-03    0.10079E+04
    0.23632E-03    0.10271E+04
    0.24109E-03    0.10468E+04
    0.24596E-03    0.10668E+04
    0.25093E-03    0.10872E+04
    0.25600E-03    0.11080E+04
    0.26117E-03    0.11291E+04
    0.26645E-03    0.11507E+04
    0.27183E-03    0.11726E+04
    0.27732E-03    0.11950E+04
    0.28292E-03    0.12177E+04
    0.28864E-03    0.12409E+04
    0.29447E-03    0.12645E+04
    0.30042E-03    0.12886E+04
    0.30649E-03    0.13130E+04
    0.31268E-03    0.13380E+04
    0.31899E-03    0.13633E+04
    0.32544E-03    0.13892E+04
    0.33201E-03    0.14155E+04
    0.33872E-03    0.14422E+04
    0.34556E-03    0.14695E+04
    0.35254E-03    0.14973E+04
    0.35966E-03    0.15255E+04
    0.36693E-03    0.15543E+04
    0.37434E-03    0.15835E+04
    0.38190E-03    0.16133E+04
    0.38962E-03    0.16436E+04
    0.39749E-03    0.16745E+04
    0.40552E-03    0.17059E+04
    0.41371E-03    0.17378E+04
    0.42207E-03    0.17704E+04
    0.43060E-03    0.18034E+04
    0.43929E-03    0.18371E+04
    0.44817E-03    0.18713E+04
    0.45722E-03    0.19062E+04
    0.46646E-03    0.19416E+04
    0.47588E-03    0.19777E+04
    0.48550E-03    0.20143E+04
    0.49530E-03    0.20516E+04
    0.50531E-03    0.20896E+04
    0.51552E-03    0.21282E+04
    0.52593E-03    0.21674E+04
    0.53656E-03    0.22073E+04
    0.54739E-03    0.22479E+04
    0.55845E-03    0.22892E+04
    0.56973E-03    0.23311E+04
    0.58124E-03    0.23738E+04
    0.59299E-03    0.24171E+04
    0.60496E-03    0.24612E+04
    0.61719E-03    0.25060E+04
    0.62965E-03    0.25516E+04
    0.64237E-03    0.25979E+04
    0.65535E-03    0.26450E+04
    0.66859E-03    0.26929E+04
    0.68210E-03    0.27415E+04
    0.69588E-03    0.27910E+04
    0.70993E-03    0.28412E+04
    0.72427E-03    0.28923E+04
    0.73891E-03    0.29442E+04
    0.75383E-03    0.29970E+04
    0.76906E-03    0.30506E+04
    0.78460E-03    0.31051E+04
    0.80045E-03    0.31605E+04
    0.81662E-03    0.32168E+04
    0.83311E-03    0.32740E+04
    0.84994E-03    0.33322E+04
    0.86711E-03    0.33913E+04
    0.88463E-03    0.34514E+04
    0.90250E-03    0.35124E+04
    0.92073E-03    0.35745E+04
    0.93933E-03    0.36376E+04
    0.95831E-03    0.37017E+04
    0.97767E-03    0.37669E+04
    0.99742E-03    0.38331E+04
    0.10176E-02    0.39005E+04
    0.10381E-02    0.39689E+04
    0.10591E-02    0.40385E+04
    0.10805E-02    0.41092E+04
    0.11023E-02    0.41812E+04
    0.11246E-02    0.42543E+04
    0.11473E-02    0.43286E+04
    0.11705E-02    0.44042E+04
    0.11941E-02    0.44810E+04
    0.12182E-02    0.45591E+04
    0.12429E-02    0.46385E+04
    0.12680E-02    0.47193E+04
    0.12936E-02    0.48013E+04
    0.13197E-02    0.48848E+04
    0.13464E-02    0.49696E+04
    0.13736E-02    0.50559E+04
    0.14013E-02    0.51436E+04
    0.14296E-02    0.52327E+04
    0.14585E-02    0.53233E+04
    0.14880E-02    0.54154E+04
    0.15180E-02    0.55091E+04
    0.15487E-02    0.56042E+04
    0.15800E-02    0.57010E+04
    0.16119E-02    0.57992E+04
    0.16445E-02    0.58991E+04
    0.16777E-02    0.60006E+04
    0.17116E-02    0.61038E+04
    0.17462E-02    0.62085E+04
    0.17814E-02    0.63150E+04
    0.18174E-02    0.64231E+04
    0.18541E-02    0.65329E+04
    0.18916E-02    0.66445E+04
    0.19298E-02    0.67578E+04
    0.19688E-02    0.68728E+04
    0.20086E-02    0.69896E+04
    0.20491E-02    0.71082E+04
    0.20905E-02    0.72285E+04
    0.21328E-02    0.73507E+04
    0.21758E-02    0.74746E+04
    0.22198E-02    0.76004E+04
    0.22646E-02    0.77280E+04
    0.23104E-02    0.78575E+04
    0.23571E-02    0.79888E+04
    0.24047E-02    0.81220E+04
    0.24533E-02    0.82570E+04
    0.25028E-02    0.83939E+04
    0.25534E-02    0.85326E+04
    0.26050E-02    0.86733E+04
    0.26576E-02    0.88158E+04
    0.27113E-02    0.89601E+04
    0.27660E-02    0.91064E+04
    0.28219E-02    0.92545E+04
    0.28789E-02    0.94045E+04
    0.29371E-02    0.95563E+04
    0.29964E-02    0.97100E+04
    0.30569E-02    0.98655E+04
    0.31187E-02    0.10023E+05
    0.31817E-02    0.10182E+05
    0.32460E-02    0.10343E+05
    0.33115E-02    0.10506E+05
    0.33784E-02    0.10670E+05
    0.34467E-02    0.10836E+05
    0.35163E-02    0.11004E+05
    0.35874E-02    0.11174E+05
    0.36598E-02    0.11345E+05
    0.37338E-02    0.11518E+05
    0.38092E-02    0.11693E+05
    0.38861E-02    0.11869E+05
    0.39646E-02    0.12046E+05
    0.40447E-02    0.12225E+05
    0.41264E-02    0.12406E+05
    0.42098E-02    0.12588E+05
    0.42948E-02    0.12771E+05
    0.43816E-02    0.12955E+05
    0.44701E-02    0.13141E+05
    0.45604E-02    0.13328E+05
    0.46525E-02    0.13515E+05
    0.47465E-02    0.13704E+05
    0.48424E-02    0.13894E+05
    0.49402E-02    0.14085E+05
    0.50400E-02    0.14276E+05
    0.51419E-02    0.14468E+05
    0.52457E-02    0.14661E+05
    0.53517E-02    0.14854E+05
    0.54598E-02    0.15048E+05
    0.55701E-02    0.15242E+05
    0.56826E-02    0.15436E+05
    0.57974E-02    0.15630E+05
    0.59145E-02    0.15824E+05
    0.60340E-02    0.16018E+05
    0.61559E-02    0.16212E+05
    0.62803E-02    0.16405E+05
    0.64072E-02    0.16598E+05
    0.65366E-02    0.16790E+05
    0.66686E-02    0.16981E+05
    0.68033E-02    0.17171E+05
    0.69408E-02    0.17360E+05
    0.70810E-02    0.17548E+05
    0.72240E-02    0.17734E+05
    0.73700E-02    0.17918E+05
    0.75189E-02    0.18101E+05
    0.76708E-02    0.18281E+05
    0.78257E-02    0.18459E+05
    0.79838E-02    0.18635E+05
    0.81451E-02    0.18808E+05
    0.83096E-02    0.18979E+05
    0.84775E-02    0.19146E+05
    0.86488E-02    0.19310E+05
    0.88235E-02    0.19470E+05
    0.90017E-02    0.19627E+05
    0.91836E-02    0.19779E+05
    0.93691E-02    0.19928E+05
    0.95583E-02    0.20072E+05
    0.97514E-02    0.20211E+05
    0.99484E-02    0.20346E+05
    0.10149E-01    0.20475E+05
    0.10354E-01    0.20599E+05
    0.10564E-01    0.20718E+05
    0.10777E-01    0.20830E+05
    0.10995E-01    0.20936E+05
    0.11217E-01    0.21036E+05
    0.11443E-01    0.21129E+05
    0.11675E-01    0.21215E+05
    0.11910E-01    0.21294E+05
    0.12151E-01    0.21366E+05
    0.12397E-01    0.21430E+05
    0.12647E-01    0.21487E+05
    0.12902E-01    0.21535E+05
    0.13163E-01    0.21575E+05
    0.13429E-01    0.21606E+05
    0.13700E-01    0.21628E+05
    0.13977E-01    0.21639E+05
    0.14259E-01    0.21641E+05
    0.14547E-01    0.21634E+05
    0.14841E-01    0.21619E+05
    0.15141E-01    0.21597E+05
    0.15447E-01    0.21568E+05
    0.15759E-01    0.21531E+05
    0.16077E-01    0.21485E+05
    0.16402E-01    0.21429E+05
    0.16734E-01    0.21360E+05
    0.17072E-01    0.21278E+05
    0.17416E-01    0.21183E+05
    0.17768E-01    0.21075E+05
    0.18127E-01    0.20956E+05
    0.18493E-01    0.20826E+05
    0.18867E-01    0.20687E+05
    0.19248E-01    0.20538E+05
    0.19637E-01    0.20378E+05
    0.20034E-01    0.20206E+05
    0.20438E-01    0.20023E+05
    0.20851E-01    0.19826E+05
    0.21272E-01    0.19618E+05
    0.21702E-01    0.19398E+05
    0.22141E-01    0.19169E+05
    0.22588E-01    0.18931E+05
    0.23044E-01    0.18687E+05
    0.23510E-01    0.18435E+05
    0.23985E-01    0.18177E+05
    0.24469E-01    0.17913E+05
    0.24964E-01    0.17643E+05
    0.25468E-01    0.17366E+05
    0.25982E-01    0.17084E+05
    0.26507E-01    0.16797E+05
    0.27043E-01    0.16504E+05
    0.27589E-01    0.16206E+05
    0.28146E-01    0.15903E+05
    0.28715E-01    0.15595E+05
    0.29295E-01    0.15284E+05
    0.29887E-01    0.14970E+05
    0.30490E-01    0.14655E+05
    0.31106E-01    0.14339E+05
    0.31735E-01    0.14023E+05
    0.32376E-01    0.13708E+05
    0.33030E-01    0.13394E+05
    0.33697E-01    0.13082E+05
    0.34378E-01    0.12774E+05
    0.35072E-01    0.12469E+05
    0.35781E-01    0.12170E+05
    0.36504E-01    0.11878E+05
    0.37241E-01    0.11593E+05
    0.37993E-01    0.11316E+05
    0.38761E-01    0.11047E+05
    0.39544E-01    0.10786E+05
    0.40343E-01    0.10532E+05
    0.41158E-01    0.10285E+05
    0.41989E-01    0.10044E+05
    0.42838E-01    0.98115E+04
    0.43703E-01    0.95871E+04
    0.44586E-01    0.93723E+04
    0.45486E-01    0.91677E+04
    0.46405E-01    0.89740E+04
    0.47343E-01    0.87905E+04
    0.48299E-01    0.86164E+04
    0.49275E-01    0.84511E+04
    0.50270E-01    0.82938E+04
    0.51286E-01    0.81437E+04
    0.52322E-01    0.79999E+04
    0.53379E-01    0.78617E+04
    0.54457E-01    0.77281E+04
    0.55557E-01    0.75986E+04
    0.56680E-01    0.74723E+04
    0.57825E-01    0.73486E+04
    0.58993E-01    0.72266E+04
    0.60184E-01    0.71052E+04
    0.61400E-01    0.69830E+04
    0.62641E-01    0.68586E+04
    0.63906E-01    0.67308E+04
    0.65197E-01    0.65981E+04
    0.66514E-01    0.64594E+04
    0.67858E-01    0.63140E+04
    0.69229E-01    0.61628E+04
    0.70627E-01    0.60065E+04
    0.72054E-01    0.58449E+04
    0.73510E-01    0.56765E+04
    0.74994E-01    0.55001E+04
    0.76509E-01    0.53163E+04
    0.78055E-01    0.51278E+04
    0.79632E-01    0.49371E+04
    0.81241E-01    0.47459E+04
    0.82882E-01    0.45555E+04
    0.84556E-01    0.43673E+04
    0.86264E-01    0.41832E+04
    0.88007E-01    0.40047E+04
    0.89785E-01    0.38335E+04
    0.91598E-01    0.36710E+04
    0.93449E-01    0.35185E+04
    0.95337E-01    0.33771E+04
    0.97263E-01    0.32479E+04
    0.99227E-01    0.31315E+04
    0.10123E+00    0.30279E+04
    0.10328E+00    0.29368E+04
    0.10536E+00    0.28573E+04
    0.10749E+00    0.27877E+04
    0.10966E+00    0.27265E+04
    0.11188E+00    0.26713E+04
    0.11414E+00    0.26198E+04
    0.11644E+00    0.25696E+04
    0.11880E+00    0.25185E+04
    0.12120E+00    0.24646E+04
    0.12365E+00    0.24060E+04
    0.12614E+00    0.23416E+04
    0.12869E+00    0.22706E+04
    0.13129E+00    0.21930E+04
    0.13394E+00    0.21093E+04
    0.13665E+00    0.20207E+04
    0.13941E+00    0.19288E+04
    0.14223E+00    0.18356E+04
    0.14510E+00    0.17437E+04
    0.14803E+00    0.16552E+04
    0.15102E+00    0.15727E+04
    0.15407E+00    0.14980E+04
    0.15718E+00    0.14324E+04
    0.16036E+00    0.13763E+04
    0.16360E+00    0.13292E+04
    0.16690E+00    0.12897E+04
    0.17028E+00    0.12561E+04
    0.17371E+00    0.12263E+04
    0.17722E+00    0.11982E+04
    0.18080E+00    0.11696E+04
    0.18446E+00    0.11384E+04
    0.18818E+00    0.11031E+04
    0.19198E+00    0.10629E+04
    0.19586E+00    0.10183E+04
    0.19982E+00    0.97090E+03
    0.20386E+00    0.92263E+03
    0.20797E+00    0.87549E+03
    0.21218E+00    0.83127E+03
    0.21646E+00    0.79146E+03
    0.22083E+00    0.75700E+03
    0.22530E+00    0.72805E+03
    0.22985E+00    0.70378E+03
    0.23449E+00    0.68273E+03
    0.23923E+00    0.66315E+03
    0.24406E+00    0.64333E+03
    0.24899E+00    0.62192E+03
    0.25402E+00    0.59820E+03
    0.25915E+00    0.57238E+03
    0.26439E+00    0.54546E+03
    0.26973E+00    0.51877E+03
    0.27518E+00    0.49363E+03
    0.28074E+00    0.47100E+03
    0.28641E+00    0.45130E+03
    0.29219E+00    0.43429E+03
    0.29810E+00    0.41914E+03
    0.30412E+00    0.40472E+03
    0.31026E+00    0.39007E+03
    0.31653E+00    0.37461E+03
    0.32292E+00    0.35838E+03
    0.32945E+00    0.34188E+03
    0.33610E+00    0.32591E+03
    0.34289E+00    0.31113E+03
    0.34982E+00    0.29786E+03
    0.35689E+00    0.28593E+03
    0.36409E+00    0.27489E+03
    0.37145E+00    0.26419E+03
    0.37895E+00    0.25340E+03
    0.38661E+00    0.24241E+03
    0.39442E+00    0.23151E+03
    0.40239E+00    0.22107E+03
    0.41052E+00    0.21135E+03
    0.41881E+00    0.20240E+03
    0.42727E+00    0.19405E+03
    0.43590E+00    0.18600E+03
    0.44471E+00    0.17809E+03
    0.45369E+00    0.17027E+03
    0.46286E+00    0.16267E+03
    0.47221E+00    0.15548E+03
    0.48174E+00    0.14872E+03
    0.49148E+00    0.14234E+03
    0.50141E+00    0.13622E+03
    0.51153E+00    0.13027E+03
    0.52187E+00    0.12451E+03
    0.53241E+00    0.11897E+03
    0.54317E+00    0.11371E+03
    0.55414E+00    0.10872E+03
    0.56533E+00    0.10395E+03
    0.57675E+00    0.99354E+02
    0.58840E+00    0.94925E+02
    0.60029E+00    0.90688E+02
    0.61242E+00    0.86649E+02
    0.62479E+00    0.82795E+02
    0.63741E+00    0.79099E+02
    0.65029E+00    0.75558E+02
    0.66342E+00    0.72167E+02
    0.67683E+00    0.68922E+02
    0.69050E+00    0.65817E+02
    0.70445E+00    0.62848E+02
    0.71868E+00    0.60010E+02
    0.73320E+00    0.57299E+02
    0.74801E+00    0.54708E+02
    0.76312E+00    0.52232E+02
    0.77854E+00    0.49863E+02
    0.79426E+00    0.47598E+02
    0.81031E+00    0.45430E+02
    0.82668E+00    0.43357E+02
    0.84338E+00    0.41374E+02
    0.86041E+00    0.39479E+02
    0.87780E+00    0.37668E+02
    0.89553E+00    0.35938E+02
    0.91362E+00    0.34285E+02
    0.93208E+00    0.32706E+02
    0.95091E+00    0.31198E+02
    0.97011E+00    0.29758E+02
    0.98971E+00    0.28382E+02
    0.10097E+01    0.27069E+02
    0.10301E+01    0.25815E+02
    0.10509E+01    0.24618E+02
    0.10721E+01    0.23475E+02
    0.10938E+01    0.22383E+02
    0.11159E+01    0.21341E+02
    0.11384E+01    0.20347E+02
    0.11614E+01    0.19398E+02
    0.11849E+01    0.18492E+02
    0.12088E+01    0.17627E+02
    0.12333E+01    0.16802E+02
    0.12582E+01    0.16014E+02
    0.12836E+01    0.15262E+02
    0.13095E+01    0.14545E+02
    0.13360E+01    0.13861E+02
    0.13630E+01    0.13208E+02
    0.13905E+01    0.12586E+02
    0.14186E+01    0.11991E+02
    0.14472E+01    0.11425E+02
    0.14765E+01    0.10884E+02
    0.15063E+01    0.10368E+02
    0.15367E+01    0.98761E+01
    0.15678E+01    0.94069E+01
    0.15994E+01    0.89594E+01
    0.16318E+01    0.85326E+01
    0.16647E+01    0.81256E+01
    0.16984E+01    0.77375E+01
    0.17327E+01    0.73675E+01
    0.17677E+01    0.70147E+01
    0.18034E+01    0.66783E+01
    0.18398E+01    0.63577E+01
    0.18770E+01    0.60521E+01
    0.19149E+01    0.57609E+01
    0.19536E+01    0.54834E+01
    0.19930E+01    0.52191E+01
    0.20333E+01    0.49673E+01
    0.20744E+01    0.47275E+01
    0.21163E+01    0.44991E+01
    0.21590E+01    0.42816E+01
    0.22026E+01    0.40746E+01
    0.22471E+01    0.38774E+01
    0.22925E+01    0.36898E+01
    0.23388E+01    0.35112E+01
    0.23861E+01    0.33412E+01
    0.24343E+01    0.31794E+01
