#           k/h    P           
    0.10000E-03    0.48118E+03
    0.10202E-03    0.49050E+03
    0.10408E-03    0.50000E+03
    0.10618E-03    0.50969E+03
    0.10833E-03    0.51957E+03
    0.11052E-03    0.52963E+03
    0.11275E-03    0.53989E+03
    0.11503E-03    0.55035E+03
    0.11735E-03    0.56102E+03
    0.11972E-03    0.57188E+03
    0.12214E-03    0.58296E+03
    0.12461E-03    0.59425E+03
    0.12712E-03    0.60577E+03
    0.12969E-03    0.61750E+03
    0.13231E-03    0.62946E+03
    0.13499E-03    0.64165E+03
    0.13771E-03    0.65408E+03
    0.14049E-03    0.66675E+03
    0.14333E-03    0.67966E+03
    0.14623E-03    0.69282E+03
    0.14918E-03    0.70624E+03
    0.15220E-03    0.71991E+03
    0.15527E-03    0.73385E+03
    0.15841E-03    0.74806E+03
    0.16161E-03    0.76255E+03
    0.16487E-03    0.77731E+03
    0.16820E-03    0.79236E+03
    0.17160E-03    0.80770E+03
    0.17507E-03    0.82333E+03
    0.17860E-03    0.83927E+03
    0.18221E-03    0.85551E+03
    0.18589E-03    0.87207E+03
    0.18965E-03    0.88895E+03
    0.19348E-03    0.90615E+03
    0.19739E-03    0.92368E+03
    0.20138E-03    0.94155E+03
    0.20544E-03    0.95977E+03
    0.20959E-03    0.97834E+03
    0.21383E-03    0.99726E+03
    0.21815E-03    0.10166E+04
    0.22255E-03    0.10362E+04
    0.22705E-03    0.10562E+04
    0.23164E-03    0.10767E+04
    0.23632E-03    0.10975E+04
    0.24109E-03    0.11187E+04
    0.24596E-03    0.11403E+04
    0.25093E-03    0.11624E+04
    0.25600E-03    0.11848E+04
    0.26117E-03    0.12077E+04
    0.26645E-03    0.12311E+04
    0.27183E-03    0.12549E+04
    0.27732E-03    0.12791E+04
    0.28292E-03    0.13038E+04
    0.28864E-03    0.13290E+04
    0.29447E-03    0.13546E+04
    0.30042E-03    0.13808E+04
    0.30649E-03    0.14074E+04
    0.31268E-03    0.14346E+04
    0.31899E-03    0.14623E+04
    0.32544E-03    0.14905E+04
    0.33201E-03    0.15192E+04
    0.33872E-03    0.15485E+04
    0.34556E-03    0.15784E+04
    0.35254E-03    0.16088E+04
    0.35966E-03    0.16398E+04
    0.36693E-03    0.16714E+04
    0.37434E-03    0.17036E+04
    0.38190E-03    0.17364E+04
    0.38962E-03    0.17699E+04
    0.39749E-03    0.18039E+04
    0.40552E-03    0.18387E+04
    0.41371E-03    0.18740E+04
    0.42207E-03    0.19101E+04
    0.43060E-03    0.19468E+04
    0.43929E-03    0.19842E+04
    0.44817E-03    0.20224E+04
    0.45722E-03    0.20612E+04
    0.46646E-03    0.21008E+04
    0.47588E-03    0.21411E+04
    0.48550E-03    0.21822E+04
    0.49530E-03    0.22241E+04
    0.50531E-03    0.22667E+04
    0.51552E-03    0.23102E+04
    0.52593E-03    0.23544E+04
    0.53656E-03    0.23995E+04
    0.54739E-03    0.24455E+04
    0.55845E-03    0.24923E+04
    0.56973E-03    0.25399E+04
    0.58124E-03    0.25885E+04
    0.59299E-03    0.26380E+04
    0.60496E-03    0.26883E+04
    0.61719E-03    0.27397E+04
    0.62965E-03    0.27919E+04
    0.64237E-03    0.28452E+04
    0.65535E-03    0.28994E+04
    0.66859E-03    0.29546E+04
    0.68210E-03    0.30109E+04
    0.69588E-03    0.30681E+04
    0.70993E-03    0.31265E+04
    0.72427E-03    0.31859E+04
    0.73891E-03    0.32463E+04
    0.75383E-03    0.33079E+04
    0.76906E-03    0.33707E+04
    0.78460E-03    0.34345E+04
    0.80045E-03    0.34995E+04
    0.81662E-03    0.35657E+04
    0.83311E-03    0.36331E+04
    0.84994E-03    0.37018E+04
    0.86711E-03    0.37716E+04
    0.88463E-03    0.38427E+04
    0.90250E-03    0.39151E+04
    0.92073E-03    0.39888E+04
    0.93933E-03    0.40638E+04
    0.95831E-03    0.41402E+04
    0.97767E-03    0.42179E+04
    0.99742E-03    0.42969E+04
    0.10176E-02    0.43774E+04
    0.10381E-02    0.44593E+04
    0.10591E-02    0.45426E+04
    0.10805E-02    0.46274E+04
    0.11023E-02    0.47137E+04
    0.11246E-02    0.48015E+04
    0.11473E-02    0.48908E+04
    0.11705E-02    0.49816E+04
    0.11941E-02    0.50741E+04
    0.12182E-02    0.51681E+04
    0.12429E-02    0.52637E+04
    0.12680E-02    0.53609E+04
    0.12936E-02    0.54598E+04
    0.13197E-02    0.55604E+04
    0.13464E-02    0.56627E+04
    0.13736E-02    0.57667E+04
    0.14013E-02    0.58724E+04
    0.14296E-02    0.59799E+04
    0.14585E-02    0.60892E+04
    0.14880E-02    0.62003E+04
    0.15180E-02    0.63131E+04
    0.15487E-02    0.64279E+04
    0.15800E-02    0.65445E+04
    0.16119E-02    0.66630E+04
    0.16445E-02    0.67834E+04
    0.16777E-02    0.69057E+04
    0.17116E-02    0.70299E+04
    0.17462E-02    0.71561E+04
    0.17814E-02    0.72843E+04
    0.18174E-02    0.74145E+04
    0.18541E-02    0.75467E+04
    0.18916E-02    0.76809E+04
    0.19298E-02    0.78172E+04
    0.19688E-02    0.79556E+04
    0.20086E-02    0.80960E+04
    0.20491E-02    0.82385E+04
    0.20905E-02    0.83831E+04
    0.21328E-02    0.85298E+04
    0.21758E-02    0.86787E+04
    0.22198E-02    0.88297E+04
    0.22646E-02    0.89828E+04
    0.23104E-02    0.91381E+04
    0.23571E-02    0.92956E+04
    0.24047E-02    0.94553E+04
    0.24533E-02    0.96171E+04
    0.25028E-02    0.97811E+04
    0.25534E-02    0.99473E+04
    0.26050E-02    0.10116E+05
    0.26576E-02    0.10286E+05
    0.27113E-02    0.10459E+05
    0.27660E-02    0.10634E+05
    0.28219E-02    0.10811E+05
    0.28789E-02    0.10991E+05
    0.29371E-02    0.11172E+05
    0.29964E-02    0.11356E+05
    0.30569E-02    0.11541E+05
    0.31187E-02    0.11729E+05
    0.31817E-02    0.11919E+05
    0.32460E-02    0.12112E+05
    0.33115E-02    0.12306E+05
    0.33784E-02    0.12502E+05
    0.34467E-02    0.12700E+05
    0.35163E-02    0.12901E+05
    0.35874E-02    0.13103E+05
    0.36598E-02    0.13307E+05
    0.37338E-02    0.13513E+05
    0.38092E-02    0.13721E+05
    0.38861E-02    0.13931E+05
    0.39646E-02    0.14143E+05
    0.40447E-02    0.14356E+05
    0.41264E-02    0.14571E+05
    0.42098E-02    0.14787E+05
    0.42948E-02    0.15005E+05
    0.43816E-02    0.15225E+05
    0.44701E-02    0.15446E+05
    0.45604E-02    0.15668E+05
    0.46525E-02    0.15892E+05
    0.47465E-02    0.16117E+05
    0.48424E-02    0.16343E+05
    0.49402E-02    0.16569E+05
    0.50400E-02    0.16797E+05
    0.51419E-02    0.17026E+05
    0.52457E-02    0.17255E+05
    0.53517E-02    0.17485E+05
    0.54598E-02    0.17715E+05
    0.55701E-02    0.17946E+05
    0.56826E-02    0.18176E+05
    0.57974E-02    0.18407E+05
    0.59145E-02    0.18638E+05
    0.60340E-02    0.18869E+05
    0.61559E-02    0.19099E+05
    0.62803E-02    0.19329E+05
    0.64072E-02    0.19558E+05
    0.65366E-02    0.19787E+05
    0.66686E-02    0.20014E+05
    0.68033E-02    0.20240E+05
    0.69408E-02    0.20465E+05
    0.70810E-02    0.20688E+05
    0.72240E-02    0.20909E+05
    0.73700E-02    0.21129E+05
    0.75189E-02    0.21346E+05
    0.76708E-02    0.21560E+05
    0.78257E-02    0.21773E+05
    0.79838E-02    0.21982E+05
    0.81451E-02    0.22188E+05
    0.83096E-02    0.22391E+05
    0.84775E-02    0.22590E+05
    0.86488E-02    0.22785E+05
    0.88235E-02    0.22977E+05
    0.90017E-02    0.23163E+05
    0.91836E-02    0.23346E+05
    0.93691E-02    0.23523E+05
    0.95583E-02    0.23695E+05
    0.97514E-02    0.23862E+05
    0.99484E-02    0.24023E+05
    0.10149E-01    0.24178E+05
    0.10354E-01    0.24326E+05
    0.10564E-01    0.24468E+05
    0.10777E-01    0.24603E+05
    0.10995E-01    0.24731E+05
    0.11217E-01    0.24851E+05
    0.11443E-01    0.24963E+05
    0.11675E-01    0.25067E+05
    0.11910E-01    0.25163E+05
    0.12151E-01    0.25250E+05
    0.12397E-01    0.25329E+05
    0.12647E-01    0.25398E+05
    0.12902E-01    0.25458E+05
    0.13163E-01    0.25508E+05
    0.13429E-01    0.25547E+05
    0.13700E-01    0.25575E+05
    0.13977E-01    0.25592E+05
    0.14259E-01    0.25597E+05
    0.14547E-01    0.25592E+05
    0.14841E-01    0.25578E+05
    0.15141E-01    0.25555E+05
    0.15447E-01    0.25524E+05
    0.15759E-01    0.25484E+05
    0.16077E-01    0.25434E+05
    0.16402E-01    0.25370E+05
    0.16734E-01    0.25292E+05
    0.17072E-01    0.25199E+05
    0.17416E-01    0.25089E+05
    0.17768E-01    0.24965E+05
    0.18127E-01    0.24828E+05
    0.18493E-01    0.24679E+05
    0.18867E-01    0.24518E+05
    0.19248E-01    0.24346E+05
    0.19637E-01    0.24161E+05
    0.20034E-01    0.23962E+05
    0.20438E-01    0.23749E+05
    0.20851E-01    0.23521E+05
    0.21272E-01    0.23278E+05
    0.21702E-01    0.23023E+05
    0.22141E-01    0.22756E+05
    0.22588E-01    0.22480E+05
    0.23044E-01    0.22195E+05
    0.23510E-01    0.21902E+05
    0.23985E-01    0.21601E+05
    0.24469E-01    0.21293E+05
    0.24964E-01    0.20977E+05
    0.25468E-01    0.20655E+05
    0.25982E-01    0.20326E+05
    0.26507E-01    0.19990E+05
    0.27043E-01    0.19648E+05
    0.27589E-01    0.19299E+05
    0.28146E-01    0.18944E+05
    0.28715E-01    0.18584E+05
    0.29295E-01    0.18220E+05
    0.29887E-01    0.17853E+05
    0.30490E-01    0.17484E+05
    0.31106E-01    0.17114E+05
    0.31735E-01    0.16743E+05
    0.32376E-01    0.16374E+05
    0.33030E-01    0.16006E+05
    0.33697E-01    0.15641E+05
    0.34378E-01    0.15279E+05
    0.35072E-01    0.14923E+05
    0.35781E-01    0.14572E+05
    0.36504E-01    0.14229E+05
    0.37241E-01    0.13895E+05
    0.37993E-01    0.13571E+05
    0.38761E-01    0.13256E+05
    0.39544E-01    0.12950E+05
    0.40343E-01    0.12652E+05
    0.41158E-01    0.12363E+05
    0.41989E-01    0.12082E+05
    0.42838E-01    0.11809E+05
    0.43703E-01    0.11547E+05
    0.44586E-01    0.11296E+05
    0.45486E-01    0.11057E+05
    0.46405E-01    0.10832E+05
    0.47343E-01    0.10618E+05
    0.48299E-01    0.10416E+05
    0.49275E-01    0.10224E+05
    0.50270E-01    0.10042E+05
    0.51286E-01    0.98683E+04
    0.52322E-01    0.97024E+04
    0.53379E-01    0.95430E+04
    0.54457E-01    0.93893E+04
    0.55557E-01    0.92404E+04
    0.56680E-01    0.90954E+04
    0.57825E-01    0.89534E+04
    0.58993E-01    0.88136E+04
    0.60184E-01    0.86742E+04
    0.61400E-01    0.85338E+04
    0.62641E-01    0.83907E+04
    0.63906E-01    0.82433E+04
    0.65197E-01    0.80897E+04
    0.66514E-01    0.79285E+04
    0.67858E-01    0.77591E+04
    0.69229E-01    0.75822E+04
    0.70627E-01    0.73987E+04
    0.72054E-01    0.72084E+04
    0.73510E-01    0.70095E+04
    0.74994E-01    0.68004E+04
    0.76509E-01    0.65818E+04
    0.78055E-01    0.63569E+04
    0.79632E-01    0.61288E+04
    0.81241E-01    0.58995E+04
    0.82882E-01    0.56708E+04
    0.84556E-01    0.54444E+04
    0.86264E-01    0.52224E+04
    0.88007E-01    0.50070E+04
    0.89785E-01    0.48001E+04
    0.91598E-01    0.46037E+04
    0.93449E-01    0.44193E+04
    0.95337E-01    0.42485E+04
    0.97263E-01    0.40925E+04
    0.99227E-01    0.39523E+04
    0.10123E+00    0.38278E+04
    0.10328E+00    0.37189E+04
    0.10536E+00    0.36244E+04
    0.10749E+00    0.35424E+04
    0.10966E+00    0.34707E+04
    0.11188E+00    0.34065E+04
    0.11414E+00    0.33468E+04
    0.11644E+00    0.32887E+04
    0.11880E+00    0.32294E+04
    0.12120E+00    0.31661E+04
    0.12365E+00    0.30967E+04
    0.12614E+00    0.30197E+04
    0.12869E+00    0.29339E+04
    0.13129E+00    0.28392E+04
    0.13394E+00    0.27363E+04
    0.13665E+00    0.26266E+04
    0.13941E+00    0.25123E+04
    0.14223E+00    0.23959E+04
    0.14510E+00    0.22806E+04
    0.14803E+00    0.21695E+04
    0.15102E+00    0.20658E+04
    0.15407E+00    0.19719E+04
    0.15718E+00    0.18897E+04
    0.16036E+00    0.18197E+04
    0.16360E+00    0.17613E+04
    0.16690E+00    0.17128E+04
    0.17028E+00    0.16719E+04
    0.17371E+00    0.16360E+04
    0.17722E+00    0.16022E+04
    0.18080E+00    0.15676E+04
    0.18446E+00    0.15294E+04
    0.18818E+00    0.14854E+04
    0.19198E+00    0.14346E+04
    0.19586E+00    0.13778E+04
    0.19982E+00    0.13168E+04
    0.20386E+00    0.12544E+04
    0.20797E+00    0.11932E+04
    0.21218E+00    0.11357E+04
    0.21646E+00    0.10840E+04
    0.22083E+00    0.10394E+04
    0.22530E+00    0.10022E+04
    0.22985E+00    0.97125E+03
    0.23449E+00    0.94461E+03
    0.23923E+00    0.91987E+03
    0.24406E+00    0.89469E+03
    0.24899E+00    0.86715E+03
    0.25402E+00    0.83627E+03
    0.25915E+00    0.80227E+03
    0.26439E+00    0.76654E+03
    0.26973E+00    0.73098E+03
    0.27518E+00    0.69741E+03
    0.28074E+00    0.66721E+03
    0.28641E+00    0.64103E+03
    0.29219E+00    0.61854E+03
    0.29810E+00    0.59857E+03
    0.30412E+00    0.57957E+03
    0.31026E+00    0.56011E+03
    0.31653E+00    0.53940E+03
    0.32292E+00    0.51744E+03
    0.32945E+00    0.49500E+03
    0.33610E+00    0.47317E+03
    0.34289E+00    0.45298E+03
    0.34982E+00    0.43487E+03
    0.35689E+00    0.41863E+03
    0.36409E+00    0.40360E+03
    0.37145E+00    0.38899E+03
    0.37895E+00    0.37415E+03
    0.38661E+00    0.35895E+03
    0.39442E+00    0.34379E+03
    0.40239E+00    0.32923E+03
    0.41052E+00    0.31565E+03
    0.41881E+00    0.30315E+03
    0.42727E+00    0.29149E+03
    0.43590E+00    0.28021E+03
    0.44471E+00    0.26906E+03
    0.45369E+00    0.25799E+03
    0.46286E+00    0.24720E+03
    0.47221E+00    0.23695E+03
    0.48174E+00    0.22731E+03
    0.49148E+00    0.21820E+03
    0.50141E+00    0.20944E+03
    0.51153E+00    0.20088E+03
    0.52187E+00    0.19256E+03
    0.53241E+00    0.18453E+03
    0.54317E+00    0.17691E+03
    0.55414E+00    0.16965E+03
    0.56533E+00    0.16268E+03
    0.57675E+00    0.15595E+03
    0.58840E+00    0.14944E+03
    0.60029E+00    0.14320E+03
    0.61242E+00    0.13723E+03
    0.62479E+00    0.13151E+03
    0.63741E+00    0.12602E+03
    0.65029E+00    0.12074E+03
    0.66342E+00    0.11567E+03
    0.67683E+00    0.11081E+03
    0.69050E+00    0.10615E+03
    0.70445E+00    0.10167E+03
    0.71868E+00    0.97381E+02
    0.73320E+00    0.93268E+02
    0.74801E+00    0.89325E+02
    0.76312E+00    0.85542E+02
    0.77854E+00    0.81913E+02
    0.79426E+00    0.78431E+02
    0.81031E+00    0.75091E+02
    0.82668E+00    0.71889E+02
    0.84338E+00    0.68818E+02
    0.86041E+00    0.65875E+02
    0.87780E+00    0.63053E+02
    0.89553E+00    0.60350E+02
    0.91362E+00    0.57760E+02
    0.93208E+00    0.55278E+02
    0.95091E+00    0.52900E+02
    0.97011E+00    0.50623E+02
    0.98971E+00    0.48441E+02
    0.10097E+01    0.46352E+02
    0.10301E+01    0.44350E+02
    0.10509E+01    0.42434E+02
    0.10721E+01    0.40598E+02
    0.10938E+01    0.38840E+02
    0.11159E+01    0.37157E+02
    0.11384E+01    0.35545E+02
    0.11614E+01    0.34002E+02
    0.11849E+01    0.32525E+02
    0.12088E+01    0.31111E+02
    0.12333E+01    0.29757E+02
    0.12582E+01    0.28461E+02
    0.12836E+01    0.27220E+02
    0.13095E+01    0.26033E+02
    0.13360E+01    0.24897E+02
    0.13630E+01    0.23809E+02
    0.13905E+01    0.22768E+02
    0.14186E+01    0.21772E+02
    0.14472E+01    0.20819E+02
    0.14765E+01    0.19907E+02
    0.15063E+01    0.19034E+02
    0.15367E+01    0.18199E+02
    0.15678E+01    0.17400E+02
    0.15994E+01    0.16635E+02
    0.16318E+01    0.15904E+02
    0.16647E+01    0.15204E+02
    0.16984E+01    0.14535E+02
    0.17327E+01    0.13895E+02
    0.17677E+01    0.13282E+02
    0.18034E+01    0.12697E+02
    0.18398E+01    0.12136E+02
    0.18770E+01    0.11601E+02
    0.19149E+01    0.11088E+02
    0.19536E+01    0.10598E+02
    0.19930E+01    0.10130E+02
    0.20333E+01    0.96818E+01
    0.20744E+01    0.92536E+01
    0.21163E+01    0.88441E+01
    0.21590E+01    0.84527E+01
    0.22026E+01    0.80785E+01
    0.22471E+01    0.77208E+01
    0.22925E+01    0.73788E+01
    0.23388E+01    0.70520E+01
    0.23861E+01    0.67397E+01
    0.24343E+01    0.64412E+01
