#          k/h    CDM            baryon         photon         nu             mass_nu        total          no_nu          total_de       Weyl           v_CDM          v_b            v_b-v_c     
   0.102076E-04   0.192821E+08   0.192821E+08   0.256961E+08   0.256957E+08   0.192822E+08   0.192821E+08   0.192821E+08   0.192886E+08  -0.465751E+00   0.979751E+07   0.979751E+07   0.583478E+01
   0.112819E-04   0.192821E+08   0.192821E+08   0.256931E+08   0.256926E+08   0.192822E+08   0.192821E+08   0.192821E+08   0.192885E+08  -0.465751E+00   0.979751E+07   0.979751E+07   0.644867E+01
   0.124693E-04   0.192821E+08   0.192821E+08   0.256895E+08   0.256889E+08   0.192822E+08   0.192821E+08   0.192821E+08   0.192885E+08  -0.465751E+00   0.979751E+07   0.979751E+07   0.712709E+01
   0.137816E-04   0.192821E+08   0.192821E+08   0.256850E+08   0.256843E+08   0.192822E+08   0.192821E+08   0.192821E+08   0.192885E+08  -0.465751E+00   0.979750E+07   0.979750E+07   0.787683E+01
   0.152321E-04   0.192821E+08   0.192821E+08   0.256796E+08   0.256788E+08   0.192822E+08   0.192821E+08   0.192821E+08   0.192885E+08  -0.465750E+00   0.979750E+07   0.979750E+07   0.870535E+01
   0.168352E-04   0.192821E+08   0.192821E+08   0.256730E+08   0.256719E+08   0.192822E+08   0.192821E+08   0.192821E+08   0.192885E+08  -0.465750E+00   0.979749E+07   0.979749E+07   0.962090E+01
   0.186070E-04   0.192821E+08   0.192821E+08   0.256649E+08   0.256636E+08   0.192821E+08   0.192821E+08   0.192821E+08   0.192885E+08  -0.465749E+00   0.979748E+07   0.979748E+07   0.106326E+02
   0.205653E-04   0.192820E+08   0.192820E+08   0.256551E+08   0.256535E+08   0.192821E+08   0.192820E+08   0.192820E+08   0.192885E+08  -0.465749E+00   0.979748E+07   0.979747E+07   0.117504E+02
   0.227297E-04   0.192820E+08   0.192820E+08   0.256430E+08   0.256410E+08   0.192821E+08   0.192820E+08   0.192820E+08   0.192884E+08  -0.465748E+00   0.979746E+07   0.979746E+07   0.129855E+02
   0.251219E-04   0.192820E+08   0.192820E+08   0.256283E+08   0.256259E+08   0.192821E+08   0.192820E+08   0.192820E+08   0.192884E+08  -0.465748E+00   0.979745E+07   0.979745E+07   0.143500E+02
   0.277659E-04   0.192820E+08   0.192820E+08   0.256103E+08   0.256074E+08   0.192820E+08   0.192820E+08   0.192820E+08   0.192884E+08  -0.465747E+00   0.979743E+07   0.979743E+07   0.158573E+02
   0.306881E-04   0.192819E+08   0.192819E+08   0.255884E+08   0.255848E+08   0.192820E+08   0.192819E+08   0.192819E+08   0.192883E+08  -0.465745E+00   0.979741E+07   0.979741E+07   0.175223E+02
   0.339179E-04   0.192819E+08   0.192819E+08   0.255616E+08   0.255573E+08   0.192820E+08   0.192819E+08   0.192819E+08   0.192883E+08  -0.465744E+00   0.979739E+07   0.979739E+07   0.193611E+02
   0.374876E-04   0.192818E+08   0.192818E+08   0.255290E+08   0.255237E+08   0.192819E+08   0.192818E+08   0.192818E+08   0.192882E+08  -0.465742E+00   0.979736E+07   0.979736E+07   0.213916E+02
   0.414330E-04   0.192817E+08   0.192817E+08   0.254891E+08   0.254827E+08   0.192818E+08   0.192818E+08   0.192817E+08   0.192881E+08  -0.465740E+00   0.979732E+07   0.979732E+07   0.236333E+02
   0.457936E-04   0.192817E+08   0.192816E+08   0.254406E+08   0.254326E+08   0.192817E+08   0.192817E+08   0.192817E+08   0.192880E+08  -0.465737E+00   0.979728E+07   0.979728E+07   0.261076E+02
   0.506132E-04   0.192816E+08   0.192815E+08   0.253813E+08   0.253717E+08   0.192816E+08   0.192816E+08   0.192816E+08   0.192879E+08  -0.465734E+00   0.979723E+07   0.979722E+07   0.288376E+02
   0.559400E-04   0.192814E+08   0.192814E+08   0.253091E+08   0.252974E+08   0.192815E+08   0.192814E+08   0.192814E+08   0.192878E+08  -0.465730E+00   0.979716E+07   0.979716E+07   0.318489E+02
   0.618274E-04   0.192813E+08   0.192813E+08   0.252212E+08   0.252068E+08   0.192814E+08   0.192813E+08   0.192813E+08   0.192876E+08  -0.465726E+00   0.979708E+07   0.979708E+07   0.351688E+02
   0.683345E-04   0.192811E+08   0.192811E+08   0.251142E+08   0.250967E+08   0.192812E+08   0.192811E+08   0.192811E+08   0.192874E+08  -0.465720E+00   0.979698E+07   0.979698E+07   0.388269E+02
   0.755264E-04   0.192809E+08   0.192808E+08   0.249840E+08   0.249627E+08   0.192809E+08   0.192809E+08   0.192808E+08   0.192871E+08  -0.465713E+00   0.979686E+07   0.979686E+07   0.428550E+02
   0.834752E-04   0.192806E+08   0.192805E+08   0.248258E+08   0.248000E+08   0.192806E+08   0.192806E+08   0.192806E+08   0.192868E+08  -0.465704E+00   0.979672E+07   0.979671E+07   0.472868E+02
   0.922605E-04   0.192802E+08   0.192802E+08   0.246338E+08   0.246024E+08   0.192803E+08   0.192802E+08   0.192802E+08   0.192864E+08  -0.465694E+00   0.979654E+07   0.979653E+07   0.521579E+02
   0.101971E-03   0.192798E+08   0.192797E+08   0.244011E+08   0.243631E+08   0.192799E+08   0.192798E+08   0.192798E+08   0.192859E+08  -0.465681E+00   0.979632E+07   0.979630E+07   0.575051E+02
   0.112702E-03   0.192793E+08   0.192792E+08   0.241196E+08   0.240736E+08   0.192793E+08   0.192793E+08   0.192793E+08   0.192853E+08  -0.465665E+00   0.979606E+07   0.979604E+07   0.633660E+02
   0.124564E-03   0.192787E+08   0.192786E+08   0.237798E+08   0.237243E+08   0.192787E+08   0.192787E+08   0.192786E+08   0.192846E+08  -0.465646E+00   0.979573E+07   0.979571E+07   0.697781E+02
   0.137674E-03   0.192779E+08   0.192778E+08   0.233707E+08   0.233038E+08   0.192779E+08   0.192779E+08   0.192779E+08   0.192837E+08  -0.465623E+00   0.979534E+07   0.979531E+07   0.767771E+02
   0.152163E-03   0.192770E+08   0.192768E+08   0.228798E+08   0.227993E+08   0.192770E+08   0.192769E+08   0.192769E+08   0.192827E+08  -0.465595E+00   0.979486E+07   0.979482E+07   0.843953E+02
   0.168178E-03   0.192758E+08   0.192757E+08   0.222930E+08   0.221967E+08   0.192758E+08   0.192758E+08   0.192758E+08   0.192814E+08  -0.465560E+00   0.979427E+07   0.979422E+07   0.926590E+02
   0.185878E-03   0.192745E+08   0.192742E+08   0.215950E+08   0.214803E+08   0.192745E+08   0.192744E+08   0.192744E+08   0.192798E+08  -0.465519E+00   0.979356E+07   0.979350E+07   0.101585E+03
   0.205440E-03   0.192728E+08   0.192725E+08   0.207698E+08   0.206339E+08   0.192728E+08   0.192727E+08   0.192727E+08   0.192779E+08  -0.465468E+00   0.979269E+07   0.979262E+07   0.111175E+03
   0.227062E-03   0.192707E+08   0.192704E+08   0.198015E+08   0.196415E+08   0.192707E+08   0.192707E+08   0.192707E+08   0.192756E+08  -0.465407E+00   0.979164E+07   0.979155E+07   0.121413E+03
   0.250959E-03   0.192682E+08   0.192679E+08   0.186754E+08   0.184889E+08   0.192682E+08   0.192682E+08   0.192682E+08   0.192728E+08  -0.465334E+00   0.979035E+07   0.979025E+07   0.132255E+03
   0.277372E-03   0.192652E+08   0.192648E+08   0.173808E+08   0.171654E+08   0.192651E+08   0.192652E+08   0.192652E+08   0.192695E+08  -0.465245E+00   0.978880E+07   0.978868E+07   0.143620E+03
   0.306564E-03   0.192616E+08   0.192611E+08   0.159131E+08   0.156678E+08   0.192614E+08   0.192615E+08   0.192615E+08   0.192655E+08  -0.465139E+00   0.978691E+07   0.978677E+07   0.155386E+03
   0.338828E-03   0.192572E+08   0.192566E+08   0.142782E+08   0.140032E+08   0.192570E+08   0.192571E+08   0.192571E+08   0.192606E+08  -0.465011E+00   0.978464E+07   0.978447E+07   0.167374E+03
   0.374488E-03   0.192519E+08   0.192511E+08   0.124965E+08   0.121944E+08   0.192516E+08   0.192517E+08   0.192517E+08   0.192548E+08  -0.464859E+00   0.978189E+07   0.978169E+07   0.179342E+03
   0.413901E-03   0.192455E+08   0.192446E+08   0.106078E+08   0.102842E+08   0.192451E+08   0.192453E+08   0.192453E+08   0.192479E+08  -0.464679E+00   0.977858E+07   0.977834E+07   0.190975E+03
   0.457462E-03   0.192378E+08   0.192367E+08   0.867458E+07   0.833898E+07   0.192373E+08   0.192376E+08   0.192376E+08   0.192397E+08  -0.464465E+00   0.977461E+07   0.977433E+07   0.201889E+03
   0.505608E-03   0.192286E+08   0.192273E+08   0.678299E+07   0.644888E+07   0.192280E+08   0.192284E+08   0.192284E+08   0.192300E+08  -0.464214E+00   0.976985E+07   0.976953E+07   0.211637E+03
   0.558821E-03   0.192176E+08   0.192161E+08   0.503728E+07   0.472179E+07   0.192169E+08   0.192173E+08   0.192174E+08   0.192186E+08  -0.463920E+00   0.976419E+07   0.976382E+07   0.219729E+03
   0.617635E-03   0.192046E+08   0.192029E+08   0.354614E+07   0.326825E+07   0.192037E+08   0.192043E+08   0.192043E+08   0.192051E+08  -0.463578E+00   0.975746E+07   0.975704E+07   0.225672E+03
   0.682638E-03   0.191892E+08   0.191872E+08   0.239869E+07   0.217578E+07   0.191881E+08   0.191888E+08   0.191889E+08   0.191894E+08  -0.463180E+00   0.974951E+07   0.974904E+07   0.229025E+03
   0.754482E-03   0.191710E+08   0.191687E+08   0.163335E+07   0.147638E+07   0.191696E+08   0.191706E+08   0.191706E+08   0.191710E+08  -0.462719E+00   0.974016E+07   0.973964E+07   0.229460E+03
   0.833888E-03   0.191497E+08   0.191471E+08   0.121089E+07   0.111926E+07   0.191480E+08   0.191492E+08   0.191493E+08   0.191495E+08  -0.462187E+00   0.972920E+07   0.972864E+07   0.226818E+03
   0.921651E-03   0.191248E+08   0.191219E+08   0.101119E+07   0.970136E+06   0.191227E+08   0.191242E+08   0.191243E+08   0.191245E+08  -0.461573E+00   0.971643E+07   0.971582E+07   0.221138E+03
   0.101865E-02   0.190958E+08   0.190926E+08   0.874278E+06   0.857871E+06   0.190932E+08   0.190951E+08   0.190953E+08   0.190953E+08  -0.460863E+00   0.970160E+07   0.970095E+07   0.212636E+03
   0.112586E-02   0.190621E+08   0.190587E+08   0.683857E+06   0.665022E+06   0.190589E+08   0.190614E+08   0.190616E+08   0.190615E+08  -0.460042E+00   0.968442E+07   0.968374E+07   0.201642E+03
   0.124435E-02   0.190232E+08   0.190195E+08   0.443615E+06   0.407131E+06   0.190192E+08   0.190223E+08   0.190225E+08   0.190224E+08  -0.459094E+00   0.966458E+07   0.966388E+07   0.188550E+03
   0.137531E-02   0.189782E+08   0.189743E+08   0.259431E+06   0.208208E+06   0.189733E+08   0.189772E+08   0.189775E+08   0.189773E+08  -0.458001E+00   0.964172E+07   0.964100E+07   0.173814E+03
   0.152006E-02   0.189263E+08   0.189224E+08   0.199904E+06   0.147176E+06   0.189204E+08   0.189253E+08   0.189257E+08   0.189254E+08  -0.456744E+00   0.961542E+07   0.961470E+07   0.158035E+03
   0.168004E-02   0.188668E+08   0.188629E+08   0.184997E+06  -0.193969E+06   0.188596E+08   0.188657E+08   0.188662E+08   0.188657E+08  -0.455303E+00   0.958527E+07   0.958455E+07   0.141993E+03
   0.185685E-02   0.187987E+08   0.187947E+08   0.109053E+06  -0.158127E+06   0.187899E+08   0.187974E+08   0.187980E+08   0.187975E+08  -0.453653E+00   0.955073E+07   0.955003E+07   0.126528E+03
   0.205228E-02   0.187208E+08   0.187168E+08   0.375058E+05  -0.128827E+06   0.187100E+08   0.187194E+08   0.187201E+08   0.187194E+08  -0.451768E+00   0.951129E+07   0.951060E+07   0.112339E+03
   0.226827E-02   0.186320E+08   0.186280E+08   0.469057E+05  -0.104881E+06   0.186189E+08   0.186305E+08   0.186313E+08   0.186305E+08  -0.449620E+00   0.946635E+07   0.946567E+07   0.999080E+02
   0.250700E-02   0.185310E+08   0.185270E+08   0.316825E+05  -0.853150E+05   0.185151E+08   0.185293E+08   0.185303E+08   0.185293E+08  -0.447177E+00   0.941527E+07   0.941460E+07   0.894546E+02
   0.277085E-02   0.184165E+08   0.184123E+08   0.553098E+04  -0.693330E+05   0.183971E+08   0.184145E+08   0.184158E+08   0.184145E+08  -0.444406E+00   0.935735E+07   0.935668E+07   0.807794E+02
   0.306246E-02   0.182869E+08   0.182825E+08   0.123607E+05  -0.562837E+05   0.182635E+08   0.182846E+08   0.182862E+08   0.182846E+08  -0.441271E+00   0.929185E+07   0.929118E+07   0.733429E+02
   0.338478E-02   0.181407E+08   0.181360E+08  -0.578522E+04  -0.456333E+05   0.181123E+08   0.181380E+08   0.181399E+08   0.181380E+08  -0.437732E+00   0.921798E+07   0.921730E+07   0.665528E+02
   0.374101E-02   0.179762E+08   0.179712E+08  -0.427648E+04  -0.369453E+05   0.179419E+08   0.179730E+08   0.179753E+08   0.179730E+08  -0.433750E+00   0.913488E+07   0.913420E+07   0.600340E+02
   0.413473E-02   0.177915E+08   0.177862E+08  -0.611002E+04  -0.298625E+05   0.177502E+08   0.177878E+08   0.177906E+08   0.177878E+08  -0.429280E+00   0.904166E+07   0.904099E+07   0.538468E+02
   0.456989E-02   0.175847E+08   0.175791E+08  -0.570230E+04  -0.240922E+05   0.175351E+08   0.175804E+08   0.175838E+08   0.175804E+08  -0.424275E+00   0.893735E+07   0.893669E+07   0.482841E+02
   0.505085E-02   0.173539E+08   0.173478E+08  -0.235692E+04  -0.193950E+05   0.172944E+08   0.173488E+08   0.173529E+08   0.173488E+08  -0.418686E+00   0.882094E+07   0.882029E+07   0.434744E+02
   0.558243E-02   0.170968E+08   0.170901E+08  -0.275960E+04  -0.155749E+05   0.170258E+08   0.170909E+08   0.170957E+08   0.170909E+08  -0.412460E+00   0.869139E+07   0.869074E+07   0.392090E+02
   0.616996E-02   0.168114E+08   0.168040E+08  -0.279785E+04  -0.124715E+05   0.167270E+08   0.168044E+08   0.168101E+08   0.168044E+08  -0.405546E+00   0.854762E+07   0.854697E+07   0.352495E+02
   0.681932E-02   0.164953E+08   0.164870E+08  -0.347663E+04  -0.995377E+04   0.163955E+08   0.164871E+08   0.164939E+08   0.164871E+08  -0.397889E+00   0.838852E+07   0.838787E+07   0.316504E+02
   0.753702E-02   0.161463E+08   0.161371E+08  -0.337514E+04  -0.791421E+04   0.160289E+08   0.161367E+08   0.161448E+08   0.161367E+08  -0.389434E+00   0.821299E+07   0.821234E+07   0.284927E+02
   0.833025E-02   0.157623E+08   0.157518E+08  -0.168457E+04  -0.626506E+04   0.156251E+08   0.157511E+08   0.157605E+08   0.157511E+08  -0.380128E+00   0.801996E+07   0.801932E+07   0.256459E+02
   0.920698E-02   0.153411E+08   0.153293E+08  -0.349135E+04  -0.493449E+04   0.151819E+08   0.153282E+08   0.153391E+08   0.153282E+08  -0.369921E+00   0.780843E+07   0.780779E+07   0.230790E+02
   0.101760E-01   0.148810E+08   0.148675E+08  -0.198525E+04  -0.386382E+04   0.146976E+08   0.148662E+08   0.148787E+08   0.148662E+08  -0.358770E+00   0.757753E+07   0.757690E+07   0.208063E+02
   0.112469E-01   0.143804E+08   0.143650E+08  -0.193846E+04  -0.300503E+04   0.141710E+08   0.143635E+08   0.143778E+08   0.143635E+08  -0.346640E+00   0.732655E+07   0.732592E+07   0.187658E+02
   0.124306E-01   0.138385E+08   0.138209E+08  -0.168234E+04  -0.231887E+04   0.136013E+08   0.138194E+08   0.138356E+08   0.138194E+08  -0.333508E+00   0.705503E+07   0.705440E+07   0.169547E+02
   0.137389E-01   0.132549E+08   0.132347E+08  -0.134678E+04  -0.177324E+04   0.129887E+08   0.132334E+08   0.132515E+08   0.132334E+08  -0.319365E+00   0.676282E+07   0.676219E+07   0.153376E+02
   0.151849E-01   0.126301E+08   0.126069E+08  -0.762572E+03  -0.134186E+04   0.123340E+08   0.126060E+08   0.126262E+08   0.126060E+08  -0.304225E+00   0.645016E+07   0.644953E+07   0.138969E+02
   0.167830E-01   0.119776E+08   0.119511E+08  -0.762674E+03  -0.100423E+04   0.116509E+08   0.119509E+08   0.119732E+08   0.119509E+08  -0.288415E+00   0.612394E+07   0.612331E+07   0.126154E+02
   0.185493E-01   0.112782E+08   0.112482E+08  -0.518038E+03  -0.740572E+03   0.109216E+08   0.112489E+08   0.112732E+08   0.112489E+08  -0.271473E+00   0.577426E+07   0.577362E+07   0.114516E+02
   0.205016E-01   0.105468E+08   0.105131E+08  -0.244400E+03  -0.537507E+03   0.101615E+08   0.105149E+08   0.105412E+08   0.105149E+08  -0.253761E+00   0.540862E+07   0.540798E+07   0.103888E+02
   0.226592E-01   0.978193E+07   0.974444E+07  -0.220313E+03  -0.382774E+03   0.937057E+07   0.974762E+07   0.977563E+07   0.974762E+07  -0.235243E+00   0.502603E+07   0.502539E+07   0.939753E+01
   0.250440E-01   0.900902E+07   0.896799E+07  -0.145431E+03  -0.267236E+03   0.857459E+07   0.897256E+07   0.900213E+07   0.897256E+07  -0.216539E+00   0.463938E+07   0.463875E+07   0.846067E+01
   0.276798E-01   0.823856E+07   0.819453E+07  -0.573182E+02  -0.182465E+03   0.778453E+07   0.820028E+07   0.823117E+07   0.820028E+07  -0.197901E+00   0.425380E+07   0.425317E+07   0.755148E+01
   0.305930E-01   0.747678E+07   0.743069E+07  -0.104298E+03  -0.121434E+03   0.700697E+07   0.743708E+07   0.746904E+07   0.743708E+07  -0.179483E+00   0.387218E+07   0.387157E+07   0.664723E+01
   0.338127E-01   0.674351E+07   0.669675E+07  -0.518124E+02  -0.786147E+02   0.626141E+07   0.670286E+07   0.673566E+07   0.670286E+07  -0.161763E+00   0.350452E+07   0.350394E+07   0.573548E+01
   0.373714E-01   0.606209E+07   0.601649E+07  -0.174187E+02  -0.494340E+02   0.557042E+07   0.602096E+07   0.605443E+07   0.602096E+07  -0.145307E+00   0.316274E+07   0.316220E+07   0.481613E+01
   0.413045E-01   0.545442E+07   0.541207E+07  -0.406246E+01  -0.301500E+02   0.495282E+07   0.541311E+07   0.544731E+07   0.541311E+07  -0.130638E+00   0.285815E+07   0.285767E+07   0.390448E+01
   0.454350E-01   0.494436E+07   0.490705E+07   0.125450E+03  -0.181932E+02   0.443511E+07   0.490331E+07   0.493810E+07   0.490331E+07  -0.118334E+00   0.260286E+07   0.260245E+07   0.306767E+01
   0.495654E-01   0.454803E+07   0.451662E+07   0.100447E+03  -0.110877E+02   0.403000E+07   0.450729E+07   0.454275E+07   0.450729E+07  -0.108777E+00   0.240518E+07   0.240483E+07   0.236800E+01
   0.536959E-01   0.423201E+07   0.420650E+07   0.820765E+02  -0.675096E+01   0.370427E+07   0.419153E+07   0.422773E+07   0.419153E+07  -0.101157E+00   0.224804E+07   0.224775E+07   0.181082E+01
   0.578264E-01   0.396786E+07   0.394756E+07   0.680719E+02  -0.404737E+01   0.343072E+07   0.392754E+07   0.396446E+07   0.392754E+07  -0.947859E-01   0.211676E+07   0.211652E+07   0.139268E+01
   0.619568E-01   0.373582E+07   0.371952E+07   0.570518E+02  -0.233960E+01   0.319074E+07   0.369558E+07   0.373308E+07   0.369558E+07  -0.891877E-01   0.200108E+07   0.200088E+07   0.110154E+01
   0.660873E-01   0.351821E+07   0.350447E+07   0.480910E+02  -0.125622E+01   0.296826E+07   0.347803E+07   0.351591E+07   0.347803E+07  -0.839376E-01   0.189173E+07   0.189155E+07   0.916659E+00
   0.702177E-01   0.330452E+07   0.329193E+07   0.406283E+02  -0.575517E+00   0.275386E+07   0.326447E+07   0.330241E+07   0.326447E+07  -0.787837E-01   0.178317E+07   0.178299E+07   0.812933E+00
   0.743482E-01   0.309418E+07   0.308157E+07   0.343696E+02  -0.157599E+00   0.254708E+07   0.305438E+07   0.309207E+07   0.305438E+07  -0.737134E-01   0.167520E+07   0.167503E+07   0.764473E+00
   0.784786E-01   0.288371E+07   0.287028E+07   0.290572E+02   0.881835E-01   0.234490E+07   0.284435E+07   0.288146E+07   0.284435E+07  -0.686447E-01   0.156604E+07   0.156587E+07   0.745607E+00
   0.826091E-01   0.268138E+07   0.266679E+07   0.245984E+02   0.219114E+00   0.215393E+07   0.264262E+07   0.267893E+07   0.264262E+07  -0.637763E-01   0.146033E+07   0.146014E+07   0.736400E+00
   0.867395E-01   0.249296E+07   0.247729E+07   0.208981E+02   0.284439E+00   0.197843E+07   0.245493E+07   0.249033E+07   0.245493E+07  -0.592465E-01   0.136134E+07   0.136116E+07   0.721999E+00
   0.918936E-01   0.228446E+07   0.226805E+07   0.171905E+02   0.307837E+00   0.178600E+07   0.224742E+07   0.228170E+07   0.224742E+07  -0.542387E-01   0.125140E+07   0.125122E+07   0.684215E+00
   0.970477E-01   0.211129E+07   0.209510E+07   0.143256E+02   0.294478E+00   0.162643E+07   0.207523E+07   0.210857E+07   0.207523E+07  -0.500831E-01   0.115998E+07   0.115980E+07   0.621130E+00
   0.102202E+00   0.197528E+07   0.196029E+07   0.121395E+02   0.269101E+00   0.149976E+07   0.194005E+07   0.197276E+07   0.194005E+07  -0.468207E-01   0.108834E+07   0.108818E+07   0.539100E+00
   0.107356E+00   0.187156E+07   0.185847E+07   0.104609E+02   0.239912E+00   0.140090E+07   0.183696E+07   0.186936E+07   0.183696E+07  -0.443328E-01   0.103401E+07   0.103387E+07   0.449980E+00
   0.112510E+00   0.178978E+07   0.177885E+07   0.913328E+01   0.210665E+00   0.132101E+07   0.175565E+07   0.178794E+07   0.175565E+07  -0.423704E-01   0.991395E+06   0.991272E+06   0.366352E+00
   0.117664E+00   0.171846E+07   0.170950E+07   0.803298E+01   0.180897E+00   0.125089E+07   0.168472E+07   0.171695E+07   0.168472E+07  -0.406586E-01   0.954199E+06   0.954094E+06   0.298013E+00
   0.122818E+00   0.164857E+07   0.164107E+07   0.708235E+01   0.153037E+00   0.118364E+07   0.161525E+07   0.164732E+07   0.161525E+07  -0.389820E-01   0.917439E+06   0.917347E+06   0.250017E+00
   0.127972E+00   0.157487E+07   0.156813E+07   0.623546E+01   0.126052E+00   0.111538E+07   0.154204E+07   0.157374E+07   0.154204E+07  -0.372153E-01   0.878195E+06   0.878110E+06   0.222298E+00
   0.133126E+00   0.149585E+07   0.148923E+07   0.547369E+01   0.101694E+00   0.104513E+07   0.146365E+07   0.149474E+07   0.146365E+07  -0.353233E-01   0.835652E+06   0.835568E+06   0.210670E+00
   0.138280E+00   0.141323E+07   0.140626E+07   0.479165E+01   0.799821E-01   0.974186E+06   0.138178E+07   0.141206E+07   0.138178E+07  -0.333475E-01   0.790790E+06   0.790704E+06   0.208660E+00
   0.143435E+00   0.133077E+07   0.132326E+07   0.419077E+01   0.610204E-01   0.905172E+06   0.130017E+07   0.132951E+07   0.130017E+07  -0.313779E-01   0.745765E+06   0.745675E+06   0.209524E+00
   0.148589E+00   0.125310E+07   0.124511E+07   0.367396E+01   0.453637E-01   0.841147E+06   0.122336E+07   0.125176E+07   0.122336E+07  -0.295243E-01   0.703210E+06   0.703118E+06   0.207892E+00
   0.153743E+00   0.118443E+07   0.117626E+07   0.324025E+01   0.323454E-01   0.784762E+06   0.115552E+07   0.118306E+07   0.115552E+07  -0.278870E-01   0.665561E+06   0.665469E+06   0.200716E+00
   0.158897E+00   0.112730E+07   0.111929E+07   0.288346E+01   0.214570E-01   0.737380E+06   0.109908E+07   0.112595E+07   0.109908E+07  -0.265250E-01   0.634276E+06   0.634187E+06   0.187427E+00
   0.164051E+00   0.108151E+07   0.107401E+07   0.259238E+01   0.131444E-01   0.698546E+06   0.105386E+07   0.108025E+07   0.105386E+07  -0.254335E-01   0.609290E+06   0.609207E+06   0.169455E+00
   0.169205E+00   0.104464E+07   0.103788E+07   0.235072E+01   0.593322E-02   0.666382E+06   0.101743E+07   0.104351E+07   0.101743E+07  -0.245544E-01   0.589255E+06   0.589179E+06   0.149401E+00
   0.174359E+00   0.101338E+07   0.100742E+07   0.214449E+01  -0.237902E-03   0.638538E+06   0.986526E+06   0.101238E+07   0.986526E+06  -0.238086E-01   0.572308E+06   0.572240E+06   0.130125E+00
   0.179513E+00   0.984490E+06   0.979254E+06   0.196254E+01  -0.535840E-02   0.612826E+06   0.957969E+06   0.983611E+06   0.957969E+06  -0.231194E-01   0.556623E+06   0.556562E+06   0.113948E+00
   0.184667E+00   0.955159E+06   0.950448E+06   0.179642E+01  -0.965648E-02   0.587398E+06   0.928989E+06   0.954368E+06   0.928989E+06  -0.224200E-01   0.540603E+06   0.540547E+06   0.102142E+00
   0.189821E+00   0.923485E+06   0.919055E+06   0.164107E+01  -0.131497E-01   0.561145E+06   0.897734E+06   0.922741E+06   0.897734E+06  -0.216657E-01   0.523173E+06   0.523119E+06   0.948156E-01
   0.194975E+00   0.889116E+06   0.884742E+06   0.149507E+01  -0.157843E-01   0.533856E+06   0.863864E+06   0.888381E+06   0.863864E+06  -0.208483E-01   0.504133E+06   0.504080E+06   0.911219E-01
   0.200130E+00   0.853184E+06   0.848709E+06   0.135912E+01  -0.180207E-01   0.506249E+06   0.828492E+06   0.852433E+06   0.828492E+06  -0.199947E-01   0.484134E+06   0.484080E+06   0.896516E-01
   0.205284E+00   0.817454E+06   0.812816E+06   0.123548E+01  -0.194500E-01   0.479382E+06   0.793350E+06   0.816676E+06   0.793350E+06  -0.191465E-01   0.464190E+06   0.464135E+06   0.888653E-01
   0.210438E+00   0.783597E+06   0.778827E+06   0.112490E+01  -0.206087E-01   0.454210E+06   0.760073E+06   0.782796E+06   0.760073E+06  -0.183434E-01   0.445265E+06   0.445209E+06   0.874799E-01
   0.215592E+00   0.752944E+06   0.748140E+06   0.102782E+01  -0.215646E-01   0.431446E+06   0.729959E+06   0.752137E+06   0.729959E+06  -0.176167E-01   0.428127E+06   0.428072E+06   0.847267E-01
   0.220746E+00   0.726320E+06   0.721612E+06   0.943994E+00  -0.221963E-01   0.411483E+06   0.703812E+06   0.725530E+06   0.703812E+06  -0.169857E-01   0.413258E+06   0.413204E+06   0.804297E-01
   0.225900E+00   0.703784E+06   0.699290E+06   0.871938E+00  -0.226235E-01   0.394258E+06   0.681676E+06   0.703030E+06   0.681676E+06  -0.164514E-01   0.400696E+06   0.400645E+06   0.749145E-01
   0.231054E+00   0.684595E+06   0.680396E+06   0.809353E+00  -0.229694E-01   0.379267E+06   0.662823E+06   0.683890E+06   0.662823E+06  -0.159964E-01   0.390021E+06   0.389974E+06   0.688148E-01
   0.236208E+00   0.667561E+06   0.663684E+06   0.753869E+00  -0.232022E-01   0.365781E+06   0.646085E+06   0.666910E+06   0.646085E+06  -0.155925E-01   0.380556E+06   0.380511E+06   0.628509E-01
   0.241362E+00   0.651456E+06   0.647874E+06   0.703398E+00  -0.233229E-01   0.353080E+06   0.630262E+06   0.650855E+06   0.630262E+06  -0.152106E-01   0.371597E+06   0.371555E+06   0.576331E-01
   0.246516E+00   0.635266E+06   0.631911E+06   0.656412E+00  -0.233054E-01   0.340591E+06   0.614363E+06   0.634702E+06   0.614363E+06  -0.148269E-01   0.362563E+06   0.362524E+06   0.535277E-01
   0.251670E+00   0.618351E+06   0.615137E+06   0.611998E+00  -0.231228E-01   0.327967E+06   0.597767E+06   0.617811E+06   0.597767E+06  -0.144264E-01   0.353089E+06   0.353051E+06   0.506098E-01
   0.256825E+00   0.600573E+06   0.597419E+06   0.569758E+00  -0.228659E-01   0.315142E+06   0.580341E+06   0.600043E+06   0.580341E+06  -0.140058E-01   0.343097E+06   0.343059E+06   0.486980E-01
   0.261979E+00   0.582276E+06   0.579124E+06   0.529868E+00  -0.225494E-01   0.302304E+06   0.562422E+06   0.581747E+06   0.562422E+06  -0.135734E-01   0.332785E+06   0.332748E+06   0.474471E-01
   0.267133E+00   0.564071E+06   0.560895E+06   0.492920E+00  -0.219764E-01   0.289770E+06   0.544605E+06   0.563538E+06   0.544605E+06  -0.131434E-01   0.322508E+06   0.322471E+06   0.464594E-01
   0.272287E+00   0.546588E+06   0.543394E+06   0.458876E+00  -0.215301E-01   0.277856E+06   0.527505E+06   0.546052E+06   0.527505E+06  -0.127307E-01   0.312630E+06   0.312593E+06   0.453866E-01
   0.277441E+00   0.530333E+06   0.527152E+06   0.428184E+00  -0.209425E-01   0.266800E+06   0.511611E+06   0.529799E+06   0.511611E+06  -0.123471E-01   0.303444E+06   0.303407E+06   0.440021E-01
   0.282595E+00   0.515609E+06   0.512484E+06   0.400581E+00  -0.204466E-01   0.256729E+06   0.497218E+06   0.515084E+06   0.497218E+06  -0.119998E-01   0.295127E+06   0.295091E+06   0.422300E-01
   0.287749E+00   0.502462E+06   0.499435E+06   0.375881E+00  -0.199906E-01   0.247637E+06   0.484366E+06   0.501954E+06   0.484366E+06  -0.116896E-01   0.287707E+06   0.287673E+06   0.401319E-01
   0.292903E+00   0.490676E+06   0.487778E+06   0.353704E+00  -0.195329E-01   0.239387E+06   0.472845E+06   0.490190E+06   0.472845E+06  -0.114116E-01   0.281061E+06   0.281028E+06   0.378632E-01
   0.298057E+00   0.479855E+06   0.477096E+06   0.333533E+00  -0.190842E-01   0.231762E+06   0.462266E+06   0.479392E+06   0.462266E+06  -0.111563E-01   0.274960E+06   0.274928E+06   0.356146E-01
   0.303211E+00   0.469551E+06   0.466924E+06   0.314871E+00  -0.186585E-01   0.224529E+06   0.452196E+06   0.469110E+06   0.452196E+06  -0.109132E-01   0.269148E+06   0.269118E+06   0.335580E-01
   0.308365E+00   0.459383E+06   0.456868E+06   0.297413E+00  -0.181803E-01   0.217494E+06   0.442262E+06   0.458961E+06   0.442262E+06  -0.106735E-01   0.263405E+06   0.263376E+06   0.318070E-01
   0.313520E+00   0.449110E+06   0.446675E+06   0.280826E+00  -0.177377E-01   0.210539E+06   0.432230E+06   0.448701E+06   0.432230E+06  -0.104314E-01   0.257591E+06   0.257563E+06   0.303995E-01
   0.318674E+00   0.438655E+06   0.436272E+06   0.265129E+00  -0.172069E-01   0.203626E+06   0.422029E+06   0.438255E+06   0.422029E+06  -0.101852E-01   0.251665E+06   0.251637E+06   0.293020E-01
   0.323828E+00   0.428095E+06   0.425742E+06   0.250198E+00  -0.167080E-01   0.196791E+06   0.411731E+06   0.427700E+06   0.411731E+06  -0.993665E-02   0.245670E+06   0.245642E+06   0.284297E-01
   0.328982E+00   0.417613E+06   0.415277E+06   0.236121E+00  -0.162156E-01   0.190115E+06   0.401515E+06   0.417221E+06   0.401515E+06  -0.969009E-02   0.239712E+06   0.239685E+06   0.276750E-01
   0.334136E+00   0.407431E+06   0.405110E+06   0.222982E+00  -0.157203E-01   0.183696E+06   0.391595E+06   0.407041E+06   0.391595E+06  -0.945069E-02   0.233922E+06   0.233895E+06   0.269372E-01
   0.339290E+00   0.397749E+06   0.395453E+06   0.210820E+00  -0.152348E-01   0.177618E+06   0.382167E+06   0.397363E+06   0.382167E+06  -0.922314E-02   0.228414E+06   0.228388E+06   0.261443E-01
   0.344444E+00   0.388693E+06   0.386434E+06   0.199607E+00  -0.147873E-01   0.171926E+06   0.373349E+06   0.388313E+06   0.373349E+06  -0.901033E-02   0.223263E+06   0.223237E+06   0.252638E-01
   0.349598E+00   0.380285E+06   0.378078E+06   0.189339E+00  -0.143232E-01   0.166622E+06   0.365164E+06   0.379914E+06   0.365164E+06  -0.881279E-02   0.218482E+06   0.218457E+06   0.243018E-01
   0.354752E+00   0.372458E+06   0.370314E+06   0.179836E+00  -0.139233E-01   0.161664E+06   0.357545E+06   0.372098E+06   0.357545E+06  -0.862894E-02   0.214032E+06   0.214008E+06   0.232936E-01
   0.359906E+00   0.365091E+06   0.363015E+06   0.171021E+00  -0.135448E-01   0.156991E+06   0.350375E+06   0.364743E+06   0.350375E+06  -0.845590E-02   0.209844E+06   0.209820E+06   0.222891E-01
   0.365060E+00   0.358042E+06   0.356033E+06   0.162799E+00  -0.131658E-01   0.152535E+06   0.343516E+06   0.357705E+06   0.343516E+06  -0.829036E-02   0.205836E+06   0.205812E+06   0.213381E-01
   0.370215E+00   0.351176E+06   0.349227E+06   0.155073E+00  -0.127785E-01   0.148232E+06   0.336836E+06   0.350849E+06   0.336836E+06  -0.812915E-02   0.201929E+06   0.201906E+06   0.204774E-01
   0.375369E+00   0.344386E+06   0.342486E+06   0.147764E+00  -0.123833E-01   0.144034E+06   0.330233E+06   0.344067E+06   0.330233E+06  -0.796979E-02   0.198061E+06   0.198039E+06   0.197234E-01
   0.380523E+00   0.337614E+06   0.335754E+06   0.140765E+00  -0.120358E-01   0.139914E+06   0.323651E+06   0.337302E+06   0.323651E+06  -0.781094E-02   0.194201E+06   0.194179E+06   0.190722E-01
   0.385677E+00   0.330871E+06   0.329041E+06   0.134120E+00  -0.116775E-01   0.135876E+06   0.317100E+06   0.330564E+06   0.317100E+06  -0.765283E-02   0.190354E+06   0.190332E+06   0.185040E-01
   0.390831E+00   0.324213E+06   0.322408E+06   0.127822E+00  -0.113203E-01   0.131939E+06   0.310634E+06   0.323910E+06   0.310634E+06  -0.749678E-02   0.186553E+06   0.186532E+06   0.179901E-01
   0.395985E+00   0.317717E+06   0.315935E+06   0.121873E+00  -0.109751E-01   0.128134E+06   0.304328E+06   0.317418E+06   0.304328E+06  -0.734459E-02   0.182843E+06   0.182822E+06   0.175012E-01
   0.401139E+00   0.311446E+06   0.309688E+06   0.116275E+00  -0.106443E-01   0.124482E+06   0.298242E+06   0.311151E+06   0.298242E+06  -0.719771E-02   0.179260E+06   0.179239E+06   0.170135E-01
   0.406293E+00   0.305439E+06   0.303708E+06   0.111029E+00  -0.103213E-01   0.120994E+06   0.292413E+06   0.305148E+06   0.292413E+06  -0.705704E-02   0.175827E+06   0.175807E+06   0.165131E-01
   0.411447E+00   0.299714E+06   0.298015E+06   0.106108E+00  -0.100195E-01   0.117676E+06   0.286859E+06   0.299428E+06   0.286859E+06  -0.692300E-02   0.172556E+06   0.172536E+06   0.159976E-01
   0.416601E+00   0.294269E+06   0.292606E+06   0.101510E+00  -0.972017E-02   0.114521E+06   0.281578E+06   0.293990E+06   0.281578E+06  -0.679556E-02   0.169445E+06   0.169426E+06   0.154739E-01
   0.421755E+00   0.289071E+06   0.287446E+06   0.971789E-01  -0.944677E-02   0.111513E+06   0.276538E+06   0.288798E+06   0.276538E+06  -0.667392E-02   0.166475E+06   0.166456E+06   0.149545E-01
   0.426910E+00   0.284063E+06   0.282475E+06   0.931046E-01  -0.917258E-02   0.108625E+06   0.271682E+06   0.283796E+06   0.271682E+06  -0.655673E-02   0.163612E+06   0.163594E+06   0.144530E-01
   0.432064E+00   0.279188E+06   0.277635E+06   0.892442E-01  -0.890643E-02   0.105834E+06   0.266957E+06   0.278927E+06   0.266957E+06  -0.644268E-02   0.160825E+06   0.160807E+06   0.139808E-01
   0.437218E+00   0.274411E+06   0.272891E+06   0.855631E-01  -0.865862E-02   0.103124E+06   0.262327E+06   0.274155E+06   0.262327E+06  -0.633097E-02   0.158093E+06   0.158075E+06   0.135447E-01
   0.442372E+00   0.269714E+06   0.268223E+06   0.820559E-01  -0.841829E-02   0.100487E+06   0.257778E+06   0.269464E+06   0.257778E+06  -0.622116E-02   0.155405E+06   0.155388E+06   0.131457E-01
   0.447526E+00   0.265088E+06   0.263622E+06   0.787192E-01  -0.817642E-02   0.979162E+05   0.253298E+06   0.264842E+06   0.253298E+06  -0.611304E-02   0.152756E+06   0.152739E+06   0.127797E-01
   0.452680E+00   0.260533E+06   0.259089E+06   0.755414E-01  -0.793625E-02   0.954121E+05   0.248888E+06   0.260290E+06   0.248888E+06  -0.600662E-02   0.150147E+06   0.150130E+06   0.124390E-01
   0.457834E+00   0.256068E+06   0.254645E+06   0.725016E-01  -0.771661E-02   0.929796E+05   0.244567E+06   0.255829E+06   0.244567E+06  -0.590233E-02   0.147589E+06   0.147573E+06   0.121150E-01
   0.462988E+00   0.251722E+06   0.250319E+06   0.696259E-01  -0.749260E-02   0.906276E+05   0.240362E+06   0.251486E+06   0.240362E+06  -0.580085E-02   0.145099E+06   0.145082E+06   0.118003E-01
   0.468142E+00   0.247516E+06   0.246134E+06   0.668918E-01  -0.728454E-02   0.883617E+05   0.236293E+06   0.247284E+06   0.236293E+06  -0.570266E-02   0.142688E+06   0.142672E+06   0.114896E-01
   0.473296E+00   0.243453E+06   0.242094E+06   0.643198E-01  -0.706539E-02   0.861815E+05   0.232364E+06   0.243225E+06   0.232364E+06  -0.560783E-02   0.140359E+06   0.140343E+06   0.111803E-01
   0.478450E+00   0.239528E+06   0.238192E+06   0.618500E-01  -0.688562E-02   0.840829E+05   0.228569E+06   0.239303E+06   0.228569E+06  -0.551624E-02   0.138109E+06   0.138093E+06   0.108731E-01
   0.483605E+00   0.235732E+06   0.234420E+06   0.595279E-01  -0.669026E-02   0.820613E+05   0.224900E+06   0.235512E+06   0.224900E+06  -0.542769E-02   0.135932E+06   0.135917E+06   0.105705E-01
   0.488759E+00   0.232055E+06   0.230767E+06   0.573147E-01  -0.650880E-02   0.801111E+05   0.221346E+06   0.231839E+06   0.221346E+06  -0.534193E-02   0.133824E+06   0.133809E+06   0.102761E-01
   0.493913E+00   0.228480E+06   0.227215E+06   0.552076E-01  -0.633313E-02   0.782249E+05   0.217891E+06   0.228268E+06   0.217891E+06  -0.525855E-02   0.131773E+06   0.131759E+06   0.999341E-02
   0.499067E+00   0.224986E+06   0.223743E+06   0.531974E-01  -0.616201E-02   0.763944E+05   0.214516E+06   0.224778E+06   0.214516E+06  -0.517709E-02   0.129769E+06   0.129755E+06   0.972463E-02
   0.504221E+00   0.221560E+06   0.220337E+06   0.512752E-01  -0.599564E-02   0.746136E+05   0.211206E+06   0.221354E+06   0.211206E+06  -0.509722E-02   0.127803E+06   0.127788E+06   0.947056E-02
   0.509375E+00   0.218196E+06   0.216992E+06   0.494332E-01  -0.583673E-02   0.728800E+05   0.207958E+06   0.217994E+06   0.207958E+06  -0.501882E-02   0.125872E+06   0.125858E+06   0.923060E-02
   0.514529E+00   0.214897E+06   0.213712E+06   0.476737E-01  -0.567947E-02   0.711935E+05   0.204774E+06   0.214698E+06   0.204774E+06  -0.494198E-02   0.123978E+06   0.123964E+06   0.900303E-02
   0.519683E+00   0.211667E+06   0.210499E+06   0.459872E-01  -0.553047E-02   0.695543E+05   0.201657E+06   0.211471E+06   0.201657E+06  -0.486675E-02   0.122123E+06   0.122110E+06   0.878540E-02
   0.524837E+00   0.208508E+06   0.207356E+06   0.443798E-01  -0.538043E-02   0.679619E+05   0.198608E+06   0.208315E+06   0.198608E+06  -0.479318E-02   0.120309E+06   0.120295E+06   0.857519E-02
   0.529991E+00   0.205424E+06   0.204289E+06   0.428392E-01  -0.523936E-02   0.664170E+05   0.195633E+06   0.205233E+06   0.195633E+06  -0.472138E-02   0.118537E+06   0.118524E+06   0.837040E-02
   0.535145E+00   0.202421E+06   0.201302E+06   0.413679E-01  -0.510260E-02   0.649203E+05   0.192737E+06   0.202233E+06   0.192737E+06  -0.465147E-02   0.116812E+06   0.116798E+06   0.816988E-02
   0.540300E+00   0.199501E+06   0.198399E+06   0.399648E-01  -0.496856E-02   0.634718E+05   0.189921E+06   0.199316E+06   0.189921E+06  -0.458353E-02   0.115134E+06   0.115121E+06   0.797330E-02
   0.545454E+00   0.196660E+06   0.195575E+06   0.386227E-01  -0.484041E-02   0.620690E+05   0.187182E+06   0.196478E+06   0.187182E+06  -0.451743E-02   0.113501E+06   0.113489E+06   0.778090E-02
   0.550608E+00   0.193890E+06   0.192821E+06   0.373373E-01  -0.471763E-02   0.607083E+05   0.184513E+06   0.193711E+06   0.184513E+06  -0.445300E-02   0.111909E+06   0.111897E+06   0.759337E-02
   0.555762E+00   0.191185E+06   0.190133E+06   0.361058E-01  -0.459925E-02   0.593872E+05   0.181906E+06   0.191008E+06   0.181906E+06  -0.439009E-02   0.110355E+06   0.110342E+06   0.741157E-02
   0.560916E+00   0.188542E+06   0.187505E+06   0.349270E-01  -0.448320E-02   0.581037E+05   0.179359E+06   0.188368E+06   0.179359E+06  -0.432862E-02   0.108835E+06   0.108823E+06   0.723628E-02
   0.566070E+00   0.185956E+06   0.184934E+06   0.337959E-01  -0.437115E-02   0.568556E+05   0.176868E+06   0.185784E+06   0.176868E+06  -0.426850E-02   0.107348E+06   0.107336E+06   0.706786E-02
   0.571224E+00   0.183420E+06   0.182414E+06   0.327125E-01  -0.425994E-02   0.556406E+05   0.174426E+06   0.183251E+06   0.174426E+06  -0.420957E-02   0.105890E+06   0.105878E+06   0.690621E-02
   0.576378E+00   0.180932E+06   0.179940E+06   0.316684E-01  -0.415498E-02   0.544566E+05   0.172031E+06   0.180766E+06   0.172031E+06  -0.415176E-02   0.104459E+06   0.104447E+06   0.675087E-02
   0.581532E+00   0.178493E+06   0.177514E+06   0.306655E-01  -0.405285E-02   0.533035E+05   0.169682E+06   0.178328E+06   0.169682E+06  -0.409508E-02   0.103056E+06   0.103044E+06   0.660121E-02
   0.586686E+00   0.176104E+06   0.175138E+06   0.297047E-01  -0.395137E-02   0.521814E+05   0.167383E+06   0.175942E+06   0.167383E+06  -0.403959E-02   0.101681E+06   0.101670E+06   0.645650E-02
   0.591840E+00   0.173767E+06   0.172814E+06   0.287805E-01  -0.385460E-02   0.510901E+05   0.165134E+06   0.173607E+06   0.165134E+06  -0.398531E-02   0.100336E+06   0.100325E+06   0.631604E-02
   0.596995E+00   0.171480E+06   0.170540E+06   0.278934E-01  -0.375991E-02   0.500284E+05   0.162934E+06   0.171322E+06   0.162934E+06  -0.393222E-02   0.990204E+05   0.990094E+05   0.617922E-02
   0.602149E+00   0.169242E+06   0.168315E+06   0.270399E-01  -0.366922E-02   0.489955E+05   0.160782E+06   0.169087E+06   0.160782E+06  -0.388028E-02   0.977327E+05   0.977218E+05   0.604572E-02
   0.607303E+00   0.167055E+06   0.166140E+06   0.262209E-01  -0.358034E-02   0.479911E+05   0.158678E+06   0.166902E+06   0.158678E+06  -0.382951E-02   0.964737E+05   0.964630E+05   0.591547E-02
   0.612457E+00   0.164918E+06   0.164015E+06   0.254333E-01  -0.349475E-02   0.470146E+05   0.156623E+06   0.164766E+06   0.156623E+06  -0.377991E-02   0.952433E+05   0.952327E+05   0.578857E-02
   0.659749E+00   0.147188E+06   0.146386E+06   0.194408E-01  -0.281596E-02   0.391460E+05   0.139591E+06   0.147053E+06   0.139591E+06  -0.336886E-02   0.850321E+05   0.850227E+05   0.478664E-02
   0.710693E+00   0.131285E+06   0.130574E+06   0.148532E-01  -0.225943E-02   0.324671E+05   0.124340E+06   0.131166E+06   0.124340E+06  -0.300081E-02   0.758656E+05   0.758571E+05   0.395706E-02
   0.765571E+00   0.117057E+06   0.116426E+06   0.113469E-01  -0.180492E-02   0.268294E+05   0.110719E+06   0.116951E+06   0.110719E+06  -0.267206E-02   0.676583E+05   0.676508E+05   0.327187E-02
   0.895965E+00   0.916804E+05   0.911915E+05   0.641384E-02  -0.110927E-02   0.177116E+05   0.864886E+05   0.915983E+05   0.864886E+05  -0.208730E-02   0.530083E+05   0.530025E+05   0.218742E-02
   0.125042E+01   0.543028E+05   0.540204E+05   0.191096E-02  -0.377629E-03   0.702799E+04   0.509893E+05   0.542554E+05   0.509893E+05  -0.123057E-02   0.314083E+05   0.314048E+05   0.934844E-03
   0.174510E+01   0.319606E+05   0.317991E+05   0.568723E-03  -0.122983E-03   0.266121E+04   0.299091E+05   0.319335E+05   0.299091E+05  -0.721822E-03   0.184897E+05   0.184875E+05   0.405304E-03
   0.243548E+01   0.187264E+05   0.186348E+05   0.169245E-03  -0.388763E-04   0.963675E+03   0.174837E+05   0.187110E+05   0.174837E+05  -0.421949E-03   0.108357E+05   0.108344E+05   0.181577E-03
