#           k/h    P           
    0.10000E-03    0.45001E+03
    0.10202E-03    0.45872E+03
    0.10408E-03    0.46760E+03
    0.10618E-03    0.47664E+03
    0.10833E-03    0.48587E+03
    0.11052E-03    0.49527E+03
    0.11275E-03    0.50485E+03
    0.11503E-03    0.51462E+03
    0.11735E-03    0.52458E+03
    0.11972E-03    0.53473E+03
    0.12214E-03    0.54507E+03
    0.12461E-03    0.55561E+03
    0.12712E-03    0.56636E+03
    0.12969E-03    0.57731E+03
    0.13231E-03    0.58847E+03
    0.13499E-03    0.59985E+03
    0.13771E-03    0.61145E+03
    0.14049E-03    0.62327E+03
    0.14333E-03    0.63531E+03
    0.14623E-03    0.64759E+03
    0.14918E-03    0.66010E+03
    0.15220E-03    0.67286E+03
    0.15527E-03    0.68586E+03
    0.15841E-03    0.69910E+03
    0.16161E-03    0.71260E+03
    0.16487E-03    0.72636E+03
    0.16820E-03    0.74039E+03
    0.17160E-03    0.75468E+03
    0.17507E-03    0.76924E+03
    0.17860E-03    0.78409E+03
    0.18221E-03    0.79922E+03
    0.18589E-03    0.81463E+03
    0.18965E-03    0.83034E+03
    0.19348E-03    0.84635E+03
    0.19739E-03    0.86267E+03
    0.20138E-03    0.87930E+03
    0.20544E-03    0.89624E+03
    0.20959E-03    0.91351E+03
    0.21383E-03    0.93110E+03
    0.21815E-03    0.94903E+03
    0.22255E-03    0.96730E+03
    0.22705E-03    0.98591E+03
    0.23164E-03    0.10049E+04
    0.23632E-03    0.10242E+04
    0.24109E-03    0.10439E+04
    0.24596E-03    0.10640E+04
    0.25093E-03    0.10844E+04
    0.25600E-03    0.11052E+04
    0.26117E-03    0.11265E+04
    0.26645E-03    0.11481E+04
    0.27183E-03    0.11701E+04
    0.27732E-03    0.11926E+04
    0.28292E-03    0.12154E+04
    0.28864E-03    0.12387E+04
    0.29447E-03    0.12624E+04
    0.30042E-03    0.12866E+04
    0.30649E-03    0.13112E+04
    0.31268E-03    0.13363E+04
    0.31899E-03    0.13619E+04
    0.32544E-03    0.13879E+04
    0.33201E-03    0.14144E+04
    0.33872E-03    0.14414E+04
    0.34556E-03    0.14689E+04
    0.35254E-03    0.14969E+04
    0.35966E-03    0.15254E+04
    0.36693E-03    0.15545E+04
    0.37434E-03    0.15841E+04
    0.38190E-03    0.16142E+04
    0.38962E-03    0.16449E+04
    0.39749E-03    0.16761E+04
    0.40552E-03    0.17079E+04
    0.41371E-03    0.17403E+04
    0.42207E-03    0.17733E+04
    0.43060E-03    0.18069E+04
    0.43929E-03    0.18411E+04
    0.44817E-03    0.18759E+04
    0.45722E-03    0.19113E+04
    0.46646E-03    0.19474E+04
    0.47588E-03    0.19841E+04
    0.48550E-03    0.20215E+04
    0.49530E-03    0.20595E+04
    0.50531E-03    0.20982E+04
    0.51552E-03    0.21376E+04
    0.52593E-03    0.21777E+04
    0.53656E-03    0.22186E+04
    0.54739E-03    0.22601E+04
    0.55845E-03    0.23024E+04
    0.56973E-03    0.23454E+04
    0.58124E-03    0.23892E+04
    0.59299E-03    0.24337E+04
    0.60496E-03    0.24790E+04
    0.61719E-03    0.25251E+04
    0.62965E-03    0.25721E+04
    0.64237E-03    0.26198E+04
    0.65535E-03    0.26683E+04
    0.66859E-03    0.27177E+04
    0.68210E-03    0.27680E+04
    0.69588E-03    0.28191E+04
    0.70993E-03    0.28711E+04
    0.72427E-03    0.29239E+04
    0.73891E-03    0.29777E+04
    0.75383E-03    0.30324E+04
    0.76906E-03    0.30880E+04
    0.78460E-03    0.31446E+04
    0.80045E-03    0.32022E+04
    0.81662E-03    0.32607E+04
    0.83311E-03    0.33202E+04
    0.84994E-03    0.33807E+04
    0.86711E-03    0.34423E+04
    0.88463E-03    0.35048E+04
    0.90250E-03    0.35685E+04
    0.92073E-03    0.36332E+04
    0.93933E-03    0.36990E+04
    0.95831E-03    0.37659E+04
    0.97767E-03    0.38340E+04
    0.99742E-03    0.39031E+04
    0.10176E-02    0.39735E+04
    0.10381E-02    0.40450E+04
    0.10591E-02    0.41178E+04
    0.10805E-02    0.41917E+04
    0.11023E-02    0.42669E+04
    0.11246E-02    0.43434E+04
    0.11473E-02    0.44211E+04
    0.11705E-02    0.45002E+04
    0.11941E-02    0.45805E+04
    0.12182E-02    0.46622E+04
    0.12429E-02    0.47453E+04
    0.12680E-02    0.48298E+04
    0.12936E-02    0.49157E+04
    0.13197E-02    0.50030E+04
    0.13464E-02    0.50917E+04
    0.13736E-02    0.51819E+04
    0.14013E-02    0.52737E+04
    0.14296E-02    0.53669E+04
    0.14585E-02    0.54617E+04
    0.14880E-02    0.55580E+04
    0.15180E-02    0.56559E+04
    0.15487E-02    0.57554E+04
    0.15800E-02    0.58566E+04
    0.16119E-02    0.59593E+04
    0.16445E-02    0.60638E+04
    0.16777E-02    0.61699E+04
    0.17116E-02    0.62777E+04
    0.17462E-02    0.63872E+04
    0.17814E-02    0.64984E+04
    0.18174E-02    0.66114E+04
    0.18541E-02    0.67262E+04
    0.18916E-02    0.68427E+04
    0.19298E-02    0.69611E+04
    0.19688E-02    0.70812E+04
    0.20086E-02    0.72032E+04
    0.20491E-02    0.73270E+04
    0.20905E-02    0.74527E+04
    0.21328E-02    0.75803E+04
    0.21758E-02    0.77097E+04
    0.22198E-02    0.78410E+04
    0.22646E-02    0.79742E+04
    0.23104E-02    0.81093E+04
    0.23571E-02    0.82464E+04
    0.24047E-02    0.83853E+04
    0.24533E-02    0.85262E+04
    0.25028E-02    0.86690E+04
    0.25534E-02    0.88138E+04
    0.26050E-02    0.89605E+04
    0.26576E-02    0.91091E+04
    0.27113E-02    0.92596E+04
    0.27660E-02    0.94121E+04
    0.28219E-02    0.95666E+04
    0.28789E-02    0.97229E+04
    0.29371E-02    0.98812E+04
    0.29964E-02    0.10041E+05
    0.30569E-02    0.10203E+05
    0.31187E-02    0.10367E+05
    0.31817E-02    0.10533E+05
    0.32460E-02    0.10701E+05
    0.33115E-02    0.10871E+05
    0.33784E-02    0.11042E+05
    0.34467E-02    0.11215E+05
    0.35163E-02    0.11390E+05
    0.35874E-02    0.11567E+05
    0.36598E-02    0.11745E+05
    0.37338E-02    0.11925E+05
    0.38092E-02    0.12107E+05
    0.38861E-02    0.12290E+05
    0.39646E-02    0.12475E+05
    0.40447E-02    0.12661E+05
    0.41264E-02    0.12849E+05
    0.42098E-02    0.13039E+05
    0.42948E-02    0.13229E+05
    0.43816E-02    0.13421E+05
    0.44701E-02    0.13614E+05
    0.45604E-02    0.13809E+05
    0.46525E-02    0.14004E+05
    0.47465E-02    0.14201E+05
    0.48424E-02    0.14398E+05
    0.49402E-02    0.14597E+05
    0.50400E-02    0.14796E+05
    0.51419E-02    0.14996E+05
    0.52457E-02    0.15196E+05
    0.53517E-02    0.15397E+05
    0.54598E-02    0.15599E+05
    0.55701E-02    0.15801E+05
    0.56826E-02    0.16003E+05
    0.57974E-02    0.16205E+05
    0.59145E-02    0.16406E+05
    0.60340E-02    0.16608E+05
    0.61559E-02    0.16810E+05
    0.62803E-02    0.17011E+05
    0.64072E-02    0.17211E+05
    0.65366E-02    0.17411E+05
    0.66686E-02    0.17609E+05
    0.68033E-02    0.17807E+05
    0.69408E-02    0.18004E+05
    0.70810E-02    0.18199E+05
    0.72240E-02    0.18392E+05
    0.73700E-02    0.18584E+05
    0.75189E-02    0.18774E+05
    0.76708E-02    0.18961E+05
    0.78257E-02    0.19146E+05
    0.79838E-02    0.19329E+05
    0.81451E-02    0.19509E+05
    0.83096E-02    0.19686E+05
    0.84775E-02    0.19860E+05
    0.86488E-02    0.20030E+05
    0.88235E-02    0.20197E+05
    0.90017E-02    0.20360E+05
    0.91836E-02    0.20519E+05
    0.93691E-02    0.20673E+05
    0.95583E-02    0.20823E+05
    0.97514E-02    0.20968E+05
    0.99484E-02    0.21108E+05
    0.10149E-01    0.21242E+05
    0.10354E-01    0.21371E+05
    0.10564E-01    0.21494E+05
    0.10777E-01    0.21611E+05
    0.10995E-01    0.21722E+05
    0.11217E-01    0.21825E+05
    0.11443E-01    0.21922E+05
    0.11675E-01    0.22012E+05
    0.11910E-01    0.22094E+05
    0.12151E-01    0.22169E+05
    0.12397E-01    0.22236E+05
    0.12647E-01    0.22294E+05
    0.12902E-01    0.22345E+05
    0.13163E-01    0.22387E+05
    0.13429E-01    0.22419E+05
    0.13700E-01    0.22441E+05
    0.13977E-01    0.22453E+05
    0.14259E-01    0.22455E+05
    0.14547E-01    0.22448E+05
    0.14841E-01    0.22433E+05
    0.15141E-01    0.22410E+05
    0.15447E-01    0.22380E+05
    0.15759E-01    0.22342E+05
    0.16077E-01    0.22294E+05
    0.16402E-01    0.22236E+05
    0.16734E-01    0.22165E+05
    0.17072E-01    0.22080E+05
    0.17416E-01    0.21981E+05
    0.17768E-01    0.21869E+05
    0.18127E-01    0.21745E+05
    0.18493E-01    0.21611E+05
    0.18867E-01    0.21466E+05
    0.19248E-01    0.21312E+05
    0.19637E-01    0.21146E+05
    0.20034E-01    0.20968E+05
    0.20438E-01    0.20778E+05
    0.20851E-01    0.20574E+05
    0.21272E-01    0.20357E+05
    0.21702E-01    0.20130E+05
    0.22141E-01    0.19892E+05
    0.22588E-01    0.19645E+05
    0.23044E-01    0.19391E+05
    0.23510E-01    0.19130E+05
    0.23985E-01    0.18863E+05
    0.24469E-01    0.18589E+05
    0.24964E-01    0.18308E+05
    0.25468E-01    0.18021E+05
    0.25982E-01    0.17729E+05
    0.26507E-01    0.17431E+05
    0.27043E-01    0.17127E+05
    0.27589E-01    0.16817E+05
    0.28146E-01    0.16503E+05
    0.28715E-01    0.16183E+05
    0.29295E-01    0.15861E+05
    0.29887E-01    0.15535E+05
    0.30490E-01    0.15208E+05
    0.31106E-01    0.14880E+05
    0.31735E-01    0.14552E+05
    0.32376E-01    0.14225E+05
    0.33030E-01    0.13899E+05
    0.33697E-01    0.13576E+05
    0.34378E-01    0.13256E+05
    0.35072E-01    0.12940E+05
    0.35781E-01    0.12629E+05
    0.36504E-01    0.12326E+05
    0.37241E-01    0.12030E+05
    0.37993E-01    0.11743E+05
    0.38761E-01    0.11464E+05
    0.39544E-01    0.11192E+05
    0.40343E-01    0.10929E+05
    0.41158E-01    0.10673E+05
    0.41989E-01    0.10423E+05
    0.42838E-01    0.10181E+05
    0.43703E-01    0.99485E+04
    0.44586E-01    0.97255E+04
    0.45486E-01    0.95132E+04
    0.46405E-01    0.93121E+04
    0.47343E-01    0.91217E+04
    0.48299E-01    0.89410E+04
    0.49275E-01    0.87694E+04
    0.50270E-01    0.86062E+04
    0.51286E-01    0.84504E+04
    0.52322E-01    0.83012E+04
    0.53379E-01    0.81577E+04
    0.54457E-01    0.80191E+04
    0.55557E-01    0.78846E+04
    0.56680E-01    0.77535E+04
    0.57825E-01    0.76251E+04
    0.58993E-01    0.74985E+04
    0.60184E-01    0.73725E+04
    0.61400E-01    0.72456E+04
    0.62641E-01    0.71166E+04
    0.63906E-01    0.69839E+04
    0.65197E-01    0.68463E+04
    0.66514E-01    0.67022E+04
    0.67858E-01    0.65514E+04
    0.69229E-01    0.63945E+04
    0.70627E-01    0.62322E+04
    0.72054E-01    0.60644E+04
    0.73510E-01    0.58897E+04
    0.74994E-01    0.57066E+04
    0.76509E-01    0.55160E+04
    0.78055E-01    0.53204E+04
    0.79632E-01    0.51224E+04
    0.81241E-01    0.49240E+04
    0.82882E-01    0.47264E+04
    0.84556E-01    0.45312E+04
    0.86264E-01    0.43401E+04
    0.88007E-01    0.41549E+04
    0.89785E-01    0.39772E+04
    0.91598E-01    0.38086E+04
    0.93449E-01    0.36503E+04
    0.95337E-01    0.35036E+04
    0.97263E-01    0.33696E+04
    0.99227E-01    0.32488E+04
    0.10123E+00    0.31413E+04
    0.10328E+00    0.30467E+04
    0.10536E+00    0.29642E+04
    0.10749E+00    0.28920E+04
    0.10966E+00    0.28285E+04
    0.11188E+00    0.27712E+04
    0.11414E+00    0.27177E+04
    0.11644E+00    0.26657E+04
    0.11880E+00    0.26127E+04
    0.12120E+00    0.25567E+04
    0.12365E+00    0.24959E+04
    0.12614E+00    0.24290E+04
    0.12869E+00    0.23554E+04
    0.13129E+00    0.22749E+04
    0.13394E+00    0.21880E+04
    0.13665E+00    0.20961E+04
    0.13941E+00    0.20007E+04
    0.14223E+00    0.19041E+04
    0.14510E+00    0.18086E+04
    0.14803E+00    0.17169E+04
    0.15102E+00    0.16313E+04
    0.15407E+00    0.15538E+04
    0.15718E+00    0.14858E+04
    0.16036E+00    0.14276E+04
    0.16360E+00    0.13787E+04
    0.16690E+00    0.13377E+04
    0.17028E+00    0.13028E+04
    0.17371E+00    0.12719E+04
    0.17722E+00    0.12427E+04
    0.18080E+00    0.12131E+04
    0.18446E+00    0.11807E+04
    0.18818E+00    0.11440E+04
    0.19198E+00    0.11023E+04
    0.19586E+00    0.10561E+04
    0.19982E+00    0.10069E+04
    0.20386E+00    0.95684E+03
    0.20797E+00    0.90794E+03
    0.21218E+00    0.86207E+03
    0.21646E+00    0.82078E+03
    0.22083E+00    0.78504E+03
    0.22530E+00    0.75500E+03
    0.22985E+00    0.72982E+03
    0.23449E+00    0.70799E+03
    0.23923E+00    0.68767E+03
    0.24406E+00    0.66712E+03
    0.24899E+00    0.64491E+03
    0.25402E+00    0.62031E+03
    0.25915E+00    0.59353E+03
    0.26439E+00    0.56559E+03
    0.26973E+00    0.53792E+03
    0.27518E+00    0.51185E+03
    0.28074E+00    0.48837E+03
    0.28641E+00    0.46794E+03
    0.29219E+00    0.45030E+03
    0.29810E+00    0.43458E+03
    0.30412E+00    0.41963E+03
    0.31026E+00    0.40443E+03
    0.31653E+00    0.38841E+03
    0.32292E+00    0.37157E+03
    0.32945E+00    0.35446E+03
    0.33610E+00    0.33789E+03
    0.34289E+00    0.32257E+03
    0.34982E+00    0.30881E+03
    0.35689E+00    0.29644E+03
    0.36409E+00    0.28499E+03
    0.37145E+00    0.27389E+03
    0.37895E+00    0.26270E+03
    0.38661E+00    0.25131E+03
    0.39442E+00    0.24001E+03
    0.40239E+00    0.22919E+03
    0.41052E+00    0.21910E+03
    0.41881E+00    0.20982E+03
    0.42727E+00    0.20117E+03
    0.43590E+00    0.19282E+03
    0.44471E+00    0.18461E+03
    0.45369E+00    0.17651E+03
    0.46286E+00    0.16863E+03
    0.47221E+00    0.16117E+03
    0.48174E+00    0.15416E+03
    0.49148E+00    0.14755E+03
    0.50141E+00    0.14121E+03
    0.51153E+00    0.13504E+03
    0.52187E+00    0.12906E+03
    0.53241E+00    0.12332E+03
    0.54317E+00    0.11787E+03
    0.55414E+00    0.11270E+03
    0.56533E+00    0.10775E+03
    0.57675E+00    0.10298E+03
    0.58840E+00    0.98394E+02
    0.60029E+00    0.94001E+02
    0.61242E+00    0.89813E+02
    0.62479E+00    0.85818E+02
    0.63741E+00    0.81987E+02
    0.65029E+00    0.78315E+02
    0.66342E+00    0.74798E+02
    0.67683E+00    0.71434E+02
    0.69050E+00    0.68216E+02
    0.70445E+00    0.65140E+02
    0.71868E+00    0.62199E+02
    0.73320E+00    0.59390E+02
    0.74801E+00    0.56704E+02
    0.76312E+00    0.54137E+02
    0.77854E+00    0.51682E+02
    0.79426E+00    0.49333E+02
    0.81031E+00    0.47086E+02
    0.82668E+00    0.44937E+02
    0.84338E+00    0.42882E+02
    0.86041E+00    0.40918E+02
    0.87780E+00    0.39041E+02
    0.89553E+00    0.37247E+02
    0.91362E+00    0.35534E+02
    0.93208E+00    0.33898E+02
    0.95091E+00    0.32335E+02
    0.97011E+00    0.30842E+02
    0.98971E+00    0.29417E+02
    0.10097E+01    0.28056E+02
    0.10301E+01    0.26756E+02
    0.10509E+01    0.25515E+02
    0.10721E+01    0.24330E+02
    0.10938E+01    0.23199E+02
    0.11159E+01    0.22119E+02
    0.11384E+01    0.21088E+02
    0.11614E+01    0.20104E+02
    0.11849E+01    0.19165E+02
    0.12088E+01    0.18269E+02
    0.12333E+01    0.17413E+02
    0.12582E+01    0.16597E+02
    0.12836E+01    0.15818E+02
    0.13095E+01    0.15075E+02
    0.13360E+01    0.14366E+02
    0.13630E+01    0.13689E+02
    0.13905E+01    0.13044E+02
    0.14186E+01    0.12428E+02
    0.14472E+01    0.11840E+02
    0.14765E+01    0.11280E+02
    0.15063E+01    0.10745E+02
    0.15367E+01    0.10236E+02
    0.15678E+01    0.97493E+01
    0.15994E+01    0.92855E+01
    0.16318E+01    0.88432E+01
    0.16647E+01    0.84214E+01
    0.16984E+01    0.80192E+01
    0.17327E+01    0.76357E+01
    0.17677E+01    0.72700E+01
    0.18034E+01    0.69214E+01
    0.18398E+01    0.65891E+01
    0.18770E+01    0.62724E+01
    0.19149E+01    0.59706E+01
    0.19536E+01    0.56830E+01
    0.19930E+01    0.54091E+01
    0.20333E+01    0.51481E+01
    0.20744E+01    0.48996E+01
    0.21163E+01    0.46629E+01
    0.21590E+01    0.44375E+01
    0.22026E+01    0.42229E+01
    0.22471E+01    0.40186E+01
    0.22925E+01    0.38241E+01
    0.23388E+01    0.36390E+01
    0.23861E+01    0.34628E+01
    0.24343E+01    0.32951E+01
