#          k/h    CDM            baryon         photon         nu             mass_nu        total          no_nu          total_de       Weyl           v_CDM          v_b            v_b-v_c     
   0.104347E-04   0.193336E+08   0.193336E+08   0.257652E+08   0.257648E+08   0.193337E+08   0.193336E+08   0.193336E+08   0.193400E+08  -0.569807E+00   0.108658E+08   0.108658E+08   0.565846E+01
   0.115298E-04   0.193336E+08   0.193336E+08   0.257624E+08   0.257619E+08   0.193337E+08   0.193336E+08   0.193336E+08   0.193400E+08  -0.569809E+00   0.108659E+08   0.108659E+08   0.625212E+01
   0.127399E-04   0.193336E+08   0.193336E+08   0.257589E+08   0.257583E+08   0.193337E+08   0.193336E+08   0.193336E+08   0.193400E+08  -0.569811E+00   0.108659E+08   0.108659E+08   0.690801E+01
   0.140769E-04   0.193336E+08   0.193336E+08   0.257546E+08   0.257539E+08   0.193337E+08   0.193336E+08   0.193336E+08   0.193400E+08  -0.569813E+00   0.108660E+08   0.108660E+08   0.763265E+01
   0.155542E-04   0.193336E+08   0.193336E+08   0.257494E+08   0.257486E+08   0.193337E+08   0.193336E+08   0.193336E+08   0.193400E+08  -0.569817E+00   0.108661E+08   0.108661E+08   0.843322E+01
   0.171866E-04   0.193336E+08   0.193336E+08   0.257431E+08   0.257421E+08   0.193337E+08   0.193336E+08   0.193336E+08   0.193400E+08  -0.569821E+00   0.108662E+08   0.108662E+08   0.931765E+01
   0.189903E-04   0.193336E+08   0.193336E+08   0.257354E+08   0.257341E+08   0.193337E+08   0.193336E+08   0.193336E+08   0.193400E+08  -0.569825E+00   0.108664E+08   0.108664E+08   0.102947E+02
   0.209833E-04   0.193336E+08   0.193336E+08   0.257259E+08   0.257244E+08   0.193337E+08   0.193336E+08   0.193336E+08   0.193400E+08  -0.569831E+00   0.108666E+08   0.108666E+08   0.113740E+02
   0.231854E-04   0.193336E+08   0.193336E+08   0.257144E+08   0.257125E+08   0.193337E+08   0.193336E+08   0.193336E+08   0.193401E+08  -0.569838E+00   0.108668E+08   0.108668E+08   0.125661E+02
   0.256187E-04   0.193336E+08   0.193336E+08   0.257004E+08   0.256981E+08   0.193337E+08   0.193336E+08   0.193336E+08   0.193401E+08  -0.569847E+00   0.108670E+08   0.108670E+08   0.138828E+02
   0.283073E-04   0.193336E+08   0.193336E+08   0.256832E+08   0.256804E+08   0.193337E+08   0.193336E+08   0.193336E+08   0.193401E+08  -0.569857E+00   0.108673E+08   0.108673E+08   0.153370E+02
   0.312781E-04   0.193336E+08   0.193336E+08   0.256623E+08   0.256588E+08   0.193337E+08   0.193336E+08   0.193336E+08   0.193401E+08  -0.569870E+00   0.108677E+08   0.108677E+08   0.169429E+02
   0.345607E-04   0.193336E+08   0.193336E+08   0.256368E+08   0.256326E+08   0.193337E+08   0.193337E+08   0.193336E+08   0.193401E+08  -0.569886E+00   0.108682E+08   0.108682E+08   0.187160E+02
   0.381877E-04   0.193337E+08   0.193336E+08   0.256056E+08   0.256005E+08   0.193337E+08   0.193337E+08   0.193337E+08   0.193401E+08  -0.569905E+00   0.108688E+08   0.108688E+08   0.206734E+02
   0.421955E-04   0.193337E+08   0.193337E+08   0.255677E+08   0.255614E+08   0.193338E+08   0.193337E+08   0.193337E+08   0.193401E+08  -0.569929E+00   0.108695E+08   0.108695E+08   0.228339E+02
   0.466238E-04   0.193337E+08   0.193337E+08   0.255214E+08   0.255138E+08   0.193338E+08   0.193337E+08   0.193337E+08   0.193401E+08  -0.569957E+00   0.108703E+08   0.108703E+08   0.252179E+02
   0.515168E-04   0.193337E+08   0.193337E+08   0.254650E+08   0.254558E+08   0.193338E+08   0.193337E+08   0.193337E+08   0.193401E+08  -0.569992E+00   0.108714E+08   0.108714E+08   0.278479E+02
   0.569234E-04   0.193337E+08   0.193337E+08   0.253964E+08   0.253850E+08   0.193338E+08   0.193337E+08   0.193337E+08   0.193401E+08  -0.570035E+00   0.108726E+08   0.108726E+08   0.307480E+02
   0.628974E-04   0.193338E+08   0.193337E+08   0.253128E+08   0.252990E+08   0.193338E+08   0.193338E+08   0.193338E+08   0.193401E+08  -0.570086E+00   0.108742E+08   0.108742E+08   0.339447E+02
   0.694983E-04   0.193338E+08   0.193338E+08   0.252111E+08   0.251943E+08   0.193339E+08   0.193338E+08   0.193338E+08   0.193401E+08  -0.570150E+00   0.108761E+08   0.108761E+08   0.374665E+02
   0.767920E-04   0.193338E+08   0.193338E+08   0.250874E+08   0.250670E+08   0.193339E+08   0.193338E+08   0.193338E+08   0.193401E+08  -0.570227E+00   0.108784E+08   0.108784E+08   0.413437E+02
   0.848512E-04   0.193339E+08   0.193339E+08   0.249372E+08   0.249124E+08   0.193340E+08   0.193339E+08   0.193339E+08   0.193401E+08  -0.570321E+00   0.108812E+08   0.108812E+08   0.456089E+02
   0.937561E-04   0.193340E+08   0.193339E+08   0.247550E+08   0.247249E+08   0.193340E+08   0.193340E+08   0.193340E+08   0.193401E+08  -0.570436E+00   0.108846E+08   0.108846E+08   0.502962E+02
   0.103596E-03   0.193340E+08   0.193340E+08   0.245343E+08   0.244978E+08   0.193341E+08   0.193340E+08   0.193340E+08   0.193402E+08  -0.570576E+00   0.108888E+08   0.108888E+08   0.554413E+02
   0.114468E-03   0.193342E+08   0.193341E+08   0.242673E+08   0.242232E+08   0.193342E+08   0.193341E+08   0.193341E+08   0.193402E+08  -0.570746E+00   0.108939E+08   0.108939E+08   0.610804E+02
   0.126481E-03   0.193343E+08   0.193342E+08   0.239452E+08   0.238919E+08   0.193343E+08   0.193343E+08   0.193343E+08   0.193403E+08  -0.570954E+00   0.109001E+08   0.109001E+08   0.672499E+02
   0.139755E-03   0.193345E+08   0.193343E+08   0.235574E+08   0.234932E+08   0.193345E+08   0.193344E+08   0.193344E+08   0.193403E+08  -0.571206E+00   0.109077E+08   0.109076E+08   0.739847E+02
   0.154422E-03   0.193347E+08   0.193345E+08   0.230922E+08   0.230150E+08   0.193347E+08   0.193346E+08   0.193346E+08   0.193404E+08  -0.571513E+00   0.109169E+08   0.109168E+08   0.813166E+02
   0.170628E-03   0.193349E+08   0.193348E+08   0.225361E+08   0.224438E+08   0.193349E+08   0.193349E+08   0.193349E+08   0.193405E+08  -0.571886E+00   0.109280E+08   0.109280E+08   0.892720E+02
   0.188535E-03   0.193353E+08   0.193351E+08   0.218746E+08   0.217646E+08   0.193353E+08   0.193352E+08   0.193352E+08   0.193407E+08  -0.572339E+00   0.109415E+08   0.109415E+08   0.978685E+02
   0.208321E-03   0.193357E+08   0.193354E+08   0.210924E+08   0.209621E+08   0.193357E+08   0.193356E+08   0.193356E+08   0.193409E+08  -0.572888E+00   0.109579E+08   0.109579E+08   0.107111E+03
   0.230184E-03   0.193362E+08   0.193359E+08   0.201740E+08   0.200207E+08   0.193362E+08   0.193362E+08   0.193362E+08   0.193412E+08  -0.573552E+00   0.109777E+08   0.109777E+08   0.116985E+03
   0.254341E-03   0.193369E+08   0.193366E+08   0.191053E+08   0.189264E+08   0.193369E+08   0.193369E+08   0.193369E+08   0.193416E+08  -0.574354E+00   0.110017E+08   0.110016E+08   0.127454E+03
   0.281034E-03   0.193379E+08   0.193374E+08   0.178753E+08   0.176686E+08   0.193378E+08   0.193378E+08   0.193378E+08   0.193422E+08  -0.575320E+00   0.110305E+08   0.110304E+08   0.138446E+03
   0.310528E-03   0.193391E+08   0.193386E+08   0.164788E+08   0.162431E+08   0.193389E+08   0.193390E+08   0.193390E+08   0.193431E+08  -0.576480E+00   0.110651E+08   0.110650E+08   0.149847E+03
   0.343117E-03   0.193407E+08   0.193401E+08   0.149199E+08   0.146553E+08   0.193405E+08   0.193406E+08   0.193406E+08   0.193443E+08  -0.577869E+00   0.111065E+08   0.111063E+08   0.161495E+03
   0.379126E-03   0.193429E+08   0.193421E+08   0.132161E+08   0.129247E+08   0.193426E+08   0.193427E+08   0.193427E+08   0.193460E+08  -0.579524E+00   0.111558E+08   0.111556E+08   0.173165E+03
   0.418915E-03   0.193458E+08   0.193449E+08   0.114027E+08   0.110897E+08   0.193454E+08   0.193456E+08   0.193456E+08   0.193484E+08  -0.581485E+00   0.112141E+08   0.112139E+08   0.184565E+03
   0.462879E-03   0.193497E+08   0.193486E+08   0.953622E+07   0.921045E+07   0.193492E+08   0.193495E+08   0.193495E+08   0.193518E+08  -0.583794E+00   0.112827E+08   0.112825E+08   0.195334E+03
   0.511457E-03   0.193550E+08   0.193537E+08   0.769565E+07   0.736972E+07   0.193544E+08   0.193547E+08   0.193548E+08   0.193566E+08  -0.586492E+00   0.113628E+08   0.113625E+08   0.205047E+03
   0.565133E-03   0.193621E+08   0.193607E+08   0.597791E+07   0.566812E+07   0.193614E+08   0.193619E+08   0.193619E+08   0.193633E+08  -0.589612E+00   0.114553E+08   0.114550E+08   0.213237E+03
   0.624443E-03   0.193719E+08   0.193702E+08   0.448589E+07   0.421070E+07   0.193710E+08   0.193715E+08   0.193716E+08   0.193726E+08  -0.593179E+00   0.115610E+08   0.115605E+08   0.219423E+03
   0.689977E-03   0.193850E+08   0.193830E+08   0.330683E+07   0.308378E+07   0.193839E+08   0.193846E+08   0.193847E+08   0.193854E+08  -0.597198E+00   0.116799E+08   0.116794E+08   0.223165E+03
   0.762388E-03   0.194026E+08   0.194004E+08   0.248347E+07   0.232473E+07   0.194012E+08   0.194022E+08   0.194022E+08   0.194028E+08  -0.601651E+00   0.118114E+08   0.118109E+08   0.224121E+03
   0.842399E-03   0.194261E+08   0.194236E+08   0.198749E+07   0.189496E+07   0.194244E+08   0.194256E+08   0.194257E+08   0.194261E+08  -0.606483E+00   0.119540E+08   0.119535E+08   0.222100E+03
   0.930807E-03   0.194570E+08   0.194541E+08   0.171306E+07   0.167546E+07   0.194548E+08   0.194564E+08   0.194565E+08   0.194568E+08  -0.611604E+00   0.121050E+08   0.121044E+08   0.217103E+03
   0.102849E-02   0.194969E+08   0.194938E+08   0.151045E+07   0.150541E+07   0.194943E+08   0.194963E+08   0.194964E+08   0.194966E+08  -0.616882E+00   0.122603E+08   0.122597E+08   0.209305E+03
   0.113643E-02   0.195477E+08   0.195443E+08   0.126187E+07   0.126454E+07   0.195445E+08   0.195469E+08   0.195471E+08   0.195473E+08  -0.622159E+00   0.124154E+08   0.124147E+08   0.199014E+03
   0.125570E-02   0.196107E+08   0.196071E+08   0.958465E+06   0.953725E+06   0.196068E+08   0.196098E+08   0.196101E+08   0.196101E+08  -0.627270E+00   0.125651E+08   0.125644E+08   0.186612E+03
   0.138748E-02   0.196867E+08   0.196830E+08   0.697908E+06   0.687330E+06   0.196819E+08   0.196858E+08   0.196861E+08   0.196859E+08  -0.632076E+00   0.127050E+08   0.127043E+08   0.172553E+03
   0.153309E-02   0.197756E+08   0.197718E+08   0.562014E+06   0.557852E+06   0.197698E+08   0.197746E+08   0.197750E+08   0.197748E+08  -0.636499E+00   0.128324E+08   0.128317E+08   0.157423E+03
   0.169399E-02   0.198762E+08   0.198723E+08   0.493486E+06   0.138965E+06   0.198690E+08   0.198751E+08   0.198756E+08   0.198752E+08  -0.640535E+00   0.129468E+08   0.129461E+08   0.141982E+03
   0.187177E-02   0.199859E+08   0.199820E+08   0.380556E+06   0.138231E+06   0.199771E+08   0.199847E+08   0.199852E+08   0.199848E+08  -0.644250E+00   0.130501E+08   0.130494E+08   0.127064E+03
   0.206821E-02   0.201013E+08   0.200973E+08   0.262020E+06   0.134243E+06   0.200906E+08   0.200999E+08   0.201006E+08   0.201000E+08  -0.647731E+00   0.131448E+08   0.131441E+08   0.113374E+03
   0.228526E-02   0.202185E+08   0.202145E+08   0.229360E+06   0.126416E+06   0.202054E+08   0.202169E+08   0.202178E+08   0.202170E+08  -0.651037E+00   0.132333E+08   0.132326E+08   0.101390E+03
   0.252509E-02   0.203338E+08   0.203297E+08   0.195256E+06   0.115732E+06   0.203179E+08   0.203320E+08   0.203331E+08   0.203321E+08  -0.654170E+00   0.133163E+08   0.133156E+08   0.913282E+02
   0.279009E-02   0.204437E+08   0.204395E+08   0.139927E+06   0.103606E+06   0.204244E+08   0.204417E+08   0.204430E+08   0.204417E+08  -0.657086E+00   0.133932E+08   0.133925E+08   0.830050E+02
   0.308291E-02   0.205448E+08   0.205404E+08   0.126884E+06   0.911392E+05   0.205215E+08   0.205425E+08   0.205441E+08   0.205425E+08  -0.659722E+00   0.134630E+08   0.134623E+08   0.758830E+02
   0.340645E-02   0.206337E+08   0.206290E+08   0.908194E+05   0.790301E+05   0.206055E+08   0.206310E+08   0.206329E+08   0.206310E+08  -0.661998E+00   0.135242E+08   0.135235E+08   0.693712E+02
   0.376395E-02   0.207068E+08   0.207018E+08   0.776830E+05   0.677334E+05   0.206727E+08   0.207037E+08   0.207060E+08   0.207037E+08  -0.663816E+00   0.135748E+08   0.135741E+08   0.630895E+02
   0.415897E-02   0.207604E+08   0.207551E+08   0.576607E+05   0.575041E+05   0.207193E+08   0.207567E+08   0.207595E+08   0.207568E+08  -0.665063E+00   0.136126E+08   0.136119E+08   0.570918E+02
   0.459545E-02   0.207906E+08   0.207849E+08   0.500019E+05   0.484348E+05   0.207412E+08   0.207863E+08   0.207896E+08   0.207863E+08  -0.665614E+00   0.136350E+08   0.136343E+08   0.516695E+02
   0.507773E-02   0.207933E+08   0.207870E+08   0.434790E+05   0.405232E+05   0.207340E+08   0.207882E+08   0.207922E+08   0.207882E+08  -0.665334E+00   0.136394E+08   0.136387E+08   0.469635E+02
   0.561062E-02   0.207640E+08   0.207571E+08   0.322338E+05   0.337073E+05   0.206932E+08   0.207580E+08   0.207628E+08   0.207580E+08  -0.664079E+00   0.136227E+08   0.136220E+08   0.427727E+02
   0.619945E-02   0.206982E+08   0.206906E+08   0.257507E+05   0.278930E+05   0.206140E+08   0.206912E+08   0.206969E+08   0.206912E+08  -0.661696E+00   0.135819E+08   0.135812E+08   0.388522E+02
   0.685006E-02   0.205910E+08   0.205825E+08   0.191096E+05   0.229724E+05   0.204914E+08   0.205828E+08   0.205896E+08   0.205828E+08  -0.658027E+00   0.135138E+08   0.135130E+08   0.352510E+02
   0.756896E-02   0.204374E+08   0.204280E+08   0.157226E+05   0.188353E+05   0.203201E+08   0.204278E+08   0.204358E+08   0.204278E+08  -0.652905E+00   0.134149E+08   0.134141E+08   0.320602E+02
   0.836331E-02   0.202324E+08   0.202217E+08   0.139749E+05   0.153762E+05   0.200951E+08   0.202212E+08   0.202306E+08   0.202212E+08  -0.646162E+00   0.132818E+08   0.132811E+08   0.291561E+02
   0.924102E-02   0.199707E+08   0.199586E+08   0.108430E+05   0.124980E+05   0.198111E+08   0.199578E+08   0.199687E+08   0.199578E+08  -0.637630E+00   0.131113E+08   0.131105E+08   0.264936E+02
   0.102108E-01   0.196474E+08   0.196335E+08   0.857358E+04   0.101136E+05   0.194631E+08   0.196325E+08   0.196451E+08   0.196325E+08  -0.627144E+00   0.128998E+08   0.128991E+08   0.241047E+02
   0.112824E-01   0.192577E+08   0.192419E+08   0.689297E+04   0.814634E+04   0.190467E+08   0.192406E+08   0.192550E+08   0.192406E+08  -0.614551E+00   0.126444E+08   0.126437E+08   0.219240E+02
   0.124665E-01   0.187975E+08   0.187794E+08   0.571201E+04   0.652968E+04   0.185578E+08   0.187781E+08   0.187944E+08   0.187781E+08  -0.599716E+00   0.123423E+08   0.123415E+08   0.199524E+02
   0.137748E-01   0.182632E+08   0.182425E+08   0.487609E+04   0.520645E+04   0.179932E+08   0.182413E+08   0.182597E+08   0.182413E+08  -0.582525E+00   0.119912E+08   0.119904E+08   0.181574E+02
   0.152205E-01   0.176526E+08   0.176289E+08   0.348909E+04   0.412787E+04   0.173509E+08   0.176280E+08   0.176486E+08   0.176280E+08  -0.562901E+00   0.115895E+08   0.115888E+08   0.165252E+02
   0.168178E-01   0.169817E+08   0.169548E+08   0.287778E+04   0.325592E+04   0.166471E+08   0.169543E+08   0.169772E+08   0.169543E+08  -0.541359E+00   0.111480E+08   0.111472E+08   0.150442E+02
   0.185828E-01   0.162205E+08   0.161901E+08   0.231651E+04   0.254905E+04   0.158530E+08   0.161904E+08   0.162154E+08   0.161904E+08  -0.516941E+00   0.106469E+08   0.106461E+08   0.136720E+02
   0.205331E-01   0.153874E+08   0.153532E+08   0.181955E+04   0.198139E+04   0.149874E+08   0.153544E+08   0.153817E+08   0.153544E+08  -0.490231E+00   0.100983E+08   0.100976E+08   0.123982E+02
   0.226880E-01   0.144773E+08   0.144394E+08   0.131556E+04   0.152710E+04   0.140466E+08   0.144416E+08   0.144709E+08   0.144416E+08  -0.461072E+00   0.949902E+07   0.949826E+07   0.111955E+02
   0.250690E-01   0.135257E+08   0.134843E+08   0.106283E+04   0.116846E+04   0.130664E+08   0.134875E+08   0.135188E+08   0.134875E+08  -0.430600E+00   0.887246E+07   0.887171E+07   0.100538E+02
   0.277000E-01   0.125474E+08   0.125030E+08   0.871632E+03   0.887539E+03   0.120618E+08   0.125069E+08   0.125400E+08   0.125069E+08  -0.399286E+00   0.822836E+07   0.822762E+07   0.894957E+01
   0.306070E-01   0.115514E+08   0.115049E+08   0.613725E+03   0.668894E+03   0.110423E+08   0.115089E+08   0.115436E+08   0.115089E+08  -0.367419E+00   0.757271E+07   0.757199E+07   0.786235E+01
   0.338191E-01   0.105685E+08   0.105214E+08   0.444376E+03   0.500891E+03   0.100383E+08   0.105245E+08   0.105606E+08   0.105245E+08  -0.335986E+00   0.692587E+07   0.692519E+07   0.678330E+01
   0.373684E-01   0.963702E+07   0.959109E+07   0.360684E+03   0.373766E+03   0.908737E+07   0.959183E+07   0.962930E+07   0.959183E+07  -0.306208E+00   0.631301E+07   0.631237E+07   0.571557E+01
   0.412901E-01   0.879483E+07   0.875215E+07   0.258995E+03   0.279084E+03   0.822369E+07   0.874866E+07   0.878766E+07   0.874866E+07  -0.279288E+00   0.575896E+07   0.575838E+07   0.467644E+01
   0.454191E-01   0.807837E+07   0.804074E+07   0.496995E+03   0.211611E+03   0.748728E+07   0.803161E+07   0.807205E+07   0.803161E+07  -0.256396E+00   0.528781E+07   0.528730E+07   0.373361E+01
   0.495481E-01   0.752060E+07   0.748886E+07   0.388509E+03   0.165336E+03   0.690783E+07   0.747326E+07   0.751527E+07   0.747326E+07  -0.238570E+00   0.492101E+07   0.492058E+07   0.295256E+01
   0.536771E-01   0.707545E+07   0.704961E+07   0.311224E+03   0.132375E+03   0.643955E+07   0.702743E+07   0.707111E+07   0.702743E+07  -0.224337E+00   0.462821E+07   0.462784E+07   0.233119E+01
   0.578061E-01   0.670142E+07   0.668078E+07   0.253982E+03   0.107968E+03   0.604244E+07   0.665262E+07   0.669795E+07   0.665262E+07  -0.212371E+00   0.438210E+07   0.438177E+07   0.186044E+01
   0.619352E-01   0.636904E+07   0.635240E+07   0.210113E+03   0.892676E+02   0.568859E+07   0.631938E+07   0.636624E+07   0.631938E+07  -0.201732E+00   0.416329E+07   0.416301E+07   0.152462E+01
   0.660642E-01   0.605062E+07   0.603657E+07   0.175296E+03   0.744312E+02   0.535236E+07   0.600014E+07   0.604826E+07   0.600014E+07  -0.191541E+00   0.395365E+07   0.395339E+07   0.130014E+01
   0.701932E-01   0.572955E+07   0.571667E+07   0.146914E+03   0.623427E+02   0.501914E+07   0.567841E+07   0.572739E+07   0.567841E+07  -0.181270E+00   0.374230E+07   0.374206E+07   0.116023E+01
   0.743222E-01   0.540578E+07   0.539289E+07   0.123528E+03   0.523866E+02   0.468898E+07   0.535419E+07   0.540361E+07   0.535419E+07  -0.170920E+00   0.352924E+07   0.352900E+07   0.107857E+01
   0.784512E-01   0.507403E+07   0.506035E+07   0.103966E+03   0.440637E+02   0.435759E+07   0.502235E+07   0.507173E+07   0.502235E+07  -0.160326E+00   0.331108E+07   0.331084E+07   0.102884E+01
   0.825802E-01   0.474957E+07   0.473475E+07   0.877462E+02   0.371660E+02   0.403825E+07   0.469806E+07   0.474708E+07   0.469806E+07  -0.149974E+00   0.309784E+07   0.309759E+07   0.991632E+00
   0.867092E-01   0.444356E+07   0.442768E+07   0.743897E+02   0.314890E+02   0.374020E+07   0.439244E+07   0.444090E+07   0.439244E+07  -0.140218E+00   0.289682E+07   0.289657E+07   0.952332E+00
   0.918461E-01   0.410275E+07   0.408613E+07   0.611446E+02   0.258622E+02   0.341024E+07   0.405226E+07   0.409996E+07   0.405226E+07  -0.129358E+00   0.267306E+07   0.267281E+07   0.888210E+00
   0.969830E-01   0.381833E+07   0.380193E+07   0.509800E+02   0.215460E+02   0.313429E+07   0.376846E+07   0.381557E+07   0.376846E+07  -0.120298E+00   0.248638E+07   0.248615E+07   0.803833E+00
   0.102120E+00   0.359555E+07   0.358034E+07   0.432582E+02   0.182719E+02   0.291481E+07   0.354609E+07   0.359299E+07   0.354609E+07  -0.113200E+00   0.234017E+07   0.233996E+07   0.705061E+00
   0.107257E+00   0.342740E+07   0.341408E+07   0.373314E+02   0.157496E+02   0.274418E+07   0.337807E+07   0.342517E+07   0.337807E+07  -0.107836E+00   0.222977E+07   0.222957E+07   0.602760E+00
   0.112394E+00   0.329646E+07   0.328530E+07   0.326719E+02   0.137760E+02   0.260684E+07   0.324703E+07   0.329459E+07   0.324703E+07  -0.103653E+00   0.214372E+07   0.214355E+07   0.508260E+00
   0.117531E+00   0.318250E+07   0.317331E+07   0.288129E+02   0.121366E+02   0.248581E+07   0.313288E+07   0.318096E+07   0.313288E+07  -0.100009E+00   0.206880E+07   0.206865E+07   0.430239E+00
   0.122668E+00   0.306920E+07   0.306148E+07   0.254852E+02   0.107272E+02   0.236790E+07   0.301949E+07   0.306790E+07   0.301949E+07  -0.963893E-01   0.199434E+07   0.199420E+07   0.373024E+00
   0.127804E+00   0.294681E+07   0.293988E+07   0.225206E+02   0.947288E+01   0.224559E+07   0.289723E+07   0.294565E+07   0.289723E+07  -0.924864E-01   0.191399E+07   0.191386E+07   0.336239E+00
   0.132941E+00   0.281241E+07   0.280562E+07   0.198430E+02   0.833942E+01   0.211690E+07   0.276325E+07   0.281127E+07   0.276325E+07  -0.882094E-01   0.182585E+07   0.182573E+07   0.315707E+00
   0.138078E+00   0.266906E+07   0.266194E+07   0.174388E+02   0.732366E+01   0.198441E+07   0.262060E+07   0.266786E+07   0.262060E+07  -0.836555E-01   0.173195E+07   0.173182E+07   0.305163E+00
   0.143215E+00   0.252380E+07   0.251615E+07   0.153122E+02   0.642583E+01   0.185350E+07   0.247625E+07   0.252252E+07   0.247625E+07  -0.790476E-01   0.163688E+07   0.163676E+07   0.298135E+00
   0.148352E+00   0.238545E+07   0.237734E+07   0.134738E+02   0.564998E+01   0.173060E+07   0.233890E+07   0.238409E+07   0.233890E+07  -0.746630E-01   0.154640E+07   0.154628E+07   0.289492E+00
   0.153489E+00   0.226236E+07   0.225405E+07   0.119253E+02   0.499675E+01   0.162145E+07   0.221674E+07   0.226096E+07   0.221674E+07  -0.707634E-01   0.146593E+07   0.146580E+07   0.276328E+00
   0.158626E+00   0.215977E+07   0.215162E+07   0.106491E+02   0.445882E+01   0.152932E+07   0.211490E+07   0.215840E+07   0.211490E+07  -0.675124E-01   0.139886E+07   0.139874E+07   0.258067E+00
   0.163763E+00   0.207790E+07   0.207024E+07   0.960382E+01   0.401814E+01   0.145379E+07   0.203354E+07   0.207661E+07   0.203354E+07  -0.649152E-01   0.134531E+07   0.134520E+07   0.235971E+00
   0.168900E+00   0.201253E+07   0.200559E+07   0.873688E+01   0.365277E+01   0.139135E+07   0.196849E+07   0.201137E+07   0.196849E+07  -0.628387E-01   0.130253E+07   0.130242E+07   0.212375E+00
   0.174037E+00   0.195757E+07   0.195144E+07   0.799701E+01   0.334090E+01   0.133739E+07   0.191372E+07   0.195654E+07   0.191372E+07  -0.610904E-01   0.126653E+07   0.126643E+07   0.189883E+00
   0.179173E+00   0.190691E+07   0.190151E+07   0.734358E+01   0.306571E+01   0.128743E+07   0.186323E+07   0.190600E+07   0.186323E+07  -0.594784E-01   0.123335E+07   0.123326E+07   0.170629E+00
   0.184310E+00   0.185513E+07   0.185027E+07   0.674582E+01   0.281417E+01   0.123781E+07   0.181168E+07   0.185431E+07   0.181168E+07  -0.578329E-01   0.119945E+07   0.119937E+07   0.155773E+00
   0.189447E+00   0.179843E+07   0.179387E+07   0.618450E+01   0.257817E+01   0.118599E+07   0.175536E+07   0.179766E+07   0.175536E+07  -0.560352E-01   0.116239E+07   0.116230E+07   0.145383E+00
   0.194584E+00   0.173591E+07   0.173143E+07   0.565355E+01   0.235516E+01   0.113146E+07   0.169341E+07   0.173516E+07   0.169341E+07  -0.540575E-01   0.112157E+07   0.112149E+07   0.138651E+00
   0.199721E+00   0.166962E+07   0.166505E+07   0.515698E+01   0.214679E+01   0.107566E+07   0.162783E+07   0.166885E+07   0.162783E+07  -0.519640E-01   0.107833E+07   0.107825E+07   0.134265E+00
   0.204858E+00   0.160296E+07   0.159823E+07   0.470249E+01   0.195666E+01   0.102082E+07   0.156196E+07   0.160216E+07   0.156196E+07  -0.498613E-01   0.103488E+07   0.103480E+07   0.130785E+00
   0.209995E+00   0.153925E+07   0.153439E+07   0.429291E+01   0.178456E+01   0.969019E+06   0.149906E+07   0.153844E+07   0.149906E+07  -0.478533E-01   0.993384E+06   0.993304E+06   0.126985E+00
   0.215132E+00   0.148121E+07   0.147631E+07   0.393278E+01   0.163373E+01   0.921868E+06   0.144176E+07   0.148039E+07   0.144176E+07  -0.460244E-01   0.955587E+06   0.955508E+06   0.122114E+00
   0.220269E+00   0.143062E+07   0.142580E+07   0.362070E+01   0.150325E+01   0.880317E+06   0.139181E+07   0.142981E+07   0.139181E+07  -0.444297E-01   0.922640E+06   0.922563E+06   0.115975E+00
   0.225406E+00   0.138780E+07   0.138318E+07   0.335105E+01   0.139015E+01   0.844382E+06   0.134950E+07   0.138702E+07   0.134950E+07  -0.430789E-01   0.894742E+06   0.894669E+06   0.108845E+00
   0.230542E+00   0.135147E+07   0.134714E+07   0.311725E+01   0.129236E+01   0.813113E+06   0.131356E+07   0.135074E+07   0.131356E+07  -0.419318E-01   0.871066E+06   0.870996E+06   0.101287E+00
   0.235679E+00   0.131939E+07   0.131539E+07   0.290996E+01   0.120566E+01   0.785023E+06   0.128181E+07   0.131872E+07   0.128181E+07  -0.409183E-01   0.850156E+06   0.850090E+06   0.939502E-01
   0.240816E+00   0.128918E+07   0.128548E+07   0.272131E+01   0.112676E+01   0.758597E+06   0.125191E+07   0.128856E+07   0.125191E+07  -0.399638E-01   0.830461E+06   0.830398E+06   0.873938E-01
   0.245953E+00   0.125880E+07   0.125533E+07   0.254545E+01   0.105325E+01   0.732594E+06   0.122187E+07   0.125822E+07   0.122187E+07  -0.390047E-01   0.810665E+06   0.810605E+06   0.819593E-01
   0.251090E+00   0.122691E+07   0.122359E+07   0.237872E+01   0.983612E+00   0.706235E+06   0.119038E+07   0.122635E+07   0.119038E+07  -0.379996E-01   0.789905E+06   0.789847E+06   0.777202E-01
   0.256227E+00   0.119313E+07   0.118989E+07   0.221984E+01   0.917372E+00   0.679321E+06   0.115709E+07   0.119259E+07   0.115709E+07  -0.369369E-01   0.767940E+06   0.767883E+06   0.745127E-01
   0.261364E+00   0.115807E+07   0.115484E+07   0.206920E+01   0.854560E+00   0.652214E+06   0.112258E+07   0.115753E+07   0.112258E+07  -0.358353E-01   0.745155E+06   0.745099E+06   0.720205E-01
   0.266501E+00   0.112289E+07   0.111964E+07   0.192836E+01   0.795921E+00   0.625582E+06   0.108799E+07   0.112235E+07   0.108799E+07  -0.347311E-01   0.722310E+06   0.722254E+06   0.698740E-01
   0.271638E+00   0.108887E+07   0.108560E+07   0.179855E+01   0.741867E+00   0.600118E+06   0.105456E+07   0.108832E+07   0.105456E+07  -0.336638E-01   0.700223E+06   0.700168E+06   0.677420E-01
   0.276775E+00   0.105705E+07   0.105379E+07   0.168061E+01   0.692798E+00   0.576367E+06   0.102330E+07   0.105650E+07   0.102330E+07  -0.326660E-01   0.679573E+06   0.679519E+06   0.654008E-01
   0.281911E+00   0.102811E+07   0.102491E+07   0.157450E+01   0.648676E+00   0.554644E+06   0.994869E+06   0.102758E+07   0.994869E+06  -0.317584E-01   0.660794E+06   0.660741E+06   0.627656E-01
   0.287048E+00   0.100223E+07   0.999115E+06   0.147943E+01   0.609150E+00   0.534981E+06   0.969429E+06   0.100171E+07   0.969429E+06  -0.309463E-01   0.643993E+06   0.643942E+06   0.598807E-01
   0.292185E+00   0.979041E+06   0.976054E+06   0.139392E+01   0.573604E+00   0.517130E+06   0.946630E+06   0.978539E+06   0.946630E+06  -0.302185E-01   0.628942E+06   0.628892E+06   0.568795E-01
   0.297322E+00   0.957813E+06   0.954965E+06   0.131614E+01   0.541279E+00   0.500649E+06   0.925752E+06   0.957335E+06   0.925752E+06  -0.295521E-01   0.615161E+06   0.615113E+06   0.539322E-01
   0.302459E+00   0.937669E+06   0.934957E+06   0.124429E+01   0.511443E+00   0.485045E+06   0.905943E+06   0.937214E+06   0.905943E+06  -0.289197E-01   0.602086E+06   0.602040E+06   0.511952E-01
   0.307596E+00   0.917832E+06   0.915236E+06   0.117691E+01   0.483481E+00   0.469894E+06   0.886449E+06   0.917396E+06   0.886449E+06  -0.282974E-01   0.589215E+06   0.589170E+06   0.487750E-01
   0.312733E+00   0.897780E+06   0.895271E+06   0.111297E+01   0.456937E+00   0.454920E+06   0.866761E+06   0.897359E+06   0.866761E+06  -0.276689E-01   0.576211E+06   0.576167E+06   0.467099E-01
   0.317870E+00   0.877318E+06   0.874866E+06   0.105207E+01   0.431688E+00   0.440022E+06   0.846693E+06   0.876906E+06   0.846693E+06  -0.270283E-01   0.562949E+06   0.562906E+06   0.449723E-01
   0.323007E+00   0.856562E+06   0.854144E+06   0.994191E+00   0.407730E+00   0.425259E+06   0.826357E+06   0.856156E+06   0.826357E+06  -0.263791E-01   0.549504E+06   0.549462E+06   0.434859E-01
   0.328144E+00   0.835852E+06   0.833452E+06   0.939492E+00   0.385116E+00   0.410797E+06   0.806081E+06   0.835449E+06   0.806081E+06  -0.257319E-01   0.536095E+06   0.536053E+06   0.421511E-01
   0.333280E+00   0.815627E+06   0.813244E+06   0.888130E+00   0.363834E+00   0.396843E+06   0.786293E+06   0.815227E+06   0.786293E+06  -0.251002E-01   0.523005E+06   0.522964E+06   0.408722E-01
   0.338417E+00   0.796304E+06   0.793945E+06   0.840473E+00   0.344130E+00   0.383585E+06   0.767393E+06   0.795908E+06   0.767393E+06  -0.244969E-01   0.510502E+06   0.510462E+06   0.395782E-01
   0.343554E+00   0.778165E+06   0.775842E+06   0.796463E+00   0.325922E+00   0.371138E+06   0.749653E+06   0.777775E+06   0.749653E+06  -0.239306E-01   0.498767E+06   0.498728E+06   0.382333E-01
   0.348691E+00   0.761293E+06   0.759021E+06   0.755976E+00   0.309193E+00   0.359519E+06   0.733153E+06   0.760912E+06   0.733153E+06  -0.234039E-01   0.487853E+06   0.487814E+06   0.368377E-01
   0.353828E+00   0.745587E+06   0.743377E+06   0.718635E+00   0.293768E+00   0.348657E+06   0.717791E+06   0.745216E+06   0.717791E+06  -0.229135E-01   0.477692E+06   0.477655E+06   0.354191E-01
   0.358965E+00   0.730820E+06   0.728678E+06   0.684013E+00   0.279472E+00   0.338426E+06   0.703349E+06   0.730460E+06   0.703349E+06  -0.224524E-01   0.468141E+06   0.468104E+06   0.340208E-01
   0.364102E+00   0.716717E+06   0.714643E+06   0.651665E+00   0.266119E+00   0.328682E+06   0.689558E+06   0.716369E+06   0.689558E+06  -0.220122E-01   0.459020E+06   0.458984E+06   0.326879E-01
   0.369239E+00   0.703005E+06   0.700993E+06   0.621208E+00   0.253556E+00   0.319288E+06   0.676154E+06   0.702667E+06   0.676154E+06  -0.215843E-01   0.450153E+06   0.450119E+06   0.314548E-01
   0.374376E+00   0.689461E+06   0.687502E+06   0.592332E+00   0.241656E+00   0.310135E+06   0.662922E+06   0.689132E+06   0.662922E+06  -0.211619E-01   0.441399E+06   0.441365E+06   0.303380E-01
   0.379513E+00   0.675955E+06   0.674038E+06   0.564814E+00   0.230313E+00   0.301158E+06   0.649736E+06   0.675633E+06   0.649736E+06  -0.207410E-01   0.432672E+06   0.432638E+06   0.293346E-01
   0.384649E+00   0.662475E+06   0.660591E+06   0.538580E+00   0.219507E+00   0.292349E+06   0.636584E+06   0.662159E+06   0.636584E+06  -0.203212E-01   0.423965E+06   0.423932E+06   0.284271E-01
   0.389786E+00   0.649128E+06   0.647270E+06   0.513652E+00   0.209250E+00   0.283750E+06   0.623569E+06   0.648816E+06   0.623569E+06  -0.199057E-01   0.415346E+06   0.415314E+06   0.275888E-01
   0.394923E+00   0.636062E+06   0.634228E+06   0.490050E+00   0.199537E+00   0.275423E+06   0.610835E+06   0.635754E+06   0.610835E+06  -0.194992E-01   0.406912E+06   0.406881E+06   0.267941E-01
   0.400060E+00   0.623412E+06   0.621603E+06   0.467817E+00   0.190396E+00   0.267419E+06   0.598510E+06   0.623108E+06   0.598510E+06  -0.191058E-01   0.398749E+06   0.398717E+06   0.260174E-01
   0.405197E+00   0.611266E+06   0.609484E+06   0.446930E+00   0.181814E+00   0.259769E+06   0.586679E+06   0.610967E+06   0.586679E+06  -0.187281E-01   0.390911E+06   0.390881E+06   0.252440E-01
   0.410334E+00   0.599669E+06   0.597919E+06   0.427305E+00   0.173733E+00   0.252482E+06   0.575385E+06   0.599375E+06   0.575385E+06  -0.183676E-01   0.383430E+06   0.383399E+06   0.244694E-01
   0.415471E+00   0.588629E+06   0.586914E+06   0.408957E+00   0.166211E+00   0.245554E+06   0.564635E+06   0.588341E+06   0.564635E+06  -0.180244E-01   0.376308E+06   0.376278E+06   0.236984E-01
   0.420608E+00   0.578094E+06   0.576417E+06   0.391704E+00   0.159128E+00   0.238954E+06   0.554378E+06   0.577812E+06   0.554378E+06  -0.176970E-01   0.369513E+06   0.369484E+06   0.229413E-01
   0.425745E+00   0.567957E+06   0.566319E+06   0.375434E+00   0.152452E+00   0.232629E+06   0.544511E+06   0.567682E+06   0.544511E+06  -0.173820E-01   0.362976E+06   0.362948E+06   0.222099E-01
   0.430882E+00   0.558104E+06   0.556502E+06   0.360020E+00   0.146133E+00   0.226526E+06   0.534923E+06   0.557835E+06   0.534923E+06  -0.170759E-01   0.356623E+06   0.356595E+06   0.215141E-01
   0.436018E+00   0.548454E+06   0.546886E+06   0.345359E+00   0.140126E+00   0.220608E+06   0.525536E+06   0.548191E+06   0.525536E+06  -0.167763E-01   0.350402E+06   0.350375E+06   0.208606E-01
   0.441155E+00   0.538968E+06   0.537430E+06   0.331372E+00   0.134388E+00   0.214852E+06   0.516313E+06   0.538710E+06   0.516313E+06  -0.164818E-01   0.344289E+06   0.344262E+06   0.202511E-01
   0.446292E+00   0.529622E+06   0.528111E+06   0.318035E+00   0.128926E+00   0.209248E+06   0.507230E+06   0.529368E+06   0.507230E+06  -0.161919E-01   0.338267E+06   0.338241E+06   0.196819E-01
   0.451429E+00   0.520413E+06   0.518926E+06   0.305288E+00   0.123700E+00   0.203789E+06   0.498284E+06   0.520164E+06   0.498284E+06  -0.159063E-01   0.332336E+06   0.332310E+06   0.191458E-01
   0.456566E+00   0.511370E+06   0.509904E+06   0.293147E+00   0.118733E+00   0.198483E+06   0.489503E+06   0.511124E+06   0.489503E+06  -0.156260E-01   0.326512E+06   0.326487E+06   0.186346E-01
   0.461703E+00   0.502549E+06   0.501104E+06   0.281599E+00   0.114011E+00   0.193350E+06   0.480940E+06   0.502307E+06   0.480940E+06  -0.153527E-01   0.320833E+06   0.320808E+06   0.181409E-01
   0.466840E+00   0.493997E+06   0.492573E+06   0.270630E+00   0.109522E+00   0.188402E+06   0.472641E+06   0.493758E+06   0.472641E+06  -0.150877E-01   0.315328E+06   0.315303E+06   0.176592E-01
   0.471977E+00   0.485730E+06   0.484329E+06   0.260232E+00   0.105272E+00   0.183642E+06   0.464620E+06   0.485495E+06   0.464620E+06  -0.148317E-01   0.310007E+06   0.309983E+06   0.171864E-01
   0.477114E+00   0.477741E+06   0.476363E+06   0.250367E+00   0.101240E+00   0.179062E+06   0.456870E+06   0.477509E+06   0.456870E+06  -0.145843E-01   0.304866E+06   0.304842E+06   0.167219E-01
   0.482251E+00   0.470013E+06   0.468659E+06   0.240999E+00   0.974131E-01   0.174652E+06   0.449375E+06   0.469786E+06   0.449375E+06  -0.143450E-01   0.299894E+06   0.299870E+06   0.162674E-01
   0.487387E+00   0.462527E+06   0.461198E+06   0.232099E+00   0.937808E-01   0.170400E+06   0.442117E+06   0.462304E+06   0.442117E+06  -0.141133E-01   0.295078E+06   0.295055E+06   0.158262E-01
   0.492524E+00   0.455254E+06   0.453948E+06   0.223619E+00   0.903186E-01   0.166293E+06   0.435066E+06   0.455034E+06   0.435066E+06  -0.138883E-01   0.290399E+06   0.290377E+06   0.154011E-01
   0.497661E+00   0.448153E+06   0.446871E+06   0.215525E+00   0.870153E-01   0.162313E+06   0.428185E+06   0.447938E+06   0.428185E+06  -0.136686E-01   0.285833E+06   0.285811E+06   0.149941E-01
   0.502798E+00   0.441193E+06   0.439932E+06   0.207784E+00   0.838583E-01   0.158444E+06   0.421442E+06   0.440981E+06   0.421442E+06  -0.134533E-01   0.281358E+06   0.281336E+06   0.146059E-01
   0.507935E+00   0.434358E+06   0.433117E+06   0.200373E+00   0.808378E-01   0.154681E+06   0.414823E+06   0.434150E+06   0.414823E+06  -0.132421E-01   0.276964E+06   0.276942E+06   0.142359E-01
   0.513072E+00   0.427653E+06   0.426431E+06   0.193272E+00   0.779407E-01   0.151021E+06   0.408331E+06   0.427448E+06   0.408331E+06  -0.130348E-01   0.272654E+06   0.272633E+06   0.138828E-01
   0.518209E+00   0.421084E+06   0.419880E+06   0.186491E+00   0.751859E-01   0.147466E+06   0.401973E+06   0.420882E+06   0.401973E+06  -0.128319E-01   0.268433E+06   0.268412E+06   0.135441E-01
   0.523346E+00   0.414655E+06   0.413468E+06   0.179983E+00   0.725309E-01   0.144013E+06   0.395753E+06   0.414456E+06   0.395753E+06  -0.126333E-01   0.264302E+06   0.264282E+06   0.132172E-01
   0.528483E+00   0.408374E+06   0.407204E+06   0.173769E+00   0.700048E-01   0.140664E+06   0.389677E+06   0.408178E+06   0.389677E+06  -0.124394E-01   0.260267E+06   0.260247E+06   0.129000E-01
   0.533620E+00   0.402252E+06   0.401098E+06   0.167823E+00   0.675843E-01   0.137420E+06   0.383757E+06   0.402058E+06   0.383757E+06  -0.122504E-01   0.256335E+06   0.256315E+06   0.125911E-01
   0.538756E+00   0.396296E+06   0.395160E+06   0.162145E+00   0.652760E-01   0.134281E+06   0.377999E+06   0.396105E+06   0.377999E+06  -0.120665E-01   0.252510E+06   0.252491E+06   0.122899E-01
   0.543893E+00   0.390503E+06   0.389383E+06   0.156716E+00   0.630680E-01   0.131244E+06   0.372398E+06   0.390315E+06   0.372398E+06  -0.118878E-01   0.248790E+06   0.248771E+06   0.119963E-01
   0.549030E+00   0.384856E+06   0.383754E+06   0.151520E+00   0.609553E-01   0.128302E+06   0.366942E+06   0.384671E+06   0.366942E+06  -0.117136E-01   0.245165E+06   0.245146E+06   0.117107E-01
   0.554167E+00   0.379343E+06   0.378258E+06   0.146545E+00   0.589351E-01   0.125448E+06   0.361615E+06   0.379161E+06   0.361615E+06  -0.115436E-01   0.241626E+06   0.241607E+06   0.114336E-01
   0.559304E+00   0.373956E+06   0.372887E+06   0.141769E+00   0.569918E-01   0.122677E+06   0.356412E+06   0.373777E+06   0.356412E+06  -0.113774E-01   0.238169E+06   0.238150E+06   0.111658E-01
   0.564441E+00   0.368687E+06   0.367634E+06   0.137194E+00   0.551349E-01   0.119986E+06   0.351323E+06   0.368510E+06   0.351323E+06  -0.112150E-01   0.234788E+06   0.234769E+06   0.109075E-01
   0.569578E+00   0.363525E+06   0.362487E+06   0.132799E+00   0.533501E-01   0.117368E+06   0.346340E+06   0.363351E+06   0.346340E+06  -0.110559E-01   0.231476E+06   0.231457E+06   0.106587E-01
   0.574715E+00   0.358461E+06   0.357437E+06   0.128575E+00   0.516352E-01   0.114819E+06   0.341451E+06   0.358289E+06   0.341451E+06  -0.108999E-01   0.228226E+06   0.228208E+06   0.104188E-01
   0.579852E+00   0.353492E+06   0.352482E+06   0.124517E+00   0.499893E-01   0.112337E+06   0.336656E+06   0.353322E+06   0.336656E+06  -0.107468E-01   0.225039E+06   0.225021E+06   0.101871E-01
   0.584989E+00   0.348624E+06   0.347627E+06   0.120617E+00   0.484085E-01   0.109922E+06   0.331960E+06   0.348456E+06   0.331960E+06  -0.105969E-01   0.221917E+06   0.221900E+06   0.996298E-02
   0.590125E+00   0.343861E+06   0.342878E+06   0.116870E+00   0.468901E-01   0.107575E+06   0.327366E+06   0.343696E+06   0.327366E+06  -0.104503E-01   0.218863E+06   0.218846E+06   0.974563E-02
   0.595262E+00   0.339200E+06   0.338230E+06   0.113270E+00   0.454317E-01   0.105293E+06   0.322873E+06   0.339038E+06   0.322873E+06  -0.103068E-01   0.215875E+06   0.215858E+06   0.953435E-02
   0.600399E+00   0.334640E+06   0.333683E+06   0.109810E+00   0.440303E-01   0.103074E+06   0.318476E+06   0.334479E+06   0.318476E+06  -0.101665E-01   0.212951E+06   0.212935E+06   0.932863E-02
   0.605536E+00   0.330180E+06   0.329235E+06   0.106483E+00   0.426834E-01   0.100918E+06   0.314177E+06   0.330021E+06   0.314177E+06  -0.100292E-01   0.210092E+06   0.210076E+06   0.912828E-02
   0.610673E+00   0.325821E+06   0.324889E+06   0.103285E+00   0.413882E-01   0.988229E+05   0.309977E+06   0.325664E+06   0.309977E+06  -0.989514E-02   0.207299E+06   0.207283E+06   0.893331E-02
   0.615810E+00   0.321559E+06   0.320640E+06   0.100214E+00   0.401474E-01   0.967866E+05   0.305871E+06   0.321404E+06   0.305871E+06  -0.976407E-02   0.204568E+06   0.204552E+06   0.874374E-02
   0.620947E+00   0.317384E+06   0.316478E+06   0.972552E-01   0.389506E-01   0.948052E+05   0.301850E+06   0.317232E+06   0.301850E+06  -0.963571E-02   0.201893E+06   0.201877E+06   0.855956E-02
   0.626084E+00   0.313292E+06   0.312397E+06   0.944050E-01   0.377981E-01   0.928759E+05   0.297908E+06   0.313141E+06   0.297908E+06  -0.950989E-02   0.199271E+06   0.199255E+06   0.838077E-02
   0.674428E+00   0.278443E+06   0.277648E+06   0.721165E-01   0.287958E-01   0.769910E+05   0.264387E+06   0.278310E+06   0.264387E+06  -0.843983E-02   0.176961E+06   0.176947E+06   0.693190E-02
   0.726506E+00   0.247263E+06   0.246558E+06   0.550490E-01   0.219227E-01   0.636097E+05   0.234452E+06   0.247145E+06   0.234452E+06  -0.748423E-02   0.157022E+06   0.157010E+06   0.572924E-02
   0.782605E+00   0.219437E+06   0.218811E+06   0.419997E-01   0.166839E-01   0.523999E+05   0.207787E+06   0.219332E+06   0.207787E+06  -0.663302E-02   0.139247E+06   0.139236E+06   0.473458E-02
   0.895965E+00   0.176215E+06   0.175713E+06   0.256251E-01   0.101340E-01   0.365356E+05   0.166477E+06   0.176131E+06   0.166477E+06  -0.531430E-02   0.111680E+06   0.111671E+06   0.334406E-02
   0.125042E+01   0.101724E+06   0.101434E+06   0.752329E-02   0.294366E-02   0.144267E+05   0.956419E+05   0.101676E+06   0.956419E+05  -0.305310E-02   0.643063E+05   0.643010E+05   0.142139E-02
   0.174510E+01   0.580875E+05   0.579215E+05   0.253412E-02   0.119411E-02   0.540364E+04   0.544181E+05   0.580596E+05   0.544181E+05  -0.173725E-02   0.366560E+05   0.366528E+05   0.611634E-03
   0.243548E+01   0.328637E+05   0.327694E+05   0.236103E-03  -0.152755E-03   0.192982E+04   0.307097E+05   0.328478E+05   0.307097E+05  -0.980248E-03   0.207099E+05   0.207079E+05   0.271513E-03
