#          k/h    CDM            baryon         photon         nu             mass_nu        total          no_nu          total_de       Weyl           v_CDM          v_b            v_b-v_c     
   0.108623E-04   0.174175E+08   0.174175E+08   0.232114E+08   0.232110E+08   0.174176E+08   0.174175E+08   0.174175E+08   0.174233E+08  -0.691069E+00   0.114052E+08   0.114052E+08   0.543598E+01
   0.119966E-04   0.174175E+08   0.174175E+08   0.232088E+08   0.232083E+08   0.174176E+08   0.174175E+08   0.174175E+08   0.174233E+08  -0.691073E+00   0.114053E+08   0.114053E+08   0.600341E+01
   0.132492E-04   0.174175E+08   0.174175E+08   0.232056E+08   0.232050E+08   0.174176E+08   0.174175E+08   0.174175E+08   0.174233E+08  -0.691077E+00   0.114053E+08   0.114053E+08   0.663003E+01
   0.146326E-04   0.174175E+08   0.174175E+08   0.232017E+08   0.232010E+08   0.174176E+08   0.174175E+08   0.174175E+08   0.174233E+08  -0.691083E+00   0.114054E+08   0.114054E+08   0.732200E+01
   0.161605E-04   0.174176E+08   0.174176E+08   0.231970E+08   0.231962E+08   0.174176E+08   0.174176E+08   0.174176E+08   0.174234E+08  -0.691090E+00   0.114056E+08   0.114056E+08   0.808611E+01
   0.178480E-04   0.174176E+08   0.174176E+08   0.231912E+08   0.231902E+08   0.174177E+08   0.174176E+08   0.174176E+08   0.174234E+08  -0.691098E+00   0.114057E+08   0.114057E+08   0.892986E+01
   0.197116E-04   0.174176E+08   0.174176E+08   0.231842E+08   0.231830E+08   0.174177E+08   0.174176E+08   0.174176E+08   0.174234E+08  -0.691109E+00   0.114059E+08   0.114059E+08   0.986151E+01
   0.217699E-04   0.174177E+08   0.174176E+08   0.231756E+08   0.231742E+08   0.174177E+08   0.174177E+08   0.174177E+08   0.174234E+08  -0.691121E+00   0.114061E+08   0.114061E+08   0.108902E+02
   0.240430E-04   0.174177E+08   0.174177E+08   0.231652E+08   0.231634E+08   0.174178E+08   0.174177E+08   0.174177E+08   0.174235E+08  -0.691136E+00   0.114064E+08   0.114064E+08   0.120259E+02
   0.265535E-04   0.174178E+08   0.174178E+08   0.231524E+08   0.231502E+08   0.174178E+08   0.174178E+08   0.174178E+08   0.174236E+08  -0.691155E+00   0.114068E+08   0.114068E+08   0.132796E+02
   0.293262E-04   0.174178E+08   0.174178E+08   0.231369E+08   0.231342E+08   0.174179E+08   0.174178E+08   0.174178E+08   0.174236E+08  -0.691178E+00   0.114072E+08   0.114072E+08   0.146637E+02
   0.323883E-04   0.174179E+08   0.174179E+08   0.231180E+08   0.231147E+08   0.174180E+08   0.174179E+08   0.174179E+08   0.174237E+08  -0.691205E+00   0.114077E+08   0.114077E+08   0.161914E+02
   0.357702E-04   0.174180E+08   0.174180E+08   0.230949E+08   0.230909E+08   0.174181E+08   0.174180E+08   0.174180E+08   0.174238E+08  -0.691239E+00   0.114083E+08   0.114083E+08   0.178773E+02
   0.395052E-04   0.174182E+08   0.174181E+08   0.230668E+08   0.230619E+08   0.174182E+08   0.174182E+08   0.174182E+08   0.174239E+08  -0.691280E+00   0.114091E+08   0.114091E+08   0.197377E+02
   0.436303E-04   0.174183E+08   0.174183E+08   0.230325E+08   0.230266E+08   0.174184E+08   0.174183E+08   0.174183E+08   0.174241E+08  -0.691330E+00   0.114100E+08   0.114100E+08   0.217902E+02
   0.481860E-04   0.174185E+08   0.174185E+08   0.229908E+08   0.229837E+08   0.174186E+08   0.174185E+08   0.174185E+08   0.174243E+08  -0.691391E+00   0.114112E+08   0.114112E+08   0.240540E+02
   0.532175E-04   0.174187E+08   0.174187E+08   0.229401E+08   0.229313E+08   0.174188E+08   0.174188E+08   0.174187E+08   0.174245E+08  -0.691465E+00   0.114125E+08   0.114125E+08   0.265503E+02
   0.587743E-04   0.174190E+08   0.174190E+08   0.228783E+08   0.228676E+08   0.174191E+08   0.174190E+08   0.174190E+08   0.174248E+08  -0.691556E+00   0.114142E+08   0.114142E+08   0.293019E+02
   0.649113E-04   0.174194E+08   0.174194E+08   0.228031E+08   0.227902E+08   0.174195E+08   0.174194E+08   0.174194E+08   0.174251E+08  -0.691667E+00   0.114163E+08   0.114163E+08   0.323336E+02
   0.716892E-04   0.174198E+08   0.174198E+08   0.227118E+08   0.226960E+08   0.174199E+08   0.174198E+08   0.174198E+08   0.174255E+08  -0.691801E+00   0.114188E+08   0.114188E+08   0.356723E+02
   0.791748E-04   0.174203E+08   0.174203E+08   0.226008E+08   0.225817E+08   0.174204E+08   0.174204E+08   0.174203E+08   0.174260E+08  -0.691965E+00   0.114218E+08   0.114218E+08   0.393467E+02
   0.874420E-04   0.174210E+08   0.174210E+08   0.224662E+08   0.224429E+08   0.174211E+08   0.174210E+08   0.174210E+08   0.174266E+08  -0.692165E+00   0.114255E+08   0.114255E+08   0.433873E+02
   0.965725E-04   0.174218E+08   0.174217E+08   0.223029E+08   0.222748E+08   0.174218E+08   0.174218E+08   0.174218E+08   0.174273E+08  -0.692407E+00   0.114300E+08   0.114300E+08   0.478266E+02
   0.106656E-03   0.174227E+08   0.174227E+08   0.221054E+08   0.220712E+08   0.174228E+08   0.174227E+08   0.174227E+08   0.174282E+08  -0.692703E+00   0.114355E+08   0.114355E+08   0.526982E+02
   0.117793E-03   0.174239E+08   0.174238E+08   0.218666E+08   0.218254E+08   0.174240E+08   0.174239E+08   0.174239E+08   0.174294E+08  -0.693062E+00   0.114422E+08   0.114422E+08   0.580365E+02
   0.130093E-03   0.174253E+08   0.174252E+08   0.215787E+08   0.215289E+08   0.174254E+08   0.174253E+08   0.174253E+08   0.174307E+08  -0.693499E+00   0.114503E+08   0.114503E+08   0.638763E+02
   0.143677E-03   0.174271E+08   0.174270E+08   0.212323E+08   0.211724E+08   0.174271E+08   0.174271E+08   0.174270E+08   0.174324E+08  -0.694029E+00   0.114602E+08   0.114602E+08   0.702511E+02
   0.158679E-03   0.174292E+08   0.174291E+08   0.208170E+08   0.207450E+08   0.174292E+08   0.174292E+08   0.174292E+08   0.174344E+08  -0.694671E+00   0.114721E+08   0.114721E+08   0.771917E+02
   0.175248E-03   0.174318E+08   0.174316E+08   0.203208E+08   0.202346E+08   0.174318E+08   0.174318E+08   0.174318E+08   0.174368E+08  -0.695449E+00   0.114866E+08   0.114866E+08   0.847244E+02
   0.193547E-03   0.174350E+08   0.174348E+08   0.197307E+08   0.196280E+08   0.174350E+08   0.174349E+08   0.174349E+08   0.174399E+08  -0.696390E+00   0.115041E+08   0.115041E+08   0.928675E+02
   0.213756E-03   0.174389E+08   0.174386E+08   0.190329E+08   0.189112E+08   0.174388E+08   0.174388E+08   0.174388E+08   0.174436E+08  -0.697525E+00   0.115253E+08   0.115252E+08   0.101628E+03
   0.236076E-03   0.174436E+08   0.174433E+08   0.182136E+08   0.180703E+08   0.174436E+08   0.174436E+08   0.174436E+08   0.174481E+08  -0.698892E+00   0.115507E+08   0.115507E+08   0.110997E+03
   0.260727E-03   0.174494E+08   0.174491E+08   0.172598E+08   0.170924E+08   0.174493E+08   0.174494E+08   0.174494E+08   0.174537E+08  -0.700533E+00   0.115813E+08   0.115813E+08   0.120943E+03
   0.287951E-03   0.174565E+08   0.174561E+08   0.161611E+08   0.159675E+08   0.174564E+08   0.174565E+08   0.174565E+08   0.174605E+08  -0.702496E+00   0.116180E+08   0.116179E+08   0.131404E+03
   0.318018E-03   0.174653E+08   0.174648E+08   0.149121E+08   0.146908E+08   0.174651E+08   0.174652E+08   0.174652E+08   0.174689E+08  -0.704835E+00   0.116617E+08   0.116616E+08   0.142282E+03
   0.351225E-03   0.174760E+08   0.174754E+08   0.135153E+08   0.132661E+08   0.174758E+08   0.174759E+08   0.174759E+08   0.174792E+08  -0.707606E+00   0.117136E+08   0.117134E+08   0.153430E+03
   0.387898E-03   0.174891E+08   0.174884E+08   0.119846E+08   0.117090E+08   0.174888E+08   0.174889E+08   0.174890E+08   0.174919E+08  -0.710870E+00   0.117747E+08   0.117745E+08   0.164646E+03
   0.428402E-03   0.175052E+08   0.175043E+08   0.103494E+08   0.100519E+08   0.175048E+08   0.175050E+08   0.175050E+08   0.175076E+08  -0.714683E+00   0.118464E+08   0.118461E+08   0.175665E+03
   0.473134E-03   0.175249E+08   0.175239E+08   0.865837E+07   0.834622E+07   0.175245E+08   0.175247E+08   0.175248E+08   0.175269E+08  -0.719096E+00   0.119295E+08   0.119292E+08   0.186154E+03
   0.522538E-03   0.175492E+08   0.175480E+08   0.698002E+07   0.666448E+07   0.175486E+08   0.175489E+08   0.175490E+08   0.175506E+08  -0.724144E+00   0.120249E+08   0.120246E+08   0.195716E+03
   0.577100E-03   0.175788E+08   0.175774E+08   0.540057E+07   0.509642E+07   0.175781E+08   0.175786E+08   0.175786E+08   0.175799E+08  -0.729837E+00   0.121330E+08   0.121326E+08   0.203906E+03
   0.637359E-03   0.176152E+08   0.176135E+08   0.401418E+07   0.373868E+07   0.176143E+08   0.176148E+08   0.176149E+08   0.176158E+08  -0.736148E+00   0.122535E+08   0.122531E+08   0.210256E+03
   0.703910E-03   0.176595E+08   0.176576E+08   0.290504E+07   0.267547E+07   0.176583E+08   0.176591E+08   0.176591E+08   0.176598E+08  -0.742998E+00   0.123852E+08   0.123847E+08   0.214320E+03
   0.777410E-03   0.177132E+08   0.177110E+08   0.212214E+07   0.195189E+07   0.177118E+08   0.177128E+08   0.177128E+08   0.177133E+08  -0.750246E+00   0.125259E+08   0.125254E+08   0.215728E+03
   0.858585E-03   0.177779E+08   0.177755E+08   0.165364E+07   0.154774E+07   0.177762E+08   0.177774E+08   0.177775E+08   0.177778E+08  -0.757684E+00   0.126720E+08   0.126714E+08   0.214246E+03
   0.948237E-03   0.178551E+08   0.178524E+08   0.141588E+07   0.136765E+07   0.178530E+08   0.178545E+08   0.178547E+08   0.178549E+08  -0.765044E+00   0.128188E+08   0.128182E+08   0.209816E+03
   0.104725E-02   0.179459E+08   0.179429E+08   0.127506E+07   0.126670E+07   0.179433E+08   0.179452E+08   0.179454E+08   0.179456E+08  -0.772029E+00   0.129610E+08   0.129604E+08   0.202567E+03
   0.115660E-02   0.180508E+08   0.180476E+08   0.110920E+07   0.111831E+07   0.180476E+08   0.180501E+08   0.180503E+08   0.180504E+08  -0.778363E+00   0.130933E+08   0.130927E+08   0.192789E+03
   0.127737E-02   0.181694E+08   0.181659E+08   0.883129E+06   0.893373E+06   0.181655E+08   0.181686E+08   0.181688E+08   0.181688E+08  -0.783864E+00   0.132118E+08   0.132111E+08   0.180877E+03
   0.141075E-02   0.182999E+08   0.182963E+08   0.668482E+06   0.677648E+06   0.182951E+08   0.182990E+08   0.182993E+08   0.182992E+08  -0.788504E+00   0.133149E+08   0.133142E+08   0.167316E+03
   0.155805E-02   0.184394E+08   0.184357E+08   0.554207E+06   0.571712E+06   0.184335E+08   0.184384E+08   0.184388E+08   0.184386E+08  -0.792428E+00   0.134042E+08   0.134035E+08   0.152702E+03
   0.172074E-02   0.185838E+08   0.185800E+08   0.517054E+06   0.714091E+06   0.185766E+08   0.185827E+08   0.185831E+08   0.185828E+08  -0.795899E+00   0.134836E+08   0.134829E+08   0.137781E+03
   0.190042E-02   0.187286E+08   0.187248E+08   0.445303E+06   0.609758E+06   0.187198E+08   0.187274E+08   0.187279E+08   0.187275E+08  -0.799152E+00   0.135574E+08   0.135567E+08   0.123376E+03
   0.209885E-02   0.188699E+08   0.188661E+08   0.333420E+06   0.516743E+06   0.188592E+08   0.188685E+08   0.188692E+08   0.188686E+08  -0.802276E+00   0.136273E+08   0.136266E+08   0.110199E+03
   0.231801E-02   0.190046E+08   0.190008E+08   0.285410E+06   0.435144E+06   0.189916E+08   0.190031E+08   0.190040E+08   0.190032E+08  -0.805197E+00   0.136927E+08   0.136920E+08   0.987093E+02
   0.256005E-02   0.191303E+08   0.191264E+08   0.264489E+06   0.364990E+06   0.191145E+08   0.191286E+08   0.191297E+08   0.191287E+08  -0.807812E+00   0.137518E+08   0.137511E+08   0.890844E+02
   0.282736E-02   0.192444E+08   0.192403E+08   0.206016E+06   0.305286E+06   0.192253E+08   0.192425E+08   0.192438E+08   0.192425E+08  -0.810092E+00   0.138039E+08   0.138032E+08   0.811323E+02
   0.312259E-02   0.193441E+08   0.193398E+08   0.184113E+06   0.254472E+06   0.193209E+08   0.193418E+08   0.193434E+08   0.193419E+08  -0.812013E+00   0.138486E+08   0.138479E+08   0.743082E+02
   0.344864E-02   0.194264E+08   0.194218E+08   0.148519E+06   0.211365E+06   0.193984E+08   0.194237E+08   0.194256E+08   0.194238E+08  -0.813458E+00   0.138839E+08   0.138832E+08   0.680254E+02
   0.380874E-02   0.194885E+08   0.194835E+08   0.126609E+06   0.175093E+06   0.194547E+08   0.194854E+08   0.194876E+08   0.194854E+08  -0.814285E+00   0.139077E+08   0.139070E+08   0.619325E+02
   0.420644E-02   0.195272E+08   0.195220E+08   0.990264E+05   0.144671E+06   0.194865E+08   0.195236E+08   0.195264E+08   0.195236E+08  -0.814371E+00   0.139178E+08   0.139171E+08   0.561018E+02
   0.464566E-02   0.195394E+08   0.195338E+08   0.892003E+05   0.119223E+06   0.194906E+08   0.195352E+08   0.195385E+08   0.195352E+08  -0.813561E+00   0.139116E+08   0.139109E+08   0.508303E+02
   0.513075E-02   0.195216E+08   0.195154E+08   0.744149E+05   0.980122E+05   0.194631E+08   0.195166E+08   0.195206E+08   0.195166E+08  -0.811691E+00   0.138864E+08   0.138857E+08   0.462525E+02
   0.566649E-02   0.194701E+08   0.194633E+08   0.581006E+05   0.803732E+05   0.194003E+08   0.194642E+08   0.194690E+08   0.194642E+08  -0.808591E+00   0.138393E+08   0.138386E+08   0.421603E+02
   0.625817E-02   0.193811E+08   0.193736E+08   0.483738E+05   0.657413E+05   0.192983E+08   0.193742E+08   0.193798E+08   0.193742E+08  -0.804081E+00   0.137674E+08   0.137667E+08   0.383160E+02
   0.691163E-02   0.192506E+08   0.192422E+08   0.394455E+05   0.536299E+05   0.191527E+08   0.192425E+08   0.192492E+08   0.192425E+08  -0.797976E+00   0.136674E+08   0.136667E+08   0.347784E+02
   0.763332E-02   0.190745E+08   0.190650E+08   0.326924E+05   0.436260E+05   0.189594E+08   0.190651E+08   0.190729E+08   0.190651E+08  -0.790088E+00   0.135363E+08   0.135356E+08   0.316395E+02
   0.843037E-02   0.188485E+08   0.188378E+08   0.274021E+05   0.353802E+05   0.187140E+08   0.188375E+08   0.188467E+08   0.188375E+08  -0.780225E+00   0.133708E+08   0.133701E+08   0.287752E+02
   0.931065E-02   0.185685E+08   0.185564E+08   0.235973E+05   0.285982E+05   0.184124E+08   0.185558E+08   0.185665E+08   0.185558E+08  -0.768203E+00   0.131678E+08   0.131670E+08   0.261440E+02
   0.102828E-01   0.182305E+08   0.182167E+08   0.186319E+05   0.230327E+05   0.180508E+08   0.182159E+08   0.182282E+08   0.182159E+08  -0.753843E+00   0.129242E+08   0.129235E+08   0.237808E+02
   0.113565E-01   0.178308E+08   0.178150E+08   0.156552E+05   0.184768E+05   0.176254E+08   0.178141E+08   0.178281E+08   0.178141E+08  -0.736982E+00   0.126374E+08   0.126366E+08   0.216206E+02
   0.125424E-01   0.173662E+08   0.173481E+08   0.120632E+05   0.147572E+05   0.171334E+08   0.173472E+08   0.173631E+08   0.173472E+08  -0.717480E+00   0.123049E+08   0.123042E+08   0.196668E+02
   0.138520E-01   0.168342E+08   0.168135E+08   0.985391E+04   0.117296E+05   0.165726E+08   0.168129E+08   0.168307E+08   0.168129E+08  -0.695230E+00   0.119250E+08   0.119242E+08   0.178875E+02
   0.152984E-01   0.162334E+08   0.162097E+08   0.787557E+04   0.927344E+04   0.159419E+08   0.162096E+08   0.162294E+08   0.162096E+08  -0.670164E+00   0.114965E+08   0.114958E+08   0.162702E+02
   0.168958E-01   0.155796E+08   0.155526E+08   0.634637E+04   0.729600E+04   0.152573E+08   0.155531E+08   0.155751E+08   0.155531E+08  -0.642929E+00   0.110306E+08   0.110299E+08   0.148035E+02
   0.186600E-01   0.148455E+08   0.148150E+08   0.495835E+04   0.569878E+04   0.144925E+08   0.148163E+08   0.148404E+08   0.148163E+08  -0.612400E+00   0.105080E+08   0.105073E+08   0.134460E+02
   0.206085E-01   0.140489E+08   0.140147E+08   0.391324E+04   0.442026E+04   0.136660E+08   0.140171E+08   0.140431E+08   0.140171E+08  -0.579307E+00   0.994122E+07   0.994047E+07   0.121874E+02
   0.227603E-01   0.131857E+08   0.131479E+08   0.312086E+04   0.340010E+04   0.127749E+08   0.131514E+08   0.131794E+08   0.131514E+08  -0.543486E+00   0.932749E+07   0.932674E+07   0.110005E+02
   0.251369E-01   0.122892E+08   0.122479E+08   0.231085E+04   0.259692E+04   0.118526E+08   0.122526E+08   0.122823E+08   0.122526E+08  -0.506308E+00   0.869034E+07   0.868960E+07   0.987533E+01
   0.277616E-01   0.113730E+08   0.113287E+08   0.176741E+04   0.196933E+04   0.109133E+08   0.113343E+08   0.113656E+08   0.113343E+08  -0.468338E+00   0.803946E+07   0.803873E+07   0.878799E+01
   0.306604E-01   0.104453E+08   0.103990E+08   0.130885E+04   0.148196E+04   0.996532E+07   0.104049E+08   0.104375E+08   0.104049E+08  -0.429915E+00   0.738072E+07   0.738002E+07   0.771805E+01
   0.338619E-01   0.953404E+07   0.948714E+07   0.995702E+03   0.110822E+04   0.903636E+07   0.949229E+07   0.952616E+07   0.949229E+07  -0.392193E+00   0.673393E+07   0.673325E+07   0.665640E+01
   0.373977E-01   0.867327E+07   0.862754E+07   0.744699E+03   0.825917E+03   0.815965E+07   0.863060E+07   0.866559E+07   0.863060E+07  -0.356580E+00   0.612325E+07   0.612262E+07   0.560573E+01
   0.413026E-01   0.789640E+07   0.785391E+07   0.557852E+03   0.615959E+03   0.736518E+07   0.785303E+07   0.788927E+07   0.785303E+07  -0.324446E+00   0.557222E+07   0.557166E+07   0.458269E+01
   0.454329E-01   0.723301E+07   0.719555E+07   0.729797E+03   0.465895E+03   0.668585E+07   0.718931E+07   0.722672E+07   0.718931E+07  -0.297019E+00   0.510194E+07   0.510145E+07   0.364953E+01
   0.495632E-01   0.671618E+07   0.668459E+07   0.569044E+03   0.363209E+03   0.615153E+07   0.667220E+07   0.671088E+07   0.667220E+07  -0.275651E+00   0.473561E+07   0.473518E+07   0.287635E+01
   0.536934E-01   0.630331E+07   0.627761E+07   0.454768E+03   0.290217E+03   0.571988E+07   0.625894E+07   0.629899E+07   0.625895E+07  -0.258575E+00   0.444293E+07   0.444256E+07   0.226157E+01
   0.578237E-01   0.595641E+07   0.593589E+07   0.370301E+03   0.236270E+03   0.535430E+07   0.591156E+07   0.595297E+07   0.591156E+07  -0.244221E+00   0.419695E+07   0.419663E+07   0.179645E+01
   0.619540E-01   0.564870E+07   0.563217E+07   0.305703E+03   0.195017E+03   0.502938E+07   0.560328E+07   0.564592E+07   0.560328E+07  -0.231484E+00   0.397867E+07   0.397840E+07   0.146568E+01
   0.660842E-01   0.535526E+07   0.534130E+07   0.254544E+03   0.162351E+03   0.472208E+07   0.530929E+07   0.535292E+07   0.530929E+07  -0.219337E+00   0.377048E+07   0.377024E+07   0.124587E+01
   0.702145E-01   0.506120E+07   0.504840E+07   0.212936E+03   0.135787E+03   0.441923E+07   0.501481E+07   0.505906E+07   0.501481E+07  -0.207170E+00   0.356190E+07   0.356166E+07   0.111038E+01
   0.743448E-01   0.476641E+07   0.475360E+07   0.178727E+03   0.113951E+03   0.412076E+07   0.471975E+07   0.476426E+07   0.471975E+07  -0.194980E+00   0.335285E+07   0.335262E+07   0.103287E+01
   0.784750E-01   0.446614E+07   0.445253E+07   0.150178E+03   0.957311E+02   0.382276E+07   0.441952E+07   0.446386E+07   0.441952E+07  -0.182576E+00   0.314005E+07   0.313982E+07   0.987070E+00
   0.826053E-01   0.417378E+07   0.415903E+07   0.126555E+03   0.806571E+02   0.353679E+07   0.412742E+07   0.417130E+07   0.412742E+07  -0.170509E+00   0.293298E+07   0.293274E+07   0.953472E+00
   0.867355E-01   0.389897E+07   0.388317E+07   0.107139E+03   0.682699E+02   0.327077E+07   0.385306E+07   0.389632E+07   0.385306E+07  -0.159174E+00   0.273845E+07   0.273821E+07   0.917408E+00
   0.918720E-01   0.359384E+07   0.357730E+07   0.879292E+02   0.560156E+02   0.297718E+07   0.354861E+07   0.359107E+07   0.354861E+07  -0.146597E+00   0.252257E+07   0.252233E+07   0.856786E+00
   0.970084E-01   0.333956E+07   0.332324E+07   0.732117E+02   0.466287E+02   0.273211E+07   0.329500E+07   0.333682E+07   0.329500E+07  -0.136120E+00   0.234274E+07   0.234252E+07   0.775317E+00
   0.102145E+00   0.314029E+07   0.312517E+07   0.620366E+02   0.395017E+02   0.253730E+07   0.309623E+07   0.313776E+07   0.309623E+07  -0.127908E+00   0.220184E+07   0.220164E+07   0.678904E+00
   0.107281E+00   0.298958E+07   0.297634E+07   0.534929E+02   0.340531E+02   0.238579E+07   0.294575E+07   0.298735E+07   0.294575E+07  -0.121691E+00   0.209524E+07   0.209505E+07   0.578524E+00
   0.112418E+00   0.287193E+07   0.286084E+07   0.467596E+02   0.297591E+02   0.226382E+07   0.282815E+07   0.287007E+07   0.282815E+07  -0.116833E+00   0.201197E+07   0.201181E+07   0.485651E+00
   0.117554E+00   0.276959E+07   0.276047E+07   0.412093E+02   0.262218E+02   0.215647E+07   0.272577E+07   0.276806E+07   0.272577E+07  -0.112603E+00   0.193951E+07   0.193937E+07   0.409103E+00
   0.122690E+00   0.266831E+07   0.266064E+07   0.364140E+02   0.231637E+02   0.205224E+07   0.262450E+07   0.266702E+07   0.262450E+07  -0.108420E+00   0.186781E+07   0.186768E+07   0.353299E+00
   0.127827E+00   0.255958E+07   0.255270E+07   0.321550E+02   0.204507E+02   0.194460E+07   0.251598E+07   0.255843E+07   0.251598E+07  -0.103936E+00   0.179091E+07   0.179079E+07   0.317907E+00
   0.132963E+00   0.244089E+07   0.243414E+07   0.283152E+02   0.180042E+02   0.183182E+07   0.239771E+07   0.243976E+07   0.239771E+07  -0.990508E-01   0.170705E+07   0.170693E+07   0.298752E+00
   0.138100E+00   0.231487E+07   0.230780E+07   0.248701E+02   0.158098E+02   0.171612E+07   0.227236E+07   0.231369E+07   0.227236E+07  -0.938723E-01   0.161811E+07   0.161799E+07   0.289547E+00
   0.143236E+00   0.218762E+07   0.218002E+07   0.218275E+02   0.138726E+02   0.160211E+07   0.214594E+07   0.218635E+07   0.214594E+07  -0.886500E-01   0.152838E+07   0.152825E+07   0.283782E+00
   0.148372E+00   0.206673E+07   0.205866E+07   0.192010E+02   0.122005E+02   0.149531E+07   0.202595E+07   0.206537E+07   0.202595E+07  -0.836929E-01   0.144318E+07   0.144306E+07   0.276288E+00
   0.153509E+00   0.195934E+07   0.195108E+07   0.169904E+02   0.107934E+02   0.140062E+07   0.191941E+07   0.195795E+07   0.191941E+07  -0.792916E-01   0.136754E+07   0.136741E+07   0.264130E+00
   0.158645E+00   0.186994E+07   0.186183E+07   0.151696E+02   0.963453E+01   0.132082E+07   0.183070E+07   0.186858E+07   0.183070E+07  -0.756269E-01   0.130457E+07   0.130445E+07   0.246723E+00
   0.163782E+00   0.179866E+07   0.179104E+07   0.136799E+02   0.868653E+01   0.125549E+07   0.175990E+07   0.179738E+07   0.175990E+07  -0.727022E-01   0.125434E+07   0.125423E+07   0.225345E+00
   0.168918E+00   0.174180E+07   0.173490E+07   0.124452E+02   0.790082E+01   0.120157E+07   0.170336E+07   0.174064E+07   0.170336E+07  -0.703663E-01   0.121425E+07   0.121415E+07   0.202363E+00
   0.174054E+00   0.169405E+07   0.168796E+07   0.113918E+02   0.723046E+01   0.115501E+07   0.165582E+07   0.169302E+07   0.165582E+07  -0.684024E-01   0.118057E+07   0.118048E+07   0.180418E+00
   0.179191E+00   0.165011E+07   0.164475E+07   0.104620E+02   0.663885E+01   0.111205E+07   0.161206E+07   0.164921E+07   0.161206E+07  -0.665948E-01   0.114957E+07   0.114949E+07   0.161673E+00
   0.184327E+00   0.160529E+07   0.160047E+07   0.961178E+01   0.609803E+01   0.106940E+07   0.156748E+07   0.160448E+07   0.156748E+07  -0.647531E-01   0.111797E+07   0.111789E+07   0.147312E+00
   0.189464E+00   0.155631E+07   0.155178E+07   0.881386E+01   0.559068E+01   0.102489E+07   0.151885E+07   0.155555E+07   0.151885E+07  -0.627440E-01   0.108347E+07   0.108339E+07   0.137416E+00
   0.194600E+00   0.150236E+07   0.149790E+07   0.805892E+01   0.511066E+01   0.978073E+06   0.146540E+07   0.150161E+07   0.146540E+07  -0.605363E-01   0.104552E+07   0.104544E+07   0.131178E+00
   0.199736E+00   0.144520E+07   0.144066E+07   0.735325E+01   0.466219E+01   0.930175E+06   0.140888E+07   0.144444E+07   0.140888E+07  -0.582011E-01   0.100536E+07   0.100528E+07   0.127276E+00
   0.204873E+00   0.138778E+07   0.138308E+07   0.670654E+01   0.425132E+01   0.883123E+06   0.135215E+07   0.138699E+07   0.135215E+07  -0.558575E-01   0.965033E+06   0.964956E+06   0.124255E+00
   0.210009E+00   0.133296E+07   0.132812E+07   0.612587E+01   0.388245E+01   0.838713E+06   0.129802E+07   0.133215E+07   0.129802E+07  -0.536216E-01   0.926555E+06   0.926479E+06   0.120881E+00
   0.215146E+00   0.128307E+07   0.127819E+07   0.561438E+01   0.355757E+01   0.798324E+06   0.124878E+07   0.128225E+07   0.124878E+07  -0.515875E-01   0.891550E+06   0.891475E+06   0.116392E+00
   0.220282E+00   0.123964E+07   0.123485E+07   0.517075E+01   0.327579E+01   0.762776E+06   0.120591E+07   0.123884E+07   0.120591E+07  -0.498166E-01   0.861081E+06   0.861008E+06   0.110591E+00
   0.225418E+00   0.120295E+07   0.119836E+07   0.478829E+01   0.303281E+01   0.732082E+06   0.116967E+07   0.120218E+07   0.116967E+07  -0.483192E-01   0.835330E+06   0.835260E+06   0.103758E+00
   0.230555E+00   0.117189E+07   0.116759E+07   0.445684E+01   0.282251E+01   0.705421E+06   0.113896E+07   0.117116E+07   0.113896E+07  -0.470505E-01   0.813523E+06   0.813457E+06   0.964617E-01
   0.235691E+00   0.114451E+07   0.114054E+07   0.416225E+01   0.263533E+01   0.681504E+06   0.111187E+07   0.114385E+07   0.111187E+07  -0.459318E-01   0.794301E+06   0.794238E+06   0.893627E-01
   0.240828E+00   0.111876E+07   0.111508E+07   0.389452E+01   0.246534E+01   0.659015E+06   0.108639E+07   0.111814E+07   0.108639E+07  -0.448789E-01   0.776212E+06   0.776152E+06   0.830292E-01
   0.245964E+00   0.109284E+07   0.108940E+07   0.364502E+01   0.230701E+01   0.636878E+06   0.106077E+07   0.109227E+07   0.106077E+07  -0.438208E-01   0.758024E+06   0.757967E+06   0.778093E-01
   0.251101E+00   0.106562E+07   0.106233E+07   0.340820E+01   0.215671E+01   0.614414E+06   0.103390E+07   0.106507E+07   0.103390E+07  -0.427107E-01   0.738932E+06   0.738876E+06   0.737806E-01
   0.256237E+00   0.103675E+07   0.103353E+07   0.318226E+01   0.201334E+01   0.591446E+06   0.100545E+07   0.103621E+07   0.100545E+07  -0.415355E-01   0.718705E+06   0.718650E+06   0.707800E-01
   0.261373E+00   0.100675E+07   0.100354E+07   0.296820E+01   0.187759E+01   0.568286E+06   0.975928E+06   0.100621E+07   0.975928E+06  -0.403158E-01   0.697701E+06   0.697648E+06   0.684892E-01
   0.266510E+00   0.976637E+06   0.973406E+06   0.276775E+01   0.175046E+01   0.545514E+06   0.946317E+06   0.976094E+06   0.946317E+06  -0.390925E-01   0.676630E+06   0.676577E+06   0.665353E-01
   0.271646E+00   0.947508E+06   0.944259E+06   0.258309E+01   0.163340E+01   0.523734E+06   0.917693E+06   0.946962E+06   0.917693E+06  -0.379101E-01   0.656257E+06   0.656204E+06   0.645840E-01
   0.276783E+00   0.920279E+06   0.917040E+06   0.241519E+01   0.152695E+01   0.503422E+06   0.890945E+06   0.919736E+06   0.890945E+06  -0.368051E-01   0.637218E+06   0.637166E+06   0.624096E-01
   0.281919E+00   0.895536E+06   0.892349E+06   0.226408E+01   0.143116E+01   0.484854E+06   0.866637E+06   0.895001E+06   0.866637E+06  -0.358009E-01   0.619918E+06   0.619868E+06   0.599262E-01
   0.287055E+00   0.873430E+06   0.870336E+06   0.212874E+01   0.134539E+01   0.468061E+06   0.844913E+06   0.872911E+06   0.844913E+06  -0.349035E-01   0.604462E+06   0.604412E+06   0.571789E-01
   0.292192E+00   0.853655E+06   0.850687E+06   0.200696E+01   0.126821E+01   0.452829E+06   0.825472E+06   0.853157E+06   0.825472E+06  -0.341004E-01   0.590633E+06   0.590586E+06   0.543030E-01
   0.297328E+00   0.835570E+06   0.832741E+06   0.189614E+01   0.119796E+01   0.438775E+06   0.807687E+06   0.835095E+06   0.807687E+06  -0.333657E-01   0.577985E+06   0.577940E+06   0.514711E-01
   0.302465E+00   0.818413E+06   0.815719E+06   0.179374E+01   0.113308E+01   0.425466E+06   0.790818E+06   0.817961E+06   0.790818E+06  -0.326688E-01   0.565988E+06   0.565944E+06   0.488425E-01
   0.307601E+00   0.801507E+06   0.798927E+06   0.169765E+01   0.107221E+01   0.412532E+06   0.774204E+06   0.801074E+06   0.774204E+06  -0.319825E-01   0.554170E+06   0.554127E+06   0.465257E-01
   0.312737E+00   0.784394E+06   0.781901E+06   0.160647E+01   0.101446E+01   0.399732E+06   0.757403E+06   0.783976E+06   0.757403E+06  -0.312884E-01   0.542214E+06   0.542172E+06   0.445605E-01
   0.317874E+00   0.766906E+06   0.764470E+06   0.151955E+01   0.959423E+00   0.386977E+06   0.740251E+06   0.766497E+06   0.740251E+06  -0.305799E-01   0.530003E+06   0.529962E+06   0.429198E-01
   0.323010E+00   0.749142E+06   0.746738E+06   0.143679E+01   0.907025E+00   0.374319E+06   0.722845E+06   0.748738E+06   0.722845E+06  -0.298608E-01   0.517605E+06   0.517565E+06   0.415270E-01
   0.328147E+00   0.731397E+06   0.729013E+06   0.135849E+01   0.857456E+00   0.361903E+06   0.705472E+06   0.730997E+06   0.705472E+06  -0.291432E-01   0.505228E+06   0.505189E+06   0.402822E-01
   0.333283E+00   0.714059E+06   0.711691E+06   0.128508E+01   0.810991E+00   0.349914E+06   0.688506E+06   0.713661E+06   0.688506E+06  -0.284423E-01   0.493139E+06   0.493100E+06   0.390886E-01
   0.338419E+00   0.697490E+06   0.695146E+06   0.121684E+01   0.767796E+00   0.338517E+06   0.672298E+06   0.697096E+06   0.672298E+06  -0.277727E-01   0.481589E+06   0.481550E+06   0.378746E-01
   0.343556E+00   0.681938E+06   0.679630E+06   0.115389E+01   0.727985E+00   0.327817E+06   0.657088E+06   0.681551E+06   0.657088E+06  -0.271444E-01   0.470750E+06   0.470712E+06   0.366043E-01
   0.348692E+00   0.667480E+06   0.665222E+06   0.109589E+01   0.691284E+00   0.317830E+06   0.642946E+06   0.667101E+06   0.642946E+06  -0.265602E-01   0.460673E+06   0.460636E+06   0.352780E-01
   0.353829E+00   0.654026E+06   0.651829E+06   0.104238E+01   0.657435E+00   0.308494E+06   0.629787E+06   0.653657E+06   0.629787E+06  -0.260166E-01   0.451297E+06   0.451261E+06   0.339237E-01
   0.358965E+00   0.641380E+06   0.639251E+06   0.992724E+00   0.626022E+00   0.299701E+06   0.617418E+06   0.641022E+06   0.617418E+06  -0.255056E-01   0.442485E+06   0.442450E+06   0.325857E-01
   0.364101E+00   0.629300E+06   0.627239E+06   0.946308E+00   0.596659E+00   0.291322E+06   0.605604E+06   0.628954E+06   0.605604E+06  -0.250176E-01   0.434069E+06   0.434035E+06   0.313095E-01
   0.369238E+00   0.617549E+06   0.615550E+06   0.902570E+00   0.568992E+00   0.283239E+06   0.594117E+06   0.617213E+06   0.594117E+06  -0.245430E-01   0.425883E+06   0.425850E+06   0.301303E-01
   0.374374E+00   0.605932E+06   0.603985E+06   0.861119E+00   0.542795E+00   0.275354E+06   0.582766E+06   0.605605E+06   0.582766E+06  -0.240741E-01   0.417793E+06   0.417761E+06   0.290651E-01
   0.379511E+00   0.594333E+06   0.592428E+06   0.821566E+00   0.517786E+00   0.267611E+06   0.571441E+06   0.594014E+06   0.571441E+06  -0.236063E-01   0.409720E+06   0.409688E+06   0.281116E-01
   0.384647E+00   0.582744E+06   0.580872E+06   0.783832E+00   0.493932E+00   0.260003E+06   0.560132E+06   0.582430E+06   0.560132E+06  -0.231391E-01   0.401656E+06   0.401624E+06   0.272520E-01
   0.389783E+00   0.571257E+06   0.569411E+06   0.747955E+00   0.471261E+00   0.252568E+06   0.548929E+06   0.570947E+06   0.548929E+06  -0.226763E-01   0.393665E+06   0.393634E+06   0.264607E-01
   0.394920E+00   0.560004E+06   0.558181E+06   0.713976E+00   0.449791E+00   0.245361E+06   0.537960E+06   0.559698E+06   0.537960E+06  -0.222232E-01   0.385840E+06   0.385809E+06   0.257091E-01
   0.400056E+00   0.549104E+06   0.547306E+06   0.681935E+00   0.429546E+00   0.238428E+06   0.527338E+06   0.548802E+06   0.527338E+06  -0.217844E-01   0.378262E+06   0.378232E+06   0.249741E-01
   0.405193E+00   0.538635E+06   0.536864E+06   0.651817E+00   0.410520E+00   0.231797E+06   0.517139E+06   0.538338E+06   0.517139E+06  -0.213631E-01   0.370985E+06   0.370955E+06   0.242404E-01
   0.410329E+00   0.528638E+06   0.526898E+06   0.623556E+00   0.392669E+00   0.225479E+06   0.507400E+06   0.528346E+06   0.507400E+06  -0.209608E-01   0.364036E+06   0.364007E+06   0.235031E-01
   0.415466E+00   0.519119E+06   0.517414E+06   0.597051E+00   0.375929E+00   0.219469E+06   0.498130E+06   0.518833E+06   0.498130E+06  -0.205778E-01   0.357422E+06   0.357393E+06   0.227673E-01
   0.420602E+00   0.510034E+06   0.508367E+06   0.572141E+00   0.360198E+00   0.213741E+06   0.489283E+06   0.509754E+06   0.489283E+06  -0.202124E-01   0.351109E+06   0.351082E+06   0.220434E-01
   0.425738E+00   0.501292E+06   0.499663E+06   0.548639E+00   0.345357E+00   0.208250E+06   0.480771E+06   0.501018E+06   0.480771E+06  -0.198607E-01   0.345036E+06   0.345008E+06   0.213436E-01
   0.430875E+00   0.492789E+06   0.491196E+06   0.526362E+00   0.331295E+00   0.202947E+06   0.472495E+06   0.492521E+06   0.472495E+06  -0.195188E-01   0.339130E+06   0.339103E+06   0.206779E-01
   0.436011E+00   0.484455E+06   0.482897E+06   0.505149E+00   0.317902E+00   0.197800E+06   0.464388E+06   0.484194E+06   0.464388E+06  -0.191839E-01   0.333343E+06   0.333317E+06   0.200532E-01
   0.441148E+00   0.476257E+06   0.474728E+06   0.484926E+00   0.305136E+00   0.192790E+06   0.456414E+06   0.476000E+06   0.456414E+06  -0.188545E-01   0.327651E+06   0.327625E+06   0.194713E-01
   0.446284E+00   0.468174E+06   0.466671E+06   0.465627E+00   0.292960E+00   0.187907E+06   0.448557E+06   0.467921E+06   0.448557E+06  -0.185299E-01   0.322041E+06   0.322016E+06   0.189287E-01
   0.451420E+00   0.460203E+06   0.458724E+06   0.447176E+00   0.281315E+00   0.183146E+06   0.440811E+06   0.459954E+06   0.440811E+06  -0.182100E-01   0.316510E+06   0.316485E+06   0.184182E-01
   0.456557E+00   0.452370E+06   0.450912E+06   0.429588E+00   0.270221E+00   0.178514E+06   0.433203E+06   0.452125E+06   0.433203E+06  -0.178957E-01   0.311076E+06   0.311052E+06   0.179316E-01
   0.461693E+00   0.444724E+06   0.443287E+06   0.412828E+00   0.259644E+00   0.174029E+06   0.425779E+06   0.444483E+06   0.425779E+06  -0.175890E-01   0.305773E+06   0.305749E+06   0.174613E-01
   0.466830E+00   0.437308E+06   0.435893E+06   0.396925E+00   0.249613E+00   0.169704E+06   0.418580E+06   0.437071E+06   0.418580E+06  -0.172916E-01   0.300631E+06   0.300607E+06   0.170021E-01
   0.471966E+00   0.430138E+06   0.428744E+06   0.381840E+00   0.240101E+00   0.165540E+06   0.411621E+06   0.429904E+06   0.411621E+06  -0.170041E-01   0.295659E+06   0.295636E+06   0.165506E-01
   0.477102E+00   0.423205E+06   0.421835E+06   0.367516E+00   0.231067E+00   0.161531E+06   0.404894E+06   0.422975E+06   0.404894E+06  -0.167262E-01   0.290854E+06   0.290831E+06   0.161066E-01
   0.482239E+00   0.416497E+06   0.415151E+06   0.353903E+00   0.222480E+00   0.157669E+06   0.398387E+06   0.416271E+06   0.398387E+06  -0.164574E-01   0.286204E+06   0.286182E+06   0.156716E-01
   0.487375E+00   0.409996E+06   0.408675E+06   0.340976E+00   0.214333E+00   0.153944E+06   0.392082E+06   0.409775E+06   0.392082E+06  -0.161970E-01   0.281700E+06   0.281677E+06   0.152489E-01
   0.492512E+00   0.403678E+06   0.402380E+06   0.328648E+00   0.206560E+00   0.150343E+06   0.385955E+06   0.403460E+06   0.385955E+06  -0.159438E-01   0.277321E+06   0.277299E+06   0.148416E-01
   0.497648E+00   0.397506E+06   0.396231E+06   0.316873E+00   0.199137E+00   0.146850E+06   0.379972E+06   0.397292E+06   0.379972E+06  -0.156967E-01   0.273046E+06   0.273024E+06   0.144516E-01
   0.502784E+00   0.391453E+06   0.390199E+06   0.305612E+00   0.192040E+00   0.143453E+06   0.374106E+06   0.391242E+06   0.374106E+06  -0.154544E-01   0.268853E+06   0.268832E+06   0.140798E-01
   0.507921E+00   0.385506E+06   0.384272E+06   0.294820E+00   0.185238E+00   0.140145E+06   0.368345E+06   0.385299E+06   0.368345E+06  -0.152164E-01   0.264735E+06   0.264714E+06   0.137257E-01
   0.513057E+00   0.379667E+06   0.378452E+06   0.284487E+00   0.178728E+00   0.136926E+06   0.362690E+06   0.379463E+06   0.362690E+06  -0.149828E-01   0.260693E+06   0.260672E+06   0.133877E-01
   0.518194E+00   0.373944E+06   0.372747E+06   0.274582E+00   0.172485E+00   0.133796E+06   0.357149E+06   0.373743E+06   0.357149E+06  -0.147539E-01   0.256731E+06   0.256711E+06   0.130636E-01
   0.523330E+00   0.368341E+06   0.367160E+06   0.265109E+00   0.166518E+00   0.130754E+06   0.351726E+06   0.368143E+06   0.351726E+06  -0.145298E-01   0.252853E+06   0.252833E+06   0.127508E-01
   0.528466E+00   0.362864E+06   0.361700E+06   0.256039E+00   0.160805E+00   0.127801E+06   0.346426E+06   0.362668E+06   0.346426E+06  -0.143109E-01   0.249063E+06   0.249043E+06   0.124472E-01
   0.533603E+00   0.357522E+06   0.356375E+06   0.247362E+00   0.155338E+00   0.124939E+06   0.341258E+06   0.357329E+06   0.341258E+06  -0.140974E-01   0.245367E+06   0.245348E+06   0.121512E-01
   0.538739E+00   0.352324E+06   0.351194E+06   0.239071E+00   0.150116E+00   0.122168E+06   0.336231E+06   0.352134E+06   0.336231E+06  -0.138897E-01   0.241771E+06   0.241752E+06   0.118625E-01
   0.543876E+00   0.347266E+06   0.346152E+06   0.231144E+00   0.145125E+00   0.119485E+06   0.331339E+06   0.347079E+06   0.331339E+06  -0.136877E-01   0.238272E+06   0.238254E+06   0.115809E-01
   0.549012E+00   0.342334E+06   0.341237E+06   0.223556E+00   0.140348E+00   0.116884E+06   0.326571E+06   0.342150E+06   0.326571E+06  -0.134907E-01   0.234862E+06   0.234843E+06   0.113067E-01
   0.554148E+00   0.337517E+06   0.336437E+06   0.216279E+00   0.135764E+00   0.114360E+06   0.321915E+06   0.337336E+06   0.321915E+06  -0.132984E-01   0.231531E+06   0.231513E+06   0.110407E-01
   0.559285E+00   0.332808E+06   0.331744E+06   0.209307E+00   0.131376E+00   0.111907E+06   0.317365E+06   0.332629E+06   0.317365E+06  -0.131104E-01   0.228275E+06   0.228257E+06   0.107836E-01
   0.564421E+00   0.328199E+06   0.327152E+06   0.202614E+00   0.127162E+00   0.109524E+06   0.312913E+06   0.328024E+06   0.312913E+06  -0.129265E-01   0.225090E+06   0.225072E+06   0.105356E-01
   0.569558E+00   0.323683E+06   0.322650E+06   0.196186E+00   0.123117E+00   0.107204E+06   0.308551E+06   0.323510E+06   0.308551E+06  -0.127463E-01   0.221968E+06   0.221951E+06   0.102966E-01
   0.574694E+00   0.319250E+06   0.318231E+06   0.190002E+00   0.119224E+00   0.104943E+06   0.304270E+06   0.319079E+06   0.304270E+06  -0.125694E-01   0.218905E+06   0.218887E+06   0.100663E-01
   0.579830E+00   0.314898E+06   0.313894E+06   0.184063E+00   0.115488E+00   0.102741E+06   0.300069E+06   0.314730E+06   0.300069E+06  -0.123959E-01   0.215898E+06   0.215881E+06   0.984380E-02
   0.584967E+00   0.310633E+06   0.309642E+06   0.178345E+00   0.111889E+00   0.100596E+06   0.295953E+06   0.310467E+06   0.295953E+06  -0.122258E-01   0.212952E+06   0.212935E+06   0.962855E-02
   0.590103E+00   0.306458E+06   0.305481E+06   0.172853E+00   0.108432E+00   0.985102E+05   0.291925E+06   0.306294E+06   0.291925E+06  -0.120594E-01   0.210068E+06   0.210051E+06   0.941977E-02
   0.595240E+00   0.302372E+06   0.301407E+06   0.167575E+00   0.105112E+00   0.964809E+05   0.287983E+06   0.302210E+06   0.287983E+06  -0.118966E-01   0.207246E+06   0.207230E+06   0.921678E-02
   0.600376E+00   0.298372E+06   0.297420E+06   0.162502E+00   0.101921E+00   0.945064E+05   0.284124E+06   0.298212E+06   0.284124E+06  -0.117372E-01   0.204484E+06   0.204467E+06   0.901906E-02
   0.605512E+00   0.294458E+06   0.293519E+06   0.157624E+00   0.988544E-01   0.925860E+05   0.280351E+06   0.294300E+06   0.280351E+06  -0.115813E-01   0.201782E+06   0.201766E+06   0.882642E-02
   0.610649E+00   0.290632E+06   0.289705E+06   0.152930E+00   0.959006E-01   0.907190E+05   0.276662E+06   0.290476E+06   0.276662E+06  -0.114289E-01   0.199140E+06   0.199124E+06   0.863889E-02
   0.615785E+00   0.286889E+06   0.285975E+06   0.148415E+00   0.930610E-01   0.889034E+05   0.273055E+06   0.286736E+06   0.273055E+06  -0.112799E-01   0.196557E+06   0.196541E+06   0.845651E-02
   0.620922E+00   0.283223E+06   0.282321E+06   0.144070E+00   0.903287E-01   0.871357E+05   0.269521E+06   0.283071E+06   0.269521E+06  -0.111339E-01   0.194026E+06   0.194011E+06   0.827927E-02
   0.626058E+00   0.279626E+06   0.278736E+06   0.139885E+00   0.876980E-01   0.854132E+05   0.266056E+06   0.279477E+06   0.266056E+06  -0.109908E-01   0.191544E+06   0.191529E+06   0.810719E-02
   0.631195E+00   0.276099E+06   0.275220E+06   0.135848E+00   0.851595E-01   0.837349E+05   0.262658E+06   0.275951E+06   0.262658E+06  -0.108504E-01   0.189110E+06   0.189095E+06   0.794029E-02
   0.636331E+00   0.272640E+06   0.271773E+06   0.131958E+00   0.827139E-01   0.820997E+05   0.259328E+06   0.272494E+06   0.259328E+06  -0.107128E-01   0.186724E+06   0.186710E+06   0.777848E-02
   0.641467E+00   0.269247E+06   0.268391E+06   0.128209E+00   0.803576E-01   0.805060E+05   0.256060E+06   0.269103E+06   0.256060E+06  -0.105779E-01   0.184384E+06   0.184369E+06   0.762151E-02
   0.646604E+00   0.265914E+06   0.265069E+06   0.124591E+00   0.780841E-01   0.789514E+05   0.252852E+06   0.265772E+06   0.252852E+06  -0.104454E-01   0.182085E+06   0.182071E+06   0.746903E-02
   0.651740E+00   0.262642E+06   0.261807E+06   0.121098E+00   0.758883E-01   0.774353E+05   0.249703E+06   0.262502E+06   0.249703E+06  -0.103153E-01   0.179829E+06   0.179815E+06   0.732077E-02
   0.702066E+00   0.233696E+06   0.232955E+06   0.926634E-01   0.580248E-01   0.644276E+05   0.221874E+06   0.233572E+06   0.221874E+06  -0.916565E-02   0.159881E+06   0.159868E+06   0.605704E-02
   0.756277E+00   0.207759E+06   0.207102E+06   0.708493E-01   0.443322E-01   0.534339E+05   0.196984E+06   0.207649E+06   0.196984E+06  -0.813743E-02   0.142026E+06   0.142015E+06   0.500980E-02
   0.814675E+00   0.184529E+06   0.183946E+06   0.541234E-01   0.338416E-01   0.441868E+05   0.174732E+06   0.184431E+06   0.174732E+06  -0.721822E-02   0.126053E+06   0.126043E+06   0.414151E-02
   0.895965E+00   0.158351E+06   0.157851E+06   0.383073E-01   0.239305E-01   0.345003E+05   0.149708E+06   0.158267E+06   0.149708E+06  -0.618444E-02   0.108075E+06   0.108066E+06   0.324488E-02
   0.125042E+01   0.917545E+05   0.914659E+05   0.113101E-01   0.704424E-02   0.139721E+05   0.863302E+05   0.917060E+05   0.863302E+05  -0.356631E-02   0.624591E+05   0.624539E+05   0.137910E-02
   0.174510E+01   0.525035E+05   0.523384E+05   0.144055E-02   0.189432E-03   0.536619E+04   0.492178E+05   0.524758E+05   0.492178E+05  -0.203286E-02   0.356679E+05   0.356648E+05   0.591463E-03
   0.243548E+01   0.297375E+05   0.296438E+05  -0.589189E-03  -0.952515E-03   0.196273E+04   0.278020E+05   0.297218E+05   0.278020E+05  -0.114834E-02   0.201755E+05   0.201736E+05   0.260661E-03
