#          k/h    CDM            baryon         photon         nu             mass_nu        total          no_nu          total_de       Weyl           v_CDM          v_b            v_b-v_c     
   0.102105E-04   0.192819E+08   0.192819E+08   0.256958E+08   0.256954E+08   0.192820E+08   0.192819E+08   0.192819E+08   0.192883E+08  -0.465747E+00   0.979810E+07   0.979810E+07   0.583202E+01
   0.112739E-04   0.192819E+08   0.192819E+08   0.256928E+08   0.256923E+08   0.192820E+08   0.192819E+08   0.192819E+08   0.192883E+08  -0.465747E+00   0.979809E+07   0.979809E+07   0.643925E+01
   0.124482E-04   0.192819E+08   0.192819E+08   0.256892E+08   0.256886E+08   0.192819E+08   0.192819E+08   0.192819E+08   0.192883E+08  -0.465747E+00   0.979809E+07   0.979809E+07   0.710967E+01
   0.137447E-04   0.192818E+08   0.192818E+08   0.256849E+08   0.256841E+08   0.192819E+08   0.192819E+08   0.192818E+08   0.192883E+08  -0.465746E+00   0.979808E+07   0.979808E+07   0.784982E+01
   0.151763E-04   0.192818E+08   0.192818E+08   0.256795E+08   0.256786E+08   0.192819E+08   0.192818E+08   0.192818E+08   0.192883E+08  -0.465746E+00   0.979808E+07   0.979808E+07   0.866694E+01
   0.167569E-04   0.192818E+08   0.192818E+08   0.256730E+08   0.256720E+08   0.192819E+08   0.192818E+08   0.192818E+08   0.192882E+08  -0.465746E+00   0.979807E+07   0.979807E+07   0.956900E+01
   0.185022E-04   0.192818E+08   0.192818E+08   0.256651E+08   0.256638E+08   0.192819E+08   0.192818E+08   0.192818E+08   0.192882E+08  -0.465745E+00   0.979807E+07   0.979807E+07   0.105648E+02
   0.204293E-04   0.192818E+08   0.192818E+08   0.256555E+08   0.256539E+08   0.192819E+08   0.192818E+08   0.192818E+08   0.192882E+08  -0.465745E+00   0.979806E+07   0.979806E+07   0.116640E+02
   0.225571E-04   0.192818E+08   0.192818E+08   0.256437E+08   0.256418E+08   0.192819E+08   0.192818E+08   0.192818E+08   0.192882E+08  -0.465744E+00   0.979805E+07   0.979805E+07   0.128773E+02
   0.249065E-04   0.192818E+08   0.192817E+08   0.256294E+08   0.256270E+08   0.192818E+08   0.192818E+08   0.192818E+08   0.192882E+08  -0.465743E+00   0.979804E+07   0.979803E+07   0.142165E+02
   0.275006E-04   0.192817E+08   0.192817E+08   0.256119E+08   0.256090E+08   0.192818E+08   0.192817E+08   0.192817E+08   0.192881E+08  -0.465742E+00   0.979802E+07   0.979802E+07   0.156944E+02
   0.303649E-04   0.192817E+08   0.192817E+08   0.255906E+08   0.255871E+08   0.192818E+08   0.192817E+08   0.192817E+08   0.192881E+08  -0.465741E+00   0.979800E+07   0.979800E+07   0.173252E+02
   0.335276E-04   0.192816E+08   0.192816E+08   0.255647E+08   0.255604E+08   0.192817E+08   0.192816E+08   0.192816E+08   0.192880E+08  -0.465740E+00   0.979798E+07   0.979797E+07   0.191246E+02
   0.370196E-04   0.192816E+08   0.192816E+08   0.255331E+08   0.255279E+08   0.192817E+08   0.192816E+08   0.192816E+08   0.192880E+08  -0.465738E+00   0.979795E+07   0.979794E+07   0.211097E+02
   0.408754E-04   0.192815E+08   0.192815E+08   0.254947E+08   0.254884E+08   0.192816E+08   0.192815E+08   0.192815E+08   0.192879E+08  -0.465736E+00   0.979791E+07   0.979791E+07   0.232992E+02
   0.451327E-04   0.192814E+08   0.192814E+08   0.254479E+08   0.254402E+08   0.192815E+08   0.192814E+08   0.192814E+08   0.192878E+08  -0.465734E+00   0.979787E+07   0.979787E+07   0.257135E+02
   0.498335E-04   0.192813E+08   0.192813E+08   0.253910E+08   0.253816E+08   0.192814E+08   0.192813E+08   0.192813E+08   0.192877E+08  -0.465730E+00   0.979782E+07   0.979781E+07   0.283750E+02
   0.550238E-04   0.192812E+08   0.192812E+08   0.253217E+08   0.253103E+08   0.192813E+08   0.192812E+08   0.192812E+08   0.192875E+08  -0.465727E+00   0.979776E+07   0.979775E+07   0.313080E+02
   0.607548E-04   0.192811E+08   0.192810E+08   0.252375E+08   0.252237E+08   0.192811E+08   0.192811E+08   0.192811E+08   0.192874E+08  -0.465722E+00   0.979768E+07   0.979767E+07   0.345388E+02
   0.670826E-04   0.192809E+08   0.192809E+08   0.251352E+08   0.251184E+08   0.192810E+08   0.192809E+08   0.192809E+08   0.192872E+08  -0.465717E+00   0.979758E+07   0.979758E+07   0.380957E+02
   0.740696E-04   0.192807E+08   0.192806E+08   0.250110E+08   0.249906E+08   0.192807E+08   0.192807E+08   0.192807E+08   0.192869E+08  -0.465710E+00   0.979747E+07   0.979746E+07   0.420092E+02
   0.817842E-04   0.192804E+08   0.192803E+08   0.248603E+08   0.248356E+08   0.192805E+08   0.192804E+08   0.192804E+08   0.192866E+08  -0.465702E+00   0.979733E+07   0.979732E+07   0.463116E+02
   0.903024E-04   0.192801E+08   0.192800E+08   0.246778E+08   0.246478E+08   0.192801E+08   0.192801E+08   0.192801E+08   0.192862E+08  -0.465692E+00   0.979716E+07   0.979714E+07   0.510370E+02
   0.997077E-04   0.192797E+08   0.192796E+08   0.244569E+08   0.244206E+08   0.192797E+08   0.192797E+08   0.192796E+08   0.192858E+08  -0.465679E+00   0.979695E+07   0.979694E+07   0.562212E+02
   0.110093E-03   0.192792E+08   0.192791E+08   0.241901E+08   0.241462E+08   0.192792E+08   0.192792E+08   0.192792E+08   0.192852E+08  -0.465665E+00   0.979670E+07   0.979668E+07   0.619004E+02
   0.121559E-03   0.192786E+08   0.192785E+08   0.238684E+08   0.238154E+08   0.192786E+08   0.192786E+08   0.192786E+08   0.192845E+08  -0.465646E+00   0.979639E+07   0.979637E+07   0.681111E+02
   0.134220E-03   0.192779E+08   0.192777E+08   0.234815E+08   0.234178E+08   0.192779E+08   0.192778E+08   0.192778E+08   0.192837E+08  -0.465625E+00   0.979602E+07   0.979599E+07   0.748886E+02
   0.148200E-03   0.192770E+08   0.192768E+08   0.230176E+08   0.229413E+08   0.192770E+08   0.192770E+08   0.192770E+08   0.192827E+08  -0.465598E+00   0.979556E+07   0.979553E+07   0.822653E+02
   0.163635E-03   0.192759E+08   0.192758E+08   0.224636E+08   0.223723E+08   0.192759E+08   0.192759E+08   0.192759E+08   0.192815E+08  -0.465566E+00   0.979501E+07   0.979497E+07   0.902686E+02
   0.180679E-03   0.192746E+08   0.192744E+08   0.218048E+08   0.216962E+08   0.192746E+08   0.192746E+08   0.192746E+08   0.192800E+08  -0.465527E+00   0.979434E+07   0.979428E+07   0.989175E+02
   0.199497E-03   0.192730E+08   0.192728E+08   0.210257E+08   0.208972E+08   0.192730E+08   0.192730E+08   0.192730E+08   0.192782E+08  -0.465479E+00   0.979352E+07   0.979346E+07   0.108219E+03
   0.220276E-03   0.192711E+08   0.192708E+08   0.201108E+08   0.199597E+08   0.192711E+08   0.192711E+08   0.192711E+08   0.192761E+08  -0.465422E+00   0.979253E+07   0.979245E+07   0.118163E+03
   0.243218E-03   0.192688E+08   0.192685E+08   0.190453E+08   0.188693E+08   0.192687E+08   0.192687E+08   0.192687E+08   0.192735E+08  -0.465353E+00   0.979133E+07   0.979123E+07   0.128714E+03
   0.268550E-03   0.192660E+08   0.192656E+08   0.178174E+08   0.176142E+08   0.192659E+08   0.192659E+08   0.192659E+08   0.192704E+08  -0.465270E+00   0.978987E+07   0.978976E+07   0.139809E+03
   0.296521E-03   0.192626E+08   0.192621E+08   0.164203E+08   0.161888E+08   0.192625E+08   0.192625E+08   0.192625E+08   0.192666E+08  -0.465171E+00   0.978811E+07   0.978798E+07   0.151342E+03
   0.327405E-03   0.192585E+08   0.192579E+08   0.148560E+08   0.145964E+08   0.192583E+08   0.192584E+08   0.192584E+08   0.192621E+08  -0.465052E+00   0.978598E+07   0.978582E+07   0.163159E+03
   0.361505E-03   0.192535E+08   0.192528E+08   0.131390E+08   0.128534E+08   0.192533E+08   0.192534E+08   0.192534E+08   0.192567E+08  -0.464910E+00   0.978342E+07   0.978323E+07   0.175045E+03
   0.399158E-03   0.192476E+08   0.192467E+08   0.113009E+08   0.109945E+08   0.192473E+08   0.192474E+08   0.192474E+08   0.192502E+08  -0.464741E+00   0.978033E+07   0.978011E+07   0.186722E+03
   0.440732E-03   0.192405E+08   0.192394E+08   0.939416E+07   0.907565E+07   0.192400E+08   0.192403E+08   0.192403E+08   0.192426E+08  -0.464542E+00   0.977663E+07   0.977637E+07   0.197841E+03
   0.486636E-03   0.192319E+08   0.192307E+08   0.749426E+07   0.717636E+07   0.192314E+08   0.192317E+08   0.192317E+08   0.192335E+08  -0.464307E+00   0.977221E+07   0.977190E+07   0.207989E+03
   0.537321E-03   0.192217E+08   0.192203E+08   0.569682E+07   0.539608E+07   0.192211E+08   0.192215E+08   0.192215E+08   0.192229E+08  -0.464033E+00   0.976693E+07   0.976658E+07   0.216701E+03
   0.593285E-03   0.192097E+08   0.192080E+08   0.410798E+07   0.384340E+07   0.192088E+08   0.192093E+08   0.192094E+08   0.192104E+08  -0.463712E+00   0.976067E+07   0.976027E+07   0.223495E+03
   0.655078E-03   0.191954E+08   0.191935E+08   0.282519E+07   0.261532E+07   0.191943E+08   0.191950E+08   0.191950E+08   0.191957E+08  -0.463340E+00   0.975326E+07   0.975282E+07   0.227914E+03
   0.723307E-03   0.191785E+08   0.191763E+08   0.190961E+07   0.176794E+07   0.191772E+08   0.191781E+08   0.191781E+08   0.191785E+08  -0.462910E+00   0.974455E+07   0.974405E+07   0.229587E+03
   0.798642E-03   0.191587E+08   0.191562E+08   0.135682E+07   0.128646E+07   0.191572E+08   0.191582E+08   0.191583E+08   0.191586E+08  -0.462413E+00   0.973433E+07   0.973379E+07   0.228286E+03
   0.881824E-03   0.191356E+08   0.191328E+08   0.108164E+07   0.107126E+07   0.191337E+08   0.191350E+08   0.191351E+08   0.191353E+08  -0.461840E+00   0.972242E+07   0.972182E+07   0.223963E+03
   0.973670E-03   0.191086E+08   0.191056E+08   0.937471E+06   0.961937E+06   0.191063E+08   0.191080E+08   0.191081E+08   0.191082E+08  -0.461178E+00   0.970857E+07   0.970794E+07   0.216759E+03
   0.107508E-02   0.190774E+08   0.190740E+08   0.780925E+06   0.809240E+06   0.190745E+08   0.190766E+08   0.190768E+08   0.190768E+08  -0.460415E+00   0.969253E+07   0.969186E+07   0.206955E+03
   0.118706E-02   0.190412E+08   0.190376E+08   0.557032E+06   0.566068E+06   0.190376E+08   0.190404E+08   0.190406E+08   0.190405E+08  -0.459534E+00   0.967401E+07   0.967332E+07   0.194909E+03
   0.131069E-02   0.189994E+08   0.189956E+08   0.333292E+06   0.319257E+06   0.189950E+08   0.189985E+08   0.189987E+08   0.189986E+08  -0.458518E+00   0.965266E+07   0.965195E+07   0.181032E+03
   0.144721E-02   0.189512E+08   0.189474E+08   0.214732E+06   0.191526E+06   0.189459E+08   0.189502E+08   0.189506E+08   0.189503E+08  -0.457350E+00   0.962810E+07   0.962738E+07   0.165827E+03
   0.159794E-02   0.188959E+08   0.188920E+08   0.195610E+06  -0.215481E+06   0.188894E+08   0.188949E+08   0.188953E+08   0.188949E+08  -0.456009E+00   0.959993E+07   0.959921E+07   0.149968E+03
   0.176437E-02   0.188326E+08   0.188286E+08   0.155434E+06  -0.176142E+06   0.188247E+08   0.188314E+08   0.188319E+08   0.188315E+08  -0.454476E+00   0.956766E+07   0.956695E+07   0.134268E+03
   0.194814E-02   0.187602E+08   0.187563E+08   0.648196E+05  -0.143914E+06   0.187505E+08   0.187589E+08   0.187596E+08   0.187589E+08  -0.452724E+00   0.953079E+07   0.953009E+07   0.119495E+03
   0.215104E-02   0.186777E+08   0.186737E+08   0.354951E+05  -0.117518E+06   0.186659E+08   0.186763E+08   0.186770E+08   0.186763E+08  -0.450727E+00   0.948875E+07   0.948807E+07   0.106226E+03
   0.237508E-02   0.185838E+08   0.185798E+08   0.482467E+05  -0.959048E+05   0.185695E+08   0.185822E+08   0.185831E+08   0.185822E+08  -0.448456E+00   0.944094E+07   0.944027E+07   0.948209E+02
   0.262246E-02   0.184773E+08   0.184731E+08   0.126892E+05  -0.782112E+05   0.184599E+08   0.184754E+08   0.184766E+08   0.184754E+08  -0.445878E+00   0.938669E+07   0.938602E+07   0.853222E+02
   0.289560E-02   0.183567E+08   0.183524E+08   0.108232E+05  -0.637314E+05   0.183357E+08   0.183545E+08   0.183559E+08   0.183545E+08  -0.442960E+00   0.932527E+07   0.932460E+07   0.773525E+02
   0.319719E-02   0.182205E+08   0.182160E+08   0.245046E+04  -0.518861E+05   0.181951E+08   0.182180E+08   0.182197E+08   0.182180E+08  -0.439666E+00   0.925593E+07   0.925525E+07   0.703353E+02
   0.353019E-02   0.180672E+08   0.180624E+08  -0.358823E+04  -0.422000E+05   0.180365E+08   0.180643E+08   0.180664E+08   0.180643E+08  -0.435955E+00   0.917783E+07   0.917716E+07   0.637452E+02
   0.389787E-02   0.178949E+08   0.178899E+08  -0.102945E+05  -0.342836E+05   0.178580E+08   0.178916E+08   0.178941E+08   0.178916E+08  -0.431786E+00   0.909011E+07   0.908944E+07   0.573974E+02
   0.430385E-02   0.177020E+08   0.176966E+08  -0.186749E+04  -0.278172E+05   0.176576E+08   0.176981E+08   0.177011E+08   0.176981E+08  -0.427116E+00   0.899182E+07   0.899116E+07   0.514835E+02
   0.475211E-02   0.174864E+08   0.174806E+08  -0.437502E+04  -0.225386E+05   0.174333E+08   0.174818E+08   0.174854E+08   0.174818E+08  -0.421896E+00   0.888197E+07   0.888132E+07   0.462742E+02
   0.524707E-02   0.172461E+08   0.172398E+08  -0.693085E+04  -0.182328E+05   0.171827E+08   0.172407E+08   0.172450E+08   0.172407E+08  -0.416077E+00   0.875953E+07   0.875887E+07   0.417548E+02
   0.579357E-02   0.169790E+08   0.169721E+08  -0.427503E+04  -0.147235E+05   0.169035E+08   0.169727E+08   0.169778E+08   0.169727E+08  -0.409609E+00   0.862340E+07   0.862275E+07   0.376565E+02
   0.639699E-02   0.166829E+08   0.166753E+08  -0.456729E+04  -0.118661E+05   0.165936E+08   0.166755E+08   0.166816E+08   0.166755E+08  -0.402437E+00   0.847250E+07   0.847185E+07   0.338448E+02
   0.706327E-02   0.163556E+08   0.163471E+08  -0.351370E+04  -0.954211E+04   0.162504E+08   0.163470E+08   0.163542E+08   0.163470E+08  -0.394509E+00   0.830568E+07   0.830504E+07   0.304378E+02
   0.779894E-02   0.159950E+08   0.159855E+08  -0.395560E+04  -0.765422E+04   0.158718E+08   0.159850E+08   0.159934E+08   0.159850E+08  -0.385772E+00   0.812184E+07   0.812120E+07   0.274320E+02
   0.861123E-02   0.155989E+08   0.155882E+08  -0.339016E+04  -0.612282E+04   0.154555E+08   0.155873E+08   0.155971E+08   0.155873E+08  -0.376175E+00   0.791991E+07   0.791927E+07   0.246989E+02
   0.950812E-02   0.151654E+08   0.151532E+08  -0.241318E+04  -0.488263E+04   0.149997E+08   0.151521E+08   0.151634E+08   0.151521E+08  -0.365671E+00   0.769890E+07   0.769827E+07   0.222536E+02
   0.104984E-01   0.146929E+08   0.146790E+08  -0.234752E+04  -0.388017E+04   0.145028E+08   0.146776E+08   0.146906E+08   0.146776E+08  -0.354220E+00   0.745798E+07   0.745735E+07   0.200765E+02
   0.115919E-01   0.141801E+08   0.141642E+08  -0.190723E+04  -0.307162E+04   0.139638E+08   0.141626E+08   0.141774E+08   0.141626E+08  -0.341792E+00   0.719650E+07   0.719587E+07   0.181252E+02
   0.127992E-01   0.136261E+08   0.136080E+08  -0.136815E+04  -0.242110E+04   0.133822E+08   0.136064E+08   0.136231E+08   0.136064E+08  -0.328369E+00   0.691409E+07   0.691346E+07   0.163898E+02
   0.141323E-01   0.130311E+08   0.130103E+08  -0.132969E+04  -0.189921E+04   0.127582E+08   0.130090E+08   0.130276E+08   0.130090E+08  -0.313950E+00   0.661073E+07   0.661010E+07   0.148403E+02
   0.156043E-01   0.123957E+08   0.123719E+08  -0.122058E+04  -0.148191E+04   0.120932E+08   0.123710E+08   0.123917E+08   0.123710E+08  -0.298555E+00   0.628683E+07   0.628620E+07   0.134565E+02
   0.172295E-01   0.117218E+08   0.116947E+08  -0.786752E+03  -0.114951E+04   0.113895E+08   0.116946E+08   0.117172E+08   0.116946E+08  -0.282230E+00   0.594336E+07   0.594273E+07   0.122148E+02
   0.190240E-01   0.110127E+08   0.109822E+08  -0.723005E+03  -0.885913E+03   0.106513E+08   0.109830E+08   0.110076E+08   0.109830E+08  -0.265056E+00   0.558205E+07   0.558141E+07   0.110916E+02
   0.210055E-01   0.102737E+08   0.102395E+08  -0.409292E+03  -0.677969E+03   0.988473E+07   0.102415E+08   0.102680E+08   0.102415E+08  -0.247161E+00   0.520555E+07   0.520491E+07   0.100625E+02
   0.231933E-01   0.951225E+07   0.947437E+07  -0.359871E+03  -0.514951E+03   0.909825E+07   0.947770E+07   0.950589E+07   0.947770E+07  -0.228729E+00   0.481773E+07   0.481710E+07   0.910373E+01
   0.256089E-01   0.873855E+07   0.869727E+07  -0.285778E+03  -0.388097E+03   0.830273E+07   0.870196E+07   0.873162E+07   0.870196E+07  -0.210008E+00   0.442383E+07   0.442320E+07   0.818967E+01
   0.282762E-01   0.796558E+07   0.792149E+07  -0.192460E+03  -0.290242E+03   0.751155E+07   0.792729E+07   0.795818E+07   0.792729E+07  -0.191312E+00   0.403045E+07   0.402984E+07   0.729797E+01
   0.312213E-01   0.720892E+07   0.716300E+07  -0.176485E+03  -0.215518E+03   0.674035E+07   0.716934E+07   0.720121E+07   0.716934E+07  -0.173020E+00   0.364556E+07   0.364496E+07   0.641116E+01
   0.344731E-01   0.648631E+07   0.643998E+07  -0.113633E+03  -0.159119E+03   0.600681E+07   0.644591E+07   0.647853E+07   0.644591E+07  -0.155562E+00   0.327818E+07   0.327761E+07   0.551752E+01
   0.380637E-01   0.581653E+07   0.577163E+07  -0.834166E+02  -0.117098E+03   0.532896E+07   0.577579E+07   0.580899E+07   0.577579E+07  -0.139389E+00   0.293787E+07   0.293734E+07   0.461718E+01
   0.420281E-01   0.521602E+07   0.517461E+07  -0.666688E+02  -0.861893E+02   0.472171E+07   0.517536E+07   0.520906E+07   0.517536E+07  -0.124899E+00   0.263296E+07   0.263249E+07   0.372503E+01
   0.462310E-01   0.471417E+07   0.467803E+07  -0.634579E+02  -0.644306E+02   0.421330E+07   0.467388E+07   0.470810E+07   0.467388E+07  -0.112797E+00   0.237832E+07   0.237792E+07   0.290437E+01
   0.504338E-01   0.432567E+07   0.429555E+07  -0.489744E+02  -0.497240E+02   0.381676E+07   0.428577E+07   0.432061E+07   0.428577E+07  -0.103430E+00   0.218129E+07   0.218095E+07   0.222342E+01
   0.546366E-01   0.401434E+07   0.399016E+07  -0.387654E+02  -0.393580E+02   0.349664E+07   0.397476E+07   0.401028E+07   0.397476E+07  -0.959244E-01   0.202342E+07   0.202315E+07   0.168579E+01
   0.588394E-01   0.375356E+07   0.373451E+07  -0.312864E+02  -0.317639E+02   0.322747E+07   0.371420E+07   0.375036E+07   0.371420E+07  -0.896361E-01   0.189119E+07   0.189096E+07   0.128720E+01
   0.630422E-01   0.352373E+07   0.350856E+07  -0.256118E+02  -0.260021E+02   0.299076E+07   0.348450E+07   0.352119E+07   0.348450E+07  -0.840929E-01   0.177462E+07   0.177443E+07   0.101412E+01
   0.672450E-01   0.330770E+07   0.329493E+07  -0.211516E+02  -0.214735E+02   0.277095E+07   0.326859E+07   0.330556E+07   0.326859E+07  -0.788821E-01   0.166503E+07   0.166486E+07   0.844796E+00
   0.714478E-01   0.309522E+07   0.308343E+07  -0.175496E+02  -0.178163E+02   0.255923E+07   0.305631E+07   0.309324E+07   0.305631E+07  -0.737590E-01   0.155723E+07   0.155707E+07   0.753321E+00
   0.756507E-01   0.288343E+07   0.287148E+07  -0.145961E+02  -0.148176E+02   0.235302E+07   0.284488E+07   0.288143E+07   0.284488E+07  -0.686567E-01   0.144983E+07   0.144967E+07   0.713082E+00
   0.798535E-01   0.267555E+07   0.266269E+07  -0.121663E+02  -0.123506E+02   0.215483E+07   0.263753E+07   0.267339E+07   0.263753E+07  -0.636526E-01   0.134446E+07   0.134430E+07   0.699780E+00
   0.840563E-01   0.247722E+07   0.246316E+07  -0.101748E+02  -0.103287E+02   0.196898E+07   0.243988E+07   0.247486E+07   0.243988E+07  -0.588825E-01   0.124399E+07   0.124382E+07   0.693582E+00
   0.882591E-01   0.229383E+07   0.227869E+07  -0.855272E+01  -0.868189E+01   0.179939E+07   0.225727E+07   0.229129E+07   0.225727E+07  -0.544755E-01   0.115114E+07   0.115096E+07   0.680445E+00
   0.935028E-01   0.209246E+07   0.207664E+07  -0.695878E+01  -0.706368E+01   0.161493E+07   0.205696E+07   0.208980E+07   0.205696E+07  -0.496414E-01   0.104928E+07   0.104910E+07   0.643092E+00
   0.987465E-01   0.192688E+07   0.191137E+07  -0.575214E+01  -0.583870E+01   0.146340E+07   0.189240E+07   0.192428E+07   0.189240E+07  -0.456701E-01   0.965599E+06   0.965427E+06   0.580533E+00
   0.103990E+00   0.179793E+07   0.178370E+07  -0.484548E+01  -0.491826E+01   0.134393E+07   0.176431E+07   0.179554E+07   0.176431E+07  -0.425788E-01   0.900481E+06   0.900325E+06   0.500021E+00
   0.109234E+00   0.169963E+07   0.168732E+07  -0.415668E+01  -0.421901E+01   0.125065E+07   0.166666E+07   0.169756E+07   0.166666E+07  -0.402220E-01   0.850862E+06   0.850726E+06   0.413677E+00
   0.114478E+00   0.162136E+07   0.161120E+07  -0.361510E+01  -0.366922E+01   0.117467E+07   0.158888E+07   0.161965E+07   0.158888E+07  -0.383450E-01   0.811364E+06   0.811249E+06   0.333854E+00
   0.119721E+00   0.155226E+07   0.154401E+07  -0.316866E+01  -0.321602E+01   0.110740E+07   0.152020E+07   0.155087E+07   0.152020E+07  -0.366877E-01   0.776495E+06   0.776398E+06   0.269807E+00
   0.124965E+00   0.148412E+07   0.147723E+07  -0.278417E+01  -0.282571E+01   0.104264E+07   0.145251E+07   0.148297E+07   0.145251E+07  -0.350541E-01   0.742108E+06   0.742023E+06   0.225932E+00
   0.130209E+00   0.141234E+07   0.140612E+07  -0.244331E+01  -0.247970E+01   0.977128E+06   0.138127E+07   0.141130E+07   0.138127E+07  -0.333347E-01   0.705886E+06   0.705808E+06   0.201603E+00
   0.135452E+00   0.133592E+07   0.132974E+07  -0.213800E+01  -0.216980E+01   0.910252E+06   0.130552E+07   0.133488E+07   0.130552E+07  -0.315065E-01   0.667339E+06   0.667261E+06   0.192319E+00
   0.140696E+00   0.125675E+07   0.125019E+07  -0.186612E+01  -0.189382E+01   0.843364E+06   0.122713E+07   0.125565E+07   0.122713E+07  -0.296149E-01   0.627428E+06   0.627347E+06   0.191587E+00
   0.145940E+00   0.117850E+07   0.117140E+07  -0.162806E+01  -0.165220E+01   0.778964E+06   0.114976E+07   0.117731E+07   0.114976E+07  -0.277477E-01   0.588012E+06   0.587928E+06   0.192890E+00
   0.151183E+00   0.110563E+07   0.109808E+07  -0.142467E+01  -0.144576E+01   0.719896E+06   0.107777E+07   0.110436E+07   0.107777E+07  -0.260103E-01   0.551327E+06   0.551241E+06   0.191242E+00
   0.156427E+00   0.104205E+07   0.103435E+07  -0.125549E+01  -0.127405E+01   0.668482E+06   0.101501E+07   0.104075E+07   0.101501E+07  -0.244956E-01   0.519344E+06   0.519258E+06   0.183996E+00
   0.161671E+00   0.989651E+06   0.982161E+06  -0.111744E+01  -0.113393E+01   0.625601E+06   0.963304E+06   0.988394E+06   0.963304E+06  -0.232478E-01   0.493003E+06   0.492920E+06   0.170888E+00
   0.166914E+00   0.947707E+06   0.940744E+06  -0.100500E+01  -0.101981E+01   0.590450E+06   0.921912E+06   0.946538E+06   0.921912E+06  -0.222489E-01   0.471927E+06   0.471850E+06   0.153504E+00
   0.172158E+00   0.913757E+06   0.907524E+06  -0.911895E+00  -0.925310E+00   0.561184E+06   0.888400E+06   0.912711E+06   0.888400E+06  -0.214401E-01   0.454873E+06   0.454804E+06   0.134459E+00
   0.177402E+00   0.884828E+06   0.879372E+06  -0.832536E+00  -0.844767E+00   0.535738E+06   0.859834E+06   0.883912E+06   0.859834E+06  -0.207507E-01   0.440344E+06   0.440282E+06   0.116500E+00
   0.182646E+00   0.857925E+06   0.853144E+06  -0.762392E+00  -0.773577E+00   0.512129E+06   0.833264E+06   0.857122E+06   0.833264E+06  -0.201095E-01   0.426830E+06   0.426774E+06   0.101751E+00
   0.187889E+00   0.830385E+06   0.826079E+06  -0.698049E+00  -0.708276E+00   0.488769E+06   0.806087E+06   0.829662E+06   0.806087E+06  -0.194536E-01   0.412998E+06   0.412946E+06   0.912764E-01
   0.193133E+00   0.800653E+06   0.796583E+06  -0.637650E+00  -0.646978E+00   0.464713E+06   0.776784E+06   0.799969E+06   0.776784E+06  -0.187464E-01   0.398069E+06   0.398020E+06   0.850309E-01
   0.198377E+00   0.768755E+06   0.764708E+06  -0.580863E+00  -0.589350E+00   0.440015E+06   0.745388E+06   0.768075E+06   0.745388E+06  -0.179887E-01   0.382060E+06   0.382011E+06   0.821006E-01
   0.203620E+00   0.735856E+06   0.731692E+06  -0.528220E+00  -0.535927E+00   0.415376E+06   0.713042E+06   0.735157E+06   0.713042E+06  -0.172081E-01   0.365556E+06   0.365507E+06   0.810854E-01
   0.208864E+00   0.703467E+06   0.699140E+06  -0.480359E+00  -0.487358E+00   0.391650E+06   0.681227E+06   0.702740E+06   0.681227E+06  -0.164403E-01   0.349317E+06   0.349267E+06   0.805179E-01
   0.214108E+00   0.673032E+06   0.668583E+06  -0.437726E+00  -0.444096E+00   0.369606E+06   0.651353E+06   0.672285E+06   0.651353E+06  -0.157193E-01   0.334066E+06   0.334015E+06   0.792284E-01
   0.219351E+00   0.645747E+06   0.641278E+06  -0.400495E+00  -0.406316E+00   0.349840E+06   0.624585E+06   0.644997E+06   0.624585E+06  -0.150733E-01   0.320401E+06   0.320350E+06   0.765677E-01
   0.224595E+00   0.622260E+06   0.617896E+06  -0.368452E+00  -0.373800E+00   0.332615E+06   0.601547E+06   0.621527E+06   0.601547E+06  -0.145174E-01   0.308643E+06   0.308594E+06   0.724487E-01
   0.229839E+00   0.602441E+06   0.598294E+06  -0.340941E+00  -0.345885E+00   0.317764E+06   0.582106E+06   0.601745E+06   0.582106E+06  -0.140482E-01   0.298725E+06   0.298679E+06   0.672380E-01
   0.235083E+00   0.585521E+06   0.581660E+06  -0.317045E+00  -0.321636E+00   0.304792E+06   0.565503E+06   0.584873E+06   0.565503E+06  -0.136475E-01   0.290260E+06   0.290216E+06   0.615656E-01
   0.240326E+00   0.570421E+06   0.566864E+06  -0.295814E+00  -0.300093E+00   0.293073E+06   0.550684E+06   0.569823E+06   0.550684E+06  -0.132899E-01   0.282706E+06   0.282666E+06   0.561127E-01
   0.245570E+00   0.556040E+06   0.552755E+06  -0.276427E+00  -0.280421E+00   0.281996E+06   0.536575E+06   0.555488E+06   0.536575E+06  -0.129494E-01   0.275513E+06   0.275475E+06   0.514293E-01
   0.250814E+00   0.541487E+06   0.538404E+06  -0.258284E+00  -0.262012E+00   0.271088E+06   0.522305E+06   0.540969E+06   0.522305E+06  -0.126050E-01   0.268234E+06   0.268198E+06   0.478203E-01
   0.256057E+00   0.526278E+06   0.523315E+06  -0.241060E+00  -0.244535E+00   0.260108E+06   0.507408E+06   0.525781E+06   0.507408E+06  -0.122455E-01   0.260630E+06   0.260595E+06   0.453157E-01
   0.261301E+00   0.510406E+06   0.507486E+06  -0.224686E+00  -0.227921E+00   0.249057E+06   0.491875E+06   0.509915E+06   0.491875E+06  -0.118706E-01   0.252696E+06   0.252662E+06   0.437145E-01
   0.266545E+00   0.494210E+06   0.491285E+06  -0.209247E+00  -0.212257E+00   0.238105E+06   0.476042E+06   0.493719E+06   0.476042E+06  -0.114885E-01   0.244604E+06   0.244570E+06   0.426759E-01
   0.271788E+00   0.478199E+06   0.475247E+06  -0.194882E+00  -0.197682E+00   0.227497E+06   0.460400E+06   0.477704E+06   0.460400E+06  -0.111110E-01   0.236608E+06   0.236574E+06   0.418254E-01
   0.277032E+00   0.462906E+06   0.459938E+06  -0.181715E+00  -0.184323E+00   0.217474E+06   0.445469E+06   0.462408E+06   0.445469E+06  -0.107507E-01   0.228973E+06   0.228939E+06   0.408501E-01
   0.282276E+00   0.448772E+06   0.445820E+06  -0.169812E+00  -0.172247E+00   0.208224E+06   0.431675E+06   0.448276E+06   0.431675E+06  -0.104178E-01   0.221920E+06   0.221886E+06   0.395598E-01
   0.287519E+00   0.436032E+06   0.433137E+06  -0.159150E+00  -0.161430E+00   0.199829E+06   0.419244E+06   0.435546E+06   0.419244E+06  -0.101178E-01   0.215564E+06   0.215532E+06   0.379059E-01
   0.292763E+00   0.424659E+06   0.421860E+06  -0.149612E+00  -0.151753E+00   0.192247E+06   0.408149E+06   0.424189E+06   0.408149E+06  -0.985000E-02   0.209893E+06   0.209861E+06   0.359632E-01
   0.298007E+00   0.414417E+06   0.411740E+06  -0.141021E+00  -0.143036E+00   0.185345E+06   0.398157E+06   0.413968E+06   0.398157E+06  -0.960887E-02   0.204787E+06   0.204757E+06   0.338856E-01
   0.303251E+00   0.404957E+06   0.402410E+06  -0.133179E+00  -0.135081E+00   0.178942E+06   0.388928E+06   0.404529E+06   0.388928E+06  -0.938615E-02   0.200072E+06   0.200043E+06   0.318518E-01
   0.308494E+00   0.395904E+06   0.393479E+06  -0.125909E+00  -0.127705E+00   0.172859E+06   0.380100E+06   0.395497E+06   0.380100E+06  -0.917310E-02   0.195560E+06   0.195532E+06   0.300150E-01
   0.313738E+00   0.386943E+06   0.384616E+06  -0.119068E+00  -0.120765E+00   0.166947E+06   0.371365E+06   0.386553E+06   0.371365E+06  -0.896230E-02   0.191095E+06   0.191068E+06   0.284699E-01
   0.318982E+00   0.377881E+06   0.375625E+06  -0.112569E+00  -0.114172E+00   0.161118E+06   0.362538E+06   0.377502E+06   0.362538E+06  -0.874927E-02   0.186580E+06   0.186554E+06   0.272400E-01
   0.324225E+00   0.368677E+06   0.366465E+06  -0.106378E+00  -0.107891E+00   0.155354E+06   0.353579E+06   0.368306E+06   0.353579E+06  -0.853305E-02   0.181996E+06   0.181971E+06   0.262847E-01
   0.329469E+00   0.359425E+06   0.357237E+06  -0.100502E+00  -0.101930E+00   0.149694E+06   0.344579E+06   0.359058E+06   0.344579E+06  -0.831585E-02   0.177390E+06   0.177364E+06   0.255203E-01
   0.334713E+00   0.350291E+06   0.348119E+06  -0.949663E-01  -0.963149E-01   0.144203E+06   0.335700E+06   0.349927E+06   0.335700E+06  -0.810157E-02   0.172843E+06   0.172818E+06   0.248472E-01
   0.339956E+00   0.341456E+06   0.339299E+06  -0.897962E-01  -0.910703E-01   0.138952E+06   0.327115E+06   0.341094E+06   0.327115E+06  -0.789439E-02   0.168447E+06   0.168422E+06   0.241756E-01
   0.345200E+00   0.333076E+06   0.330943E+06  -0.850066E-01  -0.862117E-01   0.133995E+06   0.318975E+06   0.332717E+06   0.318975E+06  -0.769793E-02   0.164278E+06   0.164254E+06   0.234451E-01
   0.350444E+00   0.325236E+06   0.323140E+06  -0.805924E-01  -0.817339E-01   0.129360E+06   0.311362E+06   0.324884E+06   0.311362E+06  -0.751422E-02   0.160379E+06   0.160355E+06   0.226323E-01
   0.355687E+00   0.317945E+06   0.315900E+06  -0.765294E-01  -0.776125E-01   0.125039E+06   0.304285E+06   0.317602E+06   0.304285E+06  -0.734342E-02   0.156755E+06   0.156732E+06   0.217482E-01
   0.360931E+00   0.311145E+06   0.309159E+06  -0.727790E-01  -0.738082E-01   0.120999E+06   0.297685E+06   0.310812E+06   0.297685E+06  -0.718414E-02   0.153375E+06   0.153353E+06   0.208289E-01
   0.366175E+00   0.304719E+06   0.302796E+06  -0.692933E-01  -0.702723E-01   0.117187E+06   0.291450E+06   0.304396E+06   0.291450E+06  -0.703367E-02   0.150182E+06   0.150160E+06   0.199208E-01
   0.371419E+00   0.298552E+06   0.296690E+06  -0.660289E-01  -0.669611E-01   0.113551E+06   0.285467E+06   0.298240E+06   0.285467E+06  -0.688929E-02   0.147118E+06   0.147097E+06   0.190683E-01
   0.376662E+00   0.292528E+06   0.290720E+06  -0.629464E-01  -0.638344E-01   0.110042E+06   0.279625E+06   0.292224E+06   0.279625E+06  -0.674830E-02   0.144126E+06   0.144105E+06   0.183014E-01
   0.381906E+00   0.286566E+06   0.284804E+06  -0.600181E-01  -0.608642E-01   0.106626E+06   0.273847E+06   0.286270E+06   0.273847E+06  -0.660885E-02   0.141165E+06   0.141145E+06   0.176320E-01
   0.387150E+00   0.280635E+06   0.278908E+06  -0.572282E-01  -0.580344E-01   0.103290E+06   0.268101E+06   0.280345E+06   0.268101E+06  -0.647018E-02   0.138220E+06   0.138200E+06   0.170536E-01
   0.392393E+00   0.274748E+06   0.273048E+06  -0.545718E-01  -0.553399E-01   0.100036E+06   0.262400E+06   0.274463E+06   0.262400E+06  -0.633260E-02   0.135298E+06   0.135278E+06   0.165462E-01
   0.397637E+00   0.268960E+06   0.267283E+06  -0.520519E-01  -0.527840E-01   0.968819E+05   0.256798E+06   0.268679E+06   0.256798E+06  -0.619740E-02   0.132425E+06   0.132406E+06   0.160834E-01
   0.402881E+00   0.263329E+06   0.261673E+06  -0.496719E-01  -0.503700E-01   0.938461E+05   0.251350E+06   0.263051E+06   0.251350E+06  -0.606591E-02   0.129630E+06   0.129612E+06   0.156391E-01
   0.408124E+00   0.257898E+06   0.256266E+06  -0.474315E-01  -0.480977E-01   0.909405E+05   0.246097E+06   0.257624E+06   0.246097E+06  -0.593915E-02   0.126936E+06   0.126918E+06   0.151930E-01
   0.413368E+00   0.252699E+06   0.251093E+06  -0.453284E-01  -0.459646E-01   0.881726E+05   0.241070E+06   0.252429E+06   0.241070E+06  -0.581783E-02   0.124358E+06   0.124339E+06   0.147347E-01
   0.418612E+00   0.247748E+06   0.246172E+06  -0.433574E-01  -0.439655E-01   0.855445E+05   0.236284E+06   0.247484E+06   0.236284E+06  -0.570234E-02   0.121903E+06   0.121885E+06   0.142639E-01
   0.423855E+00   0.243036E+06   0.241494E+06  -0.415092E-01  -0.420910E-01   0.830489E+05   0.231731E+06   0.242778E+06   0.231731E+06  -0.559246E-02   0.119567E+06   0.119550E+06   0.137879E-01
   0.429099E+00   0.238526E+06   0.237019E+06  -0.397704E-01  -0.403274E-01   0.806691E+05   0.227374E+06   0.238273E+06   0.227374E+06  -0.548730E-02   0.117332E+06   0.117315E+06   0.133184E-01
   0.434343E+00   0.234171E+06   0.232699E+06  -0.381271E-01  -0.386608E-01   0.783863E+05   0.223167E+06   0.233924E+06   0.223167E+06  -0.538578E-02   0.115173E+06   0.115157E+06   0.128672E-01
   0.439587E+00   0.229933E+06   0.228494E+06  -0.365682E-01  -0.370797E-01   0.761854E+05   0.219076E+06   0.229692E+06   0.219076E+06  -0.528704E-02   0.113074E+06   0.113057E+06   0.124442E-01
   0.444830E+00   0.225787E+06   0.224377E+06  -0.350849E-01  -0.355753E-01   0.740553E+05   0.215073E+06   0.225550E+06   0.215073E+06  -0.519044E-02   0.111020E+06   0.111003E+06   0.120543E-01
   0.450074E+00   0.221713E+06   0.220329E+06  -0.336705E-01  -0.341409E-01   0.719884E+05   0.211142E+06   0.221480E+06   0.211142E+06  -0.509557E-02   0.109002E+06   0.108986E+06   0.116975E-01
   0.455318E+00   0.217704E+06   0.216344E+06  -0.323205E-01  -0.327717E-01   0.699807E+05   0.207276E+06   0.217476E+06   0.207276E+06  -0.500226E-02   0.107017E+06   0.107001E+06   0.113692E-01
   0.460561E+00   0.213768E+06   0.212428E+06  -0.310325E-01  -0.314655E-01   0.680327E+05   0.203480E+06   0.213543E+06   0.203480E+06  -0.491066E-02   0.105068E+06   0.105052E+06   0.110625E-01
   0.465805E+00   0.209924E+06   0.208604E+06  -0.298064E-01  -0.302221E-01   0.661495E+05   0.199775E+06   0.209703E+06   0.199775E+06  -0.482125E-02   0.103165E+06   0.103150E+06   0.107697E-01
   0.471049E+00   0.206191E+06   0.204890E+06  -0.286416E-01  -0.290407E-01   0.643350E+05   0.196177E+06   0.205972E+06   0.196177E+06  -0.473442E-02   0.101317E+06   0.101302E+06   0.104844E-01
   0.476292E+00   0.202579E+06   0.201298E+06  -0.275364E-01  -0.279199E-01   0.625908E+05   0.192698E+06   0.202364E+06   0.192698E+06  -0.465044E-02   0.995294E+05   0.995148E+05   0.102025E-01
   0.481536E+00   0.199090E+06   0.197829E+06  -0.264880E-01  -0.268567E-01   0.609156E+05   0.189337E+06   0.198878E+06   0.189337E+06  -0.456934E-02   0.978030E+05   0.977887E+05   0.992212E-02
   0.486780E+00   0.195719E+06   0.194481E+06  -0.254932E-01  -0.258478E-01   0.593066E+05   0.186092E+06   0.195511E+06   0.186092E+06  -0.449103E-02   0.961358E+05   0.961218E+05   0.964427E-02
   0.492023E+00   0.192462E+06   0.191246E+06  -0.245484E-01  -0.248897E-01   0.577602E+05   0.182957E+06   0.192258E+06   0.182957E+06  -0.441536E-02   0.945249E+05   0.945111E+05   0.937152E-02
   0.497267E+00   0.189307E+06   0.188113E+06  -0.236499E-01  -0.239785E-01   0.562712E+05   0.179920E+06   0.189106E+06   0.179920E+06  -0.434208E-02   0.929646E+05   0.929510E+05   0.910706E-02
   0.502511E+00   0.186237E+06   0.185064E+06  -0.227933E-01  -0.231098E-01   0.548336E+05   0.176966E+06   0.186040E+06   0.176966E+06  -0.427080E-02   0.914467E+05   0.914333E+05   0.885363E-02
   0.507755E+00   0.183237E+06   0.182085E+06  -0.219747E-01  -0.222798E-01   0.534413E+05   0.174081E+06   0.183044E+06   0.174081E+06  -0.420116E-02   0.899636E+05   0.899505E+05   0.861299E-02
   0.512998E+00   0.180298E+06   0.179165E+06  -0.211915E-01  -0.214855E-01   0.520908E+05   0.171255E+06   0.180108E+06   0.171255E+06  -0.413295E-02   0.885109E+05   0.884980E+05   0.838555E-02
   0.518242E+00   0.177419E+06   0.176303E+06  -0.204418E-01  -0.207252E-01   0.507805E+05   0.168487E+06   0.177231E+06   0.168487E+06  -0.406615E-02   0.870879E+05   0.870752E+05   0.817059E-02
   0.523486E+00   0.174600E+06   0.173501E+06  -0.197241E-01  -0.199975E-01   0.495100E+05   0.165778E+06   0.174416E+06   0.165778E+06  -0.400078E-02   0.856951E+05   0.856826E+05   0.796637E-02
   0.528729E+00   0.171844E+06   0.170761E+06  -0.190373E-01  -0.193010E-01   0.482786E+05   0.163129E+06   0.171662E+06   0.163129E+06  -0.393686E-02   0.843332E+05   0.843209E+05   0.777070E-02
   0.533973E+00   0.169150E+06   0.168083E+06  -0.183801E-01  -0.186346E-01   0.470855E+05   0.160542E+06   0.168971E+06   0.160542E+06  -0.387442E-02   0.830027E+05   0.829905E+05   0.758140E-02
   0.539217E+00   0.166525E+06   0.165473E+06  -0.177516E-01  -0.179972E-01   0.459314E+05   0.158021E+06   0.166348E+06   0.158021E+06  -0.381357E-02   0.817058E+05   0.816939E+05   0.739689E-02
   0.544460E+00   0.163973E+06   0.162936E+06  -0.171512E-01  -0.173884E-01   0.448166E+05   0.155570E+06   0.163799E+06   0.155570E+06  -0.375444E-02   0.804454E+05   0.804336E+05   0.721636E-02
   0.549704E+00   0.161491E+06   0.160470E+06  -0.165773E-01  -0.168064E-01   0.437395E+05   0.153188E+06   0.161320E+06   0.153188E+06  -0.369695E-02   0.792200E+05   0.792084E+05   0.703951E-02
   0.554948E+00   0.159075E+06   0.158069E+06  -0.160282E-01  -0.162497E-01   0.426980E+05   0.150869E+06   0.158906E+06   0.150869E+06  -0.364099E-02   0.780271E+05   0.780156E+05   0.686665E-02
   0.560191E+00   0.156720E+06   0.155729E+06  -0.155025E-01  -0.157166E-01   0.416898E+05   0.148610E+06   0.156553E+06   0.148610E+06  -0.358646E-02   0.768644E+05   0.768532E+05   0.669845E-02
   0.565435E+00   0.154423E+06   0.153448E+06  -0.149989E-01  -0.152060E-01   0.407136E+05   0.146407E+06   0.154259E+06   0.146407E+06  -0.353329E-02   0.757308E+05   0.757197E+05   0.653569E-02
   0.570679E+00   0.152179E+06   0.151219E+06  -0.145160E-01  -0.147163E-01   0.397672E+05   0.144255E+06   0.152018E+06   0.144255E+06  -0.348136E-02   0.746236E+05   0.746127E+05   0.637888E-02
   0.575923E+00   0.149984E+06   0.149038E+06  -0.140524E-01  -0.142462E-01   0.388488E+05   0.142151E+06   0.149826E+06   0.142151E+06  -0.343058E-02   0.735406E+05   0.735299E+05   0.622824E-02
   0.581166E+00   0.147834E+06   0.146901E+06  -0.136069E-01  -0.137945E-01   0.379565E+05   0.140089E+06   0.147677E+06   0.140089E+06  -0.338083E-02   0.724795E+05   0.724689E+05   0.608361E-02
   0.586410E+00   0.145727E+06   0.144807E+06  -0.131789E-01  -0.133605E-01   0.370896E+05   0.138070E+06   0.145572E+06   0.138070E+06  -0.333210E-02   0.714401E+05   0.714296E+05   0.594459E-02
   0.591654E+00   0.143663E+06   0.142756E+06  -0.127674E-01  -0.129433E-01   0.362476E+05   0.136093E+06   0.143511E+06   0.136093E+06  -0.328438E-02   0.704223E+05   0.704120E+05   0.581055E-02
   0.596897E+00   0.141645E+06   0.140750E+06  -0.123722E-01  -0.125425E-01   0.354304E+05   0.134160E+06   0.141495E+06   0.134160E+06  -0.323774E-02   0.694271E+05   0.694169E+05   0.568087E-02
   0.602141E+00   0.139671E+06   0.138788E+06  -0.119923E-01  -0.121573E-01   0.346369E+05   0.132270E+06   0.139523E+06   0.132270E+06  -0.319211E-02   0.684537E+05   0.684436E+05   0.555491E-02
   0.607385E+00   0.137741E+06   0.136870E+06  -0.116272E-01  -0.117871E-01   0.338667E+05   0.130422E+06   0.137595E+06   0.130422E+06  -0.314752E-02   0.675020E+05   0.674921E+05   0.543225E-02
   0.612628E+00   0.135855E+06   0.134996E+06  -0.112762E-01  -0.114313E-01   0.331193E+05   0.128616E+06   0.135711E+06   0.128616E+06  -0.310394E-02   0.665721E+05   0.665624E+05   0.531264E-02
   0.663077E+00   0.119657E+06   0.118900E+06  -0.850349E-02  -0.861997E-02   0.269295E+05   0.113126E+06   0.119530E+06   0.113126E+06  -0.273011E-02   0.585911E+05   0.585825E+05   0.432258E-02
   0.717680E+00   0.105320E+06   0.104654E+06  -0.640761E-02  -0.649507E-02   0.218265E+05   0.994421E+05   0.105209E+06   0.994421E+05  -0.239987E-02   0.515351E+05   0.515275E+05   0.351619E-02
   0.776780E+00   0.926416E+05   0.920543E+05  -0.482460E-02  -0.489023E-02   0.176345E+05   0.873626E+05   0.925430E+05   0.873626E+05  -0.210835E-02   0.453012E+05   0.452945E+05   0.285852E-02
   0.840747E+00   0.814296E+05   0.809131E+05  -0.362957E-02  -0.367878E-02   0.142022E+05   0.766997E+05   0.813429E+05   0.766997E+05  -0.185102E-02   0.397941E+05   0.397882E+05   0.232191E-02
   0.909981E+00   0.715243E+05   0.710702E+05  -0.272827E-02  -0.276515E-02   0.114022E+05   0.672955E+05   0.714481E+05   0.672955E+05  -0.162407E-02   0.349333E+05   0.349282E+05   0.188453E-02
   0.984916E+00   0.627872E+05   0.623884E+05  -0.204931E-02  -0.207693E-02   0.912710E+04   0.590139E+05   0.627202E+05   0.590139E+05  -0.142421E-02   0.306496E+05   0.306451E+05   0.152851E-02
   0.106602E+01   0.550872E+05   0.547371E+05  -0.153827E-02  -0.155894E-02   0.728490E+04   0.517266E+05   0.550284E+05   0.517266E+05  -0.124834E-02   0.268775E+05   0.268735E+05   0.123895E-02
   0.115381E+01   0.483045E+05   0.479973E+05  -0.115386E-02  -0.116933E-02   0.579799E+04   0.453169E+05   0.482529E+05   0.453169E+05  -0.109365E-02   0.235574E+05   0.235539E+05   0.100359E-02
   0.124882E+01   0.423343E+05   0.420650E+05  -0.864941E-03  -0.876508E-03   0.460176E+04   0.396827E+05   0.422891E+05   0.396827E+05  -0.957679E-03   0.206371E+05   0.206341E+05   0.812422E-03
   0.135166E+01   0.370816E+05   0.368456E+05  -0.647922E-03  -0.656568E-03   0.364230E+04   0.347322E+05   0.370420E+05   0.347322E+05  -0.838205E-03   0.180695E+05   0.180669E+05   0.657228E-03
   0.146297E+01   0.324639E+05   0.322573E+05  -0.485042E-03  -0.491501E-03   0.287518E+04   0.303854E+05   0.324292E+05   0.303854E+05  -0.733302E-03   0.158138E+05   0.158114E+05   0.531338E-03
   0.158344E+01   0.284074E+05   0.282265E+05  -0.362885E-03  -0.367708E-03   0.226372E+04   0.265711E+05   0.283770E+05   0.265711E+05  -0.641251E-03   0.138333E+05   0.138312E+05   0.429290E-03
   0.171383E+01   0.248458E+05   0.246875E+05  -0.271329E-03  -0.274929E-03   0.177775E+04   0.232257E+05   0.248192E+05   0.232257E+05  -0.560515E-03   0.120954E+05   0.120936E+05   0.346617E-03
   0.185496E+01   0.217203E+05   0.215819E+05  -0.202753E-03  -0.205438E-03   0.139259E+04   0.202929E+05   0.216971E+05   0.202929E+05  -0.489736E-03   0.105710E+05   0.105695E+05   0.279679E-03
   0.200772E+01   0.189795E+05   0.188585E+05  -0.151424E-03  -0.153426E-03   0.108822E+04   0.177233E+05   0.189591E+05   0.177233E+05  -0.427722E-03   0.923484E+04   0.923349E+04   0.225518E-03
   0.217305E+01   0.165771E+05   0.164715E+05  -0.113027E-03  -0.114520E-03   0.848324E+03   0.154728E+05   0.165594E+05   0.154728E+05  -0.373412E-03   0.806417E+04   0.806299E+04   0.181720E-03
   0.235199E+01   0.144726E+05   0.143804E+05  -0.843219E-04  -0.854342E-04   0.659762E+03   0.135029E+05   0.144571E+05   0.135029E+05  -0.325872E-03   0.703902E+04   0.703799E+04   0.146323E-03
   0.254568E+01   0.126300E+05   0.125495E+05  -0.628747E-04  -0.637032E-04   0.511931E+03   0.117793E+05   0.126164E+05   0.117793E+05  -0.284275E-03   0.614173E+04   0.614084E+04   0.117733E-03
   0.275531E+01   0.110175E+05   0.109473E+05  -0.468596E-04  -0.474764E-04   0.396333E+03   0.102720E+05   0.110057E+05   0.102720E+05  -0.247897E-03   0.535676E+04   0.535598E+04   0.946545E-04
   0.298220E+01   0.960703E+04   0.954582E+04  -0.349071E-04  -0.353661E-04   0.306163E+03   0.895425E+04   0.959675E+04   0.895425E+04  -0.216096E-03   0.467034E+04   0.466966E+04   0.760354E-04
   0.322778E+01   0.837396E+04   0.832062E+04  -0.259914E-04  -0.263329E-04   0.236000E+03   0.780284E+04   0.836501E+04   0.780284E+04  -0.188309E-03   0.407039E+04   0.406980E+04   0.610233E-04
   0.349358E+01   0.729643E+04   0.724996E+04  -0.193443E-04  -0.195983E-04   0.181536E+03   0.679713E+04   0.728863E+04   0.679713E+04  -0.164038E-03   0.354622E+04   0.354571E+04   0.489265E-04
   0.378127E+01   0.635525E+04   0.631478E+04  -0.143911E-04  -0.145799E-04   0.139355E+03   0.591905E+04   0.634845E+04   0.591905E+04  -0.142847E-03   0.308848E+04   0.308804E+04   0.391849E-04
   0.409266E+01   0.553353E+04   0.549830E+04  -0.107017E-04  -0.108420E-04   0.106763E+03   0.515273E+04   0.552761E+04   0.515273E+04  -0.124353E-03   0.268891E+04   0.268852E+04   0.313450E-04
   0.442968E+01   0.481640E+04   0.478575E+04  -0.795503E-05  -0.805928E-05   0.816348E+02   0.448417E+04   0.481126E+04   0.448417E+04  -0.108218E-03   0.234025E+04   0.233992E+04   0.250396E-04
   0.479445E+01   0.419082E+04   0.416417E+04  -0.591105E-05  -0.598848E-05   0.623034E+02   0.390114E+04   0.418635E+04   0.390114E+04  -0.941478E-04   0.203615E+04   0.203586E+04   0.199719E-04
   0.518927E+01   0.364532E+04   0.362214E+04  -0.439063E-05  -0.444812E-05   0.474627E+02   0.339288E+04   0.364143E+04   0.339288E+04  -0.818817E-04   0.177100E+04   0.177076E+04   0.159018E-04
   0.561660E+01   0.316982E+04   0.314968E+04  -0.326013E-05  -0.330280E-05   0.360927E+02   0.294996E+04   0.316644E+04   0.294996E+04  -0.711924E-04   0.153991E+04   0.153970E+04   0.126356E-04
   0.607911E+01   0.275551E+04   0.273801E+04  -0.241989E-05  -0.245155E-05   0.273993E+02   0.256411E+04   0.275257E+04   0.256411E+04  -0.618806E-04   0.133857E+04   0.133839E+04   0.100167E-04
   0.657972E+01   0.239463E+04   0.237944E+04  -0.179560E-05  -0.181909E-05   0.207649E+02   0.222809E+04   0.239208E+04   0.222809E+04  -0.537713E-04   0.116322E+04   0.116306E+04   0.791878E-05
   0.712154E+01   0.208042E+04   0.206723E+04  -0.133195E-05  -0.134937E-05   0.157116E+02   0.193557E+04   0.207820E+04   0.193557E+04  -0.467118E-04   0.101055E+04   0.101042E+04   0.623986E-05
   0.770799E+01   0.180693E+04   0.179549E+04  -0.987713E-06  -0.100063E-05   0.118695E+02   0.168100E+04   0.180500E+04   0.168100E+04  -0.405682E-04   0.877677E+03   0.877564E+03   0.489780E-05
   0.834273E+01   0.156895E+04   0.155904E+04  -0.732223E-06  -0.741794E-06   0.895345E+01   0.145952E+04   0.156729E+04   0.145952E+04  -0.352232E-04   0.762067E+03   0.761971E+03   0.382636E-05
   0.902974E+01   0.136196E+04   0.135337E+04  -0.542664E-06  -0.549756E-06   0.674398E+01   0.126690E+04   0.136052E+04   0.126690E+04  -0.305745E-04   0.661512E+03   0.661432E+03   0.297223E-05
   0.977332E+01   0.118197E+04   0.117453E+04  -0.402067E-06  -0.407321E-06   0.507266E+01   0.109942E+04   0.118072E+04   0.109942E+04  -0.265327E-04   0.574079E+03   0.574011E+03   0.229245E-05
   0.105781E+02   0.102551E+04   0.101906E+04  -0.297816E-06  -0.301707E-06   0.381042E+01   0.953843E+03   0.102442E+04   0.953843E+03  -0.230195E-04   0.498077E+03   0.498021E+03   0.175247E-05
   0.114492E+02   0.889535E+03   0.883959E+03  -0.220538E-06  -0.223419E-06   0.285858E+01   0.827345E+03   0.888599E+03   0.827345E+03  -0.199666E-04   0.432031E+03   0.431985E+03   0.132448E-05
   0.123921E+02   0.771407E+03   0.766586E+03  -0.163270E-06  -0.165403E-06   0.214188E+01   0.717454E+03   0.770597E+03   0.717454E+03  -0.173146E-04   0.374654E+03   0.374617E+03   0.986152E-06
   0.134125E+02   0.668809E+03   0.664645E+03  -0.120844E-06  -0.122422E-06   0.160298E+01   0.622017E+03   0.668110E+03   0.622017E+03  -0.150114E-04   0.324821E+03   0.324792E+03   0.719520E-06
   0.145170E+02   0.579725E+03   0.576130E+03  -0.894209E-07  -0.905888E-07   0.119833E+01   0.539154E+03   0.579121E+03   0.539154E+03  -0.130116E-04   0.281554E+03   0.281531E+03   0.510168E-06
   0.157125E+02   0.502394E+03   0.499294E+03  -0.661533E-07  -0.670172E-07   0.894876E+00   0.467228E+03   0.501874E+03   0.467228E+03  -0.112758E-04   0.243995E+03   0.243979E+03   0.346522E-06
   0.170064E+02   0.435284E+03   0.432614E+03  -0.489288E-07  -0.495678E-07   0.667589E+00   0.404810E+03   0.434836E+03   0.404810E+03  -0.976944E-05   0.211401E+03   0.211390E+03   0.219296E-06
   0.184068E+02   0.377058E+03   0.374761E+03  -0.361812E-07  -0.366537E-07   0.497553E+00   0.350658E+03   0.376672E+03   0.350658E+03  -0.846255E-05   0.183123E+03   0.183116E+03   0.121048E-06
   0.199226E+02   0.326553E+03   0.324580E+03  -0.267489E-07  -0.270983E-07   0.370489E+00   0.303687E+03   0.326222E+03   0.303687E+03  -0.732900E-05   0.158594E+03   0.158592E+03   0.458142E-07
   0.215631E+02   0.282755E+03   0.281063E+03  -0.197715E-07  -0.200297E-07   0.275639E+00   0.262956E+03   0.282471E+03   0.262956E+03  -0.634601E-05   0.137324E+03   0.137324E+03  -0.111796E-07
   0.233388E+02   0.244783E+03   0.243335E+03  -0.146111E-07  -0.148019E-07   0.204906E+00   0.227642E+03   0.244540E+03   0.227642E+03  -0.549378E-05   0.118882E+03   0.118886E+03  -0.537528E-07
   0.252607E+02   0.211869E+03   0.210632E+03  -0.107954E-07  -0.109363E-07   0.152208E+00   0.197034E+03   0.211661E+03   0.197034E+03  -0.475509E-05   0.102898E+03   0.102904E+03  -0.849577E-07
   0.273409E+02   0.183345E+03   0.182292E+03  -0.797453E-08  -0.807869E-08   0.112983E+00   0.170509E+03   0.183168E+03   0.170509E+03  -0.411495E-05   0.890451E+02   0.890539E+02  -0.107232E-06
   0.295924E+02   0.158631E+03   0.157737E+03  -0.588964E-08  -0.596657E-08   0.838094E-01   0.147527E+03   0.158481E+03   0.147527E+03  -0.356032E-05   0.770432E+02   0.770541E+02  -0.122519E-06
   0.320293E+02   0.137223E+03   0.136468E+03  -0.434900E-08  -0.440580E-08   0.621303E-01   0.127620E+03   0.137096E+03   0.127620E+03  -0.307989E-05   0.666467E+02   0.666594E+02  -0.132368E-06
   0.346668E+02   0.118683E+03   0.118047E+03  -0.321075E-08  -0.325269E-08   0.460316E-01   0.110379E+03   0.118576E+03   0.110379E+03  -0.266381E-05   0.576427E+02   0.576571E+02  -0.138010E-06
   0.375216E+02   0.102628E+03   0.102097E+03  -0.236996E-08  -0.240092E-08   0.340848E-01   0.954503E+02   0.102539E+03   0.954503E+02  -0.230354E-05   0.498463E+02   0.498621E+02  -0.140424E-06
   0.406114E+02   0.887300E+02   0.882885E+02  -0.174902E-08  -0.177187E-08   0.252262E-01   0.825265E+02   0.886559E+02   0.825265E+02  -0.199164E-05   0.430967E+02   0.431138E+02  -0.140385E-06
   0.439557E+02   0.767000E+02   0.763368E+02  -0.129052E-08  -0.130739E-08   0.186606E-01   0.713402E+02   0.766390E+02   0.713402E+02  -0.172168E-05   0.372546E+02   0.372729E+02  -0.138505E-06
   0.475754E+02   0.662891E+02   0.659939E+02  -0.952038E-09  -0.964482E-09   0.137968E-01   0.616597E+02   0.662396E+02   0.616597E+02  -0.148806E-05   0.321988E+02   0.322181E+02  -0.135268E-06
