#          k/h    CDM            baryon         photon         nu             mass_nu        total          no_nu          total_de       Weyl           v_CDM          v_b            v_b-v_c     
   0.101464E-04   0.193423E+08   0.193423E+08   0.257762E+08   0.257758E+08   0.193424E+08   0.193423E+08   0.193423E+08   0.193487E+08  -0.463465E+00   0.988514E+07   0.988514E+07   0.593179E+01
   0.112140E-04   0.193423E+08   0.193423E+08   0.257732E+08   0.257727E+08   0.193424E+08   0.193423E+08   0.193423E+08   0.193487E+08  -0.463465E+00   0.988514E+07   0.988514E+07   0.655574E+01
   0.123940E-04   0.193423E+08   0.193423E+08   0.257696E+08   0.257690E+08   0.193424E+08   0.193423E+08   0.193423E+08   0.193487E+08  -0.463466E+00   0.988514E+07   0.988514E+07   0.724529E+01
   0.136981E-04   0.193423E+08   0.193423E+08   0.257651E+08   0.257644E+08   0.193424E+08   0.193423E+08   0.193423E+08   0.193488E+08  -0.463466E+00   0.988514E+07   0.988514E+07   0.800729E+01
   0.151395E-04   0.193423E+08   0.193423E+08   0.257597E+08   0.257588E+08   0.193424E+08   0.193423E+08   0.193423E+08   0.193488E+08  -0.463467E+00   0.988515E+07   0.988515E+07   0.884935E+01
   0.167325E-04   0.193423E+08   0.193423E+08   0.257530E+08   0.257519E+08   0.193424E+08   0.193423E+08   0.193423E+08   0.193488E+08  -0.463468E+00   0.988515E+07   0.988515E+07   0.977984E+01
   0.184932E-04   0.193424E+08   0.193424E+08   0.257449E+08   0.257436E+08   0.193425E+08   0.193424E+08   0.193424E+08   0.193488E+08  -0.463469E+00   0.988515E+07   0.988515E+07   0.108080E+02
   0.204391E-04   0.193424E+08   0.193424E+08   0.257350E+08   0.257334E+08   0.193425E+08   0.193424E+08   0.193424E+08   0.193488E+08  -0.463471E+00   0.988515E+07   0.988515E+07   0.119441E+02
   0.225897E-04   0.193424E+08   0.193424E+08   0.257229E+08   0.257209E+08   0.193425E+08   0.193424E+08   0.193424E+08   0.193489E+08  -0.463473E+00   0.988516E+07   0.988515E+07   0.131992E+02
   0.249666E-04   0.193425E+08   0.193425E+08   0.257081E+08   0.257057E+08   0.193425E+08   0.193425E+08   0.193425E+08   0.193489E+08  -0.463475E+00   0.988516E+07   0.988516E+07   0.145859E+02
   0.275937E-04   0.193425E+08   0.193425E+08   0.256901E+08   0.256871E+08   0.193426E+08   0.193425E+08   0.193425E+08   0.193489E+08  -0.463478E+00   0.988516E+07   0.988516E+07   0.161177E+02
   0.304972E-04   0.193426E+08   0.193426E+08   0.256681E+08   0.256645E+08   0.193426E+08   0.193426E+08   0.193426E+08   0.193490E+08  -0.463482E+00   0.988517E+07   0.988517E+07   0.178096E+02
   0.337062E-04   0.193426E+08   0.193426E+08   0.256413E+08   0.256368E+08   0.193427E+08   0.193426E+08   0.193426E+08   0.193490E+08  -0.463486E+00   0.988517E+07   0.988517E+07   0.196782E+02
   0.372528E-04   0.193427E+08   0.193427E+08   0.256085E+08   0.256031E+08   0.193428E+08   0.193427E+08   0.193427E+08   0.193491E+08  -0.463491E+00   0.988518E+07   0.988518E+07   0.217415E+02
   0.411726E-04   0.193428E+08   0.193428E+08   0.255685E+08   0.255619E+08   0.193429E+08   0.193428E+08   0.193428E+08   0.193492E+08  -0.463497E+00   0.988519E+07   0.988519E+07   0.240194E+02
   0.455049E-04   0.193429E+08   0.193429E+08   0.255198E+08   0.255117E+08   0.193430E+08   0.193429E+08   0.193429E+08   0.193493E+08  -0.463505E+00   0.988520E+07   0.988520E+07   0.265335E+02
   0.502931E-04   0.193431E+08   0.193431E+08   0.254603E+08   0.254505E+08   0.193432E+08   0.193431E+08   0.193431E+08   0.193495E+08  -0.463514E+00   0.988522E+07   0.988521E+07   0.293076E+02
   0.555850E-04   0.193433E+08   0.193433E+08   0.253879E+08   0.253759E+08   0.193434E+08   0.193433E+08   0.193433E+08   0.193496E+08  -0.463526E+00   0.988524E+07   0.988523E+07   0.323673E+02
   0.614338E-04   0.193435E+08   0.193435E+08   0.252997E+08   0.252851E+08   0.193436E+08   0.193435E+08   0.193435E+08   0.193498E+08  -0.463540E+00   0.988526E+07   0.988525E+07   0.357406E+02
   0.678981E-04   0.193438E+08   0.193438E+08   0.251923E+08   0.251745E+08   0.193439E+08   0.193438E+08   0.193438E+08   0.193501E+08  -0.463557E+00   0.988528E+07   0.988528E+07   0.394576E+02
   0.750425E-04   0.193441E+08   0.193441E+08   0.250617E+08   0.250401E+08   0.193442E+08   0.193441E+08   0.193441E+08   0.193504E+08  -0.463578E+00   0.988532E+07   0.988531E+07   0.435504E+02
   0.829386E-04   0.193445E+08   0.193445E+08   0.249030E+08   0.248768E+08   0.193446E+08   0.193445E+08   0.193445E+08   0.193508E+08  -0.463603E+00   0.988536E+07   0.988534E+07   0.480533E+02
   0.916656E-04   0.193450E+08   0.193450E+08   0.247104E+08   0.246786E+08   0.193451E+08   0.193450E+08   0.193450E+08   0.193512E+08  -0.463633E+00   0.988540E+07   0.988539E+07   0.530026E+02
   0.101311E-03   0.193456E+08   0.193456E+08   0.244770E+08   0.244384E+08   0.193457E+08   0.193456E+08   0.193456E+08   0.193517E+08  -0.463670E+00   0.988546E+07   0.988544E+07   0.584356E+02
   0.111971E-03   0.193464E+08   0.193463E+08   0.241947E+08   0.241480E+08   0.193464E+08   0.193464E+08   0.193464E+08   0.193524E+08  -0.463715E+00   0.988553E+07   0.988551E+07   0.643907E+02
   0.123753E-03   0.193473E+08   0.193472E+08   0.238539E+08   0.237974E+08   0.193473E+08   0.193473E+08   0.193473E+08   0.193532E+08  -0.463770E+00   0.988562E+07   0.988559E+07   0.709058E+02
   0.136775E-03   0.193484E+08   0.193482E+08   0.234436E+08   0.233756E+08   0.193484E+08   0.193483E+08   0.193483E+08   0.193542E+08  -0.463836E+00   0.988572E+07   0.988569E+07   0.780174E+02
   0.151166E-03   0.193497E+08   0.193495E+08   0.229512E+08   0.228695E+08   0.193497E+08   0.193496E+08   0.193496E+08   0.193554E+08  -0.463915E+00   0.988584E+07   0.988580E+07   0.857585E+02
   0.167072E-03   0.193512E+08   0.193511E+08   0.223627E+08   0.222649E+08   0.193512E+08   0.193512E+08   0.193512E+08   0.193568E+08  -0.464010E+00   0.988600E+07   0.988595E+07   0.941558E+02
   0.184652E-03   0.193531E+08   0.193529E+08   0.216628E+08   0.215463E+08   0.193531E+08   0.193531E+08   0.193531E+08   0.193585E+08  -0.464123E+00   0.988618E+07   0.988612E+07   0.103226E+03
   0.204082E-03   0.193554E+08   0.193551E+08   0.208353E+08   0.206973E+08   0.193554E+08   0.193553E+08   0.193553E+08   0.193605E+08  -0.464259E+00   0.988640E+07   0.988633E+07   0.112973E+03
   0.225556E-03   0.193581E+08   0.193578E+08   0.198642E+08   0.197018E+08   0.193580E+08   0.193580E+08   0.193580E+08   0.193630E+08  -0.464418E+00   0.988666E+07   0.988657E+07   0.123379E+03
   0.249289E-03   0.193613E+08   0.193609E+08   0.187350E+08   0.185456E+08   0.193612E+08   0.193612E+08   0.193612E+08   0.193659E+08  -0.464606E+00   0.988697E+07   0.988686E+07   0.134400E+03
   0.275520E-03   0.193650E+08   0.193646E+08   0.174368E+08   0.172181E+08   0.193649E+08   0.193649E+08   0.193649E+08   0.193693E+08  -0.464825E+00   0.988733E+07   0.988721E+07   0.145956E+03
   0.304511E-03   0.193694E+08   0.193688E+08   0.159651E+08   0.157159E+08   0.193692E+08   0.193693E+08   0.193693E+08   0.193733E+08  -0.465077E+00   0.988776E+07   0.988762E+07   0.157922E+03
   0.336552E-03   0.193744E+08   0.193738E+08   0.143256E+08   0.140464E+08   0.193742E+08   0.193743E+08   0.193743E+08   0.193779E+08  -0.465363E+00   0.988825E+07   0.988808E+07   0.170117E+03
   0.371965E-03   0.193801E+08   0.193794E+08   0.125389E+08   0.122322E+08   0.193799E+08   0.193800E+08   0.193800E+08   0.193831E+08  -0.465683E+00   0.988882E+07   0.988861E+07   0.182295E+03
   0.411104E-03   0.193866E+08   0.193856E+08   0.106449E+08   0.103164E+08   0.193862E+08   0.193864E+08   0.193864E+08   0.193890E+08  -0.466035E+00   0.988944E+07   0.988920E+07   0.194140E+03
   0.454362E-03   0.193936E+08   0.193925E+08   0.870612E+07   0.836562E+07   0.193931E+08   0.193934E+08   0.193934E+08   0.193955E+08  -0.466411E+00   0.989012E+07   0.988984E+07   0.205262E+03
   0.502171E-03   0.194010E+08   0.193997E+08   0.680900E+07   0.647034E+07   0.194004E+08   0.194008E+08   0.194008E+08   0.194025E+08  -0.466801E+00   0.989081E+07   0.989049E+07   0.215205E+03
   0.555011E-03   0.194087E+08   0.194072E+08   0.505813E+07   0.473898E+07   0.194080E+08   0.194084E+08   0.194084E+08   0.194096E+08  -0.467191E+00   0.989147E+07   0.989110E+07   0.223472E+03
   0.613410E-03   0.194162E+08   0.194144E+08   0.356264E+07   0.328268E+07   0.194153E+08   0.194158E+08   0.194159E+08   0.194167E+08  -0.467564E+00   0.989202E+07   0.989159E+07   0.229563E+03
   0.677955E-03   0.194230E+08   0.194209E+08   0.241207E+07   0.218957E+07   0.194218E+08   0.194226E+08   0.194226E+08   0.194231E+08  -0.467898E+00   0.989231E+07   0.989183E+07   0.233027E+03
   0.749291E-03   0.194284E+08   0.194261E+08   0.164522E+07   0.149206E+07   0.194270E+08   0.194280E+08   0.194280E+08   0.194284E+08  -0.468174E+00   0.989216E+07   0.989164E+07   0.233528E+03
   0.828133E-03   0.194319E+08   0.194292E+08   0.122286E+07   0.113927E+07   0.194301E+08   0.194313E+08   0.194314E+08   0.194316E+08  -0.468375E+00   0.989131E+07   0.989074E+07   0.230903E+03
   0.915271E-03   0.194325E+08   0.194295E+08   0.102433E+07   0.995899E+06   0.194303E+08   0.194319E+08   0.194320E+08   0.194321E+08  -0.468487E+00   0.988942E+07   0.988880E+07   0.225191E+03
   0.101158E-02   0.194295E+08   0.194262E+08   0.888447E+06   0.888772E+06   0.194268E+08   0.194288E+08   0.194289E+08   0.194290E+08  -0.468497E+00   0.988607E+07   0.988541E+07   0.216609E+03
   0.111802E-02   0.194220E+08   0.194186E+08   0.697433E+06   0.697851E+06   0.194188E+08   0.194213E+08   0.194214E+08   0.194214E+08  -0.468390E+00   0.988079E+07   0.988010E+07   0.205499E+03
   0.123566E-02   0.194094E+08   0.194057E+08   0.454307E+06   0.436975E+06   0.194054E+08   0.194085E+08   0.194087E+08   0.194086E+08  -0.468145E+00   0.987306E+07   0.987235E+07   0.192262E+03
   0.136568E-02   0.193905E+08   0.193866E+08   0.266182E+06   0.231038E+06   0.193856E+08   0.193895E+08   0.193898E+08   0.193896E+08  -0.467734E+00   0.986235E+07   0.986162E+07   0.177362E+03
   0.150938E-02   0.193643E+08   0.193603E+08   0.204262E+06   0.162379E+06   0.193583E+08   0.193632E+08   0.193636E+08   0.193633E+08  -0.467134E+00   0.984808E+07   0.984735E+07   0.161405E+03
   0.166820E-02   0.193296E+08   0.193255E+08   0.189391E+06  -0.202811E+06   0.193223E+08   0.193284E+08   0.193289E+08   0.193284E+08  -0.466325E+00   0.982967E+07   0.982894E+07   0.145181E+03
   0.184373E-02   0.192851E+08   0.192811E+08   0.113083E+06  -0.165677E+06   0.192762E+08   0.192839E+08   0.192844E+08   0.192839E+08  -0.465278E+00   0.980641E+07   0.980569E+07   0.129541E+03
   0.203773E-02   0.192296E+08   0.192255E+08   0.388733E+05  -0.135328E+06   0.192187E+08   0.192282E+08   0.192289E+08   0.192282E+08  -0.463952E+00   0.977759E+07   0.977688E+07   0.115192E+03
   0.225215E-02   0.191615E+08   0.191574E+08   0.469487E+05  -0.110426E+06   0.191482E+08   0.191599E+08   0.191608E+08   0.191599E+08  -0.462319E+00   0.974246E+07   0.974177E+07   0.102610E+03
   0.248913E-02   0.190793E+08   0.190751E+08   0.324525E+05  -0.899941E+05   0.190632E+08   0.190775E+08   0.190786E+08   0.190775E+08  -0.460350E+00   0.970023E+07   0.969954E+07   0.920126E+02
   0.275104E-02   0.189814E+08   0.189771E+08   0.479943E+04  -0.733482E+05   0.189618E+08   0.189794E+08   0.189807E+08   0.189794E+08  -0.457987E+00   0.965005E+07   0.964936E+07   0.831924E+02
   0.304051E-02   0.188661E+08   0.188616E+08   0.110785E+05  -0.596731E+05   0.188424E+08   0.188637E+08   0.188653E+08   0.188637E+08  -0.455207E+00   0.959105E+07   0.959036E+07   0.756021E+02
   0.336044E-02   0.187316E+08   0.187268E+08  -0.741025E+04  -0.485140E+05   0.187029E+08   0.187289E+08   0.187308E+08   0.187289E+08  -0.451961E+00   0.952233E+07   0.952164E+07   0.686492E+02
   0.371403E-02   0.185762E+08   0.185711E+08  -0.584642E+04  -0.393913E+05   0.185415E+08   0.185730E+08   0.185754E+08   0.185730E+08  -0.448204E+00   0.944295E+07   0.944226E+07   0.619659E+02
   0.410483E-02   0.183979E+08   0.183925E+08  -0.787827E+04  -0.319449E+05   0.183561E+08   0.183942E+08   0.183970E+08   0.183942E+08  -0.443893E+00   0.935194E+07   0.935126E+07   0.556226E+02
   0.453675E-02   0.181948E+08   0.181891E+08  -0.684943E+04  -0.258545E+05   0.181446E+08   0.181904E+08   0.181938E+08   0.181904E+08  -0.438983E+00   0.924829E+07   0.924761E+07   0.499149E+02
   0.501412E-02   0.179648E+08   0.179586E+08  -0.331321E+04  -0.209120E+05   0.179046E+08   0.179597E+08   0.179638E+08   0.179597E+08  -0.433411E+00   0.913093E+07   0.913026E+07   0.449645E+02
   0.554172E-02   0.177058E+08   0.176990E+08  -0.386014E+04  -0.168719E+05   0.176340E+08   0.176998E+08   0.177047E+08   0.176998E+08  -0.427143E+00   0.899879E+07   0.899812E+07   0.405573E+02
   0.612483E-02   0.174157E+08   0.174081E+08  -0.380702E+04  -0.135814E+05   0.173303E+08   0.174086E+08   0.174144E+08   0.174086E+08  -0.420122E+00   0.885076E+07   0.885009E+07   0.364615E+02
   0.676930E-02   0.170921E+08   0.170838E+08  -0.446992E+04  -0.109108E+05   0.169912E+08   0.170839E+08   0.170907E+08   0.170839E+08  -0.412288E+00   0.868571E+07   0.868504E+07   0.327400E+02
   0.748159E-02   0.167330E+08   0.167237E+08  -0.416261E+04  -0.874478E+04   0.166142E+08   0.167233E+08   0.167315E+08   0.167233E+08  -0.403589E+00   0.850249E+07   0.850183E+07   0.294690E+02
   0.826882E-02   0.163361E+08   0.163256E+08  -0.234778E+04  -0.699064E+04   0.161973E+08   0.163249E+08   0.163344E+08   0.163249E+08  -0.393972E+00   0.830000E+07   0.829934E+07   0.265148E+02
   0.913888E-02   0.158995E+08   0.158875E+08  -0.410653E+04  -0.557271E+04   0.157383E+08   0.158864E+08   0.158974E+08   0.158864E+08  -0.383387E+00   0.807720E+07   0.807654E+07   0.238496E+02
   0.101005E-01   0.154212E+08   0.154075E+08  -0.253406E+04  -0.442322E+04   0.152355E+08   0.154062E+08   0.154189E+08   0.154062E+08  -0.371801E+00   0.783317E+07   0.783252E+07   0.214867E+02
   0.111633E-01   0.148998E+08   0.148842E+08  -0.247394E+04  -0.349921E+04   0.146877E+08   0.148827E+08   0.148972E+08   0.148827E+08  -0.359167E+00   0.756717E+07   0.756652E+07   0.193639E+02
   0.123379E-01   0.143345E+08   0.143166E+08  -0.212228E+04  -0.275484E+04   0.140943E+08   0.143151E+08   0.143315E+08   0.143151E+08  -0.345472E+00   0.727875E+07   0.727810E+07   0.174780E+02
   0.136362E-01   0.137249E+08   0.137044E+08  -0.170748E+04  -0.216014E+04   0.134552E+08   0.137030E+08   0.137214E+08   0.137030E+08  -0.330699E+00   0.696778E+07   0.696713E+07   0.157931E+02
   0.150710E-01   0.130716E+08   0.130482E+08  -0.114643E+04  -0.168422E+04   0.127717E+08   0.130472E+08   0.130677E+08   0.130472E+08  -0.314873E+00   0.663458E+07   0.663393E+07   0.142911E+02
   0.166568E-01   0.123765E+08   0.123498E+08  -0.104606E+04  -0.130515E+04   0.120459E+08   0.123494E+08   0.123720E+08   0.123494E+08  -0.298036E+00   0.628006E+07   0.627941E+07   0.129458E+02
   0.184095E-01   0.116572E+08   0.116270E+08  -0.796780E+03  -0.100728E+04   0.112960E+08   0.116275E+08   0.116521E+08   0.116275E+08  -0.280607E+00   0.591326E+07   0.591261E+07   0.117419E+02
   0.203466E-01   0.108917E+08   0.108577E+08  -0.496929E+03  -0.770194E+03   0.105014E+08   0.108594E+08   0.108860E+08   0.108594E+08  -0.262074E+00   0.552300E+07   0.552236E+07   0.106350E+02
   0.224875E-01   0.100910E+08   0.100533E+08  -0.408945E+03  -0.584282E+03   0.967436E+07   0.100563E+08   0.100847E+08   0.100563E+08  -0.242693E+00   0.511497E+07   0.511432E+07   0.960419E+01
   0.248537E-01   0.928216E+07   0.924087E+07  -0.320866E+03  -0.440204E+03   0.884214E+07   0.924528E+07   0.927523E+07   0.924528E+07  -0.223118E+00   0.470287E+07   0.470223E+07   0.863238E+01
   0.274688E-01   0.847611E+07   0.843182E+07  -0.200983E+03  -0.329072E+03   0.801627E+07   0.843739E+07   0.846867E+07   0.843739E+07  -0.203622E+00   0.429237E+07   0.429174E+07   0.769241E+01
   0.303592E-01   0.767949E+07   0.763315E+07  -0.233664E+03  -0.244193E+03   0.720375E+07   0.763935E+07   0.767171E+07   0.763935E+07  -0.184362E+00   0.388686E+07   0.388625E+07   0.676093E+01
   0.335536E-01   0.691316E+07   0.686617E+07  -0.146440E+03  -0.179925E+03   0.642507E+07   0.687206E+07   0.690527E+07   0.687206E+07  -0.165847E+00   0.349697E+07   0.349638E+07   0.582528E+01
   0.370842E-01   0.620148E+07   0.615569E+07  -0.103109E+03  -0.132202E+03   0.570381E+07   0.615991E+07   0.619379E+07   0.615991E+07  -0.148660E+00   0.313509E+07   0.313454E+07   0.488525E+01
   0.409863E-01   0.556728E+07   0.552480E+07  -0.682756E+02  -0.972722E+02   0.505962E+07   0.552554E+07   0.556015E+07   0.552554E+07  -0.133349E+00   0.281274E+07   0.281226E+07   0.395608E+01
   0.450849E-01   0.503505E+07   0.499768E+07  -0.716302E+02  -0.727236E+02   0.451968E+07   0.499357E+07   0.502878E+07   0.499357E+07  -0.120512E+00   0.254245E+07   0.254203E+07   0.310509E+01
   0.491836E-01   0.462150E+07   0.459009E+07  -0.552871E+02  -0.561301E+02   0.409720E+07   0.458033E+07   0.461622E+07   0.458033E+07  -0.110540E+00   0.233253E+07   0.233218E+07   0.239496E+01
   0.532822E-01   0.429161E+07   0.426616E+07  -0.438088E+02  -0.444755E+02   0.375738E+07   0.425068E+07   0.428733E+07   0.425068E+07  -0.102583E+00   0.216511E+07   0.216481E+07   0.183021E+01
   0.573808E-01   0.401574E+07   0.399554E+07  -0.353939E+02  -0.359316E+02   0.347188E+07   0.397497E+07   0.401235E+07   0.397497E+07  -0.959284E-01   0.202509E+07   0.202485E+07   0.140678E+01
   0.614795E-01   0.377338E+07   0.375721E+07  -0.289911E+02  -0.294310E+02   0.322138E+07   0.373268E+07   0.377066E+07   0.373268E+07  -0.900818E-01   0.190206E+07   0.190185E+07   0.111214E+01
   0.655781E-01   0.354628E+07   0.353269E+07  -0.239581E+02  -0.243213E+02   0.298929E+07   0.350563E+07   0.354399E+07   0.350563E+07  -0.846036E-01   0.178675E+07   0.178657E+07   0.925064E+00
   0.696767E-01   0.332362E+07   0.331118E+07  -0.199104E+02  -0.202118E+02   0.276595E+07   0.328311E+07   0.332153E+07   0.328311E+07  -0.792331E-01   0.167370E+07   0.167353E+07   0.820047E+00
   0.737754E-01   0.310490E+07   0.309242E+07  -0.166148E+02  -0.168658E+02   0.255095E+07   0.306464E+07   0.310280E+07   0.306464E+07  -0.739596E-01   0.156266E+07   0.156249E+07   0.770877E+00
   0.778740E-01   0.288659E+07   0.287327E+07  -0.138773E+02  -0.140866E+02   0.234126E+07   0.284679E+07   0.288435E+07   0.284679E+07  -0.687020E-01   0.145190E+07   0.145173E+07   0.751562E+00
   0.819726E-01   0.267720E+07   0.266270E+07  -0.116198E+02  -0.117948E+02   0.214367E+07   0.263804E+07   0.267476E+07   0.263804E+07  -0.636648E-01   0.134573E+07   0.134554E+07   0.741992E+00
   0.860713E-01   0.248262E+07   0.246702E+07  -0.977782E+01  -0.992498E+01   0.196248E+07   0.244421E+07   0.248000E+07   0.244421E+07  -0.589876E-01   0.124712E+07   0.124693E+07   0.727177E+00
   0.911959E-01   0.226732E+07   0.225096E+07  -0.796612E+01  -0.808574E+01   0.176387E+07   0.222995E+07   0.226458E+07   0.222995E+07  -0.538162E-01   0.113811E+07   0.113792E+07   0.688598E+00
   0.963205E-01   0.208888E+07   0.207273E+07  -0.658922E+01  -0.668795E+01   0.159953E+07   0.205251E+07   0.208617E+07   0.205251E+07  -0.495336E-01   0.104783E+07   0.104765E+07   0.624421E+00
   0.101445E+00   0.194890E+07   0.193397E+07  -0.554691E+01  -0.562991E+01   0.146918E+07   0.191339E+07   0.194639E+07   0.191339E+07  -0.461764E-01   0.977063E+06   0.976898E+06   0.541149E+00
   0.106570E+00   0.184214E+07   0.182914E+07  -0.475438E+01  -0.482543E+01   0.136741E+07   0.180728E+07   0.183996E+07   0.180728E+07  -0.436162E-01   0.923117E+06   0.922973E+06   0.450846E+00
   0.111694E+00   0.175787E+07   0.174705E+07  -0.413640E+01  -0.419810E+01   0.128503E+07   0.172348E+07   0.175605E+07   0.172348E+07  -0.415935E-01   0.880538E+06   0.880416E+06   0.366277E+00
   0.116819E+00   0.168431E+07   0.167548E+07  -0.362996E+01  -0.368399E+01   0.121268E+07   0.165031E+07   0.168282E+07   0.165031E+07  -0.398272E-01   0.843371E+06   0.843266E+06   0.297345E+00
   0.121944E+00   0.161231E+07   0.160494E+07  -0.319244E+01  -0.323988E+01   0.114340E+07   0.157873E+07   0.161107E+07   0.157873E+07  -0.380997E-01   0.806991E+06   0.806900E+06   0.249115E+00
   0.127068E+00   0.153659E+07   0.152998E+07  -0.280363E+01  -0.284525E+01   0.107337E+07   0.150353E+07   0.153548E+07   0.150353E+07  -0.362855E-01   0.768742E+06   0.768657E+06   0.221446E+00
   0.132193E+00   0.145575E+07   0.144924E+07  -0.245687E+01  -0.249329E+01   0.100169E+07   0.142333E+07   0.145466E+07   0.142333E+07  -0.343501E-01   0.727920E+06   0.727836E+06   0.210022E+00
   0.137318E+00   0.137158E+07   0.136470E+07  -0.214880E+01  -0.218058E+01   0.929703E+06   0.133995E+07   0.137043E+07   0.133995E+07  -0.323373E-01   0.685443E+06   0.685358E+06   0.208233E+00
   0.142442E+00   0.128793E+07   0.128049E+07  -0.187724E+01  -0.190496E+01   0.860039E+06   0.125717E+07   0.128668E+07   0.125717E+07  -0.303396E-01   0.643256E+06   0.643166E+06   0.209225E+00
   0.147567E+00   0.120941E+07   0.120150E+07  -0.164311E+01  -0.166734E+01   0.795702E+06   0.117956E+07   0.120808E+07   0.117956E+07  -0.284670E-01   0.603690E+06   0.603598E+06   0.207576E+00
   0.152692E+00   0.114025E+07   0.113214E+07  -0.144798E+01  -0.146931E+01   0.739241E+06   0.111125E+07   0.113889E+07   0.111125E+07  -0.268185E-01   0.568859E+06   0.568768E+06   0.200242E+00
   0.157816E+00   0.108284E+07   0.107490E+07  -0.128925E+01  -0.130820E+01   0.691882E+06   0.105456E+07   0.108151E+07   0.105456E+07  -0.254500E-01   0.539965E+06   0.539877E+06   0.186704E+00
   0.162941E+00   0.103687E+07   0.102945E+07  -0.115973E+01  -0.117675E+01   0.653049E+06   0.100917E+07   0.103562E+07   0.100917E+07  -0.243543E-01   0.516838E+06   0.516756E+06   0.168461E+00
   0.168066E+00   0.999806E+06   0.993140E+06  -0.105177E+01  -0.106719E+01   0.620810E+06   0.972554E+06   0.998687E+06   0.972554E+06  -0.234710E-01   0.498199E+06   0.498124E+06   0.148183E+00
   0.173190E+00   0.968307E+06   0.962455E+06  -0.959875E+00  -0.973934E+00   0.592830E+06   0.941426E+06   0.967324E+06   0.941426E+06  -0.227201E-01   0.482359E+06   0.482292E+06   0.128777E+00
   0.178315E+00   0.939142E+06   0.934014E+06  -0.879535E+00  -0.892394E+00   0.566973E+06   0.912603E+06   0.938281E+06   0.912603E+06  -0.220242E-01   0.467692E+06   0.467632E+06   0.112581E+00
   0.183440E+00   0.909521E+06   0.904914E+06  -0.806163E+00  -0.817927E+00   0.541456E+06   0.883347E+06   0.908748E+06   0.883347E+06  -0.213179E-01   0.452796E+06   0.452741E+06   0.100854E+00
   0.188564E+00   0.877605E+06   0.873270E+06  -0.736690E+00  -0.747429E+00   0.515246E+06   0.851868E+06   0.876877E+06   0.851868E+06  -0.205584E-01   0.436753E+06   0.436700E+06   0.936640E-01
   0.193689E+00   0.843118E+06   0.838827E+06  -0.671016E+00  -0.680790E+00   0.488192E+06   0.817902E+06   0.842398E+06   0.817902E+06  -0.197390E-01   0.419426E+06   0.419374E+06   0.901200E-01
   0.198813E+00   0.807237E+06   0.802834E+06  -0.610426E+00  -0.619303E+00   0.461015E+06   0.782606E+06   0.806498E+06   0.782606E+06  -0.188871E-01   0.401409E+06   0.401356E+06   0.887720E-01
   0.203938E+00   0.771716E+06   0.767143E+06  -0.555453E+00  -0.563515E+00   0.434727E+06   0.747696E+06   0.770948E+06   0.747696E+06  -0.180443E-01   0.383582E+06   0.383528E+06   0.880537E-01
   0.209063E+00   0.738189E+06   0.733480E+06  -0.506011E+00  -0.513347E+00   0.410217E+06   0.714771E+06   0.737398E+06   0.714771E+06  -0.172497E-01   0.366765E+06   0.366711E+06   0.866740E-01
   0.214187E+00   0.707941E+06   0.703200E+06  -0.462432E+00  -0.469132E+00   0.388131E+06   0.685083E+06   0.707145E+06   0.685083E+06  -0.165335E-01   0.351601E+06   0.351547E+06   0.838750E-01
   0.219312E+00   0.681742E+06   0.677101E+06  -0.425091E+00  -0.431243E+00   0.368801E+06   0.659375E+06   0.680962E+06   0.659375E+06  -0.159131E-01   0.338473E+06   0.338421E+06   0.795039E-01
   0.224437E+00   0.659590E+06   0.655170E+06  -0.393329E+00  -0.399010E+00   0.352121E+06   0.637636E+06   0.658848E+06   0.637636E+06  -0.153882E-01   0.327377E+06   0.327327E+06   0.739134E-01
   0.229561E+00   0.640711E+06   0.636592E+06  -0.365625E+00  -0.370898E+00   0.337580E+06   0.619104E+06   0.640020E+06   0.619104E+06  -0.149409E-01   0.317922E+06   0.317875E+06   0.677606E-01
   0.234686E+00   0.623916E+06   0.620121E+06  -0.340766E+00  -0.345679E+00   0.324474E+06   0.602614E+06   0.623278E+06   0.602614E+06  -0.145432E-01   0.309511E+06   0.309468E+06   0.617800E-01
   0.239811E+00   0.607998E+06   0.604498E+06  -0.318210E+00  -0.322794E+00   0.312127E+06   0.586990E+06   0.607411E+06   0.586990E+06  -0.141662E-01   0.301542E+06   0.301501E+06   0.565848E-01
   0.244935E+00   0.591978E+06   0.588702E+06  -0.297425E+00  -0.301702E+00   0.300013E+06   0.571275E+06   0.591428E+06   0.571275E+06  -0.137868E-01   0.293522E+06   0.293483E+06   0.525337E-01
   0.250060E+00   0.575257E+06   0.572117E+06  -0.277667E+00  -0.281653E+00   0.287825E+06   0.554889E+06   0.574730E+06   0.554889E+06  -0.133912E-01   0.285154E+06   0.285116E+06   0.496871E-01
   0.255185E+00   0.557737E+06   0.554650E+06  -0.258599E+00  -0.262310E+00   0.275521E+06   0.537737E+06   0.557219E+06   0.537737E+06  -0.129774E-01   0.276389E+06   0.276352E+06   0.478473E-01
   0.260309E+00   0.539779E+06   0.536688E+06  -0.240569E+00  -0.244019E+00   0.263285E+06   0.520174E+06   0.539260E+06   0.520174E+06  -0.125537E-01   0.267408E+06   0.267372E+06   0.466551E-01
   0.265434E+00   0.521982E+06   0.518864E+06  -0.223992E+00  -0.227200E+00   0.251410E+06   0.502783E+06   0.521459E+06   0.502783E+06  -0.121339E-01   0.258512E+06   0.258476E+06   0.457039E-01
   0.270559E+00   0.504955E+06   0.501817E+06  -0.208850E+00  -0.211836E+00   0.240178E+06   0.486154E+06   0.504428E+06   0.486154E+06  -0.117324E-01   0.250004E+06   0.249968E+06   0.446440E-01
   0.275683E+00   0.489177E+06   0.486053E+06  -0.194978E+00  -0.197763E+00   0.229795E+06   0.470751E+06   0.488652E+06   0.470751E+06  -0.113607E-01   0.242124E+06   0.242088E+06   0.432532E-01
   0.280808E+00   0.474924E+06   0.471857E+06  -0.182462E+00  -0.185067E+00   0.220361E+06   0.456840E+06   0.474409E+06   0.456840E+06  -0.110252E-01   0.235008E+06   0.234973E+06   0.414642E-01
   0.285932E+00   0.462215E+06   0.459249E+06  -0.171417E+00  -0.173862E+00   0.211853E+06   0.444437E+06   0.461717E+06   0.444437E+06  -0.107259E-01   0.228664E+06   0.228631E+06   0.393488E-01
   0.291057E+00   0.450818E+06   0.447983E+06  -0.161598E+00  -0.163899E+00   0.204132E+06   0.433315E+06   0.450342E+06   0.433315E+06  -0.104573E-01   0.222978E+06   0.222945E+06   0.370703E-01
   0.296182E+00   0.440338E+06   0.437644E+06  -0.152555E+00  -0.154725E+00   0.196994E+06   0.423088E+06   0.439886E+06   0.423088E+06  -0.102104E-01   0.217749E+06   0.217718E+06   0.348249E-01
   0.301306E+00   0.430343E+06   0.427780E+06  -0.144068E+00  -0.146117E+00   0.190227E+06   0.413337E+06   0.429913E+06   0.413337E+06  -0.997529E-02   0.212763E+06   0.212734E+06   0.327853E-01
   0.306431E+00   0.420471E+06   0.418017E+06  -0.136165E+00  -0.138100E+00   0.183660E+06   0.403710E+06   0.420059E+06   0.403710E+06  -0.974303E-02   0.207840E+06   0.207811E+06   0.310625E-01
   0.311556E+00   0.410499E+06   0.408124E+06  -0.128780E+00  -0.130607E+00   0.177190E+06   0.393993E+06   0.410100E+06   0.393993E+06  -0.950833E-02   0.202867E+06   0.202840E+06   0.296893E-01
   0.316680E+00   0.400367E+06   0.398041E+06  -0.121700E+00  -0.123424E+00   0.170790E+06   0.384127E+06   0.399976E+06   0.384127E+06  -0.927014E-02   0.197817E+06   0.197789E+06   0.286264E-01
   0.321805E+00   0.390161E+06   0.387861E+06  -0.114858E+00  -0.116485E+00   0.164495E+06   0.374195E+06   0.389775E+06   0.374195E+06  -0.903061E-02   0.192730E+06   0.192704E+06   0.277838E-01
   0.326930E+00   0.380063E+06   0.377778E+06  -0.108422E+00  -0.109957E+00   0.158379E+06   0.364375E+06   0.379679E+06   0.364375E+06  -0.879373E-02   0.187699E+06   0.187673E+06   0.270508E-01
   0.332054E+00   0.370286E+06   0.368016E+06  -0.102519E+00  -0.103968E+00   0.152527E+06   0.354872E+06   0.369905E+06   0.354872E+06  -0.856426E-02   0.182830E+06   0.182804E+06   0.263260E-01
   0.337179E+00   0.361017E+06   0.358771E+06  -0.970607E-01  -0.984311E-01   0.147006E+06   0.345865E+06   0.360640E+06   0.345865E+06  -0.834677E-02   0.178215E+06   0.178189E+06   0.255388E-01
   0.342304E+00   0.352365E+06   0.350157E+06  -0.919423E-01  -0.932397E-01   0.141852E+06   0.337462E+06   0.351994E+06   0.337462E+06  -0.814405E-02   0.173909E+06   0.173884E+06   0.246595E-01
   0.347428E+00   0.344343E+06   0.342188E+06  -0.872123E-01  -0.884429E-01   0.137058E+06   0.329671E+06   0.343982E+06   0.329671E+06  -0.795620E-02   0.169917E+06   0.169893E+06   0.236977E-01
   0.352553E+00   0.336880E+06   0.334788E+06  -0.829345E-01  -0.841035E-01   0.132584E+06   0.322425E+06   0.336529E+06   0.322425E+06  -0.778125E-02   0.166204E+06   0.166180E+06   0.226917E-01
   0.357677E+00   0.329853E+06   0.327828E+06  -0.790059E-01  -0.801178E-01   0.128373E+06   0.315603E+06   0.329513E+06   0.315603E+06  -0.761646E-02   0.162709E+06   0.162686E+06   0.216937E-01
   0.362802E+00   0.323124E+06   0.321166E+06  -0.752633E-01  -0.763217E-01   0.124362E+06   0.309072E+06   0.322795E+06   0.309072E+06  -0.745887E-02   0.159363E+06   0.159341E+06   0.207539E-01
   0.367927E+00   0.316565E+06   0.314666E+06  -0.716827E-01  -0.726907E-01   0.120497E+06   0.302709E+06   0.316246E+06   0.302709E+06  -0.730546E-02   0.156102E+06   0.156080E+06   0.199083E-01
   0.373051E+00   0.310078E+06   0.308228E+06  -0.683347E-01  -0.692950E-01   0.116736E+06   0.296418E+06   0.309768E+06   0.296418E+06  -0.715367E-02   0.152878E+06   0.152856E+06   0.191719E-01
   0.378176E+00   0.303616E+06   0.301803E+06  -0.652002E-01  -0.661150E-01   0.113059E+06   0.290154E+06   0.303311E+06   0.290154E+06  -0.700234E-02   0.149666E+06   0.149645E+06   0.185385E-01
   0.383301E+00   0.297191E+06   0.295408E+06  -0.621767E-01  -0.630482E-01   0.109469E+06   0.283930E+06   0.296892E+06   0.283930E+06  -0.685209E-02   0.146473E+06   0.146453E+06   0.179867E-01
   0.388425E+00   0.290863E+06   0.289103E+06  -0.592463E-01  -0.600768E-01   0.105985E+06   0.277802E+06   0.290568E+06   0.277802E+06  -0.670435E-02   0.143330E+06   0.143309E+06   0.174866E-01
   0.393550E+00   0.284704E+06   0.282965E+06  -0.564999E-01  -0.572916E-01   0.102631E+06   0.271840E+06   0.284412E+06   0.271840E+06  -0.656054E-02   0.140270E+06   0.140250E+06   0.170082E-01
   0.398675E+00   0.278770E+06   0.277055E+06  -0.539764E-01  -0.547317E-01   0.994236E+05   0.266099E+06   0.278482E+06   0.266099E+06  -0.642185E-02   0.137324E+06   0.137304E+06   0.165281E-01
   0.403799E+00   0.273096E+06   0.271409E+06  -0.516012E-01  -0.523223E-01   0.963707E+05   0.260611E+06   0.272813E+06   0.260611E+06  -0.628930E-02   0.134507E+06   0.134488E+06   0.160334E-01
   0.408924E+00   0.267697E+06   0.266042E+06  -0.493194E-01  -0.500086E-01   0.934734E+05   0.255390E+06   0.267419E+06   0.255390E+06  -0.616340E-02   0.131828E+06   0.131809E+06   0.155227E-01
   0.414049E+00   0.262567E+06   0.260947E+06  -0.471775E-01  -0.478368E-01   0.907253E+05   0.250430E+06   0.262295E+06   0.250430E+06  -0.604383E-02   0.129282E+06   0.129264E+06   0.150042E-01
   0.419173E+00   0.257671E+06   0.256089E+06  -0.452170E-01  -0.458481E-01   0.881098E+05   0.245698E+06   0.257405E+06   0.245698E+06  -0.592954E-02   0.126853E+06   0.126835E+06   0.144912E-01
   0.424298E+00   0.252952E+06   0.251407E+06  -0.433801E-01  -0.439847E-01   0.856041E+05   0.241138E+06   0.252693E+06   0.241138E+06  -0.581937E-02   0.124513E+06   0.124495E+06   0.139975E-01
   0.429423E+00   0.248359E+06   0.246849E+06  -0.415919E-01  -0.421713E-01   0.831876E+05   0.236700E+06   0.248105E+06   0.236700E+06  -0.571233E-02   0.122235E+06   0.122217E+06   0.135344E-01
   0.434547E+00   0.243860E+06   0.242382E+06  -0.398672E-01  -0.404227E-01   0.808475E+05   0.232355E+06   0.243612E+06   0.232355E+06  -0.560760E-02   0.120004E+06   0.119987E+06   0.131083E-01
   0.439672E+00   0.239439E+06   0.237989E+06  -0.382604E-01  -0.387931E-01   0.785766E+05   0.228088E+06   0.239195E+06   0.228088E+06  -0.550459E-02   0.117812E+06   0.117795E+06   0.127196E-01
   0.444796E+00   0.235088E+06   0.233662E+06  -0.367554E-01  -0.372665E-01   0.763704E+05   0.223889E+06   0.234849E+06   0.223889E+06  -0.540313E-02   0.115655E+06   0.115639E+06   0.123635E-01
   0.449921E+00   0.230810E+06   0.229405E+06  -0.352895E-01  -0.357798E-01   0.742283E+05   0.219762E+06   0.230574E+06   0.219762E+06  -0.530352E-02   0.113535E+06   0.113519E+06   0.120318E-01
   0.455046E+00   0.226624E+06   0.225240E+06  -0.338597E-01  -0.343302E-01   0.721549E+05   0.215725E+06   0.226392E+06   0.215725E+06  -0.520623E-02   0.111461E+06   0.111445E+06   0.117157E-01
   0.460170E+00   0.222558E+06   0.221193E+06  -0.325221E-01  -0.329739E-01   0.701569E+05   0.211805E+06   0.222329E+06   0.211805E+06  -0.511166E-02   0.109446E+06   0.109431E+06   0.114078E-01
   0.465295E+00   0.218627E+06   0.217284E+06  -0.312888E-01  -0.317229E-01   0.682379E+05   0.208017E+06   0.218402E+06   0.208017E+06  -0.502012E-02   0.107500E+06   0.107484E+06   0.111029E-01
   0.470420E+00   0.214835E+06   0.213514E+06  -0.301075E-01  -0.305247E-01   0.663964E+05   0.204363E+06   0.214613E+06   0.204363E+06  -0.493188E-02   0.105622E+06   0.105607E+06   0.107990E-01
   0.475544E+00   0.211175E+06   0.209876E+06  -0.289516E-01  -0.293529E-01   0.646284E+05   0.200838E+06   0.210957E+06   0.200838E+06  -0.484690E-02   0.103810E+06   0.103795E+06   0.104970E-01
   0.480669E+00   0.207639E+06   0.206363E+06  -0.278584E-01  -0.282446E-01   0.629294E+05   0.197432E+06   0.207425E+06   0.197432E+06  -0.476479E-02   0.102059E+06   0.102044E+06   0.101998E-01
   0.485794E+00   0.204214E+06   0.202963E+06  -0.268528E-01  -0.272246E-01   0.612943E+05   0.194135E+06   0.204004E+06   0.194135E+06  -0.468514E-02   0.100364E+06   0.100350E+06   0.991129E-02
   0.490918E+00   0.200885E+06   0.199657E+06  -0.258976E-01  -0.262557E-01   0.597163E+05   0.190931E+06   0.200679E+06   0.190931E+06  -0.460771E-02   0.987166E+05   0.987024E+05   0.963481E-02
   0.496043E+00   0.197633E+06   0.196426E+06  -0.249538E-01  -0.252988E-01   0.581886E+05   0.187801E+06   0.197431E+06   0.187801E+06  -0.453225E-02   0.971074E+05   0.970935E+05   0.937252E-02
   0.501168E+00   0.194445E+06   0.193258E+06  -0.240410E-01  -0.243735E-01   0.567062E+05   0.184734E+06   0.194246E+06   0.184734E+06  -0.445834E-02   0.955302E+05   0.955165E+05   0.912504E-02
   0.506292E+00   0.191318E+06   0.190150E+06  -0.231946E-01  -0.235151E-01   0.552671E+05   0.181727E+06   0.191122E+06   0.181727E+06  -0.438573E-02   0.939834E+05   0.939699E+05   0.889158E-02
   0.511417E+00   0.188255E+06   0.187105E+06  -0.223988E-01  -0.227078E-01   0.538711E+05   0.178782E+06   0.188062E+06   0.178782E+06  -0.431454E-02   0.924685E+05   0.924553E+05   0.867020E-02
   0.516541E+00   0.185259E+06   0.184125E+06  -0.216139E-01  -0.219120E-01   0.525180E+05   0.175902E+06   0.185069E+06   0.175902E+06  -0.424506E-02   0.909870E+05   0.909739E+05   0.845836E-02
   0.521666E+00   0.182332E+06   0.181215E+06  -0.208445E-01  -0.211321E-01   0.512074E+05   0.173090E+06   0.182145E+06   0.173090E+06  -0.417730E-02   0.895398E+05   0.895269E+05   0.825349E-02
   0.526791E+00   0.179479E+06   0.178377E+06  -0.201269E-01  -0.204045E-01   0.499394E+05   0.170348E+06   0.179294E+06   0.170348E+06  -0.411114E-02   0.881289E+05   0.881162E+05   0.805366E-02
   0.531915E+00   0.176703E+06   0.175617E+06  -0.194622E-01  -0.197303E-01   0.487144E+05   0.167682E+06   0.176521E+06   0.167682E+06  -0.404669E-02   0.867570E+05   0.867445E+05   0.785781E-02
   0.537040E+00   0.174007E+06   0.172938E+06  -0.188145E-01  -0.190735E-01   0.475318E+05   0.165093E+06   0.173827E+06   0.165093E+06  -0.398418E-02   0.854246E+05   0.854122E+05   0.766574E-02
   0.542165E+00   0.171385E+06   0.170333E+06  -0.181729E-01  -0.184231E-01   0.463891E+05   0.162577E+06   0.171209E+06   0.162577E+06  -0.392355E-02   0.841292E+05   0.841170E+05   0.747780E-02
   0.547289E+00   0.168831E+06   0.167794E+06  -0.175661E-01  -0.178079E-01   0.452834E+05   0.160125E+06   0.168657E+06   0.160125E+06  -0.386443E-02   0.828671E+05   0.828551E+05   0.729476E-02
   0.552414E+00   0.166338E+06   0.165317E+06  -0.170073E-01  -0.172411E-01   0.442123E+05   0.157732E+06   0.166166E+06   0.157732E+06  -0.380661E-02   0.816355E+05   0.816238E+05   0.711752E-02
   0.557539E+00   0.163903E+06   0.162898E+06  -0.164693E-01  -0.166955E-01   0.431741E+05   0.155397E+06   0.163734E+06   0.155397E+06  -0.375017E-02   0.804329E+05   0.804213E+05   0.694685E-02
   0.562663E+00   0.161522E+06   0.160532E+06  -0.159309E-01  -0.161498E-01   0.421670E+05   0.153113E+06   0.161356E+06   0.153113E+06  -0.369513E-02   0.792571E+05   0.792457E+05   0.678306E-02
   0.567788E+00   0.159189E+06   0.158214E+06  -0.154112E-01  -0.156230E-01   0.411888E+05   0.150876E+06   0.159026E+06   0.150876E+06  -0.364123E-02   0.781053E+05   0.780940E+05   0.662599E-02
   0.572913E+00   0.156902E+06   0.155940E+06  -0.149321E-01  -0.151371E-01   0.402380E+05   0.148684E+06   0.156740E+06   0.148684E+06  -0.358826E-02   0.769759E+05   0.769648E+05   0.647511E-02
   0.578037E+00   0.154661E+06   0.153712E+06  -0.144782E-01  -0.146767E-01   0.393142E+05   0.146536E+06   0.154502E+06   0.146536E+06  -0.353633E-02   0.758696E+05   0.758586E+05   0.632976E-02
   0.583162E+00   0.152469E+06   0.151533E+06  -0.140238E-01  -0.142160E-01   0.384177E+05   0.144435E+06   0.152312E+06   0.144435E+06  -0.348567E-02   0.747876E+05   0.747768E+05   0.618917E-02
   0.588287E+00   0.150326E+06   0.149403E+06  -0.135775E-01  -0.137637E-01   0.375477E+05   0.142383E+06   0.150171E+06   0.142383E+06  -0.343623E-02   0.737301E+05   0.737194E+05   0.605264E-02
   0.593411E+00   0.148231E+06   0.147320E+06  -0.131637E-01  -0.133442E-01   0.367034E+05   0.140376E+06   0.148078E+06   0.140376E+06  -0.338780E-02   0.726963E+05   0.726858E+05   0.591960E-02
   0.598536E+00   0.146183E+06   0.145285E+06  -0.127784E-01  -0.129534E-01   0.358840E+05   0.138415E+06   0.146033E+06   0.138415E+06  -0.334037E-02   0.716858E+05   0.716754E+05   0.578976E-02
   0.603660E+00   0.144183E+06   0.143297E+06  -0.123963E-01  -0.125659E-01   0.350890E+05   0.136500E+06   0.144034E+06   0.136500E+06  -0.329415E-02   0.706990E+05   0.706888E+05   0.566310E-02
   0.608785E+00   0.142230E+06   0.141356E+06  -0.120148E-01  -0.121793E-01   0.343178E+05   0.134630E+06   0.142083E+06   0.134630E+06  -0.324912E-02   0.697355E+05   0.697254E+05   0.553973E-02
   0.655794E+00   0.126083E+06   0.125307E+06  -0.920515E-02  -0.933072E-02   0.281708E+05   0.119190E+06   0.125952E+06   0.119190E+06  -0.287649E-02   0.617748E+05   0.617658E+05   0.456835E-02
   0.706433E+00   0.111693E+06   0.111006E+06  -0.705259E-02  -0.714839E-02   0.230538E+05   0.105456E+06   0.111578E+06   0.105456E+06  -0.254497E-02   0.546881E+05   0.546801E+05   0.376560E-02
   0.760981E+00   0.989014E+05   0.982921E+05  -0.539599E-02  -0.546904E-02   0.188132E+05   0.932675E+05   0.987991E+05   0.932675E+05  -0.225083E-02   0.483944E+05   0.483873E+05   0.310420E-02
   0.879031E+00   0.779795E+05   0.774984E+05  -0.320464E-02  -0.324776E-02   0.125784E+05   0.733814E+05   0.778987E+05   0.733814E+05  -0.177091E-02   0.381145E+05   0.381088E+05   0.213260E-02
   0.122679E+01   0.446947E+05   0.444181E+05  -0.951204E-03  -0.963867E-03   0.477063E+04   0.418904E+05   0.446482E+05   0.418904E+05  -0.101096E-02   0.218010E+05   0.217977E+05   0.895856E-03
   0.171212E+01   0.253792E+05   0.252218E+05  -0.337857E-01  -0.337893E-01   0.172094E+04   0.237185E+05   0.253528E+05   0.237185E+05   0.145320E-02   0.123619E+05   0.123599E+05   0.379741E-03
   0.238945E+01   0.142875E+05   0.141986E+05  -0.143519E-01  -0.143529E-01   0.593339E+03   0.133265E+05   0.142725E+05   0.133265E+05   0.135856E-02   0.695278E+04   0.695160E+04   0.164999E-03
