#          k/h    CDM            baryon         photon         nu             mass_nu        total          no_nu          total_de       Weyl           v_CDM          v_b            v_b-v_c     
   0.101538E-04   0.194277E+08   0.194277E+08   0.258901E+08   0.258897E+08   0.194278E+08   0.194277E+08   0.194277E+08   0.194342E+08  -0.464375E+00   0.981410E+07   0.981410E+07   0.591932E+01
   0.112222E-04   0.194277E+08   0.194277E+08   0.258871E+08   0.258866E+08   0.194278E+08   0.194277E+08   0.194277E+08   0.194342E+08  -0.464375E+00   0.981410E+07   0.981410E+07   0.654196E+01
   0.124030E-04   0.194277E+08   0.194277E+08   0.258834E+08   0.258828E+08   0.194278E+08   0.194277E+08   0.194277E+08   0.194342E+08  -0.464375E+00   0.981410E+07   0.981410E+07   0.723005E+01
   0.137081E-04   0.194277E+08   0.194277E+08   0.258790E+08   0.258782E+08   0.194278E+08   0.194277E+08   0.194277E+08   0.194342E+08  -0.464375E+00   0.981409E+07   0.981409E+07   0.799044E+01
   0.151505E-04   0.194277E+08   0.194277E+08   0.258735E+08   0.258726E+08   0.194278E+08   0.194277E+08   0.194277E+08   0.194342E+08  -0.464374E+00   0.981409E+07   0.981409E+07   0.883072E+01
   0.167447E-04   0.194277E+08   0.194277E+08   0.258668E+08   0.258657E+08   0.194278E+08   0.194277E+08   0.194277E+08   0.194341E+08  -0.464374E+00   0.981408E+07   0.981408E+07   0.975924E+01
   0.185066E-04   0.194277E+08   0.194277E+08   0.258587E+08   0.258574E+08   0.194277E+08   0.194277E+08   0.194277E+08   0.194341E+08  -0.464374E+00   0.981408E+07   0.981408E+07   0.107852E+02
   0.204539E-04   0.194276E+08   0.194276E+08   0.258488E+08   0.258471E+08   0.194277E+08   0.194276E+08   0.194276E+08   0.194341E+08  -0.464374E+00   0.981407E+07   0.981407E+07   0.119189E+02
   0.226060E-04   0.194276E+08   0.194276E+08   0.258366E+08   0.258346E+08   0.194277E+08   0.194276E+08   0.194276E+08   0.194341E+08  -0.464373E+00   0.981407E+07   0.981406E+07   0.131714E+02
   0.249847E-04   0.194276E+08   0.194276E+08   0.258218E+08   0.258194E+08   0.194277E+08   0.194276E+08   0.194276E+08   0.194341E+08  -0.464373E+00   0.981406E+07   0.981406E+07   0.145551E+02
   0.276136E-04   0.194276E+08   0.194276E+08   0.258037E+08   0.258007E+08   0.194277E+08   0.194276E+08   0.194276E+08   0.194340E+08  -0.464372E+00   0.981405E+07   0.981404E+07   0.160836E+02
   0.305192E-04   0.194275E+08   0.194275E+08   0.257816E+08   0.257780E+08   0.194276E+08   0.194276E+08   0.194275E+08   0.194340E+08  -0.464372E+00   0.981403E+07   0.981403E+07   0.177720E+02
   0.337304E-04   0.194275E+08   0.194275E+08   0.257546E+08   0.257502E+08   0.194276E+08   0.194275E+08   0.194275E+08   0.194339E+08  -0.464371E+00   0.981402E+07   0.981401E+07   0.196366E+02
   0.372796E-04   0.194275E+08   0.194274E+08   0.257217E+08   0.257164E+08   0.194275E+08   0.194275E+08   0.194275E+08   0.194339E+08  -0.464370E+00   0.981400E+07   0.981399E+07   0.216955E+02
   0.412022E-04   0.194274E+08   0.194274E+08   0.256816E+08   0.256750E+08   0.194275E+08   0.194274E+08   0.194274E+08   0.194338E+08  -0.464368E+00   0.981397E+07   0.981397E+07   0.239686E+02
   0.455376E-04   0.194273E+08   0.194273E+08   0.256327E+08   0.256246E+08   0.194274E+08   0.194273E+08   0.194273E+08   0.194337E+08  -0.464367E+00   0.981394E+07   0.981394E+07   0.264774E+02
   0.503291E-04   0.194272E+08   0.194272E+08   0.255730E+08   0.255632E+08   0.194273E+08   0.194272E+08   0.194272E+08   0.194336E+08  -0.464365E+00   0.981390E+07   0.981390E+07   0.292455E+02
   0.556249E-04   0.194271E+08   0.194271E+08   0.255003E+08   0.254884E+08   0.194272E+08   0.194271E+08   0.194271E+08   0.194335E+08  -0.464363E+00   0.981386E+07   0.981385E+07   0.322987E+02
   0.614778E-04   0.194270E+08   0.194270E+08   0.254117E+08   0.253972E+08   0.194271E+08   0.194270E+08   0.194270E+08   0.194334E+08  -0.464360E+00   0.981380E+07   0.981380E+07   0.356647E+02
   0.679466E-04   0.194268E+08   0.194268E+08   0.253039E+08   0.252863E+08   0.194269E+08   0.194268E+08   0.194268E+08   0.194332E+08  -0.464356E+00   0.981374E+07   0.981373E+07   0.393736E+02
   0.750961E-04   0.194266E+08   0.194266E+08   0.251728E+08   0.251513E+08   0.194267E+08   0.194266E+08   0.194266E+08   0.194329E+08  -0.464352E+00   0.981365E+07   0.981364E+07   0.434576E+02
   0.829978E-04   0.194264E+08   0.194264E+08   0.250135E+08   0.249874E+08   0.194265E+08   0.194264E+08   0.194264E+08   0.194327E+08  -0.464347E+00   0.981355E+07   0.981354E+07   0.479508E+02
   0.917309E-04   0.194261E+08   0.194261E+08   0.248201E+08   0.247885E+08   0.194262E+08   0.194261E+08   0.194261E+08   0.194323E+08  -0.464341E+00   0.981343E+07   0.981341E+07   0.528893E+02
   0.101383E-03   0.194258E+08   0.194257E+08   0.245858E+08   0.245475E+08   0.194258E+08   0.194258E+08   0.194258E+08   0.194319E+08  -0.464333E+00   0.981328E+07   0.981326E+07   0.583104E+02
   0.112051E-03   0.194253E+08   0.194253E+08   0.243024E+08   0.242559E+08   0.194254E+08   0.194253E+08   0.194253E+08   0.194314E+08  -0.464324E+00   0.981310E+07   0.981307E+07   0.642523E+02
   0.123841E-03   0.194248E+08   0.194247E+08   0.239602E+08   0.239042E+08   0.194249E+08   0.194248E+08   0.194248E+08   0.194308E+08  -0.464313E+00   0.981287E+07   0.981285E+07   0.707529E+02
   0.136872E-03   0.194242E+08   0.194240E+08   0.235483E+08   0.234808E+08   0.194242E+08   0.194241E+08   0.194241E+08   0.194300E+08  -0.464299E+00   0.981260E+07   0.981257E+07   0.778485E+02
   0.151273E-03   0.194234E+08   0.194232E+08   0.230539E+08   0.229729E+08   0.194234E+08   0.194234E+08   0.194234E+08   0.194291E+08  -0.464283E+00   0.981227E+07   0.981223E+07   0.855719E+02
   0.167191E-03   0.194224E+08   0.194223E+08   0.224631E+08   0.223662E+08   0.194224E+08   0.194224E+08   0.194224E+08   0.194280E+08  -0.464263E+00   0.981187E+07   0.981182E+07   0.939497E+02
   0.184783E-03   0.194213E+08   0.194211E+08   0.217603E+08   0.216450E+08   0.194213E+08   0.194212E+08   0.194212E+08   0.194267E+08  -0.464239E+00   0.981138E+07   0.981132E+07   0.102999E+03
   0.204226E-03   0.194199E+08   0.194196E+08   0.209295E+08   0.207930E+08   0.194198E+08   0.194198E+08   0.194198E+08   0.194250E+08  -0.464210E+00   0.981078E+07   0.981071E+07   0.112722E+03
   0.225715E-03   0.194181E+08   0.194178E+08   0.199544E+08   0.197940E+08   0.194181E+08   0.194181E+08   0.194181E+08   0.194231E+08  -0.464175E+00   0.981006E+07   0.980998E+07   0.123102E+03
   0.249465E-03   0.194161E+08   0.194157E+08   0.188205E+08   0.186339E+08   0.194160E+08   0.194160E+08   0.194160E+08   0.194207E+08  -0.464133E+00   0.980918E+07   0.980908E+07   0.134095E+03
   0.275714E-03   0.194135E+08   0.194131E+08   0.175168E+08   0.173019E+08   0.194134E+08   0.194135E+08   0.194135E+08   0.194178E+08  -0.464083E+00   0.980812E+07   0.980800E+07   0.145619E+03
   0.304725E-03   0.194105E+08   0.194100E+08   0.160388E+08   0.157947E+08   0.194103E+08   0.194104E+08   0.194104E+08   0.194144E+08  -0.464023E+00   0.980684E+07   0.980669E+07   0.157551E+03
   0.336789E-03   0.194068E+08   0.194062E+08   0.143922E+08   0.141197E+08   0.194066E+08   0.194067E+08   0.194067E+08   0.194103E+08  -0.463952E+00   0.980529E+07   0.980512E+07   0.169709E+03
   0.372226E-03   0.194024E+08   0.194016E+08   0.125974E+08   0.122998E+08   0.194021E+08   0.194023E+08   0.194023E+08   0.194054E+08  -0.463869E+00   0.980343E+07   0.980323E+07   0.181847E+03
   0.411393E-03   0.193971E+08   0.193962E+08   0.106945E+08   0.103782E+08   0.193967E+08   0.193969E+08   0.193969E+08   0.193996E+08  -0.463773E+00   0.980121E+07   0.980097E+07   0.193648E+03
   0.454680E-03   0.193907E+08   0.193896E+08   0.874621E+07   0.842170E+07   0.193902E+08   0.193905E+08   0.193905E+08   0.193927E+08  -0.463661E+00   0.979854E+07   0.979827E+07   0.204722E+03
   0.502522E-03   0.193831E+08   0.193818E+08   0.683922E+07   0.652108E+07   0.193825E+08   0.193829E+08   0.193829E+08   0.193846E+08  -0.463532E+00   0.979538E+07   0.979506E+07   0.214615E+03
   0.555399E-03   0.193741E+08   0.193726E+08   0.507848E+07   0.478501E+07   0.193734E+08   0.193738E+08   0.193738E+08   0.193750E+08  -0.463385E+00   0.979164E+07   0.979127E+07   0.222828E+03
   0.613839E-03   0.193634E+08   0.193616E+08   0.357363E+07   0.332471E+07   0.193625E+08   0.193631E+08   0.193631E+08   0.193639E+08  -0.463219E+00   0.978723E+07   0.978681E+07   0.228862E+03
   0.678428E-03   0.193508E+08   0.193488E+08   0.241478E+07   0.222817E+07   0.193497E+08   0.193504E+08   0.193505E+08   0.193510E+08  -0.463033E+00   0.978206E+07   0.978159E+07   0.232266E+03
   0.749813E-03   0.193361E+08   0.193338E+08   0.164125E+07   0.152725E+07   0.193347E+08   0.193356E+08   0.193357E+08   0.193360E+08  -0.462825E+00   0.977605E+07   0.977553E+07   0.232705E+03
   0.828709E-03   0.193189E+08   0.193163E+08   0.121424E+07   0.117027E+07   0.193172E+08   0.193184E+08   0.193185E+08   0.193187E+08  -0.462592E+00   0.976909E+07   0.976852E+07   0.230017E+03
   0.915908E-03   0.192989E+08   0.192960E+08   0.101321E+07   0.102116E+07   0.192968E+08   0.192983E+08   0.192984E+08   0.192986E+08  -0.462329E+00   0.976106E+07   0.976045E+07   0.224242E+03
   0.101228E-02   0.192758E+08   0.192726E+08   0.876779E+06   0.906729E+06   0.192732E+08   0.192751E+08   0.192753E+08   0.192754E+08  -0.462029E+00   0.975183E+07   0.975118E+07   0.215600E+03
   0.111879E-02   0.192492E+08   0.192457E+08   0.686711E+06   0.708419E+06   0.192459E+08   0.192484E+08   0.192486E+08   0.192486E+08  -0.461682E+00   0.974122E+07   0.974054E+07   0.204433E+03
   0.123652E-02   0.192185E+08   0.192148E+08   0.445415E+06   0.443090E+06   0.192145E+08   0.192176E+08   0.192178E+08   0.192177E+08  -0.461275E+00   0.972902E+07   0.972831E+07   0.191144E+03
   0.136662E-02   0.191831E+08   0.191793E+08   0.259441E+06   0.238688E+06   0.191783E+08   0.191822E+08   0.191825E+08   0.191823E+08  -0.460790E+00   0.971493E+07   0.971420E+07   0.176203E+03
   0.151042E-02   0.191426E+08   0.191386E+08   0.199526E+06   0.177894E+06   0.191366E+08   0.191415E+08   0.191419E+08   0.191416E+08  -0.460204E+00   0.969859E+07   0.969786E+07   0.160215E+03
   0.166935E-02   0.190960E+08   0.190920E+08   0.186170E+06  -0.199930E+06   0.190887E+08   0.190949E+08   0.190953E+08   0.190949E+08  -0.459485E+00   0.967956E+07   0.967884E+07   0.143974E+03
   0.184500E-02   0.190425E+08   0.190384E+08   0.110902E+06  -0.162784E+06   0.190336E+08   0.190412E+08   0.190418E+08   0.190412E+08  -0.458593E+00   0.965720E+07   0.965649E+07   0.128332E+03
   0.203914E-02   0.189809E+08   0.189769E+08   0.377092E+05  -0.132558E+06   0.189701E+08   0.189795E+08   0.189802E+08   0.189795E+08  -0.457476E+00   0.963078E+07   0.963009E+07   0.113996E+03
   0.225370E-02   0.189100E+08   0.189059E+08   0.468151E+05  -0.107982E+06   0.188968E+08   0.189084E+08   0.189093E+08   0.189084E+08  -0.456074E+00   0.959939E+07   0.959870E+07   0.101447E+03
   0.249084E-02   0.188281E+08   0.188240E+08   0.326741E+05  -0.880040E+05   0.188121E+08   0.188264E+08   0.188275E+08   0.188264E+08  -0.454322E+00   0.956193E+07   0.956125E+07   0.909009E+02
   0.275293E-02   0.187336E+08   0.187293E+08   0.525388E+04  -0.717542E+05   0.187141E+08   0.187316E+08   0.187329E+08   0.187316E+08  -0.452157E+00   0.951718E+07   0.951651E+07   0.821529E+02
   0.304260E-02   0.186242E+08   0.186198E+08   0.122002E+05  -0.585137E+05   0.186006E+08   0.186219E+08   0.186235E+08   0.186219E+08  -0.449528E+00   0.946388E+07   0.946320E+07   0.746520E+02
   0.336274E-02   0.184978E+08   0.184931E+08  -0.658815E+04  -0.476928E+05   0.184692E+08   0.184951E+08   0.184970E+08   0.184951E+08  -0.446405E+00   0.940078E+07   0.940010E+07   0.677986E+02
   0.371658E-02   0.183520E+08   0.183470E+08  -0.534648E+04  -0.388183E+05   0.183175E+08   0.183488E+08   0.183512E+08   0.183488E+08  -0.442783E+00   0.932685E+07   0.932617E+07   0.612161E+02
   0.410764E-02   0.181844E+08   0.181790E+08  -0.779013E+04  -0.315212E+05   0.181428E+08   0.181807E+08   0.181835E+08   0.181807E+08  -0.438665E+00   0.924125E+07   0.924057E+07   0.549686E+02
   0.453985E-02   0.179926E+08   0.179869E+08  -0.674698E+04  -0.255236E+05   0.179426E+08   0.179883E+08   0.179916E+08   0.179882E+08  -0.434037E+00   0.914330E+07   0.914263E+07   0.493482E+02
   0.501754E-02   0.177745E+08   0.177683E+08  -0.320148E+04  -0.206164E+05   0.177146E+08   0.177694E+08   0.177734E+08   0.177694E+08  -0.428833E+00   0.903226E+07   0.903160E+07   0.444774E+02
   0.554550E-02   0.175278E+08   0.175210E+08  -0.370215E+04  -0.166303E+05   0.174564E+08   0.175218E+08   0.175267E+08   0.175218E+08  -0.422930E+00   0.890704E+07   0.890637E+07   0.401451E+02
   0.612900E-02   0.172504E+08   0.172429E+08  -0.355262E+04  -0.134076E+05   0.171655E+08   0.172433E+08   0.172491E+08   0.172433E+08  -0.416204E+00   0.876610E+07   0.876543E+07   0.361184E+02
   0.677391E-02   0.169397E+08   0.169314E+08  -0.438097E+04  -0.107944E+05   0.168393E+08   0.169315E+08   0.169383E+08   0.169315E+08  -0.408610E+00   0.860779E+07   0.860713E+07   0.324569E+02
   0.748667E-02   0.165933E+08   0.165840E+08  -0.408379E+04  -0.865980E+04   0.164752E+08   0.165837E+08   0.165918E+08   0.165837E+08  -0.400191E+00   0.843094E+07   0.843029E+07   0.292367E+02
   0.827443E-02   0.162089E+08   0.161984E+08  -0.225519E+04  -0.691826E+04   0.160709E+08   0.161977E+08   0.162072E+08   0.161977E+08  -0.390927E+00   0.823485E+07   0.823420E+07   0.263249E+02
   0.914508E-02   0.157845E+08   0.157725E+08  -0.408270E+04  -0.551483E+04   0.156243E+08   0.157715E+08   0.157825E+08   0.157715E+08  -0.380659E+00   0.801855E+07   0.801790E+07   0.236952E+02
   0.101073E-01   0.153181E+08   0.153045E+08  -0.247844E+04  -0.438651E+04   0.151337E+08   0.153033E+08   0.153159E+08   0.153033E+08  -0.369305E+00   0.778067E+07   0.778002E+07   0.213618E+02
   0.111709E-01   0.148083E+08   0.147928E+08  -0.244831E+04  -0.347003E+04   0.145976E+08   0.147913E+08   0.148057E+08   0.147913E+08  -0.356967E+00   0.752049E+07   0.751985E+07   0.192632E+02
   0.123463E-01   0.142541E+08   0.142363E+08  -0.208569E+04  -0.273363E+04   0.140153E+08   0.142348E+08   0.142511E+08   0.142348E+08  -0.343557E+00   0.723788E+07   0.723724E+07   0.173970E+02
   0.136454E-01   0.136552E+08   0.136348E+08  -0.169345E+04  -0.214585E+04   0.133870E+08   0.136335E+08   0.136518E+08   0.136335E+08  -0.329006E+00   0.693234E+07   0.693170E+07   0.157287E+02
   0.150811E-01   0.130122E+08   0.129888E+08  -0.113583E+04  -0.167259E+04   0.127136E+08   0.129879E+08   0.130083E+08   0.129879E+08  -0.313462E+00   0.660436E+07   0.660372E+07   0.142403E+02
   0.166680E-01   0.123268E+08   0.123001E+08  -0.103514E+04  -0.129840E+04   0.119974E+08   0.122998E+08   0.123223E+08   0.122998E+08  -0.296824E+00   0.625481E+07   0.625416E+07   0.129065E+02
   0.184218E-01   0.116021E+08   0.115719E+08  -0.791145E+03  -0.999738E+03   0.112423E+08   0.115725E+08   0.115970E+08   0.115725E+08  -0.279299E+00   0.588528E+07   0.588463E+07   0.117025E+02
   0.203602E-01   0.108431E+08   0.108092E+08  -0.490818E+03  -0.765474E+03   0.104541E+08   0.108109E+08   0.108374E+08   0.108109E+08  -0.260897E+00   0.549832E+07   0.549768E+07   0.106032E+02
   0.225026E-01   0.100573E+08   0.100196E+08  -0.403742E+03  -0.581283E+03   0.964149E+07   0.100226E+08   0.100509E+08   0.100226E+08  -0.241877E+00   0.509784E+07   0.509720E+07   0.958340E+01
   0.248703E-01   0.925492E+07   0.921367E+07  -0.317131E+03  -0.437766E+03   0.881541E+07   0.921808E+07   0.924799E+07   0.921808E+07  -0.222475E+00   0.468905E+07   0.468841E+07   0.861687E+01
   0.274872E-01   0.844944E+07   0.840519E+07  -0.198312E+03  -0.327299E+03   0.798977E+07   0.841074E+07   0.844201E+07   0.841074E+07  -0.202986E+00   0.427882E+07   0.427819E+07   0.767888E+01
   0.303795E-01   0.765712E+07   0.761081E+07  -0.232530E+03  -0.242943E+03   0.718099E+07   0.761695E+07   0.764934E+07   0.761695E+07  -0.183824E+00   0.387548E+07   0.387487E+07   0.675091E+01
   0.335760E-01   0.689680E+07   0.684984E+07  -0.144557E+03  -0.179210E+03   0.640791E+07   0.685565E+07   0.688892E+07   0.685565E+07  -0.165451E+00   0.348863E+07   0.348805E+07   0.581912E+01
   0.371090E-01   0.618876E+07   0.614297E+07  -0.101970E+03  -0.131689E+03   0.569014E+07   0.614712E+07   0.618107E+07   0.614712E+07  -0.148355E+00   0.312859E+07   0.312805E+07   0.488174E+01
   0.410136E-01   0.555127E+07   0.550880E+07  -0.682084E+02  -0.967521E+02   0.504442E+07   0.550958E+07   0.554414E+07   0.550958E+07  -0.132971E+00   0.280464E+07   0.280416E+07   0.395224E+01
   0.451150E-01   0.502124E+07   0.498386E+07  -0.713290E+02  -0.724179E+02   0.450665E+07   0.497981E+07   0.501496E+07   0.497981E+07  -0.120178E+00   0.253547E+07   0.253505E+07   0.310278E+01
   0.492164E-01   0.461022E+07   0.457879E+07  -0.550890E+02  -0.559287E+02   0.408651E+07   0.456909E+07   0.460494E+07   0.456909E+07  -0.110263E+00   0.232682E+07   0.232647E+07   0.239401E+01
   0.533177E-01   0.428134E+07   0.425587E+07  -0.436108E+02  -0.442750E+02   0.374771E+07   0.424046E+07   0.427707E+07   0.424046E+07  -0.102339E+00   0.215991E+07   0.215962E+07   0.182977E+01
   0.574191E-01   0.400645E+07   0.398622E+07  -0.352215E+02  -0.357572E+02   0.346325E+07   0.396572E+07   0.400305E+07   0.396572E+07  -0.957100E-01   0.202040E+07   0.202016E+07   0.140656E+01
   0.615204E-01   0.376525E+07   0.374905E+07  -0.288791E+02  -0.293175E+02   0.321388E+07   0.372459E+07   0.376253E+07   0.372459E+07  -0.898842E-01   0.189796E+07   0.189775E+07   0.111191E+01
   0.656218E-01   0.353977E+07   0.352616E+07  -0.238850E+02  -0.242470E+02   0.298331E+07   0.349916E+07   0.353748E+07   0.349916E+07  -0.844440E-01   0.178346E+07   0.178328E+07   0.924839E+00
   0.697232E-01   0.331877E+07   0.330631E+07  -0.198448E+02  -0.201453E+02   0.276155E+07   0.327829E+07   0.331668E+07   0.327829E+07  -0.791192E-01   0.167125E+07   0.167108E+07   0.819787E+00
   0.738245E-01   0.309845E+07   0.308596E+07  -0.165423E+02  -0.167924E+02   0.254544E+07   0.305825E+07   0.309635E+07   0.305825E+07  -0.738079E-01   0.155942E+07   0.155925E+07   0.770010E+00
   0.779259E-01   0.288125E+07   0.286793E+07  -0.138251E+02  -0.140337E+02   0.233684E+07   0.284152E+07   0.287901E+07   0.284152E+07  -0.685728E-01   0.144923E+07   0.144905E+07   0.750674E+00
   0.820273E-01   0.267292E+07   0.265842E+07  -0.115825E+02  -0.117571E+02   0.214020E+07   0.263381E+07   0.267049E+07   0.263381E+07  -0.635617E-01   0.134359E+07   0.134340E+07   0.741160E+00
   0.861286E-01   0.247927E+07   0.246368E+07  -0.974776E+01  -0.989452E+01   0.195982E+07   0.244091E+07   0.247665E+07   0.244091E+07  -0.589101E-01   0.124545E+07   0.124527E+07   0.726485E+00
   0.912571E-01   0.226486E+07   0.224849E+07  -0.794583E+01  -0.806516E+01   0.176202E+07   0.222752E+07   0.226211E+07   0.222752E+07  -0.537553E-01   0.113688E+07   0.113669E+07   0.688147E+00
   0.963855E-01   0.208709E+07   0.207094E+07  -0.656664E+01  -0.666515E+01   0.159833E+07   0.205076E+07   0.208438E+07   0.205076E+07  -0.494938E-01   0.104695E+07   0.104677E+07   0.624250E+00
   0.101514E+00   0.194762E+07   0.193268E+07  -0.553337E+01  -0.561620E+01   0.146845E+07   0.191215E+07   0.194511E+07   0.191215E+07  -0.461457E-01   0.976438E+06   0.976273E+06   0.541228E+00
   0.106642E+00   0.184120E+07   0.182817E+07  -0.474518E+01  -0.481610E+01   0.136698E+07   0.180636E+07   0.183901E+07   0.180636E+07  -0.435937E-01   0.922659E+06   0.922515E+06   0.451100E+00
   0.111771E+00   0.175711E+07   0.174627E+07  -0.412699E+01  -0.418858E+01   0.128482E+07   0.172275E+07   0.175529E+07   0.172275E+07  -0.415769E-01   0.880176E+06   0.880053E+06   0.366613E+00
   0.116899E+00   0.168370E+07   0.167486E+07  -0.362160E+01  -0.367553E+01   0.121266E+07   0.164974E+07   0.168222E+07   0.164974E+07  -0.398124E-01   0.843088E+06   0.842984E+06   0.297680E+00
   0.122028E+00   0.161188E+07   0.160449E+07  -0.318361E+01  -0.323097E+01   0.114356E+07   0.157834E+07   0.161064E+07   0.157834E+07  -0.380924E-01   0.806797E+06   0.806706E+06   0.249388E+00
   0.127156E+00   0.153636E+07   0.152973E+07  -0.279987E+01  -0.284143E+01   0.107372E+07   0.150333E+07   0.153524E+07   0.150333E+07  -0.362788E-01   0.768645E+06   0.768560E+06   0.221626E+00
   0.132285E+00   0.145571E+07   0.144918E+07  -0.245244E+01  -0.248880E+01   0.100223E+07   0.142333E+07   0.145461E+07   0.142333E+07  -0.343508E-01   0.727921E+06   0.727838E+06   0.210110E+00
   0.137413E+00   0.137171E+07   0.136482E+07  -0.214455E+01  -0.217629E+01   0.930395E+06   0.134011E+07   0.137055E+07   0.134011E+07  -0.323411E-01   0.685530E+06   0.685444E+06   0.208254E+00
   0.142541E+00   0.128816E+07   0.128071E+07  -0.187348E+01  -0.190116E+01   0.860825E+06   0.125745E+07   0.128691E+07   0.125745E+07  -0.303461E-01   0.643398E+06   0.643308E+06   0.209215E+00
   0.147670E+00   0.120969E+07   0.120177E+07  -0.164031E+01  -0.166452E+01   0.796544E+06   0.117988E+07   0.120836E+07   0.117988E+07  -0.284755E-01   0.603855E+06   0.603763E+06   0.207570E+00
   0.152798E+00   0.114055E+07   0.113243E+07  -0.144675E+01  -0.146806E+01   0.740120E+06   0.111159E+07   0.113918E+07   0.111159E+07  -0.268252E-01   0.569035E+06   0.568943E+06   0.200266E+00
   0.157927E+00   0.108313E+07   0.107519E+07  -0.128655E+01  -0.130548E+01   0.692775E+06   0.105490E+07   0.108180E+07   0.105490E+07  -0.254595E-01   0.540138E+06   0.540050E+06   0.186769E+00
   0.163055E+00   0.103711E+07   0.102969E+07  -0.115762E+01  -0.117462E+01   0.653932E+06   0.100945E+07   0.103587E+07   0.100945E+07  -0.243606E-01   0.516986E+06   0.516904E+06   0.168561E+00
   0.168184E+00   0.999977E+06   0.993297E+06  -0.104979E+01  -0.106519E+01   0.621677E+06   0.972771E+06   0.998856E+06   0.972771E+06  -0.234768E-01   0.498310E+06   0.498236E+06   0.148301E+00
   0.173312E+00   0.968440E+06   0.962571E+06  -0.958633E+00  -0.972673E+00   0.593701E+06   0.941607E+06   0.967454E+06   0.941607E+06  -0.227242E-01   0.482451E+06   0.482384E+06   0.128894E+00
   0.178440E+00   0.939288E+06   0.934144E+06  -0.878204E+00  -0.891046E+00   0.567877E+06   0.912799E+06   0.938425E+06   0.912799E+06  -0.220285E-01   0.467792E+06   0.467731E+06   0.112679E+00
   0.183569E+00   0.909704E+06   0.905082E+06  -0.804158E+00  -0.815907E+00   0.542407E+06   0.883581E+06   0.908928E+06   0.883581E+06  -0.213247E-01   0.452915E+06   0.452859E+06   0.100919E+00
   0.188697E+00   0.877834E+06   0.873487E+06  -0.735610E+00  -0.746336E+00   0.516244E+06   0.852148E+06   0.877104E+06   0.852148E+06  -0.205642E-01   0.436895E+06   0.436842E+06   0.936942E-01
   0.193826E+00   0.843423E+06   0.839122E+06  -0.670020E+00  -0.679783E+00   0.489243E+06   0.818257E+06   0.842701E+06   0.818257E+06  -0.197483E-01   0.419606E+06   0.419554E+06   0.901207E-01
   0.198954E+00   0.807633E+06   0.803222E+06  -0.609860E+00  -0.618730E+00   0.462124E+06   0.783050E+06   0.806892E+06   0.783050E+06  -0.188970E-01   0.401634E+06   0.401581E+06   0.887544E-01
   0.204083E+00   0.772183E+06   0.767602E+06  -0.554441E+00  -0.562497E+00   0.435878E+06   0.748209E+06   0.771414E+06   0.748209E+06  -0.180571E-01   0.383843E+06   0.383789E+06   0.880305E-01
   0.209211E+00   0.738690E+06   0.733974E+06  -0.505159E+00  -0.512489E+00   0.411385E+06   0.715318E+06   0.737898E+06   0.715318E+06  -0.172632E-01   0.367042E+06   0.366988E+06   0.866562E-01
   0.214340E+00   0.708455E+06   0.703706E+06  -0.462122E+00  -0.468817E+00   0.389305E+06   0.685641E+06   0.707657E+06   0.685641E+06  -0.165463E-01   0.351884E+06   0.351830E+06   0.838702E-01
   0.219468E+00   0.682258E+06   0.677607E+06  -0.424610E+00  -0.430758E+00   0.369978E+06   0.659935E+06   0.681477E+06   0.659935E+06  -0.159272E-01   0.338757E+06   0.338704E+06   0.795147E-01
   0.224596E+00   0.660093E+06   0.655663E+06  -0.392908E+00  -0.398586E+00   0.353295E+06   0.638184E+06   0.659349E+06   0.638184E+06  -0.154008E-01   0.327654E+06   0.327604E+06   0.739369E-01
   0.229725E+00   0.641194E+06   0.637063E+06  -0.364892E+00  -0.370162E+00   0.338748E+06   0.619632E+06   0.640500E+06   0.619632E+06  -0.149545E-01   0.318189E+06   0.318142E+06   0.677906E-01
   0.234853E+00   0.624386E+06   0.620581E+06  -0.340468E+00  -0.345378E+00   0.325643E+06   0.603132E+06   0.623747E+06   0.603132E+06  -0.145552E-01   0.309773E+06   0.309729E+06   0.618093E-01
   0.239982E+00   0.608471E+06   0.604960E+06  -0.317979E+00  -0.322560E+00   0.313306E+06   0.587510E+06   0.607882E+06   0.587510E+06  -0.141787E-01   0.301804E+06   0.301763E+06   0.566070E-01
   0.245110E+00   0.592455E+06   0.589168E+06  -0.297014E+00  -0.301289E+00   0.301198E+06   0.571799E+06   0.591903E+06   0.571799E+06  -0.137997E-01   0.293786E+06   0.293748E+06   0.525442E-01
   0.250239E+00   0.575739E+06   0.572589E+06  -0.277284E+00  -0.281268E+00   0.289014E+06   0.555418E+06   0.575210E+06   0.555418E+06  -0.134036E-01   0.285420E+06   0.285383E+06   0.496841E-01
   0.255367E+00   0.558236E+06   0.555141E+06  -0.258203E+00  -0.261911E+00   0.276716E+06   0.538284E+06   0.557717E+06   0.538284E+06  -0.129913E-01   0.276664E+06   0.276627E+06   0.478326E-01
   0.260495E+00   0.540305E+06   0.537207E+06  -0.240533E+00  -0.243981E+00   0.264489E+06   0.520746E+06   0.539784E+06   0.520746E+06  -0.125668E-01   0.267696E+06   0.267660E+06   0.466325E-01
   0.265624E+00   0.522527E+06   0.519402E+06  -0.223751E+00  -0.226957E+00   0.252616E+06   0.503373E+06   0.522002E+06   0.503373E+06  -0.121486E-01   0.258810E+06   0.258773E+06   0.456778E-01
   0.270752E+00   0.505502E+06   0.502357E+06  -0.208580E+00  -0.211565E+00   0.241377E+06   0.486745E+06   0.504974E+06   0.486745E+06  -0.117466E-01   0.250302E+06   0.250266E+06   0.446181E-01
   0.275881E+00   0.489716E+06   0.486585E+06  -0.194757E+00  -0.197541E+00   0.230984E+06   0.471334E+06   0.489191E+06   0.471334E+06  -0.113748E-01   0.242418E+06   0.242382E+06   0.432301E-01
   0.281009E+00   0.475456E+06   0.472383E+06  -0.182337E+00  -0.184941E+00   0.221540E+06   0.457416E+06   0.474940E+06   0.457416E+06  -0.110393E-01   0.235298E+06   0.235263E+06   0.414453E-01
   0.286138E+00   0.462740E+06   0.459766E+06  -0.171383E+00  -0.173827E+00   0.213024E+06   0.445006E+06   0.462240E+06   0.445006E+06  -0.107390E-01   0.228950E+06   0.228917E+06   0.393335E-01
   0.291266E+00   0.451331E+06   0.448487E+06  -0.161330E+00  -0.163630E+00   0.205295E+06   0.433871E+06   0.450853E+06   0.433871E+06  -0.104713E-01   0.223257E+06   0.223225E+06   0.370568E-01
   0.296395E+00   0.440837E+06   0.438134E+06  -0.152400E+00  -0.154569E+00   0.198148E+06   0.423631E+06   0.440383E+06   0.423631E+06  -0.102232E-01   0.218022E+06   0.217991E+06   0.348107E-01
   0.301523E+00   0.430835E+06   0.428264E+06  -0.143946E+00  -0.145994E+00   0.191375E+06   0.413873E+06   0.430403E+06   0.413873E+06  -0.998847E-02   0.213032E+06   0.213003E+06   0.327684E-01
   0.306651E+00   0.420964E+06   0.418502E+06  -0.136121E+00  -0.138055E+00   0.184805E+06   0.404247E+06   0.420551E+06   0.404247E+06  -0.975579E-02   0.208109E+06   0.208081E+06   0.310414E-01
   0.311780E+00   0.410996E+06   0.408614E+06  -0.128663E+00  -0.130490E+00   0.178332E+06   0.394534E+06   0.410596E+06   0.394534E+06  -0.952128E-02   0.203139E+06   0.203111E+06   0.296636E-01
   0.316908E+00   0.400868E+06   0.398535E+06  -0.121499E+00  -0.123223E+00   0.171927E+06   0.384671E+06   0.400476E+06   0.384671E+06  -0.928377E-02   0.198090E+06   0.198062E+06   0.285964E-01
   0.322037E+00   0.390665E+06   0.388358E+06  -0.114818E+00  -0.116445E+00   0.165626E+06   0.374742E+06   0.390278E+06   0.374742E+06  -0.904333E-02   0.193005E+06   0.192978E+06   0.277505E-01
   0.327165E+00   0.380570E+06   0.378279E+06  -0.108362E+00  -0.109897E+00   0.159503E+06   0.364924E+06   0.380185E+06   0.364924E+06  -0.880732E-02   0.187975E+06   0.187949E+06   0.270157E-01
   0.332294E+00   0.370796E+06   0.368519E+06  -0.102482E+00  -0.103931E+00   0.153643E+06   0.355422E+06   0.370413E+06   0.355422E+06  -0.857719E-02   0.183107E+06   0.183080E+06   0.262905E-01
   0.337422E+00   0.361524E+06   0.359272E+06  -0.969230E-01  -0.982934E-01   0.148113E+06   0.346413E+06   0.361146E+06   0.346413E+06  -0.836032E-02   0.178490E+06   0.178464E+06   0.255038E-01
   0.342550E+00   0.352864E+06   0.350650E+06  -0.918615E-01  -0.931590E-01   0.142947E+06   0.338001E+06   0.352493E+06   0.338001E+06  -0.815715E-02   0.174180E+06   0.174154E+06   0.246254E-01
   0.347679E+00   0.344832E+06   0.342670E+06  -0.872171E-01  -0.884478E-01   0.138142E+06   0.330200E+06   0.344469E+06   0.330200E+06  -0.796864E-02   0.170183E+06   0.170158E+06   0.236644E-01
   0.352807E+00   0.337360E+06   0.335261E+06  -0.828732E-01  -0.840423E-01   0.133657E+06   0.322944E+06   0.337007E+06   0.322944E+06  -0.779410E-02   0.166465E+06   0.166441E+06   0.226588E-01
   0.357936E+00   0.330326E+06   0.328295E+06  -0.789440E-01  -0.800559E-01   0.129437E+06   0.316116E+06   0.329985E+06   0.316116E+06  -0.762853E-02   0.162966E+06   0.162943E+06   0.216604E-01
   0.363064E+00   0.323592E+06   0.321627E+06  -0.751554E-01  -0.762139E-01   0.125418E+06   0.309580E+06   0.323262E+06   0.309580E+06  -0.747158E-02   0.159617E+06   0.159595E+06   0.207196E-01
   0.368193E+00   0.317028E+06   0.315123E+06  -0.716825E-01  -0.726907E-01   0.121544E+06   0.303211E+06   0.316708E+06   0.303211E+06  -0.731727E-02   0.156354E+06   0.156332E+06   0.198724E-01
   0.373321E+00   0.310538E+06   0.308682E+06  -0.683171E-01  -0.692775E-01   0.117775E+06   0.296917E+06   0.310227E+06   0.296917E+06  -0.716571E-02   0.153127E+06   0.153106E+06   0.191342E-01
   0.378450E+00   0.304075E+06   0.302257E+06  -0.651319E-01  -0.660468E-01   0.114090E+06   0.290652E+06   0.303770E+06   0.290652E+06  -0.701453E-02   0.149915E+06   0.149894E+06   0.184992E-01
   0.383578E+00   0.297650E+06   0.295861E+06  -0.621208E-01  -0.629925E-01   0.110492E+06   0.284427E+06   0.297350E+06   0.284427E+06  -0.686395E-02   0.146722E+06   0.146701E+06   0.179460E-01
   0.388706E+00   0.291321E+06   0.289555E+06  -0.592017E-01  -0.600323E-01   0.106999E+06   0.278298E+06   0.291024E+06   0.278298E+06  -0.671662E-02   0.143577E+06   0.143557E+06   0.174449E-01
   0.393835E+00   0.285159E+06   0.283415E+06  -0.565250E-01  -0.573170E-01   0.103635E+06   0.272333E+06   0.284866E+06   0.272333E+06  -0.657196E-02   0.140517E+06   0.140497E+06   0.169660E-01
   0.398963E+00   0.279221E+06   0.277501E+06  -0.539245E-01  -0.546800E-01   0.100418E+06   0.266587E+06   0.278932E+06   0.266587E+06  -0.643395E-02   0.137568E+06   0.137548E+06   0.164858E-01
   0.404092E+00   0.273542E+06   0.271849E+06  -0.515505E-01  -0.522718E-01   0.973545E+05   0.261093E+06   0.273258E+06   0.261093E+06  -0.630089E-02   0.134748E+06   0.134729E+06   0.159912E-01
   0.409220E+00   0.268138E+06   0.266477E+06  -0.492900E-01  -0.499794E-01   0.944473E+05   0.255866E+06   0.267859E+06   0.255866E+06  -0.617494E-02   0.132066E+06   0.132047E+06   0.154807E-01
   0.414349E+00   0.263003E+06   0.261377E+06  -0.471741E-01  -0.478335E-01   0.916895E+05   0.250901E+06   0.262730E+06   0.250901E+06  -0.605525E-02   0.129518E+06   0.129499E+06   0.149623E-01
   0.419477E+00   0.258101E+06   0.256513E+06  -0.452164E-01  -0.458477E-01   0.890645E+05   0.246163E+06   0.257834E+06   0.246163E+06  -0.594048E-02   0.127086E+06   0.127067E+06   0.144490E-01
   0.424605E+00   0.253376E+06   0.251826E+06  -0.433142E-01  -0.439190E-01   0.865494E+05   0.241597E+06   0.253116E+06   0.241597E+06  -0.583088E-02   0.124742E+06   0.124724E+06   0.139549E-01
   0.429734E+00   0.248779E+06   0.247264E+06  -0.415735E-01  -0.421531E-01   0.841241E+05   0.237155E+06   0.248524E+06   0.237155E+06  -0.572305E-02   0.122462E+06   0.122444E+06   0.134913E-01
   0.434862E+00   0.244277E+06   0.242794E+06  -0.398573E-01  -0.404131E-01   0.817756E+05   0.232807E+06   0.244028E+06   0.232807E+06  -0.561866E-02   0.120229E+06   0.120212E+06   0.130645E-01
   0.439991E+00   0.239853E+06   0.238398E+06  -0.382634E-01  -0.387964E-01   0.794961E+05   0.228536E+06   0.239609E+06   0.228536E+06  -0.551526E-02   0.118036E+06   0.118019E+06   0.126751E-01
   0.445119E+00   0.235499E+06   0.234068E+06  -0.367240E-01  -0.372352E-01   0.772809E+05   0.224334E+06   0.235259E+06   0.224334E+06  -0.541388E-02   0.115877E+06   0.115861E+06   0.123184E-01
   0.450248E+00   0.231218E+06   0.229808E+06  -0.352455E-01  -0.357360E-01   0.751297E+05   0.220203E+06   0.230981E+06   0.220203E+06  -0.531443E-02   0.113755E+06   0.113739E+06   0.119863E-01
   0.455376E+00   0.227029E+06   0.225641E+06  -0.338690E-01  -0.343398E-01   0.730474E+05   0.216164E+06   0.226796E+06   0.216164E+06  -0.521649E-02   0.111680E+06   0.111664E+06   0.116699E-01
   0.460505E+00   0.222960E+06   0.221591E+06  -0.325149E-01  -0.329669E-01   0.710405E+05   0.212240E+06   0.222730E+06   0.212240E+06  -0.512237E-02   0.109663E+06   0.109648E+06   0.113618E-01
   0.465633E+00   0.219026E+06   0.217678E+06  -0.312802E-01  -0.317145E-01   0.691124E+05   0.208448E+06   0.218799E+06   0.208448E+06  -0.503029E-02   0.107714E+06   0.107699E+06   0.110569E-01
   0.470761E+00   0.215229E+06   0.213903E+06  -0.300678E-01  -0.304853E-01   0.672617E+05   0.204789E+06   0.215006E+06   0.204789E+06  -0.494242E-02   0.105834E+06   0.105819E+06   0.107530E-01
   0.475890E+00   0.211565E+06   0.210262E+06  -0.289435E-01  -0.293450E-01   0.654848E+05   0.201259E+06   0.211346E+06   0.201259E+06  -0.485703E-02   0.104020E+06   0.104005E+06   0.104510E-01
   0.481018E+00   0.208025E+06   0.206745E+06  -0.278709E-01  -0.282572E-01   0.637772E+05   0.197849E+06   0.207810E+06   0.197849E+06  -0.477467E-02   0.102267E+06   0.102252E+06   0.101537E-01
   0.486147E+00   0.204597E+06   0.203341E+06  -0.268359E-01  -0.272079E-01   0.621336E+05   0.194548E+06   0.204386E+06   0.194548E+06  -0.469531E-02   0.100570E+06   0.100556E+06   0.986503E-02
   0.491275E+00   0.201264E+06   0.200031E+06  -0.258803E-01  -0.262386E-01   0.605472E+05   0.191340E+06   0.201057E+06   0.191340E+06  -0.461741E-02   0.989204E+05   0.989063E+05   0.958834E-02
   0.496404E+00   0.198008E+06   0.196797E+06  -0.249287E-01  -0.252739E-01   0.590112E+05   0.188206E+06   0.197805E+06   0.188206E+06  -0.454233E-02   0.973094E+05   0.972955E+05   0.932581E-02
   0.501532E+00   0.194817E+06   0.193626E+06  -0.240559E-01  -0.243885E-01   0.575207E+05   0.185136E+06   0.194617E+06   0.185136E+06  -0.446777E-02   0.957305E+05   0.957168E+05   0.907809E-02
   0.506660E+00   0.191688E+06   0.190515E+06  -0.231910E-01  -0.235117E-01   0.560734E+05   0.182126E+06   0.191491E+06   0.182126E+06  -0.439542E-02   0.941822E+05   0.941688E+05   0.884440E-02
   0.511789E+00   0.188622E+06   0.187467E+06  -0.223773E-01  -0.226865E-01   0.546692E+05   0.179178E+06   0.188428E+06   0.179178E+06  -0.432419E-02   0.926656E+05   0.926524E+05   0.862284E-02
   0.516917E+00   0.185623E+06   0.184485E+06  -0.216010E-01  -0.218993E-01   0.533079E+05   0.176295E+06   0.185432E+06   0.176295E+06  -0.425446E-02   0.911824E+05   0.911694E+05   0.841086E-02
   0.522046E+00   0.182693E+06   0.181571E+06  -0.208405E-01  -0.211283E-01   0.519892E+05   0.173479E+06   0.182505E+06   0.173479E+06  -0.418685E-02   0.897336E+05   0.897207E+05   0.820592E-02
   0.527174E+00   0.179836E+06   0.178731E+06  -0.201414E-01  -0.204192E-01   0.507132E+05   0.170734E+06   0.179651E+06   0.170734E+06  -0.412014E-02   0.883211E+05   0.883084E+05   0.800606E-02
   0.532303E+00   0.177058E+06   0.175968E+06  -0.194415E-01  -0.197098E-01   0.494802E+05   0.168065E+06   0.176875E+06   0.168065E+06  -0.405620E-02   0.869474E+05   0.869350E+05   0.781021E-02
   0.537431E+00   0.174358E+06   0.173285E+06  -0.188013E-01  -0.190604E-01   0.482897E+05   0.165472E+06   0.174178E+06   0.165472E+06  -0.399325E-02   0.856132E+05   0.856009E+05   0.761812E-02
   0.542560E+00   0.171733E+06   0.170677E+06  -0.181702E-01  -0.184206E-01   0.471392E+05   0.162952E+06   0.171556E+06   0.162952E+06  -0.393263E-02   0.843160E+05   0.843039E+05   0.743017E-02
   0.547688E+00   0.169176E+06   0.168135E+06  -0.175722E-01  -0.178143E-01   0.460258E+05   0.160497E+06   0.169001E+06   0.160497E+06  -0.387339E-02   0.830522E+05   0.830403E+05   0.724710E-02
   0.552816E+00   0.166680E+06   0.165656E+06  -0.170065E-01  -0.172405E-01   0.449472E+05   0.158101E+06   0.166508E+06   0.158101E+06  -0.381536E-02   0.818190E+05   0.818073E+05   0.706983E-02
   0.557945E+00   0.164242E+06   0.163233E+06  -0.164457E-01  -0.166721E-01   0.439016E+05   0.155762E+06   0.164073E+06   0.155762E+06  -0.375929E-02   0.806148E+05   0.806033E+05   0.689910E-02
   0.563073E+00   0.161858E+06   0.160865E+06  -0.159323E-01  -0.161513E-01   0.428871E+05   0.153475E+06   0.161691E+06   0.153475E+06  -0.370366E-02   0.794374E+05   0.794260E+05   0.673524E-02
   0.568202E+00   0.159523E+06   0.158544E+06  -0.154136E-01  -0.156255E-01   0.419015E+05   0.151236E+06   0.159359E+06   0.151236E+06  -0.365002E-02   0.782840E+05   0.782728E+05   0.657811E-02
   0.573330E+00   0.157233E+06   0.156267E+06  -0.149356E-01  -0.151408E-01   0.409435E+05   0.149040E+06   0.157071E+06   0.149040E+06  -0.359673E-02   0.771532E+05   0.771421E+05   0.642719E-02
   0.578459E+00   0.154989E+06   0.154037E+06  -0.144644E-01  -0.146631E-01   0.400125E+05   0.146889E+06   0.154829E+06   0.146889E+06  -0.354494E-02   0.760454E+05   0.760345E+05   0.628181E-02
   0.583587E+00   0.152795E+06   0.151855E+06  -0.140124E-01  -0.142048E-01   0.391088E+05   0.144786E+06   0.152637E+06   0.144786E+06  -0.349427E-02   0.749619E+05   0.749512E+05   0.614121E-02
   0.588715E+00   0.150649E+06   0.149722E+06  -0.135881E-01  -0.137745E-01   0.382317E+05   0.142730E+06   0.150494E+06   0.142730E+06  -0.344439E-02   0.739029E+05   0.738923E+05   0.600468E-02
   0.593844E+00   0.148552E+06   0.147637E+06  -0.131625E-01  -0.133431E-01   0.373804E+05   0.140721E+06   0.148398E+06   0.140721E+06  -0.339628E-02   0.728677E+05   0.728572E+05   0.587166E-02
   0.598972E+00   0.146501E+06   0.145599E+06  -0.127748E-01  -0.129498E-01   0.365540E+05   0.138757E+06   0.146350E+06   0.138757E+06  -0.334847E-02   0.718558E+05   0.718454E+05   0.574185E-02
   0.604101E+00   0.144498E+06   0.143609E+06  -0.123820E-01  -0.125517E-01   0.357523E+05   0.136839E+06   0.144349E+06   0.136839E+06  -0.330254E-02   0.708675E+05   0.708573E+05   0.561522E-02
   0.609229E+00   0.142542E+06   0.141665E+06  -0.120190E-01  -0.121836E-01   0.349743E+05   0.134966E+06   0.142395E+06   0.134966E+06  -0.325713E-02   0.699025E+05   0.698924E+05   0.549188E-02
   0.659449E+00   0.125386E+06   0.124613E+06  -0.904646E-02  -0.916997E-02   0.284031E+05   0.118558E+06   0.125256E+06   0.118558E+06  -0.286134E-02   0.614430E+05   0.614342E+05   0.446414E-02
   0.713808E+00   0.110218E+06   0.109538E+06  -0.680734E-02  -0.689994E-02   0.229917E+05   0.104079E+06   0.110104E+06   0.104079E+06  -0.251187E-02   0.539722E+05   0.539644E+05   0.362589E-02
   0.772648E+00   0.968179E+05   0.962204E+05  -0.511690E-02  -0.518627E-02   0.185516E+05   0.913119E+05   0.967175E+05   0.913119E+05  -0.220380E-02   0.473790E+05   0.473722E+05   0.294335E-02
   0.836338E+00   0.849931E+05   0.844682E+05  -0.384755E-02  -0.389950E-02   0.149225E+05   0.800652E+05   0.849049E+05   0.800652E+05  -0.193210E-02   0.415666E+05   0.415606E+05   0.238763E-02
   0.905279E+00   0.745667E+05   0.741059E+05  -0.288773E-02  -0.292660E-02   0.119668E+05   0.701655E+05   0.744893E+05   0.701655E+05  -0.169326E-02   0.364464E+05   0.364411E+05   0.193548E-02
   0.979902E+00   0.653807E+05   0.649764E+05  -0.216660E-02  -0.219568E-02   0.956802E+04   0.614577E+05   0.653128E+05   0.614577E+05  -0.148308E-02   0.319393E+05   0.319347E+05   0.156789E-02
   0.106068E+01   0.572924E+05   0.569379E+05  -0.162398E-02  -0.164571E-02   0.762761E+04   0.538024E+05   0.572329E+05   0.538024E+05  -0.129835E-02   0.279741E+05   0.279700E+05   0.126924E-02
   0.114811E+01   0.501772E+05   0.498666E+05  -0.121592E-02  -0.123216E-02   0.606345E+04   0.470779E+05   0.501250E+05   0.470779E+05  -0.113615E-02   0.244886E+05   0.244851E+05   0.102681E-02
   0.124275E+01   0.439221E+05   0.436501E+05  -0.910469E-03  -0.922596E-03   0.480664E+04   0.411745E+05   0.438765E+05   0.411745E+05  -0.993644E-03   0.214268E+05   0.214237E+05   0.830155E-03
   0.134519E+01   0.384260E+05   0.381879E+05  -0.680834E-03  -0.689886E-03   0.379987E+04   0.359942E+05   0.383860E+05   0.359942E+05  -0.868679E-03   0.187383E+05   0.187356E+05   0.670719E-03
   0.145608E+01   0.336009E+05   0.333926E+05  -0.508863E-03  -0.515617E-03   0.299598E+04   0.314518E+05   0.335659E+05   0.314518E+05  -0.759083E-03   0.163795E+05   0.163771E+05   0.541561E-03
   0.157610E+01   0.293669E+05   0.291848E+05  -0.380423E-03  -0.385459E-03   0.235597E+04   0.274705E+05   0.293363E+05   0.274705E+05  -0.662935E-03   0.143109E+05   0.143088E+05   0.436991E-03
   0.170602E+01   0.256541E+05   0.254950E+05  -0.284178E-03  -0.287932E-03   0.184793E+04   0.239829E+05   0.256273E+05   0.239829E+05  -0.578732E-03   0.124979E+05   0.124961E+05   0.352384E-03
   0.184665E+01   0.224001E+05   0.222612E+05  -0.211871E-03  -0.214667E-03   0.144581E+04   0.209293E+05   0.223768E+05   0.209293E+05  -0.505116E-03   0.109097E+05   0.109081E+05   0.283971E-03
   0.199888E+01   0.195501E+05   0.194289E+05  -0.158208E-03  -0.160290E-03   0.112842E+04   0.182572E+05   0.195298E+05   0.182572E+05  -0.440550E-03   0.951934E+04   0.951797E+04   0.228687E-03
   0.216365E+01   0.170552E+05   0.169494E+05  -0.117762E-03  -0.119313E-03   0.878592E+03   0.159199E+05   0.170374E+05   0.159199E+05  -0.384233E-03   0.830267E+04   0.830148E+04   0.184038E-03
   0.234200E+01   0.148722E+05   0.147800E+05  -0.876953E-04  -0.888489E-04   0.682463E+03   0.138765E+05   0.148567E+05   0.138765E+05  -0.334938E-03   0.723856E+04   0.723752E+04   0.148000E-03
   0.253505E+01   0.129633E+05   0.128829E+05  -0.653597E-04  -0.662177E-04   0.528896E+03   0.120908E+05   0.129498E+05   0.120908E+05  -0.291799E-03   0.630835E+04   0.630744E+04   0.118930E-03
   0.274402E+01   0.112948E+05   0.112248E+05  -0.487049E-04  -0.493429E-04   0.408961E+03   0.105311E+05   0.112831E+05   0.105311E+05  -0.254110E-03   0.549553E+04   0.549475E+04   0.954932E-04
   0.297021E+01   0.983724E+04   0.977622E+04  -0.361586E-04  -0.366328E-04   0.315529E+03   0.916922E+04   0.982700E+04   0.916922E+04  -0.221318E-03   0.478565E+04   0.478497E+04   0.766101E-04
   0.321505E+01   0.856448E+04   0.851136E+04  -0.268805E-04  -0.272328E-04   0.242918E+03   0.798069E+04   0.855556E+04   0.798069E+04  -0.192637E-03   0.416595E+04   0.416535E+04   0.614047E-04
   0.348007E+01   0.745361E+04   0.740739E+04  -0.200350E-04  -0.202967E-04   0.186625E+03   0.694383E+04   0.744585E+04   0.694383E+04  -0.167540E-03   0.362519E+04   0.362467E+04   0.491680E-04
   0.376694E+01   0.648451E+04   0.644430E+04  -0.148812E-04  -0.150755E-04   0.143084E+03   0.603967E+04   0.647775E+04   0.603967E+04  -0.145730E-03   0.315353E+04   0.315308E+04   0.393265E-04
   0.407745E+01   0.563940E+04   0.560445E+04  -0.110179E-04  -0.111621E-04   0.109483E+03   0.525151E+04   0.563353E+04   0.525151E+04  -0.126770E-03   0.274230E+04   0.274191E+04   0.314164E-04
   0.441356E+01   0.490278E+04   0.487241E+04  -0.819934E-05  -0.830632E-05   0.836100E+02   0.456476E+04   0.489768E+04   0.456476E+04  -0.110152E-03   0.238391E+04   0.238358E+04   0.250629E-04
   0.477738E+01   0.426096E+04   0.423457E+04  -0.607367E-05  -0.615301E-05   0.637307E+02   0.396657E+04   0.425652E+04   0.396657E+04  -0.957424E-04   0.207169E+04   0.207140E+04   0.199632E-04
   0.517118E+01   0.370196E+04   0.367905E+04  -0.452093E-05  -0.457976E-05   0.484891E+02   0.344572E+04   0.369811E+04   0.344572E+04  -0.831274E-04   0.179979E+04   0.179955E+04   0.158729E-04
   0.559745E+01   0.321529E+04   0.319540E+04  -0.335359E-05  -0.339720E-05   0.368268E+02   0.299237E+04   0.321195E+04   0.299237E+04  -0.721866E-04   0.156310E+04   0.156289E+04   0.125948E-04
   0.605885E+01   0.279175E+04   0.277449E+04  -0.232907E-05  -0.236138E-05   0.279211E+02   0.259791E+04   0.278885E+04   0.259791E+04  -0.632692E-04   0.135714E+04   0.135696E+04   0.996983E-05
   0.655829E+01   0.242328E+04   0.240831E+04  -0.155561E-05  -0.157955E-05   0.211338E+02   0.225482E+04   0.242077E+04   0.225482E+04  -0.556740E-04   0.117796E+04   0.117781E+04   0.786992E-05
   0.709890E+01   0.210283E+04   0.208986E+04  -0.215951E-05  -0.217724E-05   0.159704E+02   0.195649E+04   0.210065E+04   0.195649E+04  -0.430379E-04   0.102217E+04   0.102204E+04   0.619173E-05
   0.768407E+01   0.182425E+04   0.181301E+04  -0.623060E-06  -0.636188E-06   0.120497E+02   0.169717E+04   0.182236E+04   0.169717E+04  -0.433201E-04   0.886749E+03   0.886637E+03   0.485213E-05
   0.831748E+01   0.158214E+04   0.157241E+04  -0.931383E-06  -0.941100E-06   0.907778E+01   0.147183E+04   0.158051E+04   0.147183E+04  -0.341885E-04   0.768987E+03   0.768893E+03   0.378420E-05
   0.900310E+01   0.137180E+04   0.136337E+04  -0.103435E-05  -0.104154E-05   0.682890E+01   0.127609E+04   0.137038E+04   0.127609E+04  -0.267390E-04   0.666775E+03   0.666696E+03   0.293409E-05
   0.974524E+01   0.118911E+04   0.118182E+04  -0.977297E-06  -0.982616E-06   0.512995E+01   0.110609E+04   0.118789E+04   0.110609E+04  -0.210852E-04   0.577956E+03   0.577891E+03   0.225853E-05
   0.105485E+02   0.103050E+04   0.102419E+04  -0.956676E-06  -0.960611E-06   0.384854E+01   0.958511E+03   0.102944E+04   0.958511E+03  -0.155699E-04   0.500853E+03   0.500799E+03   0.172274E-05
   0.114181E+02   0.892817E+03   0.887369E+03  -0.751461E-06  -0.754370E-06   0.288347E+01   0.830421E+03   0.891902E+03   0.830421E+03  -0.128931E-04   0.433932E+03   0.433888E+03   0.129875E-05
   0.123593E+02   0.773347E+03   0.768643E+03  -0.388998E-06  -0.391149E-06   0.215774E+01   0.719279E+03   0.772557E+03   0.719279E+03  -0.138090E-04   0.375848E+03   0.375812E+03   0.964150E-06
   0.133781E+02   0.669706E+03   0.665648E+03   0.244718E-07   0.228820E-07   0.161279E+01   0.622869E+03   0.669025E+03   0.622869E+03  -0.177572E-04   0.325473E+03   0.325445E+03   0.700925E-06
   0.144809E+02   0.579823E+03   0.576325E+03  -0.399866E-06  -0.401041E-06   0.120410E+01   0.539261E+03   0.579236E+03   0.539261E+03  -0.627191E-05   0.281798E+03   0.281776E+03   0.494641E-06
   0.156745E+02   0.501892E+03   0.498879E+03  -0.674128E-07  -0.682808E-07   0.898022E+00   0.466774E+03   0.501386E+03   0.466774E+03  -0.112474E-04   0.243934E+03   0.243919E+03   0.333723E-06
   0.169666E+02   0.434340E+03   0.431749E+03  -0.135804E-06  -0.136445E-06   0.669070E+00   0.403944E+03   0.433905E+03   0.403944E+03  -0.716204E-05   0.211103E+03   0.211092E+03   0.208900E-06
   0.183652E+02   0.375801E+03   0.373575E+03   0.945585E-07   0.940851E-07   0.498012E+00   0.349499E+03   0.375427E+03   0.349499E+03  -0.130212E-04   0.182634E+03   0.182628E+03   0.112748E-06
   0.198790E+02   0.325084E+03   0.323175E+03   0.118768E-06   0.118418E-06   0.370346E+00   0.302330E+03   0.324764E+03   0.302330E+03  -0.132736E-04   0.157996E+03   0.157993E+03   0.393309E-07
   0.215177E+02   0.281155E+03   0.279520E+03  -0.109557E-06  -0.109815E-06   0.275177E+00   0.261475E+03   0.280880E+03   0.261475E+03  -0.199582E-05   0.136648E+03   0.136649E+03  -0.161010E-07
   0.232914E+02   0.243113E+03   0.241716E+03  -0.818604E-07  -0.820508E-07   0.204296E+00   0.226096E+03   0.242878E+03   0.226096E+03  -0.166917E-05   0.118160E+03   0.118164E+03  -0.573395E-07
   0.252114E+02   0.210178E+03   0.208986E+03   0.349877E-07   0.348472E-07   0.151557E+00   0.195467E+03   0.209978E+03   0.195467E+03  -0.774015E-05   0.102154E+03   0.102160E+03  -0.874112E-07
   0.272896E+02   0.181669E+03   0.180656E+03  -0.747020E-07  -0.748057E-07   0.112353E+00   0.168955E+03   0.181499E+03   0.168955E+03   0.108430E-05   0.882917E+02   0.883006E+02  -0.108729E-06
   0.295391E+02   0.156998E+03   0.156140E+03  -0.551420E-07  -0.552185E-07   0.832338E-01   0.146012E+03   0.156854E+03   0.146012E+03   0.940967E-06   0.763007E+02   0.763116E+02  -0.123215E-06
   0.319740E+02   0.135652E+03   0.134928E+03  -0.441328E-07  -0.441892E-07   0.616223E-01   0.126162E+03   0.135531E+03   0.126162E+03   0.118128E-05   0.659271E+02   0.659398E+02  -0.132398E-06
   0.346097E+02   0.117187E+03   0.116579E+03  -0.480444E-09  -0.522028E-09   0.455956E-01   0.108991E+03   0.117085E+03   0.108991E+03  -0.296825E-05   0.569606E+02   0.569749E+02  -0.137490E-06
   0.374626E+02   0.101217E+03   0.100710E+03  -0.294903E-07  -0.295210E-07   0.337188E-01   0.941401E+02   0.101132E+03   0.941401E+02   0.168341E-05   0.491930E+02   0.492086E+02  -0.139453E-06
   0.405507E+02   0.874075E+02   0.869874E+02   0.107775E-07   0.107549E-07   0.249219E-01   0.812988E+02   0.873369E+02   0.812988E+02  -0.409922E-05   0.424873E+02   0.425042E+02  -0.139049E-06
   0.438934E+02   0.754686E+02   0.751242E+02   0.191196E-07   0.191029E-07   0.184113E-01   0.701970E+02   0.754108E+02   0.701970E+02  -0.577576E-05   0.366812E+02   0.366992E+02  -0.136877E-06
   0.475115E+02   0.651489E+02   0.648699E+02  -0.137173E-07  -0.137296E-07   0.135957E-01   0.606008E+02   0.651020E+02   0.606008E+02   0.153243E-05   0.316691E+02   0.316881E+02  -0.133411E-06
