#           k/h    P           
   0.100000E-03   0.499882E+03
   0.102020E-03   0.509698E+03
   0.104081E-03   0.519712E+03
   0.106184E-03   0.529928E+03
   0.108329E-03   0.540351E+03
   0.110517E-03   0.550985E+03
   0.112750E-03   0.561834E+03
   0.115027E-03   0.572904E+03
   0.117351E-03   0.584200E+03
   0.119722E-03   0.595725E+03
   0.122140E-03   0.607487E+03
   0.124608E-03   0.619488E+03
   0.127125E-03   0.631736E+03
   0.129693E-03   0.644236E+03
   0.132313E-03   0.656993E+03
   0.134986E-03   0.670014E+03
   0.137713E-03   0.683304E+03
   0.140495E-03   0.696869E+03
   0.143333E-03   0.710716E+03
   0.146228E-03   0.724852E+03
   0.149182E-03   0.739284E+03
   0.152196E-03   0.754017E+03
   0.155271E-03   0.769061E+03
   0.158407E-03   0.784421E+03
   0.161607E-03   0.800105E+03
   0.164872E-03   0.816122E+03
   0.168203E-03   0.832479E+03
   0.171601E-03   0.849185E+03
   0.175067E-03   0.866248E+03
   0.178604E-03   0.883677E+03
   0.182212E-03   0.901481E+03
   0.185893E-03   0.919670E+03
   0.189648E-03   0.938254E+03
   0.193479E-03   0.957241E+03
   0.197388E-03   0.976644E+03
   0.201375E-03   0.996471E+03
   0.205443E-03   0.101674E+04
   0.209594E-03   0.103745E+04
   0.213828E-03   0.105862E+04
   0.218147E-03   0.108026E+04
   0.222554E-03   0.110239E+04
   0.227050E-03   0.112501E+04
   0.231637E-03   0.114814E+04
   0.236316E-03   0.117180E+04
   0.241090E-03   0.119600E+04
   0.245960E-03   0.122075E+04
   0.250929E-03   0.124607E+04
   0.255998E-03   0.127197E+04
   0.261170E-03   0.129847E+04
   0.266446E-03   0.132559E+04
   0.271828E-03   0.135335E+04
   0.277319E-03   0.138175E+04
   0.282922E-03   0.141083E+04
   0.288637E-03   0.144060E+04
   0.294468E-03   0.147108E+04
   0.300417E-03   0.150229E+04
   0.306485E-03   0.153425E+04
   0.312677E-03   0.156698E+04
   0.318993E-03   0.160051E+04
   0.325437E-03   0.163486E+04
   0.332012E-03   0.167006E+04
   0.338719E-03   0.170612E+04
   0.345561E-03   0.174308E+04
   0.352542E-03   0.178095E+04
   0.359664E-03   0.181978E+04
   0.366930E-03   0.185958E+04
   0.374342E-03   0.190038E+04
   0.381904E-03   0.194222E+04
   0.389619E-03   0.198512E+04
   0.397490E-03   0.202912E+04
   0.405520E-03   0.207425E+04
   0.413712E-03   0.212054E+04
   0.422070E-03   0.216802E+04
   0.430596E-03   0.221674E+04
   0.439295E-03   0.226672E+04
   0.448169E-03   0.231801E+04
   0.457222E-03   0.237064E+04
   0.466459E-03   0.242464E+04
   0.475882E-03   0.248007E+04
   0.485496E-03   0.253695E+04
   0.495303E-03   0.259534E+04
   0.505309E-03   0.265526E+04
   0.515517E-03   0.271677E+04
   0.525931E-03   0.277991E+04
   0.536556E-03   0.284472E+04
   0.547395E-03   0.291124E+04
   0.558453E-03   0.297953E+04
   0.569734E-03   0.304962E+04
   0.581244E-03   0.312157E+04
   0.592986E-03   0.319541E+04
   0.604965E-03   0.327121E+04
   0.617186E-03   0.334900E+04
   0.629654E-03   0.342884E+04
   0.642374E-03   0.351077E+04
   0.655350E-03   0.359484E+04
   0.668589E-03   0.368111E+04
   0.682096E-03   0.376961E+04
   0.695875E-03   0.386042E+04
   0.709933E-03   0.395356E+04
   0.724274E-03   0.404910E+04
   0.738906E-03   0.414709E+04
   0.753832E-03   0.424757E+04
   0.769061E-03   0.435061E+04
   0.784597E-03   0.445625E+04
   0.800447E-03   0.456455E+04
   0.816617E-03   0.467555E+04
   0.833114E-03   0.478933E+04
   0.849944E-03   0.490592E+04
   0.867114E-03   0.502539E+04
   0.884631E-03   0.514780E+04
   0.902501E-03   0.527319E+04
   0.920733E-03   0.540164E+04
   0.939333E-03   0.553319E+04
   0.958309E-03   0.566792E+04
   0.977668E-03   0.580588E+04
   0.997418E-03   0.594713E+04
   0.101757E-02   0.609174E+04
   0.103812E-02   0.623977E+04
   0.105910E-02   0.639129E+04
   0.108049E-02   0.654636E+04
   0.110232E-02   0.670506E+04
   0.112459E-02   0.686744E+04
   0.114730E-02   0.703358E+04
   0.117048E-02   0.720354E+04
   0.119413E-02   0.737739E+04
   0.121825E-02   0.755519E+04
   0.124286E-02   0.773701E+04
   0.126797E-02   0.792291E+04
   0.129358E-02   0.811296E+04
   0.131971E-02   0.830723E+04
   0.134637E-02   0.850576E+04
   0.137357E-02   0.870863E+04
   0.140132E-02   0.891588E+04
   0.142963E-02   0.912758E+04
   0.145851E-02   0.934378E+04
   0.148797E-02   0.956454E+04
   0.151803E-02   0.978992E+04
   0.154870E-02   0.100200E+05
   0.157998E-02   0.102547E+05
   0.161190E-02   0.104942E+05
   0.164446E-02   0.107386E+05
   0.167768E-02   0.109878E+05
   0.171158E-02   0.112420E+05
   0.174615E-02   0.115011E+05
   0.178143E-02   0.117652E+05
   0.181741E-02   0.120344E+05
   0.185413E-02   0.123087E+05
   0.189158E-02   0.125881E+05
   0.192980E-02   0.128726E+05
   0.196878E-02   0.131624E+05
   0.200855E-02   0.134573E+05
   0.204913E-02   0.137575E+05
   0.209052E-02   0.140629E+05
   0.213276E-02   0.143735E+05
   0.217584E-02   0.146894E+05
   0.221979E-02   0.150105E+05
   0.226464E-02   0.153369E+05
   0.231039E-02   0.156685E+05
   0.235706E-02   0.160055E+05
   0.240467E-02   0.163476E+05
   0.245325E-02   0.166951E+05
   0.250281E-02   0.170477E+05
   0.255337E-02   0.174056E+05
   0.260495E-02   0.177686E+05
   0.265758E-02   0.181368E+05
   0.271126E-02   0.185101E+05
   0.276603E-02   0.188884E+05
   0.282191E-02   0.192717E+05
   0.287892E-02   0.196600E+05
   0.293708E-02   0.200531E+05
   0.299641E-02   0.204510E+05
   0.305694E-02   0.208536E+05
   0.311870E-02   0.212610E+05
   0.318170E-02   0.216729E+05
   0.324597E-02   0.220894E+05
   0.331155E-02   0.225103E+05
   0.337844E-02   0.229354E+05
   0.344669E-02   0.233648E+05
   0.351632E-02   0.237982E+05
   0.358735E-02   0.242355E+05
   0.365982E-02   0.246767E+05
   0.373376E-02   0.251214E+05
   0.380918E-02   0.255698E+05
   0.388613E-02   0.260215E+05
   0.396464E-02   0.264764E+05
   0.404473E-02   0.269345E+05
   0.412644E-02   0.273953E+05
   0.420980E-02   0.278589E+05
   0.429484E-02   0.283249E+05
   0.438160E-02   0.287932E+05
   0.447012E-02   0.292636E+05
   0.456042E-02   0.297358E+05
   0.465255E-02   0.302096E+05
   0.474653E-02   0.306848E+05
   0.484242E-02   0.311611E+05
   0.494024E-02   0.316383E+05
   0.504004E-02   0.321161E+05
   0.514186E-02   0.325942E+05
   0.524573E-02   0.330724E+05
   0.535170E-02   0.335503E+05
   0.545981E-02   0.340277E+05
   0.557011E-02   0.345041E+05
   0.568263E-02   0.349794E+05
   0.579743E-02   0.354530E+05
   0.591455E-02   0.359248E+05
   0.603403E-02   0.363942E+05
   0.615592E-02   0.368609E+05
   0.628028E-02   0.373247E+05
   0.640715E-02   0.377849E+05
   0.653658E-02   0.382413E+05
   0.666863E-02   0.386934E+05
   0.680335E-02   0.391407E+05
   0.694078E-02   0.395829E+05
   0.708100E-02   0.400195E+05
   0.722404E-02   0.404499E+05
   0.736998E-02   0.408738E+05
   0.751886E-02   0.412906E+05
   0.767075E-02   0.416998E+05
   0.782571E-02   0.421009E+05
   0.798380E-02   0.424934E+05
   0.814509E-02   0.428767E+05
   0.830963E-02   0.432502E+05
   0.847750E-02   0.436136E+05
   0.864875E-02   0.439660E+05
   0.882347E-02   0.443071E+05
   0.900171E-02   0.446362E+05
   0.918356E-02   0.449527E+05
   0.936908E-02   0.452560E+05
   0.955835E-02   0.455456E+05
   0.975144E-02   0.458209E+05
   0.994843E-02   0.460812E+05
   0.101494E-01   0.463259E+05
   0.103544E-01   0.465544E+05
   0.105636E-01   0.467661E+05
   0.107770E-01   0.469605E+05
   0.109947E-01   0.471369E+05
   0.112168E-01   0.472948E+05
   0.114434E-01   0.474336E+05
   0.116746E-01   0.475528E+05
   0.119104E-01   0.476518E+05
   0.121510E-01   0.477300E+05
   0.123965E-01   0.477869E+05
   0.126469E-01   0.478221E+05
   0.129024E-01   0.478350E+05
   0.131631E-01   0.478252E+05
   0.134290E-01   0.477923E+05
   0.137003E-01   0.477359E+05
   0.139770E-01   0.476558E+05
   0.142594E-01   0.475515E+05
   0.145474E-01   0.474229E+05
   0.148413E-01   0.472695E+05
   0.151411E-01   0.470912E+05
   0.154470E-01   0.468878E+05
   0.157590E-01   0.466590E+05
   0.160774E-01   0.464048E+05
   0.164022E-01   0.461251E+05
   0.167335E-01   0.458199E+05
   0.170716E-01   0.454891E+05
   0.174164E-01   0.451330E+05
   0.177683E-01   0.447516E+05
   0.181272E-01   0.443453E+05
   0.184934E-01   0.439144E+05
   0.188670E-01   0.434592E+05
   0.192481E-01   0.429801E+05
   0.196370E-01   0.424779E+05
   0.200337E-01   0.419530E+05
   0.204384E-01   0.414064E+05
   0.208513E-01   0.408386E+05
   0.212725E-01   0.402505E+05
   0.217022E-01   0.396432E+05
   0.221406E-01   0.390177E+05
   0.225879E-01   0.383750E+05
   0.230442E-01   0.377164E+05
   0.235097E-01   0.370430E+05
   0.239847E-01   0.363560E+05
   0.244692E-01   0.356571E+05
   0.249635E-01   0.349476E+05
   0.254678E-01   0.342290E+05
   0.259823E-01   0.335027E+05
   0.265072E-01   0.327703E+05
   0.270426E-01   0.320336E+05
   0.275889E-01   0.312944E+05
   0.281463E-01   0.305541E+05
   0.287149E-01   0.298145E+05
   0.292949E-01   0.290772E+05
   0.298867E-01   0.283443E+05
   0.304905E-01   0.276176E+05
   0.311064E-01   0.268986E+05
   0.317348E-01   0.261889E+05
   0.323759E-01   0.254901E+05
   0.330299E-01   0.248039E+05
   0.336972E-01   0.241317E+05
   0.343779E-01   0.234748E+05
   0.350724E-01   0.228342E+05
   0.357809E-01   0.222114E+05
   0.365038E-01   0.216078E+05
   0.372412E-01   0.210246E+05
   0.379935E-01   0.204628E+05
   0.387610E-01   0.199234E+05
   0.395440E-01   0.194067E+05
   0.403429E-01   0.189131E+05
   0.411579E-01   0.184426E+05
   0.419893E-01   0.179953E+05
   0.428375E-01   0.175711E+05
   0.437029E-01   0.171695E+05
   0.445858E-01   0.167898E+05
   0.454865E-01   0.164312E+05
   0.464053E-01   0.160930E+05
   0.473428E-01   0.157737E+05
   0.482992E-01   0.154705E+05
   0.492749E-01   0.151813E+05
   0.502703E-01   0.149036E+05
   0.512858E-01   0.146356E+05
   0.523219E-01   0.143758E+05
   0.533789E-01   0.141227E+05
   0.544572E-01   0.138747E+05
   0.555573E-01   0.136291E+05
   0.566796E-01   0.133826E+05
   0.578246E-01   0.131324E+05
   0.589927E-01   0.128756E+05
   0.601845E-01   0.126096E+05
   0.614003E-01   0.123319E+05
   0.626407E-01   0.120404E+05
   0.639061E-01   0.117338E+05
   0.651971E-01   0.114108E+05
   0.665142E-01   0.110710E+05
   0.678578E-01   0.107155E+05
   0.692287E-01   0.103455E+05
   0.706272E-01   0.996308E+04
   0.720539E-01   0.957139E+04
   0.735095E-01   0.917348E+04
   0.749945E-01   0.877301E+04
   0.765095E-01   0.837401E+04
   0.780551E-01   0.798017E+04
   0.796319E-01   0.759535E+04
   0.812406E-01   0.722297E+04
   0.828817E-01   0.686653E+04
   0.845561E-01   0.652944E+04
   0.862642E-01   0.621445E+04
   0.880068E-01   0.592406E+04
   0.897847E-01   0.566051E+04
   0.915985E-01   0.542524E+04
   0.934489E-01   0.521827E+04
   0.953367E-01   0.503922E+04
   0.972626E-01   0.488641E+04
   0.992274E-01   0.475649E+04
   0.101232E+00   0.464605E+04
   0.103277E+00   0.455023E+04
   0.105363E+00   0.446400E+04
   0.107492E+00   0.438223E+04
   0.109663E+00   0.429976E+04
   0.111879E+00   0.421196E+04
   0.114139E+00   0.411480E+04
   0.116445E+00   0.400508E+04
   0.118797E+00   0.388090E+04
   0.121197E+00   0.374148E+04
   0.123645E+00   0.358774E+04
   0.126143E+00   0.342175E+04
   0.128691E+00   0.324704E+04
   0.131291E+00   0.306788E+04
   0.133943E+00   0.288934E+04
   0.136649E+00   0.271673E+04
   0.139409E+00   0.255523E+04
   0.142226E+00   0.240932E+04
   0.145099E+00   0.228229E+04
   0.148030E+00   0.217545E+04
   0.151020E+00   0.208826E+04
   0.154071E+00   0.201841E+04
   0.157184E+00   0.196231E+04
   0.160359E+00   0.191582E+04
   0.163598E+00   0.187446E+04
   0.166903E+00   0.183351E+04
   0.170275E+00   0.178835E+04
   0.173715E+00   0.173491E+04
   0.177224E+00   0.167089E+04
   0.180804E+00   0.159647E+04
   0.184457E+00   0.151417E+04
   0.188183E+00   0.142804E+04
   0.191985E+00   0.134244E+04
   0.195863E+00   0.126143E+04
   0.199820E+00   0.118847E+04
   0.203856E+00   0.112605E+04
   0.207974E+00   0.107510E+04
   0.212176E+00   0.103463E+04
   0.216462E+00   0.100202E+04
   0.220835E+00   0.973749E+03
   0.225296E+00   0.946075E+03
   0.229847E+00   0.915684E+03
   0.234490E+00   0.880424E+03
   0.239227E+00   0.839982E+03
   0.244060E+00   0.795909E+03
   0.248990E+00   0.750875E+03
   0.254020E+00   0.707745E+03
   0.259152E+00   0.668934E+03
   0.264387E+00   0.635882E+03
   0.269728E+00   0.608624E+03
   0.275177E+00   0.585807E+03
   0.280736E+00   0.565256E+03
   0.286407E+00   0.544727E+03
   0.292193E+00   0.522589E+03
   0.298096E+00   0.498340E+03
   0.304118E+00   0.472715E+03
   0.310261E+00   0.447245E+03
   0.316529E+00   0.423530E+03
   0.322923E+00   0.402583E+03
   0.329447E+00   0.384489E+03
   0.336102E+00   0.368502E+03
   0.342892E+00   0.353468E+03
   0.349819E+00   0.338321E+03
   0.356885E+00   0.322535E+03
   0.364095E+00   0.306384E+03
   0.371450E+00   0.290669E+03
   0.378954E+00   0.276076E+03
   0.386609E+00   0.262921E+03
   0.394419E+00   0.251059E+03
   0.402387E+00   0.239893E+03
   0.410516E+00   0.228916E+03
   0.418809E+00   0.217947E+03
   0.427269E+00   0.207110E+03
   0.435901E+00   0.196805E+03
   0.444706E+00   0.187259E+03
   0.453690E+00   0.178421E+03
   0.462855E+00   0.170095E+03
   0.472206E+00   0.162015E+03
   0.481745E+00   0.154122E+03
   0.491477E+00   0.146516E+03
   0.501405E+00   0.139321E+03
   0.511534E+00   0.132588E+03
   0.521868E+00   0.126213E+03
   0.532411E+00   0.120111E+03
   0.543166E+00   0.114218E+03
   0.554139E+00   0.108587E+03
   0.565333E+00   0.103246E+03
   0.576753E+00   0.982005E+02
   0.588404E+00   0.933914E+02
   0.600291E+00   0.887941E+02
   0.612418E+00   0.844076E+02
   0.624789E+00   0.802301E+02
   0.637411E+00   0.762579E+02
   0.650288E+00   0.724812E+02
   0.663424E+00   0.688888E+02
   0.676826E+00   0.654700E+02
   0.690499E+00   0.622154E+02
   0.704448E+00   0.591171E+02
   0.718679E+00   0.561683E+02
   0.733197E+00   0.533622E+02
   0.748009E+00   0.506925E+02
   0.763119E+00   0.481529E+02
   0.778536E+00   0.457373E+02
   0.794263E+00   0.434399E+02
   0.810308E+00   0.412550E+02
   0.826677E+00   0.391775E+02
   0.843378E+00   0.372022E+02
   0.860415E+00   0.353242E+02
   0.877797E+00   0.335389E+02
   0.895529E+00   0.318418E+02
   0.913620E+00   0.302286E+02
   0.932076E+00   0.286951E+02
   0.950906E+00   0.272375E+02
   0.970115E+00   0.258522E+02
   0.989713E+00   0.245358E+02
   0.100971E+01   0.232851E+02
   0.103010E+01   0.220969E+02
   0.105091E+01   0.209683E+02
   0.107214E+01   0.198961E+02
   0.109380E+01   0.188777E+02
   0.111590E+01   0.179103E+02
   0.113844E+01   0.169914E+02
   0.116144E+01   0.161186E+02
   0.118490E+01   0.152898E+02
   0.120884E+01   0.145027E+02
   0.123326E+01   0.137554E+02
   0.125817E+01   0.130459E+02
   0.128359E+01   0.123723E+02
   0.130952E+01   0.117328E+02
   0.133597E+01   0.111259E+02
   0.136296E+01   0.105497E+02
   0.139049E+01   0.100029E+02
   0.141858E+01   0.948389E+01
   0.144724E+01   0.899132E+01
   0.147648E+01   0.852387E+01
   0.150630E+01   0.808029E+01
   0.153673E+01   0.765940E+01
   0.156778E+01   0.726006E+01
   0.159945E+01   0.688119E+01
   0.163176E+01   0.652177E+01
   0.166472E+01   0.618082E+01
   0.169835E+01   0.585741E+01
   0.173266E+01   0.555064E+01
   0.176766E+01   0.525968E+01
   0.180337E+01   0.498372E+01
   0.183980E+01   0.472201E+01
   0.187697E+01   0.447382E+01
   0.191489E+01   0.423847E+01
   0.195357E+01   0.401531E+01
   0.199304E+01   0.380372E+01
   0.203330E+01   0.360311E+01
   0.207437E+01   0.341293E+01
   0.211628E+01   0.323264E+01
   0.215903E+01   0.306173E+01
   0.220265E+01   0.289973E+01
   0.224714E+01   0.274618E+01
   0.229254E+01   0.260064E+01
   0.233885E+01   0.246270E+01
   0.238610E+01   0.233197E+01
   0.243430E+01   0.220808E+01
   0.248348E+01   0.209069E+01
   0.253365E+01   0.197945E+01
   0.258483E+01   0.187405E+01
   0.263705E+01   0.177419E+01
   0.269032E+01   0.167958E+01
   0.274466E+01   0.158994E+01
   0.280011E+01   0.150502E+01
   0.285668E+01   0.142458E+01
   0.291439E+01   0.134838E+01
   0.297326E+01   0.127621E+01
   0.303332E+01   0.120784E+01
   0.309460E+01   0.114310E+01
   0.315712E+01   0.108178E+01
   0.322090E+01   0.102372E+01
   0.328596E+01   0.968730E+00
   0.335234E+01   0.916658E+00
   0.342006E+01   0.867349E+00
   0.348916E+01   0.820659E+00
   0.355964E+01   0.776453E+00
   0.363155E+01   0.734600E+00
   0.370491E+01   0.694978E+00
   0.377976E+01   0.657469E+00
   0.385611E+01   0.621962E+00
   0.393401E+01   0.588349E+00
   0.401348E+01   0.556531E+00
   0.409456E+01   0.526414E+00
   0.417727E+01   0.497908E+00
   0.426166E+01   0.470928E+00
   0.434775E+01   0.445396E+00
   0.443558E+01   0.421233E+00
   0.452519E+01   0.398367E+00
   0.461660E+01   0.376728E+00
   0.470987E+01   0.356252E+00
   0.480501E+01   0.336877E+00
   0.490208E+01   0.318545E+00
   0.500111E+01   0.301199E+00
   0.510214E+01   0.284789E+00
   0.520521E+01   0.269263E+00
   0.531036E+01   0.254576E+00
   0.541763E+01   0.240681E+00
   0.552708E+01   0.227538E+00
   0.563873E+01   0.215105E+00
   0.575264E+01   0.203345E+00
   0.586885E+01   0.192221E+00
   0.598741E+01   0.181700E+00
   0.610836E+01   0.171749E+00
   0.623176E+01   0.162337E+00
   0.635765E+01   0.153437E+00
   0.648609E+01   0.145020E+00
   0.661711E+01   0.137061E+00
   0.675079E+01   0.129534E+00
   0.688716E+01   0.122417E+00
   0.702629E+01   0.115688E+00
   0.716823E+01   0.109325E+00
   0.731304E+01   0.103309E+00
   0.746077E+01   0.976212E-01
   0.761149E+01   0.922436E-01
   0.776525E+01   0.871596E-01
   0.792212E+01   0.823534E-01
   0.808217E+01   0.778100E-01
   0.824543E+01   0.735151E-01
   0.841200E+01   0.694553E-01
   0.858193E+01   0.656178E-01
   0.875530E+01   0.619906E-01
   0.893217E+01   0.585623E-01
   0.911261E+01   0.553220E-01
   0.929670E+01   0.522596E-01
   0.948451E+01   0.493654E-01
   0.967610E+01   0.466301E-01
   0.987158E+01   0.440452E-01
   0.100710E+02   0.416025E-01
   0.102744E+02   0.392942E-01
   0.104820E+02   0.371130E-01
   0.106938E+02   0.350519E-01
   0.109098E+02   0.331045E-01
   0.111302E+02   0.312644E-01
   0.113550E+02   0.295258E-01
   0.115844E+02   0.278832E-01
   0.118184E+02   0.263313E-01
   0.120572E+02   0.248652E-01
   0.123007E+02   0.234801E-01
   0.125492E+02   0.221715E-01
   0.128027E+02   0.209354E-01
   0.130614E+02   0.197678E-01
   0.133252E+02   0.186648E-01
   0.135944E+02   0.176229E-01
   0.138691E+02   0.166388E-01
   0.141492E+02   0.157093E-01
   0.144351E+02   0.148313E-01
   0.147267E+02   0.140021E-01
   0.150242E+02   0.132189E-01
   0.153277E+02   0.124792E-01
   0.156373E+02   0.117807E-01
   0.159532E+02   0.111210E-01
   0.162755E+02   0.104980E-01
   0.166043E+02   0.990970E-02
   0.169397E+02   0.935414E-02
   0.172819E+02   0.882953E-02
   0.176310E+02   0.833415E-02
   0.179872E+02   0.786640E-02
   0.183505E+02   0.742474E-02
   0.187212E+02   0.700772E-02
   0.190994E+02   0.661398E-02
   0.194853E+02   0.624223E-02
   0.198789E+02   0.589125E-02
   0.202805E+02   0.555989E-02
   0.206902E+02   0.524705E-02
   0.211081E+02   0.495171E-02
   0.215346E+02   0.467290E-02
   0.219696E+02   0.440970E-02
   0.224134E+02   0.416124E-02
   0.228662E+02   0.392669E-02
   0.233281E+02   0.370529E-02
   0.237994E+02   0.349631E-02
   0.242802E+02   0.329904E-02
   0.247707E+02   0.311285E-02
   0.252710E+02   0.293710E-02
   0.257816E+02   0.277122E-02
   0.263024E+02   0.261466E-02
   0.268337E+02   0.246689E-02
   0.273758E+02   0.232744E-02
   0.279288E+02   0.219582E-02
   0.284930E+02   0.207160E-02
   0.290686E+02   0.195438E-02
   0.296558E+02   0.184375E-02
   0.302549E+02   0.173935E-02
   0.308661E+02   0.164084E-02
   0.314897E+02   0.154787E-02
   0.321258E+02   0.146015E-02
   0.327748E+02   0.137737E-02
   0.334369E+02   0.129925E-02
   0.341123E+02   0.122555E-02
   0.348014E+02   0.115601E-02
   0.355045E+02   0.109039E-02
   0.362217E+02   0.102848E-02
   0.369535E+02   0.970064E-03
   0.377000E+02   0.914951E-03
   0.384616E+02   0.862953E-03
   0.392386E+02   0.813896E-03
   0.400312E+02   0.767615E-03
   0.408399E+02   0.723953E-03
   0.416649E+02   0.682762E-03
   0.425066E+02   0.643902E-03
   0.433653E+02   0.607241E-03
   0.442413E+02   0.572655E-03
   0.451350E+02   0.540031E-03
   0.460469E+02   0.509259E-03
