#          k/h    CDM            baryon         photon         nu             mass_nu        total          no_nu          total_de       Weyl           v_CDM          v_b            v_b-v_c     
   0.964896E-05   0.198604E+08   0.198604E+08   0.264658E+08   0.264654E+08   0.198605E+08   0.198604E+08   0.198604E+08   0.198671E+08  -0.446229E+00   0.106144E+08   0.106144E+08   0.688090E+01
   0.106620E-04   0.198606E+08   0.198606E+08   0.264627E+08   0.264622E+08   0.198607E+08   0.198606E+08   0.198606E+08   0.198672E+08  -0.446234E+00   0.106144E+08   0.106144E+08   0.760311E+01
   0.117814E-04   0.198607E+08   0.198607E+08   0.264590E+08   0.264583E+08   0.198608E+08   0.198607E+08   0.198607E+08   0.198673E+08  -0.446241E+00   0.106144E+08   0.106144E+08   0.840106E+01
   0.130184E-04   0.198609E+08   0.198609E+08   0.264543E+08   0.264535E+08   0.198610E+08   0.198609E+08   0.198609E+08   0.198675E+08  -0.446249E+00   0.106145E+08   0.106145E+08   0.928268E+01
   0.143852E-04   0.198611E+08   0.198611E+08   0.264487E+08   0.264477E+08   0.198612E+08   0.198611E+08   0.198611E+08   0.198677E+08  -0.446259E+00   0.106146E+08   0.106146E+08   0.102567E+02
   0.158955E-04   0.198614E+08   0.198614E+08   0.264418E+08   0.264406E+08   0.198615E+08   0.198614E+08   0.198614E+08   0.198680E+08  -0.446271E+00   0.106146E+08   0.106146E+08   0.113328E+02
   0.175644E-04   0.198617E+08   0.198617E+08   0.264334E+08   0.264319E+08   0.198618E+08   0.198617E+08   0.198617E+08   0.198683E+08  -0.446286E+00   0.106147E+08   0.106147E+08   0.125217E+02
   0.194085E-04   0.198621E+08   0.198621E+08   0.264231E+08   0.264213E+08   0.198622E+08   0.198621E+08   0.198621E+08   0.198687E+08  -0.446304E+00   0.106148E+08   0.106148E+08   0.138349E+02
   0.214463E-04   0.198625E+08   0.198625E+08   0.264106E+08   0.264083E+08   0.198626E+08   0.198626E+08   0.198625E+08   0.198692E+08  -0.446327E+00   0.106150E+08   0.106150E+08   0.152856E+02
   0.236979E-04   0.198631E+08   0.198631E+08   0.263953E+08   0.263925E+08   0.198632E+08   0.198631E+08   0.198631E+08   0.198697E+08  -0.446354E+00   0.106151E+08   0.106151E+08   0.168880E+02
   0.261860E-04   0.198638E+08   0.198638E+08   0.263767E+08   0.263733E+08   0.198639E+08   0.198638E+08   0.198638E+08   0.198704E+08  -0.446387E+00   0.106153E+08   0.106153E+08   0.186577E+02
   0.289353E-04   0.198647E+08   0.198647E+08   0.263539E+08   0.263498E+08   0.198648E+08   0.198647E+08   0.198647E+08   0.198713E+08  -0.446427E+00   0.106156E+08   0.106156E+08   0.206120E+02
   0.319733E-04   0.198658E+08   0.198658E+08   0.263261E+08   0.263211E+08   0.198659E+08   0.198658E+08   0.198658E+08   0.198724E+08  -0.446476E+00   0.106159E+08   0.106159E+08   0.227699E+02
   0.353302E-04   0.198671E+08   0.198671E+08   0.262923E+08   0.262861E+08   0.198672E+08   0.198671E+08   0.198671E+08   0.198736E+08  -0.446536E+00   0.106163E+08   0.106163E+08   0.251522E+02
   0.390396E-04   0.198686E+08   0.198686E+08   0.262510E+08   0.262435E+08   0.198687E+08   0.198686E+08   0.198686E+08   0.198752E+08  -0.446609E+00   0.106167E+08   0.106167E+08   0.277818E+02
   0.431384E-04   0.198706E+08   0.198706E+08   0.262006E+08   0.261915E+08   0.198707E+08   0.198706E+08   0.198706E+08   0.198771E+08  -0.446698E+00   0.106173E+08   0.106173E+08   0.306835E+02
   0.476676E-04   0.198729E+08   0.198729E+08   0.261393E+08   0.261281E+08   0.198730E+08   0.198729E+08   0.198729E+08   0.198795E+08  -0.446807E+00   0.106179E+08   0.106179E+08   0.338846E+02
   0.526722E-04   0.198758E+08   0.198758E+08   0.260646E+08   0.260509E+08   0.198759E+08   0.198758E+08   0.198758E+08   0.198823E+08  -0.446940E+00   0.106188E+08   0.106188E+08   0.374147E+02
   0.582024E-04   0.198793E+08   0.198793E+08   0.259736E+08   0.259570E+08   0.198794E+08   0.198793E+08   0.198793E+08   0.198858E+08  -0.447102E+00   0.106198E+08   0.106198E+08   0.413058E+02
   0.643131E-04   0.198836E+08   0.198835E+08   0.258629E+08   0.258427E+08   0.198836E+08   0.198836E+08   0.198835E+08   0.198900E+08  -0.447299E+00   0.106210E+08   0.106210E+08   0.455926E+02
   0.710654E-04   0.198888E+08   0.198887E+08   0.257283E+08   0.257038E+08   0.198888E+08   0.198888E+08   0.198887E+08   0.198952E+08  -0.447539E+00   0.106225E+08   0.106225E+08   0.503122E+02
   0.785267E-04   0.198951E+08   0.198950E+08   0.255649E+08   0.255350E+08   0.198952E+08   0.198951E+08   0.198951E+08   0.199015E+08  -0.447831E+00   0.106243E+08   0.106243E+08   0.555041E+02
   0.867713E-04   0.199028E+08   0.199027E+08   0.253666E+08   0.253304E+08   0.199029E+08   0.199028E+08   0.199028E+08   0.199091E+08  -0.448186E+00   0.106265E+08   0.106265E+08   0.612097E+02
   0.958816E-04   0.199122E+08   0.199121E+08   0.251264E+08   0.250825E+08   0.199123E+08   0.199122E+08   0.199122E+08   0.199185E+08  -0.448618E+00   0.106292E+08   0.106292E+08   0.674723E+02
   0.105948E-03   0.199236E+08   0.199235E+08   0.248360E+08   0.247828E+08   0.199237E+08   0.199236E+08   0.199236E+08   0.199298E+08  -0.449142E+00   0.106325E+08   0.106325E+08   0.743362E+02
   0.117072E-03   0.199375E+08   0.199374E+08   0.244855E+08   0.244213E+08   0.199376E+08   0.199375E+08   0.199375E+08   0.199436E+08  -0.449778E+00   0.106365E+08   0.106365E+08   0.818452E+02
   0.129363E-03   0.199544E+08   0.199542E+08   0.240638E+08   0.239864E+08   0.199544E+08   0.199543E+08   0.199543E+08   0.199603E+08  -0.450547E+00   0.106414E+08   0.106414E+08   0.900416E+02
   0.142946E-03   0.199748E+08   0.199746E+08   0.235578E+08   0.234649E+08   0.199748E+08   0.199748E+08   0.199748E+08   0.199807E+08  -0.451476E+00   0.106474E+08   0.106473E+08   0.989640E+02
   0.157954E-03   0.199995E+08   0.199994E+08   0.229533E+08   0.228422E+08   0.199996E+08   0.199995E+08   0.199995E+08   0.200052E+08  -0.452596E+00   0.106546E+08   0.106546E+08   0.108644E+03
   0.174537E-03   0.200295E+08   0.200292E+08   0.222346E+08   0.221021E+08   0.200295E+08   0.200294E+08   0.200294E+08   0.200350E+08  -0.453942E+00   0.106634E+08   0.106633E+08   0.119102E+03
   0.192862E-03   0.200655E+08   0.200653E+08   0.213851E+08   0.212282E+08   0.200655E+08   0.200655E+08   0.200655E+08   0.200708E+08  -0.455554E+00   0.106740E+08   0.106739E+08   0.130343E+03
   0.213111E-03   0.201089E+08   0.201086E+08   0.203884E+08   0.202038E+08   0.201089E+08   0.201089E+08   0.201089E+08   0.201139E+08  -0.457477E+00   0.106869E+08   0.106868E+08   0.142350E+03
   0.235486E-03   0.201609E+08   0.201605E+08   0.192297E+08   0.190143E+08   0.201609E+08   0.201609E+08   0.201609E+08   0.201657E+08  -0.459759E+00   0.107024E+08   0.107023E+08   0.155074E+03
   0.260210E-03   0.202230E+08   0.202225E+08   0.178978E+08   0.176491E+08   0.202229E+08   0.202230E+08   0.202230E+08   0.202274E+08  -0.462452E+00   0.107212E+08   0.107210E+08   0.168428E+03
   0.287530E-03   0.202969E+08   0.202963E+08   0.163879E+08   0.161045E+08   0.202967E+08   0.202968E+08   0.202968E+08   0.203008E+08  -0.465605E+00   0.107437E+08   0.107436E+08   0.182271E+03
   0.317718E-03   0.203841E+08   0.203834E+08   0.147059E+08   0.143883E+08   0.203839E+08   0.203840E+08   0.203840E+08   0.203876E+08  -0.469265E+00   0.107707E+08   0.107705E+08   0.196403E+03
   0.351076E-03   0.204865E+08   0.204856E+08   0.128727E+08   0.125239E+08   0.204862E+08   0.204863E+08   0.204863E+08   0.204895E+08  -0.473470E+00   0.108029E+08   0.108027E+08   0.210547E+03
   0.387936E-03   0.206056E+08   0.206046E+08   0.109289E+08   0.105559E+08   0.206053E+08   0.206055E+08   0.206055E+08   0.206082E+08  -0.478242E+00   0.108412E+08   0.108409E+08   0.224346E+03
   0.428665E-03   0.207431E+08   0.207418E+08   0.893882E+07   0.855321E+07   0.207426E+08   0.207428E+08   0.207429E+08   0.207450E+08  -0.483579E+00   0.108863E+08   0.108860E+08   0.237359E+03
   0.473672E-03   0.208998E+08   0.208983E+08   0.699112E+07   0.661007E+07   0.208991E+08   0.208995E+08   0.208995E+08   0.209012E+08  -0.489452E+00   0.109391E+08   0.109388E+08   0.249070E+03
   0.523403E-03   0.210762E+08   0.210745E+08   0.519381E+07   0.483978E+07   0.210754E+08   0.210758E+08   0.210759E+08   0.210771E+08  -0.495796E+00   0.110005E+08   0.110001E+08   0.258913E+03
   0.578356E-03   0.212718E+08   0.212699E+08   0.366031E+07   0.335955E+07   0.212708E+08   0.212715E+08   0.212715E+08   0.212723E+08  -0.502516E+00   0.110709E+08   0.110705E+08   0.266312E+03
   0.639078E-03   0.214854E+08   0.214831E+08   0.248483E+07   0.226386E+07   0.214842E+08   0.214850E+08   0.214850E+08   0.214856E+08  -0.509492E+00   0.111509E+08   0.111504E+08   0.270747E+03
   0.706176E-03   0.217145E+08   0.217119E+08   0.170986E+07   0.158979E+07   0.217130E+08   0.217140E+08   0.217141E+08   0.217145E+08  -0.516602E+00   0.112402E+08   0.112397E+08   0.271826E+03
   0.780318E-03   0.219561E+08   0.219532E+08   0.129667E+07   0.128629E+07   0.219543E+08   0.219555E+08   0.219556E+08   0.219559E+08  -0.523748E+00   0.113385E+08   0.113379E+08   0.269351E+03
   0.862245E-03   0.222066E+08   0.222033E+08   0.111921E+07   0.120916E+07   0.222043E+08   0.222059E+08   0.222061E+08   0.222062E+08  -0.530867E+00   0.114446E+08   0.114439E+08   0.263362E+03
   0.952773E-03   0.224625E+08   0.224589E+08   0.100387E+07   0.116554E+07   0.224597E+08   0.224618E+08   0.224619E+08   0.224620E+08  -0.537935E+00   0.115569E+08   0.115562E+08   0.254113E+03
   0.105281E-02   0.227207E+08   0.227168E+08   0.816989E+06   0.100901E+07   0.227172E+08   0.227198E+08   0.227200E+08   0.227200E+08  -0.544935E+00   0.116733E+08   0.116726E+08   0.242010E+03
   0.116334E-02   0.229782E+08   0.229740E+08   0.552884E+06   0.733867E+06   0.229739E+08   0.229772E+08   0.229775E+08   0.229774E+08  -0.551807E+00   0.117917E+08   0.117909E+08   0.227531E+03
   0.128548E-02   0.232318E+08   0.232274E+08   0.329313E+06   0.469944E+06   0.232265E+08   0.232307E+08   0.232311E+08   0.232308E+08  -0.558449E+00   0.119098E+08   0.119090E+08   0.211215E+03
   0.142045E-02   0.234776E+08   0.234731E+08   0.244231E+06   0.331063E+06   0.234711E+08   0.234765E+08   0.234769E+08   0.234765E+08  -0.564764E+00   0.120255E+08   0.120247E+08   0.193735E+03
   0.156958E-02   0.237110E+08   0.237065E+08   0.231004E+06  -0.281586E+06   0.237031E+08   0.237098E+08   0.237103E+08   0.237098E+08  -0.570710E+00   0.121366E+08   0.121357E+08   0.175955E+03
   0.173437E-02   0.239276E+08   0.239229E+08   0.154913E+06  -0.233466E+06   0.239179E+08   0.239262E+08   0.239268E+08   0.239262E+08  -0.576228E+00   0.122403E+08   0.122395E+08   0.158811E+03
   0.191647E-02   0.241229E+08   0.241182E+08   0.562313E+05  -0.193853E+06   0.241111E+08   0.241214E+08   0.241221E+08   0.241214E+08  -0.581148E+00   0.123342E+08   0.123334E+08   0.143060E+03
   0.211768E-02   0.242922E+08   0.242875E+08   0.487432E+05  -0.160858E+06   0.242778E+08   0.242905E+08   0.242914E+08   0.242905E+08  -0.585355E+00   0.124157E+08   0.124148E+08   0.129162E+03
   0.234002E-02   0.244304E+08   0.244255E+08   0.419016E+05  -0.132491E+06   0.244128E+08   0.244284E+08   0.244296E+08   0.244284E+08  -0.588866E+00   0.124821E+08   0.124813E+08   0.117281E+03
   0.258570E-02   0.245331E+08   0.245280E+08   0.156015E+04  -0.109358E+06   0.245117E+08   0.245308E+08   0.245322E+08   0.245308E+08  -0.591456E+00   0.125311E+08   0.125302E+08   0.107153E+03
   0.285718E-02   0.245959E+08   0.245906E+08   0.780074E+03  -0.902413E+05   0.245699E+08   0.245933E+08   0.245950E+08   0.245933E+08  -0.592997E+00   0.125601E+08   0.125593E+08   0.981681E+02
   0.315716E-02   0.246145E+08   0.246089E+08  -0.212077E+05  -0.737712E+05   0.245830E+08   0.246115E+08   0.246136E+08   0.246115E+08  -0.593591E+00   0.125672E+08   0.125664E+08   0.897307E+02
   0.348863E-02   0.245857E+08   0.245797E+08  -0.203161E+05  -0.607677E+05   0.245475E+08   0.245821E+08   0.245847E+08   0.245821E+08  -0.592854E+00   0.125503E+08   0.125494E+08   0.815319E+02
   0.385491E-02   0.245056E+08   0.244993E+08  -0.242327E+05  -0.494064E+05   0.244596E+08   0.245014E+08   0.245046E+08   0.245014E+08  -0.591047E+00   0.125076E+08   0.125068E+08   0.737169E+02
   0.425964E-02   0.243718E+08   0.243651E+08  -0.169764E+05  -0.404857E+05   0.243165E+08   0.243670E+08   0.243707E+08   0.243670E+08  -0.587756E+00   0.124377E+08   0.124369E+08   0.665967E+02
   0.470687E-02   0.241815E+08   0.241742E+08  -0.114569E+05  -0.328628E+05   0.241152E+08   0.241758E+08   0.241803E+08   0.241758E+08  -0.583221E+00   0.123392E+08   0.123383E+08   0.602455E+02
   0.520105E-02   0.239325E+08   0.239246E+08  -0.127385E+05  -0.265771E+05   0.238532E+08   0.239258E+08   0.239312E+08   0.239258E+08  -0.577254E+00   0.122108E+08   0.122100E+08   0.544277E+02
   0.574711E-02   0.236227E+08   0.236141E+08  -0.124746E+05  -0.215660E+05   0.235284E+08   0.236148E+08   0.236213E+08   0.236148E+08  -0.569719E+00   0.120515E+08   0.120507E+08   0.489827E+02
   0.635051E-02   0.232503E+08   0.232407E+08  -0.123390E+05  -0.174354E+05   0.231385E+08   0.232410E+08   0.232487E+08   0.232410E+08  -0.560681E+00   0.118603E+08   0.118594E+08   0.440317E+02
   0.701726E-02   0.228133E+08   0.228027E+08  -0.995778E+04  -0.140254E+05   0.226817E+08   0.228025E+08   0.228115E+08   0.228025E+08  -0.550108E+00   0.116362E+08   0.116353E+08   0.396061E+02
   0.775401E-02   0.223100E+08   0.222982E+08  -0.698875E+04  -0.112327E+05   0.221561E+08   0.222975E+08   0.223080E+08   0.222975E+08  -0.537941E+00   0.113783E+08   0.113774E+08   0.355556E+02
   0.856811E-02   0.217389E+08   0.217256E+08  -0.692197E+04  -0.893889E+04   0.215600E+08   0.217245E+08   0.217367E+08   0.217245E+08  -0.524167E+00   0.110857E+08   0.110849E+08   0.318789E+02
   0.946769E-02   0.210985E+08   0.210834E+08  -0.559673E+04  -0.708490E+04   0.208922E+08   0.210819E+08   0.210959E+08   0.210819E+08  -0.508718E+00   0.107578E+08   0.107570E+08   0.285845E+02
   0.104617E-01   0.203851E+08   0.203680E+08  -0.413585E+04  -0.564810E+04   0.201491E+08   0.203661E+08   0.203822E+08   0.203661E+08  -0.491352E+00   0.103926E+08   0.103918E+08   0.256084E+02
   0.115601E-01   0.196038E+08   0.195844E+08  -0.382246E+04  -0.441601E+04   0.193362E+08   0.195822E+08   0.196005E+08   0.195822E+08  -0.472544E+00   0.999269E+07   0.999189E+07   0.229396E+02
   0.127738E-01   0.187528E+08   0.187307E+08  -0.237071E+04  -0.347223E+04   0.184520E+08   0.187285E+08   0.187491E+08   0.187285E+08  -0.451899E+00   0.955721E+07   0.955642E+07   0.205480E+02
   0.141150E-01   0.178342E+08   0.178090E+08  -0.250557E+04  -0.271073E+04   0.174992E+08   0.178071E+08   0.178300E+08   0.178071E+08  -0.429642E+00   0.908723E+07   0.908645E+07   0.184033E+02
   0.155969E-01   0.168523E+08   0.168237E+08  -0.186521E+04  -0.209215E+04   0.164826E+08   0.168222E+08   0.168475E+08   0.168222E+08  -0.405914E+00   0.858494E+07   0.858416E+07   0.164808E+02
   0.172345E-01   0.158347E+08   0.158026E+08  -0.134904E+04  -0.160701E+04   0.154303E+08   0.158017E+08   0.158293E+08   0.158017E+08  -0.381316E+00   0.806449E+07   0.806373E+07   0.147650E+02
   0.190439E-01   0.147485E+08   0.147125E+08  -0.114789E+04  -0.123127E+04   0.143111E+08   0.147126E+08   0.147425E+08   0.147126E+08  -0.354991E+00   0.750907E+07   0.750831E+07   0.131963E+02
   0.210434E-01   0.136244E+08   0.135845E+08  -0.907881E+03  -0.934582E+03   0.131567E+08   0.135858E+08   0.136177E+08   0.135858E+08  -0.327776E+00   0.693441E+07   0.693366E+07   0.117603E+02
   0.232527E-01   0.124625E+08   0.124190E+08  -0.668439E+03  -0.698153E+03   0.119690E+08   0.124215E+08   0.124552E+08   0.124215E+08  -0.299712E+00   0.634063E+07   0.633991E+07   0.104178E+02
   0.256941E-01   0.113128E+08   0.112664E+08  -0.413810E+03  -0.517538E+03   0.107975E+08   0.112699E+08   0.113050E+08   0.112699E+08  -0.271951E+00   0.575331E+07   0.575260E+07   0.915662E+01
   0.283917E-01   0.101953E+08   0.101469E+08  -0.355570E+03  -0.380877E+03   0.966216E+07   0.101509E+08   0.101872E+08   0.101509E+08  -0.244970E+00   0.518261E+07   0.518193E+07   0.795021E+01
   0.313726E-01   0.911699E+07   0.906811E+07  -0.270340E+03  -0.280786E+03   0.857066E+07   0.907157E+07   0.910879E+07   0.907157E+07  -0.218886E+00   0.463214E+07   0.463150E+07   0.677291E+01
   0.346665E-01   0.812194E+07   0.807454E+07  -0.165485E+03  -0.203555E+03   0.756558E+07   0.807605E+07   0.811398E+07   0.807605E+07  -0.194902E+00   0.412441E+07   0.412382E+07   0.562616E+01
   0.383062E-01   0.724434E+07   0.720067E+07  -0.129535E+03  -0.149172E+03   0.667702E+07   0.719828E+07   0.723701E+07   0.719828E+07  -0.173706E+00   0.367675E+07   0.367623E+07   0.452392E+01
   0.421368E-01   0.651643E+07   0.647839E+07  -0.935757E+02  -0.111827E+03   0.594023E+07   0.647064E+07   0.651004E+07   0.647064E+07  -0.156113E+00   0.330568E+07   0.330523E+07   0.353382E+01
   0.459674E-01   0.595599E+07   0.592445E+07   0.876215E+02  -0.850490E+02   0.536915E+07   0.591048E+07   0.595069E+07   0.591048E+07  -0.142641E+00   0.302007E+07   0.301970E+07   0.272023E+01
   0.497980E-01   0.551460E+07   0.548952E+07   0.681399E+02  -0.680316E+02   0.491546E+07   0.546925E+07   0.551039E+07   0.546925E+07  -0.131944E+00   0.279515E+07   0.279484E+07   0.207877E+01
   0.536286E-01   0.515057E+07   0.513115E+07   0.555876E+02  -0.540340E+02   0.453895E+07   0.510524E+07   0.514731E+07   0.510524E+07  -0.123214E+00   0.260963E+07   0.260937E+07   0.160022E+01
   0.574592E-01   0.483191E+07   0.481681E+07   0.446662E+02  -0.448834E+02   0.420947E+07   0.478651E+07   0.482938E+07   0.478651E+07  -0.115471E+00   0.244719E+07   0.244697E+07   0.126680E+01
   0.612899E-01   0.453206E+07   0.451969E+07   0.373048E+02  -0.364844E+02   0.390272E+07   0.448661E+07   0.452999E+07   0.448661E+07  -0.108282E+00   0.229432E+07   0.229413E+07   0.105308E+01
   0.651205E-01   0.423523E+07   0.422403E+07   0.304307E+02  -0.306228E+02   0.360468E+07   0.418987E+07   0.423335E+07   0.418987E+07  -0.101083E+00   0.214302E+07   0.214284E+07   0.930073E+00
   0.689511E-01   0.393572E+07   0.392438E+07   0.254229E+02  -0.251563E+02   0.331036E+07   0.389070E+07   0.393382E+07   0.389070E+07  -0.938911E-01   0.199041E+07   0.199023E+07   0.868014E+00
   0.727817E-01   0.364395E+07   0.363160E+07   0.209742E+02  -0.210320E+02   0.302882E+07   0.359948E+07   0.364187E+07   0.359948E+07  -0.868505E-01   0.184180E+07   0.184162E+07   0.841024E+00
   0.766123E-01   0.335750E+07   0.334377E+07   0.174067E+02  -0.175023E+02   0.275775E+07   0.331388E+07   0.335519E+07   0.331388E+07  -0.799589E-01   0.169602E+07   0.169583E+07   0.824660E+00
   0.804429E-01   0.309114E+07   0.307610E+07   0.145934E+02  -0.145407E+02   0.250894E+07   0.304853E+07   0.308862E+07   0.304853E+07  -0.735691E-01   0.156054E+07   0.156034E+07   0.803701E+00
   0.851905E-01   0.279990E+07   0.278390E+07   0.118296E+02  -0.116831E+02   0.223936E+07   0.275864E+07   0.279722E+07   0.275864E+07  -0.665847E-01   0.141250E+07   0.141231E+07   0.757593E+00
   0.899381E-01   0.256070E+07   0.254481E+07   0.954927E+01  -0.973183E+01   0.201836E+07   0.252071E+07   0.255804E+07   0.252071E+07  -0.608173E-01   0.129101E+07   0.129082E+07   0.685373E+00
   0.946856E-01   0.237656E+07   0.236187E+07   0.791089E+01  -0.822558E+01   0.184633E+07   0.233759E+07   0.237409E+07   0.233759E+07  -0.563856E-01   0.119752E+07   0.119735E+07   0.593500E+00
   0.994332E-01   0.224064E+07   0.222795E+07   0.684965E+01  -0.693991E+01   0.171601E+07   0.220238E+07   0.223851E+07   0.220238E+07  -0.531463E-01   0.112853E+07   0.112838E+07   0.494332E+00
   0.104181E+00   0.213775E+07   0.212740E+07   0.600757E+01  -0.597249E+01   0.161414E+07   0.209992E+07   0.213601E+07   0.209992E+07  -0.506898E-01   0.107629E+07   0.107617E+07   0.401094E+00
   0.108928E+00   0.205049E+07   0.204231E+07   0.518393E+01  -0.532352E+01   0.152657E+07   0.201298E+07   0.204912E+07   0.201298E+07  -0.485706E-01   0.103198E+07   0.103187E+07   0.324258E+00
   0.113676E+00   0.196488E+07   0.195831E+07   0.448917E+01  -0.475264E+01   0.144240E+07   0.192772E+07   0.196378E+07   0.192772E+07  -0.464951E-01   0.988505E+06   0.988413E+06   0.269469E+00
   0.118423E+00   0.187254E+07   0.186684E+07   0.399315E+01  -0.411887E+01   0.135545E+07   0.183589E+07   0.187158E+07   0.183589E+07  -0.442988E-01   0.941640E+06   0.941556E+06   0.237015E+00
   0.123171E+00   0.177085E+07   0.176529E+07   0.354196E+01  -0.354601E+01   0.126399E+07   0.173493E+07   0.176992E+07   0.173493E+07  -0.418824E-01   0.890068E+06   0.889986E+06   0.222716E+00
   0.127919E+00   0.166211E+07   0.165613E+07   0.303294E+01  -0.313170E+01   0.116988E+07   0.162714E+07   0.166111E+07   0.162714E+07  -0.392643E-01   0.834962E+06   0.834877E+06   0.219761E+00
   0.132666E+00   0.155185E+07   0.154521E+07   0.257605E+01  -0.277202E+01   0.107714E+07   0.151798E+07   0.155074E+07   0.151798E+07  -0.366103E-01   0.779132E+06   0.779044E+06   0.220818E+00
   0.137414E+00   0.144701E+07   0.143974E+07   0.226431E+01  -0.238117E+01   0.990523E+06   0.141430E+07   0.144579E+07   0.141430E+07  -0.341226E-01   0.726083E+06   0.725993E+06   0.219833E+00
   0.142161E+00   0.135421E+07   0.134660E+07   0.202014E+01  -0.203967E+01   0.914320E+06   0.132260E+07   0.135293E+07   0.132260E+07  -0.319300E-01   0.679156E+06   0.679066E+06   0.213146E+00
   0.146909E+00   0.127783E+07   0.127029E+07   0.176080E+01  -0.182471E+01   0.851068E+06   0.124714E+07   0.127656E+07   0.124714E+07  -0.300981E-01   0.640551E+06   0.640463E+06   0.199768E+00
   0.151656E+00   0.121840E+07   0.121131E+07   0.153339E+01  -0.167340E+01   0.800604E+06   0.118840E+07   0.121721E+07   0.118840E+07  -0.286603E-01   0.610513E+06   0.610431E+06   0.180931E+00
   0.156404E+00   0.117276E+07   0.116642E+07   0.139964E+01  -0.150155E+01   0.760387E+06   0.114325E+07   0.117169E+07   0.114325E+07  -0.275794E-01   0.587446E+06   0.587371E+06   0.159271E+00
   0.161152E+00   0.113603E+07   0.113056E+07   0.131077E+01  -0.133563E+01   0.726877E+06   0.110688E+07   0.113511E+07   0.110688E+07  -0.267228E-01   0.568879E+06   0.568812E+06   0.137882E+00
   0.165899E+00   0.110329E+07   0.109863E+07   0.118972E+01  -0.123474E+01   0.696692E+06   0.107444E+07   0.110251E+07   0.107444E+07  -0.259339E-01   0.552326E+06   0.552266E+06   0.119451E+00
   0.170647E+00   0.107020E+07   0.106615E+07   0.105608E+01  -0.116596E+01   0.666988E+06   0.104168E+07   0.106952E+07   0.104168E+07  -0.251218E-01   0.535597E+06   0.535543E+06   0.105625E+00
   0.175394E+00   0.103355E+07   0.102985E+07   0.969352E+00  -0.106133E+01   0.635775E+06   0.100546E+07   0.103293E+07   0.100546E+07  -0.242521E-01   0.517079E+06   0.517029E+06   0.967899E-01
   0.180142E+00   0.992220E+06   0.988603E+06   0.910038E+00  -0.937342E+00   0.602403E+06   0.964697E+06   0.991613E+06   0.964697E+06  -0.232902E-01   0.496217E+06   0.496167E+06   0.922294E-01
   0.184889E+00   0.947457E+06   0.943721E+06   0.821238E+00  -0.852668E+00   0.567791E+06   0.920617E+06   0.946830E+06   0.920617E+06  -0.222242E-01   0.473639E+06   0.473589E+06   0.905225E-01
   0.189637E+00   0.901833E+06   0.897879E+06   0.716200E+00  -0.797676E+00   0.533494E+06   0.875742E+06   0.901169E+06   0.875742E+06  -0.211203E-01   0.450642E+06   0.450591E+06   0.899912E-01
   0.194385E+00   0.858009E+06   0.853845E+06   0.647127E+00  -0.723117E+00   0.501074E+06   0.832674E+06   0.857310E+06   0.832674E+06  -0.200815E-01   0.428565E+06   0.428513E+06   0.891236E-01
   0.199132E+00   0.818173E+06   0.813893E+06   0.609030E+00  -0.635535E+00   0.471738E+06   0.793546E+06   0.817454E+06   0.793546E+06  -0.191574E-01   0.408505E+06   0.408453E+06   0.868984E-01
   0.203880E+00   0.783835E+06   0.779582E+06   0.557858E+00  -0.579171E+00   0.446244E+06   0.759823E+06   0.783120E+06   0.759823E+06  -0.183452E-01   0.391221E+06   0.391170E+06   0.829346E-01
   0.208627E+00   0.755484E+06   0.751405E+06   0.493466E+00  -0.552798E+00   0.424733E+06   0.731973E+06   0.754799E+06   0.731973E+06  -0.176540E-01   0.376952E+06   0.376903E+06   0.774429E-01
   0.213375E+00   0.732382E+06   0.728588E+06   0.453028E+00  -0.516355E+00   0.406647E+06   0.709262E+06   0.731745E+06   0.709262E+06  -0.171027E-01   0.365324E+06   0.365279E+06   0.710390E-01
   0.218122E+00   0.712909E+06   0.709455E+06   0.438456E+00  -0.464304E+00   0.390971E+06   0.690105E+06   0.712329E+06   0.690105E+06  -0.166589E-01   0.355522E+06   0.355480E+06   0.645095E-01
   0.222870E+00   0.695196E+06   0.692073E+06   0.413747E+00  -0.429272E+00   0.376601E+06   0.672675E+06   0.694672E+06   0.672675E+06  -0.162434E-01   0.346605E+06   0.346566E+06   0.585891E-01
   0.227618E+00   0.677583E+06   0.674728E+06   0.370892E+00  -0.416657E+00   0.362599E+06   0.655354E+06   0.677104E+06   0.655354E+06  -0.158075E-01   0.337740E+06   0.337704E+06   0.537893E-01
   0.232365E+00   0.658888E+06   0.656208E+06   0.339897E+00  -0.394762E+00   0.348327E+06   0.636991E+06   0.658438E+06   0.636991E+06  -0.153578E-01   0.328335E+06   0.328300E+06   0.503109E-01
   0.237113E+00   0.638619E+06   0.636017E+06   0.329190E+00  -0.354450E+00   0.333541E+06   0.617114E+06   0.638182E+06   0.617114E+06  -0.148953E-01   0.318145E+06   0.318111E+06   0.480509E-01
   0.241860E+00   0.617051E+06   0.614448E+06   0.311516E+00  -0.323161E+00   0.318407E+06   0.595991E+06   0.616614E+06   0.595991E+06  -0.143936E-01   0.307309E+06   0.307275E+06   0.466839E-01
   0.246608E+00   0.595002E+06   0.592352E+06   0.277159E+00  -0.311315E+00   0.303358E+06   0.574419E+06   0.594557E+06   0.574419E+06  -0.138571E-01   0.296236E+06   0.296202E+06   0.457784E-01
   0.251355E+00   0.573452E+06   0.570749E+06   0.250199E+00  -0.295573E+00   0.288895E+06   0.553351E+06   0.572998E+06   0.553351E+06  -0.133397E-01   0.285419E+06   0.285385E+06   0.449128E-01
   0.256103E+00   0.553273E+06   0.550542E+06   0.241800E+00  -0.265276E+00   0.275435E+06   0.533632E+06   0.552814E+06   0.533632E+06  -0.128784E-01   0.275294E+06   0.275260E+06   0.437705E-01
   0.260851E+00   0.535079E+06   0.532366E+06   0.231824E+00  -0.240754E+00   0.263253E+06   0.515856E+06   0.534623E+06   0.515856E+06  -0.124596E-01   0.266167E+06   0.266134E+06   0.421931E-01
   0.265598E+00   0.519131E+06   0.516489E+06   0.208547E+00  -0.233587E+00   0.252432E+06   0.500274E+06   0.518687E+06   0.500274E+06  -0.120704E-01   0.258169E+06   0.258137E+06   0.401866E-01
   0.270346E+00   0.505283E+06   0.502757E+06   0.188838E+00  -0.226428E+00   0.242859E+06   0.486740E+06   0.504859E+06   0.486740E+06  -0.117328E-01   0.251225E+06   0.251194E+06   0.378854E-01
   0.275093E+00   0.493049E+06   0.490663E+06   0.184595E+00  -0.206670E+00   0.234258E+06   0.474779E+06   0.492648E+06   0.474779E+06  -0.114561E-01   0.245089E+06   0.245060E+06   0.354939E-01
   0.279841E+00   0.481772E+06   0.479529E+06   0.180981E+00  -0.188396E+00   0.226288E+06   0.463753E+06   0.481395E+06   0.463753E+06  -0.112021E-01   0.239435E+06   0.239407E+06   0.332228E-01
   0.284588E+00   0.470820E+06   0.468703E+06   0.165056E+00  -0.183908E+00   0.218635E+06   0.453049E+06   0.470464E+06   0.453049E+06  -0.109331E-01   0.233944E+06   0.233917E+06   0.312370E-01
   0.289336E+00   0.459717E+06   0.457696E+06   0.148864E+00  -0.180714E+00   0.211069E+06   0.442205E+06   0.459377E+06   0.442205E+06  -0.106585E-01   0.228379E+06   0.228353E+06   0.296238E-01
   0.294084E+00   0.448221E+06   0.446261E+06   0.145038E+00  -0.165941E+00   0.203479E+06   0.430989E+06   0.447892E+06   0.430989E+06  -0.103974E-01   0.222619E+06   0.222594E+06   0.283854E-01
   0.298831E+00   0.436337E+06   0.434407E+06   0.143291E+00  -0.149833E+00   0.195869E+06   0.419406E+06   0.436013E+06   0.419406E+06  -0.101313E-01   0.216668E+06   0.216643E+06   0.274530E-01
   0.303579E+00   0.424274E+06   0.422351E+06   0.131085E+00  -0.145022E+00   0.188335E+06   0.407656E+06   0.423951E+06   0.407656E+06  -0.983971E-02   0.210629E+06   0.210605E+06   0.267146E-01
   0.308326E+00   0.412353E+06   0.410431E+06   0.116889E+00  -0.143202E+00   0.181018E+06   0.396055E+06   0.412031E+06   0.396055E+06  -0.954593E-02   0.204664E+06   0.204640E+06   0.260482E-01
   0.313074E+00   0.400917E+06   0.398999E+06   0.112986E+00  -0.132225E+00   0.174063E+06   0.384929E+06   0.400595E+06   0.384929E+06  -0.928414E-02   0.198943E+06   0.198919E+06   0.253514E-01
   0.317821E+00   0.390230E+06   0.388331E+06   0.112779E+00  -0.118768E+00   0.167572E+06   0.374535E+06   0.389911E+06   0.374535E+06  -0.904742E-02   0.193598E+06   0.193574E+06   0.245612E-01
   0.322569E+00   0.380425E+06   0.378561E+06   0.104477E+00  -0.114609E+00   0.161588E+06   0.364999E+06   0.380112E+06   0.364999E+06  -0.881207E-02   0.188695E+06   0.188672E+06   0.236598E-01
   0.327317E+00   0.371482E+06   0.369671E+06   0.930671E-01  -0.114669E+00   0.156088E+06   0.356303E+06   0.371178E+06   0.356303E+06  -0.858798E-02   0.184224E+06   0.184202E+06   0.226700E-01
   0.332064E+00   0.363267E+06   0.361519E+06   0.898066E-01  -0.107535E+00   0.151001E+06   0.348314E+06   0.362974E+06   0.348314E+06  -0.839910E-02   0.180118E+06   0.180096E+06   0.216414E-01
   0.336812E+00   0.355579E+06   0.353899E+06   0.909820E-01  -0.967433E-01   0.146231E+06   0.340839E+06   0.355297E+06   0.340839E+06  -0.823311E-02   0.176275E+06   0.176254E+06   0.206339E-01
   0.341559E+00   0.348203E+06   0.346586E+06   0.856485E-01  -0.930758E-01   0.141682E+06   0.333668E+06   0.347931E+06   0.333668E+06  -0.805752E-02   0.172589E+06   0.172569E+06   0.197011E-01
   0.346307E+00   0.340947E+06   0.339385E+06   0.761661E-01  -0.940400E-01   0.137268E+06   0.326617E+06   0.340685E+06   0.326617E+06  -0.787297E-02   0.168964E+06   0.168944E+06   0.188779E-01
   0.351054E+00   0.333678E+06   0.332158E+06   0.728471E-01  -0.892287E-01   0.132934E+06   0.319558E+06   0.333423E+06   0.319558E+06  -0.770389E-02   0.165333E+06   0.165314E+06   0.181752E-01
   0.355802E+00   0.326347E+06   0.324857E+06   0.742886E-01  -0.799967E-01   0.128657E+06   0.312442E+06   0.326097E+06   0.312442E+06  -0.754651E-02   0.161672E+06   0.161653E+06   0.175812E-01
   0.360550E+00   0.318995E+06   0.317526E+06   0.707135E-01  -0.761231E-01   0.124454E+06   0.305312E+06   0.318748E+06   0.305312E+06  -0.737446E-02   0.158001E+06   0.157983E+06   0.170690E-01
   0.365297E+00   0.311728E+06   0.310274E+06   0.626009E-01  -0.771599E-01   0.120364E+06   0.298267E+06   0.311484E+06   0.298267E+06  -0.719041E-02   0.154374E+06   0.154356E+06   0.166043E-01
   0.370045E+00   0.304664E+06   0.303225E+06   0.591022E-01  -0.739868E-01   0.116429E+06   0.291422E+06   0.304422E+06   0.291422E+06  -0.702401E-02   0.150850E+06   0.150832E+06   0.161544E-01
   0.374792E+00   0.297895E+06   0.296474E+06   0.605712E-01  -0.662632E-01   0.112681E+06   0.284864E+06   0.297656E+06   0.284864E+06  -0.687945E-02   0.147473E+06   0.147455E+06   0.156946E-01
   0.379540E+00   0.291474E+06   0.290076E+06   0.585321E-01  -0.624622E-01   0.109134E+06   0.278646E+06   0.291239E+06   0.278646E+06  -0.673181E-02   0.144270E+06   0.144253E+06   0.152128E-01
   0.384287E+00   0.285424E+06   0.284053E+06   0.519116E-01  -0.636431E-01   0.105791E+06   0.272787E+06   0.285193E+06   0.272787E+06  -0.657722E-02   0.141253E+06   0.141236E+06   0.147095E-01
   0.389035E+00   0.279730E+06   0.278392E+06   0.485134E-01  -0.619731E-01   0.102641E+06   0.267274E+06   0.279505E+06   0.267274E+06  -0.644066E-02   0.138414E+06   0.138398E+06   0.141957E-01
   0.393783E+00   0.274334E+06   0.273031E+06   0.500049E-01  -0.557382E-01   0.996579E+05   0.262050E+06   0.274115E+06   0.262050E+06  -0.632731E-02   0.135724E+06   0.135708E+06   0.136867E-01
   0.398530E+00   0.269147E+06   0.267880E+06   0.491796E-01  -0.520920E-01   0.968048E+05   0.257030E+06   0.268934E+06   0.257030E+06  -0.621080E-02   0.133139E+06   0.133124E+06   0.131989E-01
   0.403278E+00   0.264090E+06   0.262855E+06   0.438014E-01  -0.532275E-01   0.940498E+05   0.252138E+06   0.263883E+06   0.252138E+06  -0.608062E-02   0.130619E+06   0.130604E+06   0.127447E-01
   0.408025E+00   0.259116E+06   0.257909E+06   0.404181E-01  -0.525683E-01   0.913734E+05   0.247327E+06   0.258913E+06   0.247327E+06  -0.595893E-02   0.128141E+06   0.128126E+06   0.123309E-01
   0.412773E+00   0.254202E+06   0.253019E+06   0.416695E-01  -0.474547E-01   0.887660E+05   0.242576E+06   0.254003E+06   0.242576E+06  -0.585575E-02   0.125693E+06   0.125678E+06   0.119577E-01
   0.417520E+00   0.249338E+06   0.248175E+06   0.416025E-01  -0.438270E-01   0.862227E+05   0.237876E+06   0.249143E+06   0.237876E+06  -0.574886E-02   0.123270E+06   0.123256E+06   0.116192E-01
   0.422268E+00   0.244534E+06   0.243388E+06   0.372156E-01  -0.446825E-01   0.837450E+05   0.233236E+06   0.244342E+06   0.233236E+06  -0.562618E-02   0.120878E+06   0.120864E+06   0.113059E-01
   0.427016E+00   0.239824E+06   0.238694E+06   0.338481E-01  -0.446860E-01   0.813432E+05   0.228688E+06   0.239634E+06   0.228688E+06  -0.550909E-02   0.118533E+06   0.118519E+06   0.110078E-01
   0.431763E+00   0.235253E+06   0.234139E+06   0.347789E-01  -0.405635E-01   0.790305E+05   0.224275E+06   0.235066E+06   0.224275E+06  -0.541252E-02   0.116258E+06   0.116244E+06   0.107163E-01
   0.436511E+00   0.230852E+06   0.229754E+06   0.352698E-01  -0.370534E-01   0.768150E+05   0.220028E+06   0.230667E+06   0.220028E+06  -0.531813E-02   0.114068E+06   0.114054E+06   0.104258E-01
   0.441258E+00   0.226627E+06   0.225547E+06   0.318230E-01  -0.376474E-01   0.746965E+05   0.215951E+06   0.226446E+06   0.215951E+06  -0.521073E-02   0.111965E+06   0.111952E+06   0.101340E-01
   0.446006E+00   0.222570E+06   0.221511E+06   0.285935E-01  -0.381805E-01   0.726698E+05   0.212038E+06   0.222392E+06   0.212038E+06  -0.510754E-02   0.109947E+06   0.109934E+06   0.984189E-02
   0.450753E+00   0.218669E+06   0.217630E+06   0.292344E-01  -0.349871E-01   0.707285E+05   0.208275E+06   0.218494E+06   0.208275E+06  -0.502489E-02   0.108007E+06   0.107994E+06   0.955303E-02
   0.455501E+00   0.214905E+06   0.213888E+06   0.301302E-01  -0.316692E-01   0.688646E+05   0.204646E+06   0.214734E+06   0.204646E+06  -0.494668E-02   0.106135E+06   0.106122E+06   0.927206E-02
   0.460249E+00   0.211254E+06   0.210257E+06   0.275023E-01  -0.319929E-01   0.670681E+05   0.201127E+06   0.211086E+06   0.201127E+06  -0.485454E-02   0.104319E+06   0.104307E+06   0.900318E-02
   0.464996E+00   0.207686E+06   0.206708E+06   0.244315E-01  -0.328641E-01   0.653283E+05   0.197688E+06   0.207522E+06   0.197688E+06  -0.476171E-02   0.102545E+06   0.102533E+06   0.874908E-02
   0.469744E+00   0.204181E+06   0.203221E+06   0.247517E-01  -0.304382E-01   0.636375E+05   0.194312E+06   0.204020E+06   0.194312E+06  -0.468649E-02   0.100803E+06   0.100791E+06   0.851069E-02
   0.474491E+00   0.200734E+06   0.199790E+06   0.258668E-01  -0.273046E-01   0.619926E+05   0.190992E+06   0.200576E+06   0.190992E+06  -0.461665E-02   0.990898E+05   0.990780E+05   0.828725E-02
   0.479239E+00   0.197349E+06   0.196419E+06   0.239165E-01  -0.273212E-01   0.603943E+05   0.187732E+06   0.197193E+06   0.187732E+06  -0.453274E-02   0.974075E+05   0.973959E+05   0.807670E-02
   0.483986E+00   0.194033E+06   0.193117E+06   0.210245E-01  -0.283634E-01   0.588435E+05   0.184541E+06   0.193879E+06   0.184541E+06  -0.444513E-02   0.957600E+05   0.957485E+05   0.787611E-02
   0.488734E+00   0.190793E+06   0.189890E+06   0.210290E-01  -0.265902E-01   0.573410E+05   0.181422E+06   0.190641E+06   0.181422E+06  -0.437415E-02   0.941501E+05   0.941388E+05   0.768246E-02
   0.493481E+00   0.187635E+06   0.186745E+06   0.222470E-01  -0.236821E-01   0.558880E+05   0.178385E+06   0.187485E+06   0.178385E+06  -0.431166E-02   0.925816E+05   0.925705E+05   0.749335E-02
   0.498229E+00   0.184569E+06   0.183693E+06   0.208926E-01  -0.234241E-01   0.544860E+05   0.175436E+06   0.184422E+06   0.175436E+06  -0.423727E-02   0.910591E+05   0.910481E+05   0.730744E-02
   0.502977E+00   0.181600E+06   0.180738E+06   0.182313E-01  -0.245488E-01   0.531352E+05   0.172581E+06   0.181456E+06   0.172581E+06  -0.415743E-02   0.895849E+05   0.895742E+05   0.712441E-02
   0.507724E+00   0.178724E+06   0.177875E+06   0.179641E-01  -0.233508E-01   0.518332E+05   0.169816E+06   0.178582E+06   0.169816E+06  -0.409295E-02   0.881568E+05   0.881462E+05   0.694468E-02
   0.512472E+00   0.175929E+06   0.175094E+06   0.192076E-01  -0.207069E-01   0.505755E+05   0.167129E+06   0.175789E+06   0.167129E+06  -0.403913E-02   0.867691E+05   0.867587E+05   0.676913E-02
   0.517219E+00   0.173205E+06   0.172384E+06   0.183634E-01  -0.202109E-01   0.493584E+05   0.164512E+06   0.173067E+06   0.164512E+06  -0.397473E-02   0.854172E+05   0.854070E+05   0.659893E-02
   0.521967E+00   0.170547E+06   0.169740E+06   0.159540E-01  -0.213369E-01   0.481793E+05   0.161958E+06   0.170412E+06   0.161958E+06  -0.390213E-02   0.840981E+05   0.840881E+05   0.643511E-02
   0.526714E+00   0.167949E+06   0.167155E+06   0.154449E-01  -0.206157E-01   0.470357E+05   0.159463E+06   0.167816E+06   0.159463E+06  -0.384219E-02   0.828090E+05   0.827991E+05   0.627829E-02
   0.531462E+00   0.165404E+06   0.164621E+06   0.166367E-01  -0.182423E-01   0.459247E+05   0.157019E+06   0.165272E+06   0.157019E+06  -0.379407E-02   0.815460E+05   0.815362E+05   0.612843E-02
   0.536210E+00   0.162905E+06   0.162134E+06   0.162094E-01  -0.175336E-01   0.448439E+05   0.154620E+06   0.162776E+06   0.154620E+06  -0.373688E-02   0.803064E+05   0.802968E+05   0.598503E-02
   0.540957E+00   0.160454E+06   0.159694E+06   0.140618E-01  -0.185894E-01   0.437930E+05   0.152267E+06   0.160326E+06   0.152267E+06  -0.366945E-02   0.790905E+05   0.790810E+05   0.584734E-02
   0.545705E+00   0.158054E+06   0.157305E+06   0.133461E-01  -0.182571E-01   0.427725E+05   0.149965E+06   0.157929E+06   0.149965E+06  -0.361227E-02   0.779005E+05   0.778912E+05   0.571451E-02
   0.550452E+00   0.155711E+06   0.154972E+06   0.144319E-01  -0.161651E-01   0.417828E+05   0.147716E+06   0.155587E+06   0.147716E+06  -0.356839E-02   0.767382E+05   0.767290E+05   0.558569E-02
   0.555200E+00   0.153422E+06   0.152693E+06   0.143462E-01  -0.152847E-01   0.408229E+05   0.145521E+06   0.153299E+06   0.145521E+06  -0.351795E-02   0.756034E+05   0.755943E+05   0.546016E-02
   0.559947E+00   0.151187E+06   0.150469E+06   0.124749E-01  -0.162287E-01   0.398919E+05   0.143378E+06   0.151066E+06   0.143378E+06  -0.345621E-02   0.744953E+05   0.744864E+05   0.533747E-02
   0.564695E+00   0.149006E+06   0.148298E+06   0.115986E-01  -0.162151E-01   0.389895E+05   0.141287E+06   0.148887E+06   0.141287E+06  -0.340238E-02   0.734145E+05   0.734056E+05   0.521755E-02
   0.569443E+00   0.146881E+06   0.146183E+06   0.125460E-01  -0.144134E-01   0.381151E+05   0.139250E+06   0.146764E+06   0.139250E+06  -0.336282E-02   0.723610E+05   0.723523E+05   0.510056E-02
   0.574190E+00   0.144807E+06   0.144119E+06   0.127342E-01  -0.134045E-01   0.372673E+05   0.137263E+06   0.144692E+06   0.137263E+06  -0.331906E-02   0.713333E+05   0.713247E+05   0.498671E-02
   0.578938E+00   0.142779E+06   0.142101E+06   0.111426E-01  -0.142068E-01   0.364439E+05   0.135319E+06   0.142665E+06   0.135319E+06  -0.326306E-02   0.703283E+05   0.703199E+05   0.487620E-02
   0.623642E+00   0.125583E+06   0.124985E+06   0.822890E-02  -0.109714E-01   0.297158E+05   0.118859E+06   0.125482E+06   0.118859E+06  -0.286465E-02   0.618121E+05   0.618046E+05   0.399313E-02
   0.671798E+00   0.110393E+06   0.109868E+06   0.694811E-02  -0.758655E-02   0.241567E+05   0.104347E+06   0.110305E+06   0.104347E+06  -0.252241E-02   0.542976E+05   0.542910E+05   0.326683E-02
   0.723672E+00   0.970033E+05   0.965413E+05   0.476895E-02  -0.623008E-02   0.195829E+05   0.915770E+05   0.969257E+05   0.915770E+05  -0.220822E-02   0.476801E+05   0.476743E+05   0.267309E-02
   0.833676E+00   0.757022E+05   0.753410E+05   0.271132E-02  -0.374923E-02   0.130259E+05   0.713113E+05   0.756415E+05   0.713113E+05  -0.171848E-02   0.371670E+05   0.371625E+05   0.182360E-02
   0.116349E+01   0.419217E+05   0.417210E+05   0.452611E-03  -0.138020E-02   0.479511E+04   0.393228E+05   0.418880E+05   0.393228E+05  -0.938382E-03   0.205372E+05   0.205346E+05   0.741822E-03
   0.162378E+01   0.230051E+05   0.228946E+05  -0.273749E-01  -0.278889E-01   0.167868E+04   0.215129E+05   0.229865E+05   0.215129E+05   0.110858E-02   0.112530E+05   0.112515E+05   0.305053E-03
   0.226617E+01   0.125190E+05   0.124587E+05  -0.414852E-02  -0.429305E-02   0.561620E+03   0.116827E+05   0.125089E+05   0.116827E+05   0.201106E-03   0.611761E+04   0.611673E+04   0.128944E-03
