#           k/h    P           
    0.10000E-03    0.48134E+03
    0.10202E-03    0.49066E+03
    0.10408E-03    0.50017E+03
    0.10618E-03    0.50986E+03
    0.10833E-03    0.51974E+03
    0.11052E-03    0.52982E+03
    0.11275E-03    0.54008E+03
    0.11503E-03    0.55055E+03
    0.11735E-03    0.56121E+03
    0.11972E-03    0.57209E+03
    0.12214E-03    0.58317E+03
    0.12461E-03    0.59447E+03
    0.12712E-03    0.60599E+03
    0.12969E-03    0.61773E+03
    0.13231E-03    0.62970E+03
    0.13499E-03    0.64190E+03
    0.13771E-03    0.65433E+03
    0.14049E-03    0.66701E+03
    0.14333E-03    0.67993E+03
    0.14623E-03    0.69310E+03
    0.14918E-03    0.70652E+03
    0.15220E-03    0.72021E+03
    0.15527E-03    0.73416E+03
    0.15841E-03    0.74838E+03
    0.16161E-03    0.76287E+03
    0.16487E-03    0.77765E+03
    0.16820E-03    0.79271E+03
    0.17160E-03    0.80806E+03
    0.17507E-03    0.82371E+03
    0.17860E-03    0.83966E+03
    0.18221E-03    0.85591E+03
    0.18589E-03    0.87249E+03
    0.18965E-03    0.88938E+03
    0.19348E-03    0.90660E+03
    0.19739E-03    0.92415E+03
    0.20138E-03    0.94204E+03
    0.20544E-03    0.96027E+03
    0.20959E-03    0.97886E+03
    0.21383E-03    0.99780E+03
    0.21815E-03    0.10171E+04
    0.22255E-03    0.10368E+04
    0.22705E-03    0.10569E+04
    0.23164E-03    0.10773E+04
    0.23632E-03    0.10982E+04
    0.24109E-03    0.11194E+04
    0.24596E-03    0.11411E+04
    0.25093E-03    0.11631E+04
    0.25600E-03    0.11856E+04
    0.26117E-03    0.12085E+04
    0.26645E-03    0.12319E+04
    0.27183E-03    0.12557E+04
    0.27732E-03    0.12800E+04
    0.28292E-03    0.13048E+04
    0.28864E-03    0.13300E+04
    0.29447E-03    0.13557E+04
    0.30042E-03    0.13819E+04
    0.30649E-03    0.14086E+04
    0.31268E-03    0.14358E+04
    0.31899E-03    0.14635E+04
    0.32544E-03    0.14918E+04
    0.33201E-03    0.15206E+04
    0.33872E-03    0.15500E+04
    0.34556E-03    0.15799E+04
    0.35254E-03    0.16104E+04
    0.35966E-03    0.16415E+04
    0.36693E-03    0.16731E+04
    0.37434E-03    0.17054E+04
    0.38190E-03    0.17383E+04
    0.38962E-03    0.17718E+04
    0.39749E-03    0.18060E+04
    0.40552E-03    0.18408E+04
    0.41371E-03    0.18763E+04
    0.42207E-03    0.19124E+04
    0.43060E-03    0.19492E+04
    0.43929E-03    0.19868E+04
    0.44817E-03    0.20250E+04
    0.45722E-03    0.20640E+04
    0.46646E-03    0.21037E+04
    0.47588E-03    0.21442E+04
    0.48550E-03    0.21854E+04
    0.49530E-03    0.22274E+04
    0.50531E-03    0.22702E+04
    0.51552E-03    0.23138E+04
    0.52593E-03    0.23582E+04
    0.53656E-03    0.24035E+04
    0.54739E-03    0.24496E+04
    0.55845E-03    0.24966E+04
    0.56973E-03    0.25445E+04
    0.58124E-03    0.25932E+04
    0.59299E-03    0.26429E+04
    0.60496E-03    0.26935E+04
    0.61719E-03    0.27451E+04
    0.62965E-03    0.27976E+04
    0.64237E-03    0.28511E+04
    0.65535E-03    0.29056E+04
    0.66859E-03    0.29610E+04
    0.68210E-03    0.30176E+04
    0.69588E-03    0.30751E+04
    0.70993E-03    0.31337E+04
    0.72427E-03    0.31935E+04
    0.73891E-03    0.32543E+04
    0.75383E-03    0.33162E+04
    0.76906E-03    0.33792E+04
    0.78460E-03    0.34435E+04
    0.80045E-03    0.35088E+04
    0.81662E-03    0.35754E+04
    0.83311E-03    0.36432E+04
    0.84994E-03    0.37122E+04
    0.86711E-03    0.37825E+04
    0.88463E-03    0.38540E+04
    0.90250E-03    0.39268E+04
    0.92073E-03    0.40010E+04
    0.93933E-03    0.40764E+04
    0.95831E-03    0.41532E+04
    0.97767E-03    0.42314E+04
    0.99742E-03    0.43110E+04
    0.10176E-02    0.43920E+04
    0.10381E-02    0.44744E+04
    0.10591E-02    0.45583E+04
    0.10805E-02    0.46437E+04
    0.11023E-02    0.47305E+04
    0.11246E-02    0.48189E+04
    0.11473E-02    0.49088E+04
    0.11705E-02    0.50003E+04
    0.11941E-02    0.50933E+04
    0.12182E-02    0.51880E+04
    0.12429E-02    0.52843E+04
    0.12680E-02    0.53822E+04
    0.12936E-02    0.54818E+04
    0.13197E-02    0.55831E+04
    0.13464E-02    0.56861E+04
    0.13736E-02    0.57909E+04
    0.14013E-02    0.58974E+04
    0.14296E-02    0.60056E+04
    0.14585E-02    0.61157E+04
    0.14880E-02    0.62276E+04
    0.15180E-02    0.63414E+04
    0.15487E-02    0.64570E+04
    0.15800E-02    0.65744E+04
    0.16119E-02    0.66938E+04
    0.16445E-02    0.68151E+04
    0.16777E-02    0.69384E+04
    0.17116E-02    0.70636E+04
    0.17462E-02    0.71908E+04
    0.17814E-02    0.73200E+04
    0.18174E-02    0.74512E+04
    0.18541E-02    0.75844E+04
    0.18916E-02    0.77197E+04
    0.19298E-02    0.78570E+04
    0.19688E-02    0.79965E+04
    0.20086E-02    0.81380E+04
    0.20491E-02    0.82816E+04
    0.20905E-02    0.84274E+04
    0.21328E-02    0.85753E+04
    0.21758E-02    0.87253E+04
    0.22198E-02    0.88776E+04
    0.22646E-02    0.90319E+04
    0.23104E-02    0.91885E+04
    0.23571E-02    0.93472E+04
    0.24047E-02    0.95082E+04
    0.24533E-02    0.96713E+04
    0.25028E-02    0.98366E+04
    0.25534E-02    0.10004E+05
    0.26050E-02    0.10174E+05
    0.26576E-02    0.10346E+05
    0.27113E-02    0.10520E+05
    0.27660E-02    0.10696E+05
    0.28219E-02    0.10875E+05
    0.28789E-02    0.11056E+05
    0.29371E-02    0.11239E+05
    0.29964E-02    0.11424E+05
    0.30569E-02    0.11611E+05
    0.31187E-02    0.11800E+05
    0.31817E-02    0.11992E+05
    0.32460E-02    0.12186E+05
    0.33115E-02    0.12381E+05
    0.33784E-02    0.12579E+05
    0.34467E-02    0.12779E+05
    0.35163E-02    0.12981E+05
    0.35874E-02    0.13185E+05
    0.36598E-02    0.13390E+05
    0.37338E-02    0.13598E+05
    0.38092E-02    0.13808E+05
    0.38861E-02    0.14019E+05
    0.39646E-02    0.14232E+05
    0.40447E-02    0.14447E+05
    0.41264E-02    0.14664E+05
    0.42098E-02    0.14882E+05
    0.42948E-02    0.15101E+05
    0.43816E-02    0.15322E+05
    0.44701E-02    0.15545E+05
    0.45604E-02    0.15769E+05
    0.46525E-02    0.15994E+05
    0.47465E-02    0.16220E+05
    0.48424E-02    0.16448E+05
    0.49402E-02    0.16676E+05
    0.50400E-02    0.16905E+05
    0.51419E-02    0.17135E+05
    0.52457E-02    0.17366E+05
    0.53517E-02    0.17597E+05
    0.54598E-02    0.17829E+05
    0.55701E-02    0.18061E+05
    0.56826E-02    0.18293E+05
    0.57974E-02    0.18525E+05
    0.59145E-02    0.18758E+05
    0.60340E-02    0.18989E+05
    0.61559E-02    0.19221E+05
    0.62803E-02    0.19452E+05
    0.64072E-02    0.19682E+05
    0.65366E-02    0.19912E+05
    0.66686E-02    0.20140E+05
    0.68033E-02    0.20367E+05
    0.69408E-02    0.20593E+05
    0.70810E-02    0.20817E+05
    0.72240E-02    0.21039E+05
    0.73700E-02    0.21259E+05
    0.75189E-02    0.21477E+05
    0.76708E-02    0.21693E+05
    0.78257E-02    0.21905E+05
    0.79838E-02    0.22115E+05
    0.81451E-02    0.22322E+05
    0.83096E-02    0.22525E+05
    0.84775E-02    0.22724E+05
    0.86488E-02    0.22920E+05
    0.88235E-02    0.23111E+05
    0.90017E-02    0.23298E+05
    0.91836E-02    0.23480E+05
    0.93691E-02    0.23657E+05
    0.95583E-02    0.23829E+05
    0.97514E-02    0.23995E+05
    0.99484E-02    0.24155E+05
    0.10149E-01    0.24310E+05
    0.10354E-01    0.24457E+05
    0.10564E-01    0.24598E+05
    0.10777E-01    0.24732E+05
    0.10995E-01    0.24859E+05
    0.11217E-01    0.24978E+05
    0.11443E-01    0.25088E+05
    0.11675E-01    0.25191E+05
    0.11910E-01    0.25285E+05
    0.12151E-01    0.25370E+05
    0.12397E-01    0.25447E+05
    0.12647E-01    0.25514E+05
    0.12902E-01    0.25571E+05
    0.13163E-01    0.25619E+05
    0.13429E-01    0.25655E+05
    0.13700E-01    0.25680E+05
    0.13977E-01    0.25694E+05
    0.14259E-01    0.25696E+05
    0.14547E-01    0.25688E+05
    0.14841E-01    0.25670E+05
    0.15141E-01    0.25643E+05
    0.15447E-01    0.25609E+05
    0.15759E-01    0.25565E+05
    0.16077E-01    0.25511E+05
    0.16402E-01    0.25443E+05
    0.16734E-01    0.25361E+05
    0.17072E-01    0.25262E+05
    0.17416E-01    0.25148E+05
    0.17768E-01    0.25019E+05
    0.18127E-01    0.24877E+05
    0.18493E-01    0.24722E+05
    0.18867E-01    0.24556E+05
    0.19248E-01    0.24379E+05
    0.19637E-01    0.24188E+05
    0.20034E-01    0.23984E+05
    0.20438E-01    0.23765E+05
    0.20851E-01    0.23530E+05
    0.21272E-01    0.23281E+05
    0.21702E-01    0.23020E+05
    0.22141E-01    0.22747E+05
    0.22588E-01    0.22464E+05
    0.23044E-01    0.22173E+05
    0.23510E-01    0.21874E+05
    0.23985E-01    0.21567E+05
    0.24469E-01    0.21253E+05
    0.24964E-01    0.20931E+05
    0.25468E-01    0.20603E+05
    0.25982E-01    0.20267E+05
    0.26507E-01    0.19925E+05
    0.27043E-01    0.19577E+05
    0.27589E-01    0.19222E+05
    0.28146E-01    0.18861E+05
    0.28715E-01    0.18495E+05
    0.29295E-01    0.18125E+05
    0.29887E-01    0.17752E+05
    0.30490E-01    0.17378E+05
    0.31106E-01    0.17002E+05
    0.31735E-01    0.16626E+05
    0.32376E-01    0.16251E+05
    0.33030E-01    0.15878E+05
    0.33697E-01    0.15508E+05
    0.34378E-01    0.15142E+05
    0.35072E-01    0.14780E+05
    0.35781E-01    0.14425E+05
    0.36504E-01    0.14078E+05
    0.37241E-01    0.13740E+05
    0.37993E-01    0.13411E+05
    0.38761E-01    0.13092E+05
    0.39544E-01    0.12782E+05
    0.40343E-01    0.12480E+05
    0.41158E-01    0.12187E+05
    0.41989E-01    0.11902E+05
    0.42838E-01    0.11626E+05
    0.43703E-01    0.11360E+05
    0.44586E-01    0.11105E+05
    0.45486E-01    0.10863E+05
    0.46405E-01    0.10633E+05
    0.47343E-01    0.10415E+05
    0.48299E-01    0.10209E+05
    0.49275E-01    0.10013E+05
    0.50270E-01    0.98266E+04
    0.51286E-01    0.96486E+04
    0.52322E-01    0.94781E+04
    0.53379E-01    0.93141E+04
    0.54457E-01    0.91558E+04
    0.55557E-01    0.90021E+04
    0.56680E-01    0.88522E+04
    0.57825E-01    0.87054E+04
    0.58993E-01    0.85607E+04
    0.60184E-01    0.84165E+04
    0.61400E-01    0.82713E+04
    0.62641E-01    0.81236E+04
    0.63906E-01    0.79717E+04
    0.65197E-01    0.78139E+04
    0.66514E-01    0.76489E+04
    0.67858E-01    0.74760E+04
    0.69229E-01    0.72962E+04
    0.70627E-01    0.71102E+04
    0.72054E-01    0.69180E+04
    0.73510E-01    0.67177E+04
    0.74994E-01    0.65080E+04
    0.76509E-01    0.62896E+04
    0.78055E-01    0.60657E+04
    0.79632E-01    0.58392E+04
    0.81241E-01    0.56123E+04
    0.82882E-01    0.53864E+04
    0.84556E-01    0.51632E+04
    0.86264E-01    0.49449E+04
    0.88007E-01    0.47334E+04
    0.89785E-01    0.45306E+04
    0.91598E-01    0.43382E+04
    0.93449E-01    0.41578E+04
    0.95337E-01    0.39906E+04
    0.97263E-01    0.38380E+04
    0.99227E-01    0.37006E+04
    0.10123E+00    0.35783E+04
    0.10328E+00    0.34708E+04
    0.10536E+00    0.33771E+04
    0.10749E+00    0.32951E+04
    0.10966E+00    0.32229E+04
    0.11188E+00    0.31577E+04
    0.11414E+00    0.30967E+04
    0.11644E+00    0.30373E+04
    0.11880E+00    0.29767E+04
    0.12120E+00    0.29126E+04
    0.12365E+00    0.28429E+04
    0.12614E+00    0.27663E+04
    0.12869E+00    0.26819E+04
    0.13129E+00    0.25896E+04
    0.13394E+00    0.24902E+04
    0.13665E+00    0.23850E+04
    0.13941E+00    0.22759E+04
    0.14223E+00    0.21656E+04
    0.14510E+00    0.20567E+04
    0.14803E+00    0.19521E+04
    0.15102E+00    0.18547E+04
    0.15407E+00    0.17666E+04
    0.15718E+00    0.16894E+04
    0.16036E+00    0.16234E+04
    0.16360E+00    0.15680E+04
    0.16690E+00    0.15216E+04
    0.17028E+00    0.14820E+04
    0.17371E+00    0.14469E+04
    0.17722E+00    0.14137E+04
    0.18080E+00    0.13798E+04
    0.18446E+00    0.13428E+04
    0.18818E+00    0.13007E+04
    0.19198E+00    0.12529E+04
    0.19586E+00    0.12000E+04
    0.19982E+00    0.11438E+04
    0.20386E+00    0.10867E+04
    0.20797E+00    0.10310E+04
    0.21218E+00    0.97885E+03
    0.21646E+00    0.93198E+03
    0.22083E+00    0.89149E+03
    0.22530E+00    0.85749E+03
    0.22985E+00    0.82900E+03
    0.23449E+00    0.80424E+03
    0.23923E+00    0.78114E+03
    0.24406E+00    0.75768E+03
    0.24899E+00    0.73228E+03
    0.25402E+00    0.70415E+03
    0.25915E+00    0.67355E+03
    0.26439E+00    0.64171E+03
    0.26973E+00    0.61022E+03
    0.27518E+00    0.58060E+03
    0.28074E+00    0.55399E+03
    0.28641E+00    0.53086E+03
    0.29219E+00    0.51089E+03
    0.29810E+00    0.49305E+03
    0.30412E+00    0.47605E+03
    0.31026E+00    0.45873E+03
    0.31653E+00    0.44045E+03
    0.32292E+00    0.42125E+03
    0.32945E+00    0.40179E+03
    0.33610E+00    0.38297E+03
    0.34289E+00    0.36559E+03
    0.34982E+00    0.35000E+03
    0.35689E+00    0.33599E+03
    0.36409E+00    0.32300E+03
    0.37145E+00    0.31038E+03
    0.37895E+00    0.29764E+03
    0.38661E+00    0.28468E+03
    0.39442E+00    0.27184E+03
    0.40239E+00    0.25956E+03
    0.41052E+00    0.24813E+03
    0.41881E+00    0.23762E+03
    0.42727E+00    0.22780E+03
    0.43590E+00    0.21833E+03
    0.44471E+00    0.20900E+03
    0.45369E+00    0.19979E+03
    0.46286E+00    0.19086E+03
    0.47221E+00    0.18240E+03
    0.48174E+00    0.17446E+03
    0.49148E+00    0.16697E+03
    0.50141E+00    0.15977E+03
    0.51153E+00    0.15278E+03
    0.52187E+00    0.14600E+03
    0.53241E+00    0.13949E+03
    0.54317E+00    0.13332E+03
    0.55414E+00    0.12745E+03
    0.56533E+00    0.12185E+03
    0.57675E+00    0.11645E+03
    0.58840E+00    0.11124E+03
    0.60029E+00    0.10627E+03
    0.61242E+00    0.10153E+03
    0.62479E+00    0.96994E+02
    0.63741E+00    0.92653E+02
    0.65029E+00    0.88496E+02
    0.66342E+00    0.84518E+02
    0.67683E+00    0.80712E+02
    0.69050E+00    0.77071E+02
    0.70445E+00    0.73591E+02
    0.71868E+00    0.70264E+02
    0.73320E+00    0.67085E+02
    0.74801E+00    0.64045E+02
    0.76312E+00    0.61138E+02
    0.77854E+00    0.58358E+02
    0.79426E+00    0.55699E+02
    0.81031E+00    0.53157E+02
    0.82668E+00    0.50726E+02
    0.84338E+00    0.48403E+02
    0.86041E+00    0.46182E+02
    0.87780E+00    0.44061E+02
    0.89553E+00    0.42034E+02
    0.91362E+00    0.40098E+02
    0.93208E+00    0.38249E+02
    0.95091E+00    0.36482E+02
    0.97011E+00    0.34796E+02
    0.98971E+00    0.33185E+02
    0.10097E+01    0.31647E+02
    0.10301E+01    0.30178E+02
    0.10509E+01    0.28776E+02
    0.10721E+01    0.27437E+02
    0.10938E+01    0.26160E+02
    0.11159E+01    0.24940E+02
    0.11384E+01    0.23775E+02
    0.11614E+01    0.22664E+02
    0.11849E+01    0.21604E+02
    0.12088E+01    0.20592E+02
    0.12333E+01    0.19626E+02
    0.12582E+01    0.18704E+02
    0.12836E+01    0.17825E+02
    0.13095E+01    0.16986E+02
    0.13360E+01    0.16186E+02
    0.13630E+01    0.15423E+02
    0.13905E+01    0.14694E+02
    0.14186E+01    0.13999E+02
    0.14472E+01    0.13337E+02
    0.14765E+01    0.12705E+02
    0.15063E+01    0.12102E+02
    0.15367E+01    0.11527E+02
    0.15678E+01    0.10978E+02
    0.15994E+01    0.10455E+02
    0.16318E+01    0.99565E+01
    0.16647E+01    0.94809E+01
    0.16984E+01    0.90275E+01
    0.17327E+01    0.85952E+01
    0.17677E+01    0.81830E+01
    0.18034E+01    0.77901E+01
    0.18398E+01    0.74156E+01
    0.18770E+01    0.70587E+01
    0.19149E+01    0.67186E+01
    0.19536E+01    0.63946E+01
    0.19930E+01    0.60859E+01
    0.20333E+01    0.57919E+01
    0.20744E+01    0.55119E+01
    0.21163E+01    0.52453E+01
    0.21590E+01    0.49914E+01
    0.22026E+01    0.47497E+01
    0.22471E+01    0.45196E+01
    0.22925E+01    0.43006E+01
    0.23388E+01    0.40921E+01
    0.23861E+01    0.38937E+01
    0.24343E+01    0.37050E+01
