#           k/h    P           
    0.10000E-03    0.51349E+03
    0.10202E-03    0.52356E+03
    0.10408E-03    0.53384E+03
    0.10618E-03    0.54433E+03
    0.10833E-03    0.55502E+03
    0.11052E-03    0.56593E+03
    0.11275E-03    0.57707E+03
    0.11503E-03    0.58842E+03
    0.11735E-03    0.60001E+03
    0.11972E-03    0.61184E+03
    0.12214E-03    0.62390E+03
    0.12461E-03    0.63621E+03
    0.12712E-03    0.64877E+03
    0.12969E-03    0.66159E+03
    0.13231E-03    0.67468E+03
    0.13499E-03    0.68803E+03
    0.13771E-03    0.70165E+03
    0.14049E-03    0.71556E+03
    0.14333E-03    0.72976E+03
    0.14623E-03    0.74425E+03
    0.14918E-03    0.75904E+03
    0.15220E-03    0.77414E+03
    0.15527E-03    0.78955E+03
    0.15841E-03    0.80529E+03
    0.16161E-03    0.82136E+03
    0.16487E-03    0.83777E+03
    0.16820E-03    0.85452E+03
    0.17160E-03    0.87163E+03
    0.17507E-03    0.88910E+03
    0.17860E-03    0.90695E+03
    0.18221E-03    0.92518E+03
    0.18589E-03    0.94380E+03
    0.18965E-03    0.96281E+03
    0.19348E-03    0.98224E+03
    0.19739E-03    0.10021E+04
    0.20138E-03    0.10224E+04
    0.20544E-03    0.10431E+04
    0.20959E-03    0.10643E+04
    0.21383E-03    0.10859E+04
    0.21815E-03    0.11081E+04
    0.22255E-03    0.11307E+04
    0.22705E-03    0.11538E+04
    0.23164E-03    0.11774E+04
    0.23632E-03    0.12016E+04
    0.24109E-03    0.12263E+04
    0.24596E-03    0.12516E+04
    0.25093E-03    0.12774E+04
    0.25600E-03    0.13038E+04
    0.26117E-03    0.13309E+04
    0.26645E-03    0.13585E+04
    0.27183E-03    0.13868E+04
    0.27732E-03    0.14158E+04
    0.28292E-03    0.14454E+04
    0.28864E-03    0.14758E+04
    0.29447E-03    0.15068E+04
    0.30042E-03    0.15386E+04
    0.30649E-03    0.15711E+04
    0.31268E-03    0.16045E+04
    0.31899E-03    0.16386E+04
    0.32544E-03    0.16735E+04
    0.33201E-03    0.17093E+04
    0.33872E-03    0.17459E+04
    0.34556E-03    0.17835E+04
    0.35254E-03    0.18220E+04
    0.35966E-03    0.18614E+04
    0.36693E-03    0.19018E+04
    0.37434E-03    0.19432E+04
    0.38190E-03    0.19856E+04
    0.38962E-03    0.20291E+04
    0.39749E-03    0.20737E+04
    0.40552E-03    0.21194E+04
    0.41371E-03    0.21663E+04
    0.42207E-03    0.22144E+04
    0.43060E-03    0.22637E+04
    0.43929E-03    0.23143E+04
    0.44817E-03    0.23661E+04
    0.45722E-03    0.24193E+04
    0.46646E-03    0.24739E+04
    0.47588E-03    0.25298E+04
    0.48550E-03    0.25872E+04
    0.49530E-03    0.26462E+04
    0.50531E-03    0.27066E+04
    0.51552E-03    0.27686E+04
    0.52593E-03    0.28322E+04
    0.53656E-03    0.28975E+04
    0.54739E-03    0.29645E+04
    0.55845E-03    0.30332E+04
    0.56973E-03    0.31037E+04
    0.58124E-03    0.31761E+04
    0.59299E-03    0.32503E+04
    0.60496E-03    0.33265E+04
    0.61719E-03    0.34046E+04
    0.62965E-03    0.34848E+04
    0.64237E-03    0.35670E+04
    0.65535E-03    0.36514E+04
    0.66859E-03    0.37379E+04
    0.68210E-03    0.38266E+04
    0.69588E-03    0.39176E+04
    0.70993E-03    0.40110E+04
    0.72427E-03    0.41067E+04
    0.73891E-03    0.42048E+04
    0.75383E-03    0.43054E+04
    0.76906E-03    0.44085E+04
    0.78460E-03    0.45142E+04
    0.80045E-03    0.46225E+04
    0.81662E-03    0.47335E+04
    0.83311E-03    0.48473E+04
    0.84994E-03    0.49639E+04
    0.86711E-03    0.50833E+04
    0.88463E-03    0.52057E+04
    0.90250E-03    0.53310E+04
    0.92073E-03    0.54593E+04
    0.93933E-03    0.55908E+04
    0.95831E-03    0.57254E+04
    0.97767E-03    0.58632E+04
    0.99742E-03    0.60044E+04
    0.10176E-02    0.61488E+04
    0.10381E-02    0.62967E+04
    0.10591E-02    0.64481E+04
    0.10805E-02    0.66030E+04
    0.11023E-02    0.67616E+04
    0.11246E-02    0.69238E+04
    0.11473E-02    0.70898E+04
    0.11705E-02    0.72596E+04
    0.11941E-02    0.74333E+04
    0.12182E-02    0.76110E+04
    0.12429E-02    0.77926E+04
    0.12680E-02    0.79784E+04
    0.12936E-02    0.81683E+04
    0.13197E-02    0.83624E+04
    0.13464E-02    0.85608E+04
    0.13736E-02    0.87636E+04
    0.14013E-02    0.89707E+04
    0.14296E-02    0.91822E+04
    0.14585E-02    0.93983E+04
    0.14880E-02    0.96189E+04
    0.15180E-02    0.98442E+04
    0.15487E-02    0.10074E+05
    0.15800E-02    0.10309E+05
    0.16119E-02    0.10548E+05
    0.16445E-02    0.10792E+05
    0.16777E-02    0.11041E+05
    0.17116E-02    0.11295E+05
    0.17462E-02    0.11554E+05
    0.17814E-02    0.11818E+05
    0.18174E-02    0.12088E+05
    0.18541E-02    0.12362E+05
    0.18916E-02    0.12641E+05
    0.19298E-02    0.12925E+05
    0.19688E-02    0.13215E+05
    0.20086E-02    0.13510E+05
    0.20491E-02    0.13810E+05
    0.20905E-02    0.14115E+05
    0.21328E-02    0.14426E+05
    0.21758E-02    0.14742E+05
    0.22198E-02    0.15063E+05
    0.22646E-02    0.15389E+05
    0.23104E-02    0.15720E+05
    0.23571E-02    0.16057E+05
    0.24047E-02    0.16399E+05
    0.24533E-02    0.16747E+05
    0.25028E-02    0.17099E+05
    0.25534E-02    0.17457E+05
    0.26050E-02    0.17820E+05
    0.26576E-02    0.18188E+05
    0.27113E-02    0.18561E+05
    0.27660E-02    0.18939E+05
    0.28219E-02    0.19322E+05
    0.28789E-02    0.19710E+05
    0.29371E-02    0.20103E+05
    0.29964E-02    0.20501E+05
    0.30569E-02    0.20903E+05
    0.31187E-02    0.21311E+05
    0.31817E-02    0.21722E+05
    0.32460E-02    0.22139E+05
    0.33115E-02    0.22559E+05
    0.33784E-02    0.22984E+05
    0.34467E-02    0.23413E+05
    0.35163E-02    0.23846E+05
    0.35874E-02    0.24283E+05
    0.36598E-02    0.24724E+05
    0.37338E-02    0.25168E+05
    0.38092E-02    0.25616E+05
    0.38861E-02    0.26068E+05
    0.39646E-02    0.26522E+05
    0.40447E-02    0.26980E+05
    0.41264E-02    0.27440E+05
    0.42098E-02    0.27903E+05
    0.42948E-02    0.28369E+05
    0.43816E-02    0.28837E+05
    0.44701E-02    0.29307E+05
    0.45604E-02    0.29778E+05
    0.46525E-02    0.30251E+05
    0.47465E-02    0.30726E+05
    0.48424E-02    0.31202E+05
    0.49402E-02    0.31678E+05
    0.50400E-02    0.32155E+05
    0.51419E-02    0.32633E+05
    0.52457E-02    0.33110E+05
    0.53517E-02    0.33587E+05
    0.54598E-02    0.34064E+05
    0.55701E-02    0.34540E+05
    0.56826E-02    0.35014E+05
    0.57974E-02    0.35487E+05
    0.59145E-02    0.35957E+05
    0.60340E-02    0.36426E+05
    0.61559E-02    0.36892E+05
    0.62803E-02    0.37354E+05
    0.64072E-02    0.37813E+05
    0.65366E-02    0.38269E+05
    0.66686E-02    0.38720E+05
    0.68033E-02    0.39166E+05
    0.69408E-02    0.39607E+05
    0.70810E-02    0.40042E+05
    0.72240E-02    0.40471E+05
    0.73700E-02    0.40893E+05
    0.75189E-02    0.41309E+05
    0.76708E-02    0.41716E+05
    0.78257E-02    0.42116E+05
    0.79838E-02    0.42506E+05
    0.81451E-02    0.42888E+05
    0.83096E-02    0.43260E+05
    0.84775E-02    0.43621E+05
    0.86488E-02    0.43972E+05
    0.88235E-02    0.44312E+05
    0.90017E-02    0.44639E+05
    0.91836E-02    0.44953E+05
    0.93691E-02    0.45254E+05
    0.95583E-02    0.45540E+05
    0.97514E-02    0.45810E+05
    0.99484E-02    0.46065E+05
    0.10149E-01    0.46305E+05
    0.10354E-01    0.46528E+05
    0.10564E-01    0.46735E+05
    0.10777E-01    0.46926E+05
    0.10995E-01    0.47100E+05
    0.11217E-01    0.47255E+05
    0.11443E-01    0.47392E+05
    0.11675E-01    0.47508E+05
    0.11910E-01    0.47603E+05
    0.12151E-01    0.47678E+05
    0.12397E-01    0.47732E+05
    0.12647E-01    0.47764E+05
    0.12902E-01    0.47774E+05
    0.13163E-01    0.47763E+05
    0.13429E-01    0.47728E+05
    0.13700E-01    0.47668E+05
    0.13977E-01    0.47582E+05
    0.14259E-01    0.47470E+05
    0.14547E-01    0.47332E+05
    0.14841E-01    0.47171E+05
    0.15141E-01    0.46988E+05
    0.15447E-01    0.46788E+05
    0.15759E-01    0.46572E+05
    0.16077E-01    0.46339E+05
    0.16402E-01    0.46084E+05
    0.16734E-01    0.45804E+05
    0.17072E-01    0.45495E+05
    0.17416E-01    0.45152E+05
    0.17768E-01    0.44775E+05
    0.18127E-01    0.44368E+05
    0.18493E-01    0.43934E+05
    0.18867E-01    0.43476E+05
    0.19248E-01    0.42998E+05
    0.19637E-01    0.42500E+05
    0.20034E-01    0.41980E+05
    0.20438E-01    0.41435E+05
    0.20851E-01    0.40864E+05
    0.21272E-01    0.40266E+05
    0.21702E-01    0.39642E+05
    0.22141E-01    0.38996E+05
    0.22588E-01    0.38333E+05
    0.23044E-01    0.37656E+05
    0.23510E-01    0.36969E+05
    0.23985E-01    0.36274E+05
    0.24469E-01    0.35572E+05
    0.24964E-01    0.34865E+05
    0.25468E-01    0.34152E+05
    0.25982E-01    0.33436E+05
    0.26507E-01    0.32715E+05
    0.27043E-01    0.31991E+05
    0.27589E-01    0.31263E+05
    0.28146E-01    0.30530E+05
    0.28715E-01    0.29794E+05
    0.29295E-01    0.29056E+05
    0.29887E-01    0.28319E+05
    0.30490E-01    0.27587E+05
    0.31106E-01    0.26861E+05
    0.31735E-01    0.26146E+05
    0.32376E-01    0.25443E+05
    0.33030E-01    0.24754E+05
    0.33697E-01    0.24083E+05
    0.34378E-01    0.23430E+05
    0.35072E-01    0.22799E+05
    0.35781E-01    0.22188E+05
    0.36504E-01    0.21597E+05
    0.37241E-01    0.21026E+05
    0.37993E-01    0.20474E+05
    0.38761E-01    0.19940E+05
    0.39544E-01    0.19425E+05
    0.40343E-01    0.18931E+05
    0.41158E-01    0.18458E+05
    0.41989E-01    0.18010E+05
    0.42838E-01    0.17585E+05
    0.43703E-01    0.17184E+05
    0.44586E-01    0.16805E+05
    0.45486E-01    0.16447E+05
    0.46405E-01    0.16108E+05
    0.47343E-01    0.15787E+05
    0.48299E-01    0.15481E+05
    0.49275E-01    0.15190E+05
    0.50270E-01    0.14911E+05
    0.51286E-01    0.14643E+05
    0.52322E-01    0.14383E+05
    0.53379E-01    0.14130E+05
    0.54457E-01    0.13882E+05
    0.55557E-01    0.13636E+05
    0.56680E-01    0.13388E+05
    0.57825E-01    0.13136E+05
    0.58993E-01    0.12877E+05
    0.60184E-01    0.12608E+05
    0.61400E-01    0.12329E+05
    0.62641E-01    0.12036E+05
    0.63906E-01    0.11727E+05
    0.65197E-01    0.11400E+05
    0.66514E-01    0.11055E+05
    0.67858E-01    0.10696E+05
    0.69229E-01    0.10329E+05
    0.70627E-01    0.99559E+04
    0.72054E-01    0.95742E+04
    0.73510E-01    0.91809E+04
    0.74994E-01    0.87791E+04
    0.76509E-01    0.83770E+04
    0.78055E-01    0.79814E+04
    0.79632E-01    0.75960E+04
    0.81241E-01    0.72231E+04
    0.82882E-01    0.68658E+04
    0.84556E-01    0.65279E+04
    0.86264E-01    0.62121E+04
    0.88007E-01    0.59210E+04
    0.89785E-01    0.56567E+04
    0.91598E-01    0.54207E+04
    0.93449E-01    0.52130E+04
    0.95337E-01    0.50333E+04
    0.97263E-01    0.48798E+04
    0.99227E-01    0.47494E+04
    0.10123E+00    0.46385E+04
    0.10328E+00    0.45424E+04
    0.10536E+00    0.44559E+04
    0.10749E+00    0.43739E+04
    0.10966E+00    0.42913E+04
    0.11188E+00    0.42034E+04
    0.11414E+00    0.41062E+04
    0.11644E+00    0.39966E+04
    0.11880E+00    0.38725E+04
    0.12120E+00    0.37333E+04
    0.12365E+00    0.35798E+04
    0.12614E+00    0.34142E+04
    0.12869E+00    0.32399E+04
    0.13129E+00    0.30612E+04
    0.13394E+00    0.28833E+04
    0.13665E+00    0.27112E+04
    0.13941E+00    0.25502E+04
    0.14223E+00    0.24047E+04
    0.14510E+00    0.22780E+04
    0.14803E+00    0.21714E+04
    0.15102E+00    0.20844E+04
    0.15407E+00    0.20148E+04
    0.15718E+00    0.19589E+04
    0.16036E+00    0.19126E+04
    0.16360E+00    0.18713E+04
    0.16690E+00    0.18304E+04
    0.17028E+00    0.17852E+04
    0.17371E+00    0.17318E+04
    0.17722E+00    0.16679E+04
    0.18080E+00    0.15936E+04
    0.18446E+00    0.15113E+04
    0.18818E+00    0.14253E+04
    0.19198E+00    0.13397E+04
    0.19586E+00    0.12589E+04
    0.19982E+00    0.11860E+04
    0.20386E+00    0.11237E+04
    0.20797E+00    0.10728E+04
    0.21218E+00    0.10324E+04
    0.21646E+00    0.99983E+03
    0.22083E+00    0.97158E+03
    0.22530E+00    0.94393E+03
    0.22985E+00    0.91361E+03
    0.23449E+00    0.87846E+03
    0.23923E+00    0.83811E+03
    0.24406E+00    0.79410E+03
    0.24899E+00    0.74915E+03
    0.25402E+00    0.70613E+03
    0.25915E+00    0.66742E+03
    0.26439E+00    0.63443E+03
    0.26973E+00    0.60721E+03
    0.27518E+00    0.58444E+03
    0.28074E+00    0.56394E+03
    0.28641E+00    0.54344E+03
    0.29219E+00    0.52134E+03
    0.29810E+00    0.49715E+03
    0.30412E+00    0.47159E+03
    0.31026E+00    0.44617E+03
    0.31653E+00    0.42250E+03
    0.32292E+00    0.40161E+03
    0.32945E+00    0.38356E+03
    0.33610E+00    0.36761E+03
    0.34289E+00    0.35261E+03
    0.34982E+00    0.33750E+03
    0.35689E+00    0.32175E+03
    0.36409E+00    0.30564E+03
    0.37145E+00    0.28996E+03
    0.37895E+00    0.27541E+03
    0.38661E+00    0.26228E+03
    0.39442E+00    0.25045E+03
    0.40239E+00    0.23931E+03
    0.41052E+00    0.22836E+03
    0.41881E+00    0.21742E+03
    0.42727E+00    0.20661E+03
    0.43590E+00    0.19633E+03
    0.44471E+00    0.18680E+03
    0.45369E+00    0.17799E+03
    0.46286E+00    0.16968E+03
    0.47221E+00    0.16162E+03
    0.48174E+00    0.15375E+03
    0.49148E+00    0.14616E+03
    0.50141E+00    0.13898E+03
    0.51153E+00    0.13226E+03
    0.52187E+00    0.12591E+03
    0.53241E+00    0.11982E+03
    0.54317E+00    0.11394E+03
    0.55414E+00    0.10832E+03
    0.56533E+00    0.10299E+03
    0.57675E+00    0.97961E+02
    0.58840E+00    0.93164E+02
    0.60029E+00    0.88577E+02
    0.61242E+00    0.84201E+02
    0.62479E+00    0.80034E+02
    0.63741E+00    0.76070E+02
    0.65029E+00    0.72301E+02
    0.66342E+00    0.68717E+02
    0.67683E+00    0.65308E+02
    0.69050E+00    0.62065E+02
    0.70445E+00    0.58980E+02
    0.71868E+00    0.56043E+02
    0.73320E+00    0.53246E+02
    0.74801E+00    0.50584E+02
    0.76312E+00    0.48050E+02
    0.77854E+00    0.45638E+02
    0.79426E+00    0.43344E+02
    0.81031E+00    0.41163E+02
    0.82668E+00    0.39088E+02
    0.84338E+00    0.37116E+02
    0.86041E+00    0.35241E+02
    0.87780E+00    0.33459E+02
    0.89553E+00    0.31766E+02
    0.91362E+00    0.30156E+02
    0.93208E+00    0.28627E+02
    0.95091E+00    0.27173E+02
    0.97011E+00    0.25792E+02
    0.98971E+00    0.24480E+02
    0.10097E+01    0.23233E+02
    0.10301E+01    0.22049E+02
    0.10509E+01    0.20924E+02
    0.10721E+01    0.19855E+02
    0.10938E+01    0.18839E+02
    0.11159E+01    0.17875E+02
    0.11384E+01    0.16959E+02
    0.11614E+01    0.16089E+02
    0.11849E+01    0.15263E+02
    0.12088E+01    0.14479E+02
    0.12333E+01    0.13734E+02
    0.12582E+01    0.13026E+02
    0.12836E+01    0.12355E+02
    0.13095E+01    0.11717E+02
    0.13360E+01    0.11111E+02
    0.13630E+01    0.10537E+02
    0.13905E+01    0.99910E+01
    0.14186E+01    0.94730E+01
    0.14472E+01    0.89814E+01
    0.14765E+01    0.85147E+01
    0.15063E+01    0.80717E+01
    0.15367E+01    0.76514E+01
    0.15678E+01    0.72524E+01
    0.15994E+01    0.68738E+01
    0.16318E+01    0.65145E+01
    0.16647E+01    0.61736E+01
    0.16984E+01    0.58502E+01
    0.17327E+01    0.55434E+01
    0.17677E+01    0.52525E+01
    0.18034E+01    0.49765E+01
    0.18398E+01    0.47149E+01
    0.18770E+01    0.44668E+01
    0.19149E+01    0.42316E+01
    0.19536E+01    0.40086E+01
    0.19930E+01    0.37973E+01
    0.20333E+01    0.35970E+01
    0.20744E+01    0.34073E+01
    0.21163E+01    0.32274E+01
    0.21590E+01    0.30571E+01
    0.22026E+01    0.28957E+01
    0.22471E+01    0.27428E+01
