#          k/h    CDM            baryon         photon         nu             mass_nu        total          no_nu          total_de       Weyl           v_CDM          v_b            v_b-v_c     
   0.102069E-04   0.192824E+08   0.192824E+08   0.256965E+08   0.256961E+08   0.192825E+08   0.192824E+08   0.192824E+08   0.192888E+08  -0.465735E+00   0.979877E+07   0.979877E+07   0.583135E+01
   0.112811E-04   0.192824E+08   0.192824E+08   0.256935E+08   0.256930E+08   0.192825E+08   0.192824E+08   0.192824E+08   0.192888E+08  -0.465735E+00   0.979877E+07   0.979877E+07   0.644488E+01
   0.124684E-04   0.192824E+08   0.192824E+08   0.256899E+08   0.256893E+08   0.192825E+08   0.192824E+08   0.192824E+08   0.192888E+08  -0.465735E+00   0.979877E+07   0.979877E+07   0.712290E+01
   0.137807E-04   0.192824E+08   0.192824E+08   0.256854E+08   0.256847E+08   0.192825E+08   0.192824E+08   0.192824E+08   0.192888E+08  -0.465734E+00   0.979876E+07   0.979876E+07   0.787219E+01
   0.152310E-04   0.192824E+08   0.192824E+08   0.256800E+08   0.256791E+08   0.192825E+08   0.192824E+08   0.192824E+08   0.192888E+08  -0.465734E+00   0.979876E+07   0.979876E+07   0.870022E+01
   0.168340E-04   0.192824E+08   0.192824E+08   0.256734E+08   0.256723E+08   0.192825E+08   0.192824E+08   0.192824E+08   0.192888E+08  -0.465734E+00   0.979875E+07   0.979875E+07   0.961522E+01
   0.186057E-04   0.192824E+08   0.192824E+08   0.256653E+08   0.256640E+08   0.192824E+08   0.192824E+08   0.192824E+08   0.192888E+08  -0.465733E+00   0.979874E+07   0.979874E+07   0.106263E+02
   0.205638E-04   0.192823E+08   0.192823E+08   0.256555E+08   0.256538E+08   0.192824E+08   0.192823E+08   0.192823E+08   0.192888E+08  -0.465733E+00   0.979874E+07   0.979874E+07   0.117435E+02
   0.227281E-04   0.192823E+08   0.192823E+08   0.256434E+08   0.256414E+08   0.192824E+08   0.192823E+08   0.192823E+08   0.192887E+08  -0.465732E+00   0.979872E+07   0.979872E+07   0.129778E+02
   0.251201E-04   0.192823E+08   0.192823E+08   0.256287E+08   0.256263E+08   0.192824E+08   0.192823E+08   0.192823E+08   0.192887E+08  -0.465732E+00   0.979871E+07   0.979871E+07   0.143415E+02
   0.277638E-04   0.192823E+08   0.192823E+08   0.256107E+08   0.256078E+08   0.192824E+08   0.192823E+08   0.192823E+08   0.192887E+08  -0.465731E+00   0.979870E+07   0.979870E+07   0.158479E+02
   0.306858E-04   0.192822E+08   0.192822E+08   0.255888E+08   0.255852E+08   0.192823E+08   0.192822E+08   0.192822E+08   0.192886E+08  -0.465729E+00   0.979868E+07   0.979868E+07   0.175119E+02
   0.339153E-04   0.192822E+08   0.192822E+08   0.255620E+08   0.255577E+08   0.192823E+08   0.192822E+08   0.192822E+08   0.192886E+08  -0.465728E+00   0.979865E+07   0.979865E+07   0.193497E+02
   0.374848E-04   0.192821E+08   0.192821E+08   0.255294E+08   0.255241E+08   0.192822E+08   0.192821E+08   0.192821E+08   0.192885E+08  -0.465726E+00   0.979862E+07   0.979862E+07   0.213789E+02
   0.414298E-04   0.192821E+08   0.192820E+08   0.254895E+08   0.254830E+08   0.192821E+08   0.192821E+08   0.192821E+08   0.192884E+08  -0.465724E+00   0.979859E+07   0.979858E+07   0.236193E+02
   0.457901E-04   0.192820E+08   0.192820E+08   0.254410E+08   0.254330E+08   0.192821E+08   0.192820E+08   0.192820E+08   0.192883E+08  -0.465722E+00   0.979854E+07   0.979854E+07   0.260921E+02
   0.506093E-04   0.192819E+08   0.192819E+08   0.253817E+08   0.253721E+08   0.192820E+08   0.192819E+08   0.192819E+08   0.192882E+08  -0.465719E+00   0.979849E+07   0.979849E+07   0.288205E+02
   0.559356E-04   0.192817E+08   0.192817E+08   0.253095E+08   0.252977E+08   0.192818E+08   0.192818E+08   0.192817E+08   0.192881E+08  -0.465715E+00   0.979843E+07   0.979842E+07   0.318300E+02
   0.618226E-04   0.192816E+08   0.192816E+08   0.252216E+08   0.252072E+08   0.192817E+08   0.192816E+08   0.192816E+08   0.192879E+08  -0.465710E+00   0.979835E+07   0.979834E+07   0.351480E+02
   0.683290E-04   0.192814E+08   0.192814E+08   0.251145E+08   0.250971E+08   0.192815E+08   0.192814E+08   0.192814E+08   0.192877E+08  -0.465705E+00   0.979825E+07   0.979824E+07   0.388040E+02
   0.755203E-04   0.192812E+08   0.192812E+08   0.249844E+08   0.249631E+08   0.192813E+08   0.192812E+08   0.192812E+08   0.192874E+08  -0.465698E+00   0.979813E+07   0.979812E+07   0.428297E+02
   0.834684E-04   0.192809E+08   0.192809E+08   0.248262E+08   0.248004E+08   0.192810E+08   0.192809E+08   0.192809E+08   0.192871E+08  -0.465690E+00   0.979799E+07   0.979798E+07   0.472590E+02
   0.922530E-04   0.192806E+08   0.192805E+08   0.246342E+08   0.246029E+08   0.192806E+08   0.192806E+08   0.192806E+08   0.192867E+08  -0.465679E+00   0.979781E+07   0.979780E+07   0.521273E+02
   0.101962E-03   0.192802E+08   0.192801E+08   0.244015E+08   0.243636E+08   0.192802E+08   0.192802E+08   0.192802E+08   0.192863E+08  -0.465667E+00   0.979760E+07   0.979758E+07   0.574715E+02
   0.112693E-03   0.192797E+08   0.192796E+08   0.241200E+08   0.240741E+08   0.192797E+08   0.192797E+08   0.192797E+08   0.192857E+08  -0.465652E+00   0.979734E+07   0.979732E+07   0.633293E+02
   0.124554E-03   0.192791E+08   0.192790E+08   0.237802E+08   0.237248E+08   0.192791E+08   0.192790E+08   0.192790E+08   0.192850E+08  -0.465634E+00   0.979702E+07   0.979699E+07   0.697379E+02
   0.137662E-03   0.192783E+08   0.192782E+08   0.233711E+08   0.233044E+08   0.192784E+08   0.192783E+08   0.192783E+08   0.192841E+08  -0.465611E+00   0.979663E+07   0.979660E+07   0.767333E+02
   0.152150E-03   0.192774E+08   0.192773E+08   0.228802E+08   0.228000E+08   0.192774E+08   0.192774E+08   0.192774E+08   0.192831E+08  -0.465584E+00   0.979615E+07   0.979611E+07   0.843478E+02
   0.168163E-03   0.192763E+08   0.192761E+08   0.222934E+08   0.221975E+08   0.192763E+08   0.192763E+08   0.192763E+08   0.192818E+08  -0.465551E+00   0.979557E+07   0.979553E+07   0.926075E+02
   0.185862E-03   0.192750E+08   0.192748E+08   0.215954E+08   0.214813E+08   0.192750E+08   0.192749E+08   0.192749E+08   0.192803E+08  -0.465511E+00   0.979487E+07   0.979481E+07   0.101529E+03
   0.205423E-03   0.192733E+08   0.192731E+08   0.207703E+08   0.206353E+08   0.192733E+08   0.192733E+08   0.192733E+08   0.192785E+08  -0.465462E+00   0.979401E+07   0.979394E+07   0.111116E+03
   0.227042E-03   0.192713E+08   0.192710E+08   0.198019E+08   0.196433E+08   0.192713E+08   0.192713E+08   0.192713E+08   0.192762E+08  -0.465403E+00   0.979297E+07   0.979288E+07   0.121350E+03
   0.250937E-03   0.192689E+08   0.192685E+08   0.186758E+08   0.184913E+08   0.192688E+08   0.192688E+08   0.192688E+08   0.192735E+08  -0.465332E+00   0.979170E+07   0.979160E+07   0.132188E+03
   0.277347E-03   0.192660E+08   0.192655E+08   0.173812E+08   0.171687E+08   0.192659E+08   0.192659E+08   0.192659E+08   0.192702E+08  -0.465246E+00   0.979016E+07   0.979004E+07   0.143552E+03
   0.306536E-03   0.192624E+08   0.192619E+08   0.159136E+08   0.156723E+08   0.192623E+08   0.192623E+08   0.192623E+08   0.192663E+08  -0.465143E+00   0.978830E+07   0.978816E+07   0.155316E+03
   0.338798E-03   0.192581E+08   0.192575E+08   0.142786E+08   0.140095E+08   0.192579E+08   0.192580E+08   0.192580E+08   0.192615E+08  -0.465020E+00   0.978605E+07   0.978588E+07   0.167304E+03
   0.374454E-03   0.192529E+08   0.192521E+08   0.124969E+08   0.122030E+08   0.192526E+08   0.192528E+08   0.192528E+08   0.192559E+08  -0.464872E+00   0.978333E+07   0.978313E+07   0.179272E+03
   0.413864E-03   0.192466E+08   0.192457E+08   0.106082E+08   0.102960E+08   0.192463E+08   0.192465E+08   0.192465E+08   0.192491E+08  -0.464696E+00   0.978006E+07   0.977982E+07   0.190908E+03
   0.457421E-03   0.192391E+08   0.192380E+08   0.867495E+07   0.835480E+07   0.192387E+08   0.192389E+08   0.192389E+08   0.192411E+08  -0.464488E+00   0.977612E+07   0.977585E+07   0.201828E+03
   0.505562E-03   0.192301E+08   0.192288E+08   0.678330E+07   0.646975E+07   0.192295E+08   0.192299E+08   0.192299E+08   0.192315E+08  -0.464243E+00   0.977142E+07   0.977110E+07   0.211584E+03
   0.558770E-03   0.192193E+08   0.192178E+08   0.503752E+07   0.474867E+07   0.192186E+08   0.192190E+08   0.192191E+08   0.192203E+08  -0.463956E+00   0.976580E+07   0.976543E+07   0.219685E+03
   0.617577E-03   0.192065E+08   0.192048E+08   0.354629E+07   0.330180E+07   0.192056E+08   0.192062E+08   0.192062E+08   0.192071E+08  -0.463620E+00   0.975913E+07   0.975871E+07   0.225639E+03
   0.682574E-03   0.191913E+08   0.191893E+08   0.239873E+07   0.221605E+07   0.191902E+08   0.191910E+08   0.191910E+08   0.191915E+08  -0.463229E+00   0.975124E+07   0.975077E+07   0.229003E+03
   0.754411E-03   0.191734E+08   0.191711E+08   0.163331E+07   0.152241E+07   0.191720E+08   0.191730E+08   0.191730E+08   0.191734E+08  -0.462775E+00   0.974194E+07   0.974143E+07   0.229448E+03
   0.833809E-03   0.191524E+08   0.191498E+08   0.121077E+07   0.116885E+07   0.191507E+08   0.191518E+08   0.191519E+08   0.191521E+08  -0.462250E+00   0.973105E+07   0.973048E+07   0.226815E+03
   0.921563E-03   0.191277E+08   0.191248E+08   0.101104E+07   0.101990E+07   0.191256E+08   0.191271E+08   0.191272E+08   0.191274E+08  -0.461642E+00   0.971834E+07   0.971772E+07   0.221141E+03
   0.101855E-02   0.190990E+08   0.190958E+08   0.874117E+06   0.904025E+06   0.190964E+08   0.190983E+08   0.190984E+08   0.190985E+08  -0.460939E+00   0.970355E+07   0.970290E+07   0.212641E+03
   0.112575E-02   0.190655E+08   0.190621E+08   0.683689E+06   0.704862E+06   0.190624E+08   0.190648E+08   0.190650E+08   0.190650E+08  -0.460125E+00   0.968641E+07   0.968573E+07   0.201650E+03
   0.124423E-02   0.190268E+08   0.190232E+08   0.443408E+06   0.440620E+06   0.190229E+08   0.190260E+08   0.190262E+08   0.190261E+08  -0.459183E+00   0.966660E+07   0.966589E+07   0.188559E+03
   0.137518E-02   0.189821E+08   0.189782E+08   0.259152E+06   0.238376E+06   0.189772E+08   0.189811E+08   0.189814E+08   0.189812E+08  -0.458096E+00   0.964373E+07   0.964301E+07   0.173826E+03
   0.151991E-02   0.189305E+08   0.189265E+08   0.199570E+06   0.178310E+06   0.189246E+08   0.189294E+08   0.189298E+08   0.189295E+08  -0.456845E+00   0.961740E+07   0.961668E+07   0.158050E+03
   0.167987E-02   0.188712E+08   0.188672E+08   0.184662E+06  -0.194683E+06   0.188640E+08   0.188701E+08   0.188705E+08   0.188701E+08  -0.455408E+00   0.958719E+07   0.958648E+07   0.142009E+03
   0.185667E-02   0.188032E+08   0.187992E+08   0.108729E+06  -0.158787E+06   0.187944E+08   0.188020E+08   0.188025E+08   0.188020E+08  -0.453764E+00   0.955256E+07   0.955185E+07   0.126545E+03
   0.205207E-02   0.187255E+08   0.187215E+08   0.371481E+05  -0.129442E+06   0.187147E+08   0.187241E+08   0.187248E+08   0.187241E+08  -0.451883E+00   0.951296E+07   0.951227E+07   0.112358E+03
   0.226804E-02   0.186368E+08   0.186328E+08   0.465285E+05  -0.105458E+06   0.186237E+08   0.186353E+08   0.186362E+08   0.186353E+08  -0.449738E+00   0.946781E+07   0.946713E+07   0.999255E+02
   0.250674E-02   0.185360E+08   0.185319E+08   0.313207E+05  -0.858596E+05   0.185200E+08   0.185342E+08   0.185353E+08   0.185342E+08  -0.447298E+00   0.941644E+07   0.941576E+07   0.894706E+02
   0.277056E-02   0.184215E+08   0.184173E+08   0.513670E+04  -0.698508E+05   0.184022E+08   0.184195E+08   0.184208E+08   0.184195E+08  -0.444528E+00   0.935814E+07   0.935747E+07   0.807948E+02
   0.306215E-02   0.182920E+08   0.182875E+08   0.119653E+05  -0.567777E+05   0.182685E+08   0.182896E+08   0.182912E+08   0.182896E+08  -0.441394E+00   0.929216E+07   0.929149E+07   0.733582E+02
   0.338442E-02   0.181457E+08   0.181410E+08  -0.617996E+04  -0.461070E+05   0.181174E+08   0.181430E+08   0.181449E+08   0.181430E+08  -0.437855E+00   0.921768E+07   0.921700E+07   0.665679E+02
   0.374062E-02   0.179811E+08   0.179761E+08  -0.466257E+04  -0.374011E+05   0.179469E+08   0.179780E+08   0.179803E+08   0.179780E+08  -0.433871E+00   0.913384E+07   0.913316E+07   0.600482E+02
   0.413430E-02   0.177963E+08   0.177910E+08  -0.650582E+04  -0.303023E+05   0.177550E+08   0.177926E+08   0.177954E+08   0.177926E+08  -0.429398E+00   0.903970E+07   0.903903E+07   0.538603E+02
   0.456941E-02   0.175894E+08   0.175837E+08  -0.608222E+04  -0.245173E+05   0.175398E+08   0.175851E+08   0.175884E+08   0.175851E+08  -0.424388E+00   0.893428E+07   0.893362E+07   0.482971E+02
   0.505032E-02   0.173583E+08   0.173522E+08  -0.272767E+04  -0.198066E+05   0.172989E+08   0.173532E+08   0.173573E+08   0.173532E+08  -0.418793E+00   0.881653E+07   0.881587E+07   0.434865E+02
   0.558184E-02   0.171009E+08   0.170942E+08  -0.313607E+04  -0.159736E+05   0.170301E+08   0.170950E+08   0.170998E+08   0.170950E+08  -0.412560E+00   0.868538E+07   0.868472E+07   0.392205E+02
   0.616930E-02   0.168151E+08   0.168077E+08  -0.316342E+04  -0.128576E+05   0.167309E+08   0.168081E+08   0.168138E+08   0.168081E+08  -0.405637E+00   0.853970E+07   0.853905E+07   0.352605E+02
   0.681858E-02   0.164985E+08   0.164903E+08  -0.383117E+04  -0.103273E+05   0.163990E+08   0.164904E+08   0.164972E+08   0.164904E+08  -0.397969E+00   0.837835E+07   0.837770E+07   0.316608E+02
   0.753620E-02   0.161490E+08   0.161398E+08  -0.372193E+04  -0.827506E+04   0.160320E+08   0.161395E+08   0.161475E+08   0.161395E+08  -0.389501E+00   0.820018E+07   0.819954E+07   0.285027E+02
   0.832935E-02   0.157644E+08   0.157540E+08  -0.201851E+04  -0.661281E+04   0.156277E+08   0.157533E+08   0.157627E+08   0.157533E+08  -0.380181E+00   0.800408E+07   0.800344E+07   0.256556E+02
   0.920597E-02   0.153426E+08   0.153307E+08  -0.381530E+04  -0.526855E+04   0.151839E+08   0.153297E+08   0.153406E+08   0.153297E+08  -0.369959E+00   0.778900E+07   0.778836E+07   0.230885E+02
   0.101748E-01   0.148817E+08   0.148682E+08  -0.229645E+04  -0.418339E+04   0.146989E+08   0.148669E+08   0.148794E+08   0.148669E+08  -0.358790E+00   0.755401E+07   0.755337E+07   0.208156E+02
   0.112457E-01   0.143803E+08   0.143649E+08  -0.223786E+04  -0.330928E+04   0.141716E+08   0.143634E+08   0.143777E+08   0.143634E+08  -0.346639E+00   0.729836E+07   0.729773E+07   0.187749E+02
   0.124292E-01   0.138374E+08   0.138197E+08  -0.196465E+04  -0.260681E+04   0.136009E+08   0.138183E+08   0.138344E+08   0.138183E+08  -0.333482E+00   0.702156E+07   0.702093E+07   0.169637E+02
   0.137374E-01   0.132526E+08   0.132323E+08  -0.161314E+04  -0.204387E+04   0.129871E+08   0.132311E+08   0.132492E+08   0.132311E+08  -0.319311E+00   0.672342E+07   0.672279E+07   0.153466E+02
   0.151831E-01   0.126264E+08   0.126032E+08  -0.101270E+04  -0.159416E+04   0.123309E+08   0.126024E+08   0.126225E+08   0.126024E+08  -0.304138E+00   0.640421E+07   0.640357E+07   0.139057E+02
   0.167811E-01   0.119604E+08   0.119339E+08  -0.991714E+03  -0.123624E+04   0.116344E+08   0.119337E+08   0.119559E+08   0.119337E+08  -0.288000E+00   0.606469E+07   0.606406E+07   0.126152E+02
   0.185472E-01   0.112572E+08   0.112272E+08  -0.728571E+03  -0.952597E+03   0.109013E+08   0.112279E+08   0.112522E+08   0.112279E+08  -0.270968E+00   0.570637E+07   0.570573E+07   0.114507E+02
   0.204992E-01   0.105219E+08   0.104881E+08  -0.434838E+03  -0.728948E+03   0.101371E+08   0.104900E+08   0.105162E+08   0.104900E+08  -0.253159E+00   0.533167E+07   0.533104E+07   0.103873E+02
   0.226566E-01   0.976122E+07   0.972373E+07  -0.389349E+03  -0.553666E+03   0.935005E+07   0.972693E+07   0.975493E+07   0.972693E+07  -0.234744E+00   0.494424E+07   0.494360E+07   0.940002E+01
   0.250411E-01   0.898516E+07   0.894413E+07  -0.294369E+03  -0.417277E+03   0.855056E+07   0.894869E+07   0.897827E+07   0.894869E+07  -0.215962E+00   0.454908E+07   0.454844E+07   0.846286E+01
   0.276766E-01   0.820642E+07   0.816238E+07  -0.186008E+03  -0.312058E+03   0.775191E+07   0.816810E+07   0.819902E+07   0.816810E+07  -0.197124E+00   0.415271E+07   0.415209E+07   0.755115E+01
   0.305894E-01   0.744055E+07   0.739445E+07  -0.214092E+03  -0.231683E+03   0.696978E+07   0.740079E+07   0.743281E+07   0.740079E+07  -0.178606E+00   0.376308E+07   0.376247E+07   0.664653E+01
   0.338088E-01   0.670557E+07   0.665881E+07  -0.143491E+03  -0.170990E+03   0.622217E+07   0.666483E+07   0.669772E+07   0.666483E+07  -0.160845E+00   0.338936E+07   0.338877E+07   0.573532E+01
   0.373669E-01   0.602090E+07   0.597528E+07  -0.932876E+02  -0.125746E+03   0.552785E+07   0.597967E+07   0.601324E+07   0.597967E+07  -0.144310E+00   0.304142E+07   0.304088E+07   0.481594E+01
   0.412996E-01   0.540405E+07   0.536170E+07  -0.658878E+02  -0.924519E+02   0.490284E+07   0.536277E+07   0.539694E+07   0.536277E+07  -0.129422E+00   0.272816E+07   0.272768E+07   0.390191E+01
   0.454296E-01   0.489079E+07   0.485349E+07  -0.681597E+02  -0.692049E+02   0.438196E+07   0.484977E+07   0.488453E+07   0.484977E+07  -0.117041E+00   0.246768E+07   0.246727E+07   0.306506E+01
   0.495595E-01   0.449217E+07   0.446076E+07  -0.526533E+02  -0.534596E+02   0.397441E+07   0.445146E+07   0.448690E+07   0.445146E+07  -0.107429E+00   0.226548E+07   0.226513E+07   0.236573E+01
   0.536895E-01   0.417280E+07   0.414729E+07  -0.417154E+02  -0.423533E+02   0.364535E+07   0.413233E+07   0.416851E+07   0.413233E+07  -0.997272E-01   0.210350E+07   0.210321E+07   0.180849E+01
   0.578195E-01   0.390561E+07   0.388530E+07  -0.336998E+02  -0.342144E+02   0.336886E+07   0.386531E+07   0.390220E+07   0.386531E+07  -0.932831E-01   0.196800E+07   0.196776E+07   0.139032E+01
   0.619494E-01   0.367111E+07   0.365481E+07  -0.276218E+02  -0.280429E+02   0.312645E+07   0.363090E+07   0.366837E+07   0.363090E+07  -0.876258E-01   0.184904E+07   0.184884E+07   0.109916E+01
   0.660794E-01   0.345201E+07   0.343827E+07  -0.228507E+02  -0.231986E+02   0.290243E+07   0.341186E+07   0.344970E+07   0.341186E+07  -0.823396E-01   0.173787E+07   0.173769E+07   0.914411E+00
   0.702094E-01   0.323748E+07   0.322490E+07  -0.190017E+02  -0.192906E+02   0.268720E+07   0.319746E+07   0.323537E+07   0.319746E+07  -0.771655E-01   0.162902E+07   0.162885E+07   0.810840E+00
   0.743393E-01   0.302385E+07   0.301124E+07  -0.158449E+02  -0.160854E+02   0.247770E+07   0.298411E+07   0.302173E+07   0.298411E+07  -0.720167E-01   0.152066E+07   0.152049E+07   0.761990E+00
   0.784693E-01   0.281345E+07   0.280003E+07  -0.132428E+02  -0.134435E+02   0.227568E+07   0.277417E+07   0.281120E+07   0.277417E+07  -0.669500E-01   0.141399E+07   0.141381E+07   0.743255E+00
   0.825992E-01   0.261176E+07   0.259718E+07  -0.111041E+02  -0.112722E+02   0.208535E+07   0.257308E+07   0.260931E+07   0.257308E+07  -0.620970E-01   0.131178E+07   0.131160E+07   0.734191E+00
   0.867292E-01   0.242429E+07   0.240863E+07  -0.935656E+01  -0.949797E+01   0.191079E+07   0.238633E+07   0.242166E+07   0.238633E+07  -0.575903E-01   0.121684E+07   0.121666E+07   0.719946E+00
   0.918830E-01   0.221701E+07   0.220060E+07  -0.763157E+01  -0.774670E+01   0.171963E+07   0.218005E+07   0.221425E+07   0.218005E+07  -0.526119E-01   0.111195E+07   0.111177E+07   0.682338E+00
   0.970368E-01   0.204486E+07   0.202867E+07  -0.631819E+01  -0.641334E+01   0.156116E+07   0.200888E+07   0.204214E+07   0.200888E+07  -0.484811E-01   0.102492E+07   0.102474E+07   0.619414E+00
   0.102191E+00   0.190941E+07   0.189442E+07  -0.532594E+01  -0.540600E+01   0.143509E+07   0.187426E+07   0.190689E+07   0.187426E+07  -0.452323E-01   0.956494E+06   0.956329E+06   0.537511E+00
   0.107344E+00   0.180563E+07   0.179254E+07  -0.457019E+01  -0.463877E+01   0.133622E+07   0.177112E+07   0.180343E+07   0.177112E+07  -0.427431E-01   0.904091E+06   0.903947E+06   0.448480E+00
   0.112498E+00   0.172333E+07   0.171241E+07  -0.397655E+01  -0.403613E+01   0.125594E+07   0.168930E+07   0.172150E+07   0.168930E+07  -0.407686E-01   0.862547E+06   0.862424E+06   0.364910E+00
   0.117652E+00   0.165141E+07   0.164246E+07  -0.348860E+01  -0.354078E+01   0.118537E+07   0.161779E+07   0.164991E+07   0.161779E+07  -0.390426E-01   0.826240E+06   0.826136E+06   0.296615E+00
   0.122806E+00   0.158119E+07   0.157369E+07  -0.306960E+01  -0.311544E+01   0.111791E+07   0.154798E+07   0.157993E+07   0.154798E+07  -0.373580E-01   0.790786E+06   0.790695E+06   0.248657E+00
   0.127960E+00   0.150760E+07   0.150086E+07  -0.269889E+01  -0.273913E+01   0.104990E+07   0.147489E+07   0.150647E+07   0.147489E+07  -0.355941E-01   0.753638E+06   0.753553E+06   0.220979E+00
   0.133113E+00   0.142924E+07   0.142261E+07  -0.236693E+01  -0.240216E+01   0.980466E+06   0.139716E+07   0.142812E+07   0.139716E+07  -0.337183E-01   0.714096E+06   0.714013E+06   0.209396E+00
   0.138267E+00   0.134775E+07   0.134078E+07  -0.207086E+01  -0.210163E+01   0.910794E+06   0.131644E+07   0.134658E+07   0.131644E+07  -0.317702E-01   0.673003E+06   0.672917E+06   0.207437E+00
   0.143421E+00   0.126672E+07   0.125920E+07  -0.181077E+01  -0.183764E+01   0.843339E+06   0.123627E+07   0.126546E+07   0.123627E+07  -0.298353E-01   0.632167E+06   0.632078E+06   0.208353E+00
   0.148575E+00   0.119053E+07   0.118255E+07  -0.158738E+01  -0.161089E+01   0.780954E+06   0.116096E+07   0.118919E+07   0.116096E+07  -0.280179E-01   0.593801E+06   0.593708E+06   0.206768E+00
   0.153728E+00   0.112324E+07   0.111506E+07  -0.140031E+01  -0.142102E+01   0.726077E+06   0.109449E+07   0.112186E+07   0.109449E+07  -0.264138E-01   0.559936E+06   0.559844E+06   0.199635E+00
   0.158882E+00   0.106716E+07   0.105915E+07  -0.124678E+01  -0.126519E+01   0.679886E+06   0.103913E+07   0.106581E+07   0.103913E+07  -0.250776E-01   0.531733E+06   0.531644E+06   0.186381E+00
   0.164036E+00   0.102201E+07   0.101452E+07  -0.112138E+01  -0.113792E+01   0.641852E+06   0.994552E+06   0.102076E+07   0.994552E+06  -0.240019E-01   0.509039E+06   0.508956E+06   0.168434E+00
   0.169190E+00   0.985440E+06   0.978679E+06  -0.101750E+01  -0.103249E+01   0.610172E+06   0.958431E+06   0.984305E+06   0.958431E+06  -0.231302E-01   0.490660E+06   0.490585E+06   0.148397E+00
   0.174344E+00   0.954322E+06   0.948366E+06  -0.929019E+00  -0.942680E+00   0.582659E+06   0.927688E+06   0.953322E+06   0.927688E+06  -0.223882E-01   0.475025E+06   0.474957E+06   0.129135E+00
   0.179497E+00   0.925603E+06   0.920369E+06  -0.850997E+00  -0.863494E+00   0.557292E+06   0.899314E+06   0.924724E+06   0.899314E+06  -0.217035E-01   0.460595E+06   0.460534E+06   0.112973E+00
   0.184651E+00   0.896584E+06   0.891875E+06  -0.779773E+00  -0.791208E+00   0.532351E+06   0.870659E+06   0.895793E+06   0.870659E+06  -0.210119E-01   0.446014E+06   0.445958E+06   0.101187E+00
   0.189805E+00   0.865465E+06   0.861037E+06  -0.713106E+00  -0.723549E+00   0.506820E+06   0.839970E+06   0.864722E+06   0.839970E+06  -0.202713E-01   0.430384E+06   0.430331E+06   0.938835E-01
   0.194959E+00   0.831958E+06   0.827586E+06  -0.650361E+00  -0.659872E+00   0.480533E+06   0.806972E+06   0.831224E+06   0.806972E+06  -0.194750E-01   0.413562E+06   0.413510E+06   0.902188E-01
   0.200113E+00   0.797136E+06   0.792662E+06  -0.591994E+00  -0.600640E+00   0.454150E+06   0.772717E+06   0.796385E+06   0.772717E+06  -0.186483E-01   0.396089E+06   0.396036E+06   0.887813E-01
   0.205266E+00   0.762620E+06   0.757983E+06  -0.538749E+00  -0.546607E+00   0.428604E+06   0.738796E+06   0.761841E+06   0.738796E+06  -0.178296E-01   0.378778E+06   0.378724E+06   0.880286E-01
   0.210420E+00   0.729948E+06   0.725179E+06  -0.491147E+00  -0.498301E+00   0.404728E+06   0.706711E+06   0.729147E+06   0.706711E+06  -0.170553E-01   0.362401E+06   0.362347E+06   0.866748E-01
   0.215574E+00   0.700366E+06   0.695563E+06  -0.449376E+00  -0.455914E+00   0.383150E+06   0.677677E+06   0.699559E+06   0.677677E+06  -0.163546E-01   0.347581E+06   0.347527E+06   0.839499E-01
   0.220728E+00   0.674634E+06   0.669926E+06  -0.413256E+00  -0.419261E+00   0.364203E+06   0.652430E+06   0.673844E+06   0.652430E+06  -0.157453E-01   0.334697E+06   0.334644E+06   0.796771E-01
   0.225881E+00   0.652778E+06   0.648285E+06  -0.382177E+00  -0.387723E+00   0.347798E+06   0.630985E+06   0.652024E+06   0.630985E+06  -0.152278E-01   0.323757E+06   0.323706E+06   0.741814E-01
   0.231035E+00   0.634090E+06   0.629893E+06  -0.355189E+00  -0.360338E+00   0.333465E+06   0.612644E+06   0.633385E+06   0.612644E+06  -0.147852E-01   0.314405E+06   0.314358E+06   0.680975E-01
   0.236189E+00   0.617465E+06   0.613590E+06  -0.331255E+00  -0.336051E+00   0.320550E+06   0.596326E+06   0.616815E+06   0.596326E+06  -0.143914E-01   0.306087E+06   0.306043E+06   0.621474E-01
   0.241343E+00   0.601759E+06   0.598179E+06  -0.309470E+00  -0.313946E+00   0.308410E+06   0.580913E+06   0.601158E+06   0.580913E+06  -0.140194E-01   0.298230E+06   0.298189E+06   0.569428E-01
   0.246497E+00   0.586016E+06   0.582662E+06  -0.289159E+00  -0.293336E+00   0.296529E+06   0.565472E+06   0.585453E+06   0.565472E+06  -0.136468E-01   0.290355E+06   0.290316E+06   0.528507E-01
   0.251650E+00   0.569647E+06   0.566434E+06  -0.269919E+00  -0.273814E+00   0.284606E+06   0.549432E+06   0.569108E+06   0.549432E+06  -0.132597E-01   0.282169E+06   0.282131E+06   0.499468E-01
   0.256804E+00   0.552546E+06   0.549394E+06  -0.251620E+00  -0.255247E+00   0.272594E+06   0.532693E+06   0.552017E+06   0.532693E+06  -0.128557E-01   0.273620E+06   0.273583E+06   0.480509E-01
   0.261958E+00   0.535035E+06   0.531885E+06  -0.234338E+00  -0.237712E+00   0.260656E+06   0.515568E+06   0.534506E+06   0.515568E+06  -0.124424E-01   0.264870E+06   0.264833E+06   0.468174E-01
   0.267112E+00   0.517658E+06   0.514483E+06  -0.218231E+00  -0.221370E+00   0.249056E+06   0.498587E+06   0.517125E+06   0.498587E+06  -0.120326E-01   0.256189E+06   0.256153E+06   0.458470E-01
   0.272266E+00   0.500983E+06   0.497790E+06  -0.203437E+00  -0.206360E+00   0.238059E+06   0.482301E+06   0.500447E+06   0.482301E+06  -0.116396E-01   0.247863E+06   0.247826E+06   0.447908E-01
   0.277419E+00   0.485479E+06   0.482299E+06  -0.190029E+00  -0.192756E+00   0.227867E+06   0.467167E+06   0.484945E+06   0.467167E+06  -0.112743E-01   0.240125E+06   0.240089E+06   0.434216E-01
   0.282573E+00   0.471430E+06   0.468306E+06  -0.177995E+00  -0.180547E+00   0.218585E+06   0.453456E+06   0.470906E+06   0.453456E+06  -0.109434E-01   0.233115E+06   0.233080E+06   0.416634E-01
   0.287727E+00   0.458866E+06   0.455840E+06  -0.167229E+00  -0.169624E+00   0.210196E+06   0.441196E+06   0.458358E+06   0.441196E+06  -0.106475E-01   0.226849E+06   0.226815E+06   0.395779E-01
   0.292881E+00   0.447574E+06   0.444676E+06  -0.157546E+00  -0.159800E+00   0.202573E+06   0.430177E+06   0.447087E+06   0.430177E+06  -0.103816E-01   0.221218E+06   0.221186E+06   0.373200E-01
   0.298034E+00   0.437188E+06   0.434430E+06  -0.148728E+00  -0.150854E+00   0.195525E+06   0.420044E+06   0.436725E+06   0.420044E+06  -0.101371E-01   0.216041E+06   0.216010E+06   0.350813E-01
   0.303188E+00   0.427306E+06   0.424681E+06  -0.140572E+00  -0.142579E+00   0.188853E+06   0.410406E+06   0.426866E+06   0.410406E+06  -0.990447E-02   0.211116E+06   0.211086E+06   0.330342E-01
   0.308342E+00   0.417582E+06   0.415067E+06  -0.132918E+00  -0.134814E+00   0.182393E+06   0.400924E+06   0.417159E+06   0.400924E+06  -0.967565E-02   0.206269E+06   0.206241E+06   0.312928E-01
   0.313496E+00   0.407787E+06   0.405354E+06  -0.125658E+00  -0.127449E+00   0.176041E+06   0.391380E+06   0.407378E+06   0.391380E+06  -0.944532E-02   0.201389E+06   0.201361E+06   0.298952E-01
   0.318650E+00   0.397851E+06   0.395469E+06  -0.118745E+00  -0.120436E+00   0.169762E+06   0.381705E+06   0.397451E+06   0.381705E+06  -0.921182E-02   0.196439E+06   0.196412E+06   0.288080E-01
   0.323803E+00   0.387846E+06   0.385494E+06  -0.112180E+00  -0.113776E+00   0.163587E+06   0.371969E+06   0.387451E+06   0.371969E+06  -0.897688E-02   0.191457E+06   0.191430E+06   0.279460E-01
   0.328957E+00   0.377941E+06   0.375606E+06  -0.105987E+00  -0.107494E+00   0.157585E+06   0.362337E+06   0.377549E+06   0.362337E+06  -0.874441E-02   0.186526E+06   0.186499E+06   0.272018E-01
   0.334111E+00   0.368336E+06   0.366016E+06  -0.100197E+00  -0.101621E+00   0.151833E+06   0.353000E+06   0.367946E+06   0.353000E+06  -0.851909E-02   0.181745E+06   0.181719E+06   0.264743E-01
   0.339265E+00   0.359205E+06   0.356910E+06  -0.948283E-01  -0.961740E-01   0.146396E+06   0.344129E+06   0.358819E+06   0.344129E+06  -0.830500E-02   0.177202E+06   0.177176E+06   0.256912E-01
   0.344419E+00   0.350657E+06   0.348400E+06  -0.898801E-01  -0.911546E-01   0.141310E+06   0.335827E+06   0.350278E+06   0.335827E+06  -0.810464E-02   0.172951E+06   0.172925E+06   0.248197E-01
   0.349572E+00   0.342715E+06   0.340509E+06  -0.853287E-01  -0.865376E-01   0.136572E+06   0.328114E+06   0.342344E+06   0.328114E+06  -0.791850E-02   0.169001E+06   0.168976E+06   0.238659E-01
   0.354726E+00   0.335318E+06   0.333175E+06  -0.811307E-01  -0.822792E-01   0.132147E+06   0.320933E+06   0.334959E+06   0.320933E+06  -0.774519E-02   0.165324E+06   0.165300E+06   0.228653E-01
   0.359880E+00   0.328356E+06   0.326280E+06  -0.772355E-01  -0.783279E-01   0.127982E+06   0.314174E+06   0.328007E+06   0.314174E+06  -0.758209E-02   0.161864E+06   0.161840E+06   0.218680E-01
   0.365034E+00   0.321695E+06   0.319687E+06  -0.735936E-01  -0.746337E-01   0.124019E+06   0.307711E+06   0.321358E+06   0.307711E+06  -0.742610E-02   0.158554E+06   0.158531E+06   0.209241E-01
   0.370187E+00   0.315213E+06   0.313265E+06  -0.701605E-01  -0.711514E-01   0.120202E+06   0.301422E+06   0.314886E+06   0.301422E+06  -0.727434E-02   0.155334E+06   0.155311E+06   0.200701E-01
   0.375341E+00   0.308815E+06   0.306917E+06  -0.669019E-01  -0.678460E-01   0.116493E+06   0.295218E+06   0.308496E+06   0.295218E+06  -0.712461E-02   0.152155E+06   0.152134E+06   0.193230E-01
   0.380495E+00   0.302452E+06   0.300593E+06  -0.637977E-01  -0.646973E-01   0.112870E+06   0.289050E+06   0.302139E+06   0.289050E+06  -0.697576E-02   0.148995E+06   0.148974E+06   0.186787E-01
   0.385649E+00   0.296128E+06   0.294299E+06  -0.608409E-01  -0.616982E-01   0.109333E+06   0.282924E+06   0.295821E+06   0.282924E+06  -0.682791E-02   0.145855E+06   0.145834E+06   0.181174E-01
   0.390803E+00   0.289895E+06   0.288091E+06  -0.580329E-01  -0.588500E-01   0.105898E+06   0.276889E+06   0.289592E+06   0.276889E+06  -0.668226E-02   0.142760E+06   0.142740E+06   0.176104E-01
   0.395956E+00   0.283821E+06   0.282040E+06  -0.553782E-01  -0.561574E-01   0.102588E+06   0.271010E+06   0.283522E+06   0.271010E+06  -0.654038E-02   0.139746E+06   0.139725E+06   0.171282E-01
   0.401110E+00   0.277962E+06   0.276204E+06  -0.528792E-01  -0.536226E-01   0.994187E+05   0.265340E+06   0.277667E+06   0.265340E+06  -0.640355E-02   0.136838E+06   0.136818E+06   0.166470E-01
   0.406264E+00   0.272350E+06   0.270620E+06  -0.505332E-01  -0.512432E-01   0.963989E+05   0.259911E+06   0.272059E+06   0.259911E+06  -0.627254E-02   0.134054E+06   0.134034E+06   0.161528E-01
   0.411418E+00   0.267003E+06   0.265305E+06  -0.483339E-01  -0.490125E-01   0.935301E+05   0.254741E+06   0.266718E+06   0.254741E+06  -0.614775E-02   0.131402E+06   0.131383E+06   0.156431E-01
   0.416572E+00   0.261917E+06   0.260255E+06  -0.462719E-01  -0.469211E-01   0.908070E+05   0.249824E+06   0.261638E+06   0.249824E+06  -0.602909E-02   0.128880E+06   0.128861E+06   0.151250E-01
   0.421725E+00   0.257062E+06   0.255437E+06  -0.443345E-01  -0.449561E-01   0.882146E+05   0.245131E+06   0.256789E+06   0.245131E+06  -0.591583E-02   0.126473E+06   0.126455E+06   0.146110E-01
   0.426879E+00   0.252385E+06   0.250798E+06  -0.425057E-01  -0.431013E-01   0.857317E+05   0.240611E+06   0.252118E+06   0.240611E+06  -0.580677E-02   0.124155E+06   0.124137E+06   0.141147E-01
   0.432033E+00   0.247837E+06   0.246286E+06  -0.407710E-01  -0.413419E-01   0.833385E+05   0.236218E+06   0.247576E+06   0.236218E+06  -0.570075E-02   0.121901E+06   0.121883E+06   0.136475E-01
   0.437187E+00   0.243387E+06   0.241868E+06  -0.391201E-01  -0.396676E-01   0.810220E+05   0.231921E+06   0.243132E+06   0.231921E+06  -0.559703E-02   0.119696E+06   0.119678E+06   0.132163E-01
   0.442340E+00   0.239016E+06   0.237526E+06  -0.375466E-01  -0.380716E-01   0.787744E+05   0.227702E+06   0.238766E+06   0.227702E+06  -0.549521E-02   0.117531E+06   0.117514E+06   0.128222E-01
   0.447494E+00   0.234717E+06   0.233252E+06  -0.360446E-01  -0.365484E-01   0.765909E+05   0.223552E+06   0.234471E+06   0.223552E+06  -0.539507E-02   0.115401E+06   0.115384E+06   0.124611E-01
   0.452648E+00   0.230489E+06   0.229046E+06  -0.346106E-01  -0.350940E-01   0.744705E+05   0.219474E+06   0.230247E+06   0.219474E+06  -0.529665E-02   0.113307E+06   0.113290E+06   0.121252E-01
   0.457802E+00   0.226352E+06   0.224930E+06  -0.332440E-01  -0.337081E-01   0.724172E+05   0.215484E+06   0.226113E+06   0.215484E+06  -0.520035E-02   0.111258E+06   0.111242E+06   0.118060E-01
   0.462956E+00   0.222327E+06   0.220926E+06  -0.319452E-01  -0.323908E-01   0.704369E+05   0.211604E+06   0.222092E+06   0.211604E+06  -0.510672E-02   0.109266E+06   0.109250E+06   0.114959E-01
   0.468109E+00   0.218433E+06   0.217053E+06  -0.307128E-01  -0.311409E-01   0.685332E+05   0.207851E+06   0.218202E+06   0.207851E+06  -0.501615E-02   0.107338E+06   0.107322E+06   0.111895E-01
   0.473263E+00   0.214674E+06   0.213315E+06  -0.295437E-01  -0.299554E-01   0.667051E+05   0.204228E+06   0.214446E+06   0.204228E+06  -0.492872E-02   0.105477E+06   0.105462E+06   0.108846E-01
   0.478417E+00   0.211043E+06   0.209708E+06  -0.284346E-01  -0.288305E-01   0.649494E+05   0.200731E+06   0.210819E+06   0.200731E+06  -0.484433E-02   0.103681E+06   0.103666E+06   0.105815E-01
   0.483571E+00   0.207535E+06   0.206223E+06  -0.273814E-01  -0.277625E-01   0.632618E+05   0.197352E+06   0.207314E+06   0.197352E+06  -0.476278E-02   0.101945E+06   0.101930E+06   0.102829E-01
   0.488725E+00   0.204136E+06   0.202849E+06  -0.263798E-01  -0.267468E-01   0.616371E+05   0.194080E+06   0.203920E+06   0.194080E+06  -0.468382E-02   0.100265E+06   0.100250E+06   0.999245E-02
   0.493878E+00   0.200834E+06   0.199570E+06  -0.254252E-01  -0.257787E-01   0.600693E+05   0.190902E+06   0.200622E+06   0.190902E+06  -0.460710E-02   0.986313E+05   0.986169E+05   0.971355E-02
   0.499032E+00   0.197610E+06   0.196368E+06  -0.245136E-01  -0.248542E-01   0.585518E+05   0.187799E+06   0.197401E+06   0.187799E+06  -0.453223E-02   0.970370E+05   0.970229E+05   0.944849E-02
   0.504186E+00   0.194451E+06   0.193230E+06  -0.236413E-01  -0.239696E-01   0.570796E+05   0.184760E+06   0.194246E+06   0.184760E+06  -0.445888E-02   0.954752E+05   0.954613E+05   0.919810E-02
   0.509340E+00   0.191353E+06   0.190151E+06  -0.228058E-01  -0.231223E-01   0.556500E+05   0.181780E+06   0.191151E+06   0.181780E+06  -0.438697E-02   0.939437E+05   0.939300E+05   0.896175E-02
   0.514493E+00   0.188318E+06   0.187133E+06  -0.220056E-01  -0.223109E-01   0.542629E+05   0.178862E+06   0.188119E+06   0.178862E+06  -0.431654E-02   0.924434E+05   0.924299E+05   0.873771E-02
   0.519647E+00   0.185348E+06   0.184181E+06  -0.212399E-01  -0.215344E-01   0.529181E+05   0.176007E+06   0.185152E+06   0.176007E+06  -0.424765E-02   0.909759E+05   0.909626E+05   0.852355E-02
   0.524801E+00   0.182446E+06   0.181296E+06  -0.205071E-01  -0.207913E-01   0.516151E+05   0.173219E+06   0.182253E+06   0.173219E+06  -0.418035E-02   0.895420E+05   0.895289E+05   0.831675E-02
   0.529955E+00   0.179616E+06   0.178482E+06  -0.198059E-01  -0.200803E-01   0.503537E+05   0.170499E+06   0.179425E+06   0.170499E+06  -0.411472E-02   0.881435E+05   0.881306E+05   0.811529E-02
   0.535109E+00   0.176860E+06   0.175743E+06  -0.191357E-01  -0.194006E-01   0.491344E+05   0.167853E+06   0.176673E+06   0.167853E+06  -0.405085E-02   0.867825E+05   0.867698E+05   0.791801E-02
   0.540262E+00   0.174183E+06   0.173082E+06  -0.184954E-01  -0.187514E-01   0.479567E+05   0.165281E+06   0.173998E+06   0.165281E+06  -0.398880E-02   0.854600E+05   0.854475E+05   0.772456E-02
   0.545416E+00   0.171579E+06   0.170495E+06  -0.178832E-01  -0.181305E-01   0.468185E+05   0.162782E+06   0.171397E+06   0.162782E+06  -0.392847E-02   0.841742E+05   0.841619E+05   0.753523E-02
   0.550570E+00   0.169042E+06   0.167974E+06  -0.172969E-01  -0.175360E-01   0.457170E+05   0.160346E+06   0.168863E+06   0.160346E+06  -0.386970E-02   0.829215E+05   0.829093E+05   0.735070E-02
   0.555724E+00   0.166566E+06   0.165514E+06  -0.167351E-01  -0.169664E-01   0.446499E+05   0.157970E+06   0.166389E+06   0.157970E+06  -0.381235E-02   0.816991E+05   0.816871E+05   0.717183E-02
   0.560878E+00   0.164147E+06   0.163112E+06  -0.161966E-01  -0.164203E-01   0.436153E+05   0.155650E+06   0.163973E+06   0.155650E+06  -0.375636E-02   0.805053E+05   0.804935E+05   0.699940E-02
   0.566031E+00   0.161783E+06   0.160762E+06  -0.156796E-01  -0.158961E-01   0.426115E+05   0.153382E+06   0.161611E+06   0.153382E+06  -0.370162E-02   0.793382E+05   0.793266E+05   0.683378E-02
   0.571185E+00   0.159467E+06   0.158461E+06  -0.151829E-01  -0.153924E-01   0.416365E+05   0.151161E+06   0.159298E+06   0.151161E+06  -0.364802E-02   0.781953E+05   0.781839E+05   0.667488E-02
   0.576339E+00   0.157196E+06   0.156204E+06  -0.147055E-01  -0.149083E-01   0.406888E+05   0.148984E+06   0.157029E+06   0.148984E+06  -0.359548E-02   0.770748E+05   0.770635E+05   0.652226E-02
   0.581493E+00   0.154970E+06   0.153992E+06  -0.142465E-01  -0.144429E-01   0.397676E+05   0.146850E+06   0.154806E+06   0.146850E+06  -0.354400E-02   0.759768E+05   0.759657E+05   0.637526E-02
   0.586646E+00   0.152793E+06   0.151828E+06  -0.138054E-01  -0.139956E-01   0.388732E+05   0.144764E+06   0.152631E+06   0.144764E+06  -0.349363E-02   0.749025E+05   0.748915E+05   0.623315E-02
   0.591800E+00   0.150664E+06   0.149712E+06  -0.133815E-01  -0.135658E-01   0.380051E+05   0.142724E+06   0.150504E+06   0.142724E+06  -0.344441E-02   0.738524E+05   0.738415E+05   0.609523E-02
   0.596954E+00   0.148582E+06   0.147643E+06  -0.129741E-01  -0.131528E-01   0.371624E+05   0.140730E+06   0.148424E+06   0.140730E+06  -0.339628E-02   0.728257E+05   0.728150E+05   0.596092E-02
   0.602108E+00   0.146546E+06   0.145620E+06  -0.125825E-01  -0.127557E-01   0.363442E+05   0.138780E+06   0.146391E+06   0.138780E+06  -0.334923E-02   0.718219E+05   0.718113E+05   0.582987E-02
   0.607262E+00   0.144557E+06   0.143643E+06  -0.122059E-01  -0.123739E-01   0.355501E+05   0.136876E+06   0.144404E+06   0.136876E+06  -0.330327E-02   0.708411E+05   0.708307E+05   0.570201E-02
   0.612415E+00   0.142614E+06   0.141712E+06  -0.118439E-01  -0.120068E-01   0.347795E+05   0.135016E+06   0.142463E+06   0.135016E+06  -0.325839E-02   0.698833E+05   0.698730E+05   0.557743E-02
   0.662851E+00   0.125580E+06   0.124785E+06  -0.892936E-02  -0.905170E-02   0.282729E+05   0.118726E+06   0.125447E+06   0.118726E+06  -0.286527E-02   0.614906E+05   0.614816E+05   0.453854E-02
   0.717439E+00   0.110504E+06   0.109804E+06  -0.672662E-02  -0.681845E-02   0.229091E+05   0.104337E+06   0.110387E+06   0.104337E+06  -0.251800E-02   0.540708E+05   0.540628E+05   0.369044E-02
   0.776524E+00   0.971711E+05   0.965553E+05  -0.506321E-02  -0.513210E-02   0.185036E+05   0.916345E+05   0.970677E+05   0.916345E+05  -0.221145E-02   0.475155E+05   0.475085E+05   0.299909E-02
   0.840474E+00   0.853932E+05   0.848516E+05  -0.380825E-02  -0.385989E-02   0.148991E+05   0.804335E+05   0.853023E+05   0.804335E+05  -0.194113E-02   0.417305E+05   0.417244E+05   0.243558E-02
   0.909691E+00   0.749969E+05   0.745209E+05  -0.286221E-02  -0.290090E-02   0.119603E+05   0.705632E+05   0.749170E+05   0.705632E+05  -0.170293E-02   0.366289E+05   0.366235E+05   0.197657E-02
   0.984609E+00   0.658278E+05   0.654097E+05  -0.214963E-02  -0.217860E-02   0.957271E+04   0.618720E+05   0.657576E+05   0.618720E+05  -0.149318E-02   0.321334E+05   0.321287E+05   0.160298E-02
   0.106570E+01   0.577455E+05   0.573785E+05  -0.161330E-02  -0.163499E-02   0.763934E+04   0.542230E+05   0.576839E+05   0.542230E+05  -0.130858E-02   0.281741E+05   0.281700E+05   0.129912E-02
   0.115346E+01   0.506280E+05   0.503062E+05  -0.120996E-02  -0.122618E-02   0.607920E+04   0.474969E+05   0.505740E+05   0.474969E+05  -0.114626E-02   0.246902E+05   0.246866E+05   0.105218E-02
   0.124845E+01   0.443642E+05   0.440820E+05  -0.906817E-03  -0.918946E-03   0.482425E+04   0.415857E+05   0.443168E+05   0.415857E+05  -0.100360E-02   0.216263E+05   0.216231E+05   0.851631E-03
   0.135127E+01   0.388544E+05   0.386071E+05  -0.678725E-03  -0.687789E-03   0.381787E+04   0.363927E+05   0.388129E+05   0.363927E+05  -0.878298E-03   0.189331E+05   0.189303E+05   0.688858E-03
   0.146255E+01   0.340120E+05   0.337955E+05  -0.490010E-03  -0.496781E-03   0.301343E+04   0.318344E+05   0.339756E+05   0.318344E+05  -0.769076E-03   0.165676E+05   0.165652E+05   0.556846E-03
   0.158300E+01   0.297582E+05   0.295688E+05  -0.301969E-03  -0.307024E-03   0.237226E+04   0.278347E+05   0.297264E+05   0.278347E+05  -0.675753E-03   0.144909E+05   0.144887E+05   0.449843E-03
   0.171337E+01   0.260240E+05   0.258583E+05  -0.342336E-03  -0.346108E-03   0.186275E+04   0.243272E+05   0.259962E+05   0.243272E+05  -0.583618E-03   0.126688E+05   0.126669E+05   0.363168E-03
   0.185447E+01   0.227477E+05   0.226029E+05  -0.278810E-03  -0.281624E-03   0.145901E+04   0.212528E+05   0.227234E+05   0.212528E+05  -0.508241E-03   0.110709E+05   0.110693E+05   0.293001E-03
   0.200720E+01   0.198750E+05   0.197484E+05  -0.107766E-03  -0.109864E-03   0.113999E+04   0.185596E+05   0.198538E+05   0.185596E+05  -0.452089E-03   0.967044E+04   0.966902E+04   0.236235E-03
   0.217250E+01   0.173574E+05   0.172469E+05  -0.733709E-04  -0.749347E-04   0.888586E+03   0.162012E+05   0.173389E+05   0.162012E+05  -0.395331E-03   0.844365E+04   0.844241E+04   0.190336E-03
   0.235141E+01   0.151523E+05   0.150558E+05  -0.106163E-03  -0.107328E-03   0.691000E+03   0.141371E+05   0.151361E+05   0.141371E+05  -0.339164E-03   0.736950E+04   0.736842E+04   0.153245E-03
   0.254506E+01   0.132219E+05   0.131376E+05  -0.101383E-03  -0.102251E-03   0.536117E+03   0.123314E+05   0.132077E+05   0.123314E+05  -0.292900E-03   0.642947E+04   0.642853E+04   0.123291E-03
   0.275466E+01   0.115327E+05   0.114592E+05  -0.584567E-05  -0.649160E-05   0.415014E+03   0.107523E+05   0.115203E+05   0.107523E+05  -0.266187E-03   0.560716E+04   0.560635E+04   0.991131E-04
   0.298152E+01   0.100554E+05   0.999132E+04   0.815566E-05   0.767498E-05   0.320564E+03   0.937214E+04   0.100446E+05   0.937214E+04  -0.234296E-03   0.488822E+04   0.488751E+04   0.796099E-04
   0.322706E+01   0.876398E+04   0.870815E+04  -0.183556E-04  -0.187132E-04   0.247078E+03   0.816626E+04   0.875460E+04   0.816626E+04  -0.198964E-03   0.425989E+04   0.425928E+04   0.638865E-04
   0.349283E+01   0.763559E+04   0.758697E+04  -0.157573E-06  -0.423475E-06   0.190039E+03   0.711309E+04   0.762743E+04   0.711309E+04  -0.176669E-03   0.371101E+04   0.371047E+04   0.512178E-04
   0.378048E+01   0.665012E+04   0.660778E+04  -0.122326E-04  -0.124303E-04   0.145870E+03   0.619370E+04   0.664302E+04   0.619370E+04  -0.150299E-03   0.323173E+04   0.323127E+04   0.410168E-04
   0.409182E+01   0.578980E+04   0.575295E+04   0.994626E-05   0.979938E-05   0.111744E+03   0.539137E+04   0.578361E+04   0.539137E+04  -0.137341E-03   0.281340E+04   0.281299E+04   0.328077E-04
   0.442880E+01   0.503908E+04   0.500701E+04  -0.250935E-06  -0.360055E-06   0.854368E+02   0.469149E+04   0.503369E+04   0.469149E+04  -0.116457E-03   0.244841E+04   0.244806E+04   0.262061E-04
   0.479353E+01   0.438423E+04   0.435635E+04  -0.192884E-04  -0.193694E-04   0.651995E+02   0.408119E+04   0.437955E+04   0.408119E+04  -0.923442E-04   0.213009E+04   0.212979E+04   0.209007E-04
   0.518830E+01   0.381327E+04   0.378903E+04  -0.179948E-04  -0.180550E-04   0.496650E+02   0.354921E+04   0.380920E+04   0.354921E+04  -0.782897E-04   0.185257E+04   0.185231E+04   0.166402E-04
   0.561558E+01   0.331563E+04   0.329456E+04   0.135745E-04   0.135299E-04   0.377644E+02   0.308565E+04   0.331209E+04   0.308565E+04  -0.854043E-04   0.161072E+04   0.161050E+04   0.132214E-04
   0.607805E+01   0.288205E+04   0.286375E+04  -0.103794E-04  -0.104125E-04   0.286660E+02   0.268186E+04   0.287898E+04   0.268186E+04  -0.588038E-04   0.140002E+04   0.139983E+04   0.104804E-04
   0.657860E+01   0.250443E+04   0.248855E+04  -0.111403E-04  -0.111649E-04   0.217234E+02   0.233026E+04   0.250177E+04   0.233026E+04  -0.480532E-04   0.121654E+04   0.121637E+04   0.828484E-05
   0.712038E+01   0.217566E+04   0.216188E+04  -0.122331E-04  -0.122514E-04   0.164356E+02   0.202418E+04   0.217335E+04   0.202418E+04  -0.376289E-04   0.105680E+04   0.105666E+04   0.652791E-05
   0.770678E+01   0.188953E+04   0.187757E+04  -0.101388E-04  -0.101523E-04   0.124155E+02   0.175784E+04   0.188752E+04   0.175784E+04  -0.313796E-04   0.917784E+03   0.917666E+03   0.512360E-05
   0.834147E+01   0.164057E+04   0.163020E+04  -0.548853E-05  -0.549854E-05   0.936462E+01   0.152614E+04   0.163883E+04   0.152614E+04  -0.301206E-04   0.796841E+03   0.796741E+03   0.400255E-05
   0.902843E+01   0.142404E+04   0.141505E+04  -0.652021E-05  -0.652762E-05   0.705318E+01   0.132464E+04   0.142253E+04   0.132464E+04  -0.220604E-04   0.691654E+03   0.691570E+03   0.310893E-05
   0.977196E+01   0.123577E+04   0.122799E+04   0.263271E-05   0.262722E-05   0.530486E+01   0.114946E+04   0.123446E+04   0.114946E+04  -0.336939E-04   0.600199E+03   0.600129E+03   0.239778E-05
   0.105767E+02   0.107212E+04   0.106538E+04   0.365418E-05   0.365012E-05   0.398456E+01   0.997199E+03   0.107099E+04   0.997199E+03  -0.331241E-04   0.520708E+03   0.520650E+03   0.183292E-05
   0.114478E+02   0.929914E+03   0.924085E+03  -0.322028E-05  -0.322330E-05   0.298902E+01   0.864901E+03   0.928936E+03   0.864901E+03  -0.128726E-04   0.451635E+03   0.451587E+03   0.138524E-05
   0.123905E+02   0.806377E+03   0.801338E+03   0.222180E-05   0.221957E-05   0.223946E+01   0.749978E+03   0.805531E+03   0.749978E+03  -0.255997E-04   0.391631E+03   0.391593E+03   0.103137E-05
   0.134110E+02   0.699089E+03   0.694736E+03   0.452014E-06   0.450364E-06   0.167590E+01   0.650178E+03   0.698358E+03   0.650178E+03  -0.178153E-04   0.339522E+03   0.339491E+03   0.752505E-06
   0.145154E+02   0.605937E+03   0.602180E+03  -0.556754E-06  -0.557975E-06   0.125276E+01   0.563532E+03   0.605306E+03   0.563532E+03  -0.116065E-04   0.294279E+03   0.294256E+03   0.533565E-06
   0.157108E+02   0.525081E+03   0.521841E+03   0.541317E-06   0.540414E-06   0.935459E+00   0.488327E+03   0.524537E+03   0.488327E+03  -0.148614E-04   0.255009E+03   0.254992E+03   0.362435E-06
   0.170047E+02   0.454916E+03   0.452126E+03  -0.809902E-06  -0.810570E-06   0.697820E+00   0.423068E+03   0.454447E+03   0.423068E+03  -0.572993E-05   0.220932E+03   0.220921E+03   0.229400E-06
   0.184051E+02   0.394043E+03   0.391643E+03  -0.687777E-06  -0.688271E-06   0.520051E+00   0.366453E+03   0.393640E+03   0.366453E+03  -0.434791E-05   0.191369E+03   0.191362E+03   0.126673E-06
   0.199209E+02   0.341245E+03   0.339183E+03   0.262063E-07   0.258412E-07   0.387218E+00   0.317350E+03   0.340899E+03   0.317350E+03  -0.809780E-05   0.165727E+03   0.165724E+03   0.480139E-07
   0.215614E+02   0.295462E+03   0.293694E+03   0.488174E-06   0.487904E-06   0.288066E+00   0.274772E+03   0.295165E+03   0.274772E+03  -0.114612E-04   0.143492E+03   0.143493E+03  -0.115706E-07
   0.233371E+02   0.255770E+03   0.254257E+03   0.313041E-06   0.312842E-06   0.214131E+00   0.237860E+03   0.255516E+03   0.237860E+03  -0.939143E-05   0.124216E+03   0.124220E+03  -0.560758E-07
   0.252590E+02   0.221367E+03   0.220075E+03  -0.409313E-06  -0.409460E-06   0.159051E+00   0.205867E+03   0.221150E+03   0.205867E+03   0.217100E-06   0.107509E+03   0.107516E+03  -0.886946E-07
   0.273392E+02   0.191555E+03   0.190455E+03   0.115232E-06   0.115123E-06   0.118055E+00   0.178144E+03   0.191370E+03   0.178144E+03  -0.618511E-05   0.930312E+02   0.930404E+02  -0.111976E-06
   0.295907E+02   0.165727E+03   0.164793E+03  -0.227607E-06  -0.227687E-06   0.875670E-01   0.154126E+03   0.165570E+03   0.154126E+03   0.239714E-06   0.804881E+02   0.804995E+02  -0.127953E-06
   0.320277E+02   0.143355E+03   0.142565E+03   0.183961E-06   0.183902E-06   0.649116E-01   0.133322E+03   0.143222E+03   0.133322E+03  -0.716577E-05   0.696234E+02   0.696367E+02  -0.138246E-06
   0.346653E+02   0.123980E+03   0.123316E+03   0.132153E-06   0.132109E-06   0.480894E-01   0.115305E+03   0.123868E+03   0.115305E+03  -0.610758E-05   0.602145E+02   0.602294E+02  -0.144141E-06
   0.375202E+02   0.107204E+03   0.106649E+03   0.128586E-06   0.128553E-06   0.356070E-01   0.997059E+02   0.107111E+03   0.997059E+02  -0.617354E-05   0.520678E+02   0.520843E+02  -0.146662E-06
   0.406101E+02   0.926816E+02   0.922205E+02  -0.101084E-06  -0.101108E-06   0.263511E-01   0.862019E+02   0.926042E+02   0.862019E+02   0.126209E-05   0.450154E+02   0.450332E+02  -0.146620E-06
   0.439545E+02   0.801122E+02   0.797329E+02   0.853207E-07   0.853030E-07   0.194917E-01   0.745140E+02   0.800485E+02   0.745140E+02  -0.521726E-05   0.389114E+02   0.389305E+02  -0.144654E-06
   0.475744E+02   0.692351E+02   0.689268E+02   0.594974E-07   0.594844E-07   0.144114E-01   0.643999E+02   0.691834E+02   0.643999E+02  -0.434974E-05   0.336293E+02   0.336494E+02  -0.141270E-06
