#          k/h    CDM            baryon         photon         nu             mass_nu        total          no_nu          total_de       Weyl           v_CDM          v_b            v_b-v_c     
   0.964890E-05   0.195915E+08   0.195915E+08   0.261076E+08   0.261071E+08   0.195916E+08   0.195916E+08   0.195915E+08   0.195981E+08  -0.448270E+00   0.105777E+08   0.105777E+08   0.676402E+01
   0.106619E-04   0.195917E+08   0.195917E+08   0.261045E+08   0.261040E+08   0.195918E+08   0.195917E+08   0.195917E+08   0.195982E+08  -0.448275E+00   0.105777E+08   0.105777E+08   0.747393E+01
   0.117813E-04   0.195918E+08   0.195918E+08   0.261008E+08   0.261001E+08   0.195919E+08   0.195918E+08   0.195918E+08   0.195984E+08  -0.448281E+00   0.105777E+08   0.105777E+08   0.825830E+01
   0.130182E-04   0.195920E+08   0.195920E+08   0.260963E+08   0.260954E+08   0.195921E+08   0.195920E+08   0.195920E+08   0.195985E+08  -0.448289E+00   0.105778E+08   0.105778E+08   0.912490E+01
   0.143849E-04   0.195922E+08   0.195922E+08   0.260907E+08   0.260897E+08   0.195923E+08   0.195922E+08   0.195922E+08   0.195988E+08  -0.448298E+00   0.105779E+08   0.105779E+08   0.100824E+02
   0.158951E-04   0.195925E+08   0.195925E+08   0.260840E+08   0.260828E+08   0.195926E+08   0.195925E+08   0.195925E+08   0.195990E+08  -0.448310E+00   0.105779E+08   0.105779E+08   0.111401E+02
   0.175639E-04   0.195929E+08   0.195929E+08   0.260758E+08   0.260743E+08   0.195929E+08   0.195929E+08   0.195929E+08   0.195994E+08  -0.448324E+00   0.105780E+08   0.105780E+08   0.123087E+02
   0.194079E-04   0.195933E+08   0.195933E+08   0.260657E+08   0.260639E+08   0.195934E+08   0.195933E+08   0.195933E+08   0.195998E+08  -0.448341E+00   0.105782E+08   0.105782E+08   0.135996E+02
   0.214455E-04   0.195938E+08   0.195938E+08   0.260534E+08   0.260512E+08   0.195939E+08   0.195938E+08   0.195938E+08   0.196003E+08  -0.448362E+00   0.105783E+08   0.105783E+08   0.150256E+02
   0.236970E-04   0.195944E+08   0.195944E+08   0.260384E+08   0.260357E+08   0.195945E+08   0.195944E+08   0.195944E+08   0.196009E+08  -0.448387E+00   0.105785E+08   0.105785E+08   0.166006E+02
   0.261848E-04   0.195951E+08   0.195951E+08   0.260202E+08   0.260168E+08   0.195952E+08   0.195951E+08   0.195951E+08   0.196016E+08  -0.448418E+00   0.105787E+08   0.105787E+08   0.183401E+02
   0.289339E-04   0.195961E+08   0.195961E+08   0.259979E+08   0.259938E+08   0.195962E+08   0.195961E+08   0.195961E+08   0.196026E+08  -0.448456E+00   0.105790E+08   0.105790E+08   0.202611E+02
   0.319716E-04   0.195972E+08   0.195972E+08   0.259707E+08   0.259657E+08   0.195973E+08   0.195972E+08   0.195972E+08   0.196037E+08  -0.448503E+00   0.105793E+08   0.105793E+08   0.223822E+02
   0.353282E-04   0.195985E+08   0.195985E+08   0.259375E+08   0.259314E+08   0.195986E+08   0.195986E+08   0.195985E+08   0.196050E+08  -0.448559E+00   0.105798E+08   0.105797E+08   0.247240E+02
   0.390372E-04   0.196002E+08   0.196002E+08   0.258970E+08   0.258896E+08   0.196003E+08   0.196002E+08   0.196002E+08   0.196067E+08  -0.448629E+00   0.105803E+08   0.105802E+08   0.273087E+02
   0.431356E-04   0.196023E+08   0.196022E+08   0.258477E+08   0.258386E+08   0.196023E+08   0.196023E+08   0.196022E+08   0.196087E+08  -0.448713E+00   0.105809E+08   0.105809E+08   0.301609E+02
   0.476643E-04   0.196047E+08   0.196047E+08   0.257876E+08   0.257766E+08   0.196048E+08   0.196047E+08   0.196047E+08   0.196112E+08  -0.448816E+00   0.105816E+08   0.105816E+08   0.333075E+02
   0.526684E-04   0.196078E+08   0.196077E+08   0.257143E+08   0.257009E+08   0.196079E+08   0.196078E+08   0.196078E+08   0.196142E+08  -0.448941E+00   0.105825E+08   0.105825E+08   0.367775E+02
   0.581979E-04   0.196115E+08   0.196114E+08   0.256252E+08   0.256089E+08   0.196116E+08   0.196115E+08   0.196115E+08   0.196179E+08  -0.449094E+00   0.105836E+08   0.105836E+08   0.406024E+02
   0.643079E-04   0.196160E+08   0.196159E+08   0.255167E+08   0.254968E+08   0.196161E+08   0.196160E+08   0.196160E+08   0.196223E+08  -0.449280E+00   0.105850E+08   0.105850E+08   0.448164E+02
   0.710594E-04   0.196215E+08   0.196214E+08   0.253849E+08   0.253607E+08   0.196215E+08   0.196215E+08   0.196215E+08   0.196278E+08  -0.449506E+00   0.105866E+08   0.105866E+08   0.494558E+02
   0.785197E-04   0.196282E+08   0.196281E+08   0.252247E+08   0.251953E+08   0.196282E+08   0.196282E+08   0.196282E+08   0.196345E+08  -0.449782E+00   0.105886E+08   0.105886E+08   0.545596E+02
   0.867633E-04   0.196363E+08   0.196363E+08   0.250304E+08   0.249948E+08   0.196364E+08   0.196363E+08   0.196363E+08   0.196426E+08  -0.450117E+00   0.105911E+08   0.105911E+08   0.601686E+02
   0.958723E-04   0.196462E+08   0.196462E+08   0.247950E+08   0.247519E+08   0.196463E+08   0.196462E+08   0.196462E+08   0.196524E+08  -0.450525E+00   0.105941E+08   0.105941E+08   0.663254E+02
   0.105938E-03   0.196583E+08   0.196582E+08   0.245104E+08   0.244582E+08   0.196584E+08   0.196583E+08   0.196583E+08   0.196644E+08  -0.451020E+00   0.105977E+08   0.105977E+08   0.730735E+02
   0.117060E-03   0.196730E+08   0.196729E+08   0.241670E+08   0.241039E+08   0.196730E+08   0.196730E+08   0.196730E+08   0.196790E+08  -0.451620E+00   0.106022E+08   0.106021E+08   0.804564E+02
   0.129350E-03   0.196908E+08   0.196907E+08   0.237537E+08   0.236777E+08   0.196908E+08   0.196908E+08   0.196908E+08   0.196967E+08  -0.452347E+00   0.106076E+08   0.106075E+08   0.885157E+02
   0.142930E-03   0.197124E+08   0.197123E+08   0.232578E+08   0.231666E+08   0.197124E+08   0.197124E+08   0.197124E+08   0.197182E+08  -0.453225E+00   0.106141E+08   0.106141E+08   0.972895E+02
   0.157935E-03   0.197386E+08   0.197384E+08   0.226654E+08   0.225562E+08   0.197386E+08   0.197386E+08   0.197386E+08   0.197442E+08  -0.454284E+00   0.106221E+08   0.106220E+08   0.106809E+03
   0.174516E-03   0.197702E+08   0.197700E+08   0.219609E+08   0.218308E+08   0.197702E+08   0.197702E+08   0.197702E+08   0.197757E+08  -0.455557E+00   0.106317E+08   0.106316E+08   0.117096E+03
   0.192838E-03   0.198084E+08   0.198081E+08   0.211282E+08   0.209742E+08   0.198083E+08   0.198083E+08   0.198083E+08   0.198136E+08  -0.457083E+00   0.106434E+08   0.106433E+08   0.128154E+03
   0.213084E-03   0.198543E+08   0.198539E+08   0.201512E+08   0.199700E+08   0.198542E+08   0.198542E+08   0.198542E+08   0.198592E+08  -0.458904E+00   0.106574E+08   0.106574E+08   0.139969E+03
   0.235455E-03   0.199093E+08   0.199089E+08   0.190151E+08   0.188039E+08   0.199092E+08   0.199092E+08   0.199092E+08   0.199140E+08  -0.461067E+00   0.106744E+08   0.106743E+08   0.152492E+03
   0.260175E-03   0.199750E+08   0.199745E+08   0.177090E+08   0.174652E+08   0.199749E+08   0.199749E+08   0.199749E+08   0.199793E+08  -0.463621E+00   0.106949E+08   0.106947E+08   0.165640E+03
   0.287490E-03   0.200532E+08   0.200526E+08   0.162280E+08   0.159504E+08   0.200530E+08   0.200531E+08   0.200531E+08   0.200571E+08  -0.466615E+00   0.107193E+08   0.107192E+08   0.179277E+03
   0.317672E-03   0.201456E+08   0.201448E+08   0.145777E+08   0.142666E+08   0.201453E+08   0.201454E+08   0.201454E+08   0.201490E+08  -0.470097E+00   0.107485E+08   0.107483E+08   0.193205E+03
   0.351024E-03   0.202540E+08   0.202532E+08   0.127783E+08   0.124368E+08   0.202537E+08   0.202539E+08   0.202539E+08   0.202570E+08  -0.474103E+00   0.107832E+08   0.107830E+08   0.207156E+03
   0.387877E-03   0.203804E+08   0.203793E+08   0.108693E+08   0.105039E+08   0.203800E+08   0.203802E+08   0.203802E+08   0.203829E+08  -0.478660E+00   0.108241E+08   0.108238E+08   0.220781E+03
   0.428599E-03   0.205261E+08   0.205249E+08   0.891324E+07   0.853490E+07   0.205256E+08   0.205259E+08   0.205259E+08   0.205281E+08  -0.483771E+00   0.108721E+08   0.108718E+08   0.233648E+03
   0.473596E-03   0.206924E+08   0.206909E+08   0.699663E+07   0.662116E+07   0.206917E+08   0.206921E+08   0.206921E+08   0.206938E+08  -0.489414E+00   0.109278E+08   0.109275E+08   0.245254E+03
   0.523318E-03   0.208796E+08   0.208779E+08   0.522489E+07   0.487251E+07   0.208788E+08   0.208793E+08   0.208793E+08   0.208806E+08  -0.495534E+00   0.109920E+08   0.109916E+08   0.255042E+03
   0.578259E-03   0.210874E+08   0.210854E+08   0.370889E+07   0.340230E+07   0.210864E+08   0.210870E+08   0.210870E+08   0.210879E+08  -0.502046E+00   0.110652E+08   0.110647E+08   0.262447E+03
   0.638969E-03   0.213142E+08   0.213119E+08   0.254095E+07   0.230156E+07   0.213129E+08   0.213137E+08   0.213138E+08   0.213143E+08  -0.508846E+00   0.111473E+08   0.111468E+08   0.266957E+03
   0.706053E-03   0.215573E+08   0.215548E+08   0.176324E+07   0.160541E+07   0.215558E+08   0.215568E+08   0.215569E+08   0.215573E+08  -0.515819E+00   0.112384E+08   0.112378E+08   0.268181E+03
   0.780179E-03   0.218134E+08   0.218105E+08   0.133896E+07   0.126375E+07   0.218116E+08   0.218128E+08   0.218129E+08   0.218132E+08  -0.522871E+00   0.113376E+08   0.113370E+08   0.265921E+03
   0.862088E-03   0.220784E+08   0.220751E+08   0.114641E+07   0.113760E+07   0.220761E+08   0.220777E+08   0.220778E+08   0.220780E+08  -0.529940E+00   0.114439E+08   0.114432E+08   0.260207E+03
   0.952596E-03   0.223481E+08   0.223445E+08   0.101757E+07   0.104394E+07   0.223453E+08   0.223473E+08   0.223475E+08   0.223476E+08  -0.536993E+00   0.115558E+08   0.115551E+08   0.251282E+03
   0.105261E-02   0.226190E+08   0.226152E+08   0.823113E+06   0.849411E+06   0.226156E+08   0.226182E+08   0.226184E+08   0.226184E+08  -0.544001E+00   0.116715E+08   0.116707E+08   0.239537E+03
   0.116312E-02   0.228880E+08   0.228839E+08   0.557696E+06   0.560825E+06   0.228838E+08   0.228871E+08   0.228873E+08   0.228872E+08  -0.550900E+00   0.117890E+08   0.117882E+08   0.225437E+03
   0.128523E-02   0.231518E+08   0.231475E+08   0.335103E+06   0.314778E+06   0.231465E+08   0.231507E+08   0.231510E+08   0.231508E+08  -0.557577E+00   0.119062E+08   0.119054E+08   0.209506E+03
   0.142016E-02   0.234065E+08   0.234021E+08   0.248815E+06   0.221836E+06   0.234001E+08   0.234054E+08   0.234058E+08   0.234055E+08  -0.563932E+00   0.120212E+08   0.120203E+08   0.192404E+03
   0.156926E-02   0.236479E+08   0.236433E+08   0.232350E+06  -0.282894E+06   0.236400E+08   0.236466E+08   0.236471E+08   0.236467E+08  -0.569915E+00   0.121314E+08   0.121306E+08   0.174976E+03
   0.173401E-02   0.238714E+08   0.238668E+08   0.155011E+06  -0.234438E+06   0.238617E+08   0.238700E+08   0.238706E+08   0.238700E+08  -0.575469E+00   0.122345E+08   0.122337E+08   0.158140E+03
   0.191606E-02   0.240728E+08   0.240681E+08   0.575997E+05  -0.194441E+06   0.240610E+08   0.240712E+08   0.240720E+08   0.240712E+08  -0.580436E+00   0.123279E+08   0.123271E+08   0.142639E+03
   0.211722E-02   0.242474E+08   0.242427E+08   0.498734E+05  -0.161240E+06   0.242330E+08   0.242457E+08   0.242466E+08   0.242457E+08  -0.584688E+00   0.124090E+08   0.124082E+08   0.128927E+03
   0.233950E-02   0.243903E+08   0.243855E+08   0.417483E+05  -0.132831E+06   0.243728E+08   0.243884E+08   0.243895E+08   0.243884E+08  -0.588232E+00   0.124753E+08   0.124745E+08   0.117166E+03
   0.258512E-02   0.244973E+08   0.244922E+08   0.196603E+04  -0.109535E+06   0.244760E+08   0.244951E+08   0.244965E+08   0.244950E+08  -0.590871E+00   0.125242E+08   0.125234E+08   0.107102E+03
   0.285652E-02   0.245641E+08   0.245587E+08   0.803489E+03  -0.903565E+05   0.245382E+08   0.245614E+08   0.245632E+08   0.245614E+08  -0.592460E+00   0.125534E+08   0.125525E+08   0.981392E+02
   0.315642E-02   0.245863E+08   0.245806E+08  -0.214565E+05  -0.738816E+05   0.245549E+08   0.245832E+08   0.245853E+08   0.245832E+08  -0.593090E+00   0.125607E+08   0.125598E+08   0.896985E+02
   0.348780E-02   0.245608E+08   0.245548E+08  -0.198238E+05  -0.608006E+05   0.245228E+08   0.245572E+08   0.245597E+08   0.245572E+08  -0.592414E+00   0.125442E+08   0.125433E+08   0.814884E+02
   0.385398E-02   0.244839E+08   0.244775E+08  -0.241179E+05  -0.494637E+05   0.244381E+08   0.244797E+08   0.244828E+08   0.244797E+08  -0.590641E+00   0.125020E+08   0.125012E+08   0.736683E+02
   0.425860E-02   0.243531E+08   0.243463E+08  -0.171092E+05  -0.405060E+05   0.242980E+08   0.243482E+08   0.243519E+08   0.243482E+08  -0.587409E+00   0.124327E+08   0.124319E+08   0.665541E+02
   0.470569E-02   0.241656E+08   0.241583E+08  -0.112150E+05  -0.328707E+05   0.240995E+08   0.241599E+08   0.241644E+08   0.241599E+08  -0.582924E+00   0.123349E+08   0.123340E+08   0.602169E+02
   0.519973E-02   0.239193E+08   0.239114E+08  -0.127926E+05  -0.266079E+05   0.238403E+08   0.239126E+08   0.239180E+08   0.239126E+08  -0.576994E+00   0.122073E+08   0.122064E+08   0.544143E+02
   0.574564E-02   0.236122E+08   0.236035E+08  -0.126415E+05  -0.215831E+05   0.235182E+08   0.236043E+08   0.236107E+08   0.236043E+08  -0.569517E+00   0.120488E+08   0.120480E+08   0.489785E+02
   0.634885E-02   0.232423E+08   0.232328E+08  -0.123006E+05  -0.174383E+05   0.231310E+08   0.232331E+08   0.232407E+08   0.232331E+08  -0.560541E+00   0.118585E+08   0.118576E+08   0.440300E+02
   0.701540E-02   0.228079E+08   0.227973E+08  -0.997296E+04  -0.140247E+05   0.226769E+08   0.227972E+08   0.228061E+08   0.227972E+08  -0.550024E+00   0.116353E+08   0.116345E+08   0.396063E+02
   0.775193E-02   0.223073E+08   0.222955E+08  -0.694189E+04  -0.112345E+05   0.221540E+08   0.222948E+08   0.223053E+08   0.222948E+08  -0.537911E+00   0.113785E+08   0.113776E+08   0.355596E+02
   0.856578E-02   0.217388E+08   0.217256E+08  -0.689049E+04  -0.894816E+04   0.215607E+08   0.217244E+08   0.217366E+08   0.217244E+08  -0.524184E+00   0.110870E+08   0.110862E+08   0.318863E+02
   0.946507E-02   0.211012E+08   0.210862E+08  -0.555503E+04  -0.709488E+04   0.208958E+08   0.210846E+08   0.210987E+08   0.210846E+08  -0.508793E+00   0.107603E+08   0.107595E+08   0.285942E+02
   0.104588E-01   0.203934E+08   0.203763E+08  -0.412827E+04  -0.564822E+04   0.201583E+08   0.203744E+08   0.203905E+08   0.203744E+08  -0.491581E+00   0.103978E+08   0.103970E+08   0.256227E+02
   0.115568E-01   0.196150E+08   0.195956E+08  -0.381356E+04  -0.442455E+04   0.193484E+08   0.195935E+08   0.196118E+08   0.195935E+08  -0.472817E+00   0.999928E+07   0.999848E+07   0.229554E+02
   0.127701E-01   0.187670E+08   0.187449E+08  -0.235645E+04  -0.347785E+04   0.184671E+08   0.187428E+08   0.187632E+08   0.187428E+08  -0.452248E+00   0.956518E+07   0.956440E+07   0.205646E+02
   0.141108E-01   0.178513E+08   0.178262E+08  -0.250482E+04  -0.271412E+04   0.175170E+08   0.178243E+08   0.178471E+08   0.178243E+08  -0.430067E+00   0.909662E+07   0.909584E+07   0.184205E+02
   0.155923E-01   0.168724E+08   0.168438E+08  -0.186571E+04  -0.209673E+04   0.165032E+08   0.168424E+08   0.168676E+08   0.168424E+08  -0.406401E+00   0.859575E+07   0.859498E+07   0.164983E+02
   0.172293E-01   0.158356E+08   0.158034E+08  -0.134432E+04  -0.160871E+04   0.154319E+08   0.158026E+08   0.158302E+08   0.158026E+08  -0.381337E+00   0.806542E+07   0.806466E+07   0.147679E+02
   0.190381E-01   0.147489E+08   0.147129E+08  -0.114005E+04  -0.123185E+04   0.143122E+08   0.147131E+08   0.147429E+08   0.147131E+08  -0.355006E+00   0.750971E+07   0.750896E+07   0.131986E+02
   0.210369E-01   0.136241E+08   0.135843E+08  -0.909514E+03  -0.934092E+03   0.131571E+08   0.135856E+08   0.136175E+08   0.135856E+08  -0.327783E+00   0.693466E+07   0.693392E+07   0.117621E+02
   0.232455E-01   0.124773E+08   0.124338E+08  -0.666072E+03  -0.699295E+03   0.119835E+08   0.124363E+08   0.124700E+08   0.124363E+08  -0.300071E+00   0.634849E+07   0.634776E+07   0.104271E+02
   0.256860E-01   0.113286E+08   0.112822E+08  -0.415062E+03  -0.518566E+03   0.108123E+08   0.112856E+08   0.113208E+08   0.112856E+08  -0.272331E+00   0.576161E+07   0.576090E+07   0.916572E+01
   0.283827E-01   0.102026E+08   0.101542E+08  -0.356108E+03  -0.381771E+03   0.966825E+07   0.101581E+08   0.101945E+08   0.101581E+08  -0.245136E+00   0.518650E+07   0.518582E+07   0.795539E+01
   0.313625E-01   0.912727E+07   0.907838E+07  -0.271967E+03  -0.281031E+03   0.857927E+07   0.908173E+07   0.911906E+07   0.908173E+07  -0.219136E+00   0.463753E+07   0.463689E+07   0.677921E+01
   0.346551E-01   0.813237E+07   0.808496E+07  -0.165556E+03  -0.204212E+03   0.757420E+07   0.808636E+07   0.812441E+07   0.808636E+07  -0.195143E+00   0.412984E+07   0.412925E+07   0.563249E+01
   0.382935E-01   0.724455E+07   0.720086E+07  -0.130618E+03  -0.149290E+03   0.667774E+07   0.719852E+07   0.723721E+07   0.719852E+07  -0.173711E+00   0.367702E+07   0.367650E+07   0.452639E+01
   0.421228E-01   0.651614E+07   0.647808E+07  -0.932024E+02  -0.111794E+03   0.594050E+07   0.647039E+07   0.650975E+07   0.647039E+07  -0.156110E+00   0.330568E+07   0.330524E+07   0.353601E+01
   0.459522E-01   0.595508E+07   0.592351E+07  -0.839241E+02  -0.851742E+02   0.536877E+07   0.590960E+07   0.594978E+07   0.590960E+07  -0.142616E+00   0.301974E+07   0.301937E+07   0.272196E+01
   0.497815E-01   0.551490E+07   0.548980E+07  -0.669744E+02  -0.679605E+02   0.491615E+07   0.546957E+07   0.551069E+07   0.546957E+07  -0.131958E+00   0.279543E+07   0.279512E+07   0.208059E+01
   0.536109E-01   0.515076E+07   0.513132E+07  -0.533750E+02  -0.541688E+02   0.453962E+07   0.510546E+07   0.514750E+07   0.510546E+07  -0.123213E+00   0.260984E+07   0.260959E+07   0.160154E+01
   0.574402E-01   0.483263E+07   0.481751E+07  -0.441601E+02  -0.448086E+02   0.421064E+07   0.478725E+07   0.483009E+07   0.478725E+07  -0.115496E+00   0.244766E+07   0.244744E+07   0.126766E+01
   0.612695E-01   0.453413E+07   0.452176E+07  -0.360750E+02  -0.366096E+02   0.390510E+07   0.448870E+07   0.453206E+07   0.448870E+07  -0.108325E+00   0.229548E+07   0.229528E+07   0.105371E+01
   0.650989E-01   0.423877E+07   0.422757E+07  -0.301435E+02  -0.305859E+02   0.360841E+07   0.419342E+07   0.423689E+07   0.419342E+07  -0.101176E+00   0.214491E+07   0.214473E+07   0.930562E+00
   0.689282E-01   0.394087E+07   0.392954E+07  -0.248936E+02  -0.252603E+02   0.331553E+07   0.389585E+07   0.393896E+07   0.389585E+07  -0.940092E-01   0.199312E+07   0.199294E+07   0.868530E+00
   0.727576E-01   0.364455E+07   0.363222E+07  -0.207000E+02  -0.210042E+02   0.303025E+07   0.360014E+07   0.364248E+07   0.360014E+07  -0.868714E-01   0.184221E+07   0.184203E+07   0.840555E+00
   0.765869E-01   0.335872E+07   0.334500E+07  -0.172879E+02  -0.175407E+02   0.275969E+07   0.331515E+07   0.335642E+07   0.331515E+07  -0.799866E-01   0.169673E+07   0.169654E+07   0.824288E+00
   0.804163E-01   0.309277E+07   0.307774E+07  -0.143358E+02  -0.145468E+02   0.251117E+07   0.305020E+07   0.309024E+07   0.305020E+07  -0.736107E-01   0.156145E+07   0.156125E+07   0.803482E+00
   0.851641E-01   0.280175E+07   0.278575E+07  -0.115664E+02  -0.117368E+02   0.224177E+07   0.276052E+07   0.279906E+07   0.276052E+07  -0.666235E-01   0.141352E+07   0.141332E+07   0.757610E+00
   0.899119E-01   0.256269E+07   0.254680E+07  -0.961348E+01  -0.975318E+01   0.202090E+07   0.252274E+07   0.256002E+07   0.252274E+07  -0.608644E-01   0.129209E+07   0.129190E+07   0.685614E+00
   0.946596E-01   0.237869E+07   0.236400E+07  -0.808920E+01  -0.820614E+01   0.184899E+07   0.233976E+07   0.237622E+07   0.233976E+07  -0.564440E-01   0.119867E+07   0.119850E+07   0.593900E+00
   0.994074E-01   0.224290E+07   0.223020E+07  -0.683858E+01  -0.693852E+01   0.171875E+07   0.220467E+07   0.224077E+07   0.220467E+07  -0.532039E-01   0.112974E+07   0.112959E+07   0.494800E+00
   0.104155E+00   0.214007E+07   0.212971E+07  -0.591697E+01  -0.600380E+01   0.161695E+07   0.210228E+07   0.213833E+07   0.210228E+07  -0.507410E-01   0.107753E+07   0.107741E+07   0.401542E+00
   0.108903E+00   0.205286E+07   0.204467E+07  -0.526590E+01  -0.534206E+01   0.152945E+07   0.201539E+07   0.205149E+07   0.201539E+07  -0.486257E-01   0.103324E+07   0.103314E+07   0.324627E+00
   0.113651E+00   0.196731E+07   0.196073E+07  -0.467441E+01  -0.474140E+01   0.144534E+07   0.193018E+07   0.196620E+07   0.193018E+07  -0.465599E-01   0.989799E+06   0.989707E+06   0.269734E+00
   0.118399E+00   0.187499E+07   0.186929E+07  -0.405561E+01  -0.411441E+01   0.135841E+07   0.183838E+07   0.187404E+07   0.183838E+07  -0.443623E-01   0.942946E+06   0.942862E+06   0.237175E+00
   0.123146E+00   0.177328E+07   0.176771E+07  -0.351426E+01  -0.356564E+01   0.126694E+07   0.173739E+07   0.177234E+07   0.173739E+07  -0.419370E-01   0.891357E+06   0.891274E+06   0.222793E+00
   0.127894E+00   0.166443E+07   0.165845E+07  -0.310188E+01  -0.314657E+01   0.117274E+07   0.162950E+07   0.166343E+07   0.162950E+07  -0.393177E-01   0.836198E+06   0.836113E+06   0.219786E+00
   0.132642E+00   0.155399E+07   0.154734E+07  -0.272704E+01  -0.276580E+01   0.107984E+07   0.152016E+07   0.155287E+07   0.152016E+07  -0.366669E-01   0.780270E+06   0.780183E+06   0.220822E+00
   0.137390E+00   0.144889E+07   0.144163E+07  -0.234212E+01  -0.237579E+01   0.993020E+06   0.141623E+07   0.144767E+07   0.141623E+07  -0.341728E-01   0.727092E+06   0.727002E+06   0.219837E+00
   0.142138E+00   0.135585E+07   0.134824E+07  -0.202065E+01  -0.205008E+01   0.916634E+06   0.132429E+07   0.135457E+07   0.132429E+07  -0.319673E-01   0.680042E+06   0.679951E+06   0.213164E+00
   0.146885E+00   0.127928E+07   0.127174E+07  -0.180883E+01  -0.183482E+01   0.853240E+06   0.124864E+07   0.127802E+07   0.124864E+07  -0.301307E-01   0.641340E+06   0.641252E+06   0.199801E+00
   0.151633E+00   0.121968E+07   0.121260E+07  -0.164632E+01  -0.166955E+01   0.802660E+06   0.118974E+07   0.121849E+07   0.118974E+07  -0.286957E-01   0.611218E+06   0.611135E+06   0.180971E+00
   0.156381E+00   0.117389E+07   0.116755E+07  -0.147492E+01  -0.149594E+01   0.762349E+06   0.114444E+07   0.117282E+07   0.114444E+07  -0.276120E-01   0.588071E+06   0.587996E+06   0.159304E+00
   0.161129E+00   0.113706E+07   0.113158E+07  -0.132221E+01  -0.134138E+01   0.728789E+06   0.110797E+07   0.113614E+07   0.110797E+07  -0.267466E-01   0.569453E+06   0.569386E+06   0.137896E+00
   0.165876E+00   0.110430E+07   0.109964E+07  -0.122507E+01  -0.124264E+01   0.698603E+06   0.107551E+07   0.110352E+07   0.107551E+07  -0.259556E-01   0.552889E+06   0.552829E+06   0.119440E+00
   0.170624E+00   0.107122E+07   0.106717E+07  -0.114764E+01  -0.116374E+01   0.668915E+06   0.104276E+07   0.107054E+07   0.104276E+07  -0.251500E-01   0.536163E+06   0.536109E+06   0.105588E+00
   0.175372E+00   0.103456E+07   0.103086E+07  -0.104151E+01  -0.105623E+01   0.637702E+06   0.100653E+07   0.103394E+07   0.100653E+07  -0.242822E-01   0.517641E+06   0.517590E+06   0.967288E-01
   0.180120E+00   0.993221E+06   0.989604E+06  -0.927378E+00  -0.940763E+00   0.604318E+06   0.965760E+06   0.992614E+06   0.965760E+06  -0.233140E-01   0.496774E+06   0.496724E+06   0.921519E-01
   0.184868E+00   0.948466E+06   0.944731E+06  -0.846974E+00  -0.859103E+00   0.569695E+06   0.921688E+06   0.947839E+06   0.921688E+06  -0.222458E-01   0.474199E+06   0.474149E+06   0.904386E-01
   0.189615E+00   0.902840E+06   0.898887E+06  -0.785931E+00  -0.796901E+00   0.535376E+06   0.876810E+06   0.902177E+06   0.876810E+06  -0.211474E-01   0.451199E+06   0.451148E+06   0.899091E-01
   0.194363E+00   0.858980E+06   0.854816E+06  -0.709160E+00  -0.719089E+00   0.502911E+06   0.833705E+06   0.858281E+06   0.833705E+06  -0.201104E-01   0.429102E+06   0.429050E+06   0.890482E-01
   0.199111E+00   0.819089E+06   0.814810E+06  -0.628258E+00  -0.637277E+00   0.473520E+06   0.794522E+06   0.818371E+06   0.794522E+06  -0.191800E-01   0.409014E+06   0.408962E+06   0.868320E-01
   0.203859E+00   0.784708E+06   0.780454E+06  -0.575808E+00  -0.584047E+00   0.447985E+06   0.760756E+06   0.783993E+06   0.760756E+06  -0.183638E-01   0.391706E+06   0.391656E+06   0.828771E-01
   0.208607E+00   0.756321E+06   0.752241E+06  -0.545214E+00  -0.552795E+00   0.426444E+06   0.732870E+06   0.755636E+06   0.732870E+06  -0.176763E-01   0.377419E+06   0.377370E+06   0.773913E-01
   0.213354E+00   0.733183E+06   0.729387E+06  -0.506036E+00  -0.513060E+00   0.408333E+06   0.710124E+06   0.732546E+06   0.710124E+06  -0.171274E-01   0.365772E+06   0.365727E+06   0.709888E-01
   0.218102E+00   0.713684E+06   0.710228E+06  -0.458454E+00  -0.464995E+00   0.392642E+06   0.690942E+06   0.713104E+06   0.690942E+06  -0.166789E-01   0.355956E+06   0.355914E+06   0.644568E-01
   0.222850E+00   0.695963E+06   0.692838E+06  -0.427069E+00  -0.433178E+00   0.378270E+06   0.673504E+06   0.695439E+06   0.673504E+06  -0.162596E-01   0.347035E+06   0.346996E+06   0.585315E-01
   0.227598E+00   0.678342E+06   0.675486E+06  -0.411439E+00  -0.417146E+00   0.364264E+06   0.656175E+06   0.677863E+06   0.656175E+06  -0.158273E-01   0.338166E+06   0.338129E+06   0.537252E-01
   0.232346E+00   0.659622E+06   0.656941E+06  -0.386699E+00  -0.392022E+00   0.349974E+06   0.637789E+06   0.659172E+06   0.637789E+06  -0.153808E-01   0.328748E+06   0.328713E+06   0.502397E-01
   0.237093E+00   0.639326E+06   0.636724E+06  -0.349544E+00  -0.354497E+00   0.335165E+06   0.617885E+06   0.638889E+06   0.617885E+06  -0.149143E-01   0.318544E+06   0.318510E+06   0.479740E-01
   0.241841E+00   0.617745E+06   0.615142E+06  -0.321661E+00  -0.326259E+00   0.320010E+06   0.596748E+06   0.617308E+06   0.596748E+06  -0.144082E-01   0.307700E+06   0.307666E+06   0.466042E-01
   0.246589E+00   0.595685E+06   0.593035E+06  -0.307844E+00  -0.312108E+00   0.304939E+06   0.575164E+06   0.595240E+06   0.575164E+06  -0.138745E-01   0.296621E+06   0.296587E+06   0.456983E-01
   0.251337E+00   0.574110E+06   0.571406E+06  -0.289487E+00  -0.293442E+00   0.290444E+06   0.554070E+06   0.573656E+06   0.554070E+06  -0.133604E-01   0.285790E+06   0.285756E+06   0.448337E-01
   0.256084E+00   0.553893E+06   0.551161E+06  -0.261250E+00  -0.264924E+00   0.276948E+06   0.534313E+06   0.553434E+06   0.534313E+06  -0.128957E-01   0.275645E+06   0.275611E+06   0.436929E-01
   0.260832E+00   0.535667E+06   0.532954E+06  -0.239677E+00  -0.243101E+00   0.264735E+06   0.516507E+06   0.535212E+06   0.516507E+06  -0.124721E-01   0.266502E+06   0.266469E+06   0.421174E-01
   0.265580E+00   0.519701E+06   0.517059E+06  -0.231309E+00  -0.234513E+00   0.253892E+06   0.500906E+06   0.519258E+06   0.500906E+06  -0.120846E-01   0.258494E+06   0.258462E+06   0.401126E-01
   0.270328E+00   0.505839E+06   0.503311E+06  -0.221762E+00  -0.224771E+00   0.244302E+06   0.487357E+06   0.505414E+06   0.487357E+06  -0.117507E-01   0.251542E+06   0.251511E+06   0.378123E-01
   0.275076E+00   0.493585E+06   0.491198E+06  -0.203235E+00  -0.206070E+00   0.235685E+06   0.475377E+06   0.493184E+06   0.475377E+06  -0.114718E-01   0.245396E+06   0.245367E+06   0.354203E-01
   0.279823E+00   0.482291E+06   0.480047E+06  -0.187538E+00  -0.190214E+00   0.227701E+06   0.464334E+06   0.481914E+06   0.464334E+06  -0.112132E-01   0.239733E+06   0.239705E+06   0.331480E-01
   0.284571E+00   0.471329E+06   0.469211E+06  -0.182388E+00  -0.184917E+00   0.220037E+06   0.453619E+06   0.470973E+06   0.453619E+06  -0.109453E-01   0.234236E+06   0.234210E+06   0.311608E-01
   0.289319E+00   0.460220E+06   0.458199E+06  -0.177033E+00  -0.179421E+00   0.212461E+06   0.442770E+06   0.459881E+06   0.442770E+06  -0.106749E-01   0.228668E+06   0.228643E+06   0.295462E-01
   0.294067E+00   0.448715E+06   0.446755E+06  -0.162948E+00  -0.165201E+00   0.204856E+06   0.431545E+06   0.448386E+06   0.431545E+06  -0.104125E-01   0.222904E+06   0.222879E+06   0.283068E-01
   0.298815E+00   0.436818E+06   0.434887E+06  -0.149098E+00  -0.151222E+00   0.197227E+06   0.419947E+06   0.436493E+06   0.419947E+06  -0.101419E-01   0.216945E+06   0.216920E+06   0.273737E-01
   0.303562E+00   0.424740E+06   0.422817E+06  -0.144045E+00  -0.146046E+00   0.189673E+06   0.408183E+06   0.424417E+06   0.408183E+06  -0.985057E-02   0.210898E+06   0.210874E+06   0.266353E-01
   0.308310E+00   0.412808E+06   0.410886E+06  -0.140358E+00  -0.142243E+00   0.182336E+06   0.396569E+06   0.412486E+06   0.396569E+06  -0.956064E-02   0.204927E+06   0.204903E+06   0.259694E-01
   0.313058E+00   0.401362E+06   0.399444E+06  -0.129659E+00  -0.131436E+00   0.175361E+06   0.385432E+06   0.401040E+06   0.385432E+06  -0.929826E-02   0.199200E+06   0.199176E+06   0.252735E-01
   0.317806E+00   0.390661E+06   0.388762E+06  -0.118106E+00  -0.119784E+00   0.168850E+06   0.375025E+06   0.390342E+06   0.375025E+06  -0.905717E-02   0.193847E+06   0.193824E+06   0.244841E-01
   0.322554E+00   0.380838E+06   0.378975E+06  -0.114005E+00  -0.115593E+00   0.162846E+06   0.365472E+06   0.380525E+06   0.365472E+06  -0.882140E-02   0.188935E+06   0.188912E+06   0.235833E-01
   0.327301E+00   0.371880E+06   0.370069E+06  -0.112475E+00  -0.113980E+00   0.157329E+06   0.356759E+06   0.371576E+06   0.356759E+06  -0.860085E-02   0.184456E+06   0.184434E+06   0.225937E-01
   0.332049E+00   0.363654E+06   0.361906E+06  -0.105307E+00  -0.106737E+00   0.152227E+06   0.348759E+06   0.363360E+06   0.348759E+06  -0.841199E-02   0.180344E+06   0.180322E+06   0.215653E-01
   0.336797E+00   0.355957E+06   0.354277E+06  -0.961116E-01  -0.974718E-01   0.147445E+06   0.341275E+06   0.355675E+06   0.341275E+06  -0.824197E-02   0.176497E+06   0.176476E+06   0.205578E-01
   0.341545E+00   0.348573E+06   0.346956E+06  -0.927164E-01  -0.940113E-01   0.142883E+06   0.334095E+06   0.348301E+06   0.334095E+06  -0.806559E-02   0.172806E+06   0.172786E+06   0.196248E-01
   0.346292E+00   0.341307E+06   0.339745E+06  -0.923332E-01  -0.935664E-01   0.138456E+06   0.327035E+06   0.341045E+06   0.327035E+06  -0.788450E-02   0.169175E+06   0.169156E+06   0.188014E-01
   0.351040E+00   0.334029E+06   0.332509E+06  -0.872775E-01  -0.884518E-01   0.134108E+06   0.319966E+06   0.333774E+06   0.319966E+06  -0.771605E-02   0.165539E+06   0.165520E+06   0.180985E-01
   0.355788E+00   0.326690E+06   0.325200E+06  -0.793796E-01  -0.804974E-01   0.129818E+06   0.312842E+06   0.326440E+06   0.312842E+06  -0.755491E-02   0.161874E+06   0.161855E+06   0.175046E-01
   0.360536E+00   0.319331E+06   0.317862E+06  -0.759275E-01  -0.769914E-01   0.125600E+06   0.305703E+06   0.319084E+06   0.305703E+06  -0.738155E-02   0.158199E+06   0.158181E+06   0.169926E-01
   0.365284E+00   0.312056E+06   0.310602E+06  -0.758534E-01  -0.768660E-01   0.121494E+06   0.298650E+06   0.311812E+06   0.298650E+06  -0.720070E-02   0.154568E+06   0.154550E+06   0.165283E-01
   0.370031E+00   0.304983E+06   0.303544E+06  -0.722968E-01  -0.732611E-01   0.117544E+06   0.291796E+06   0.304742E+06   0.291796E+06  -0.703542E-02   0.151039E+06   0.151021E+06   0.160788E-01
   0.374779E+00   0.298205E+06   0.296784E+06  -0.656569E-01  -0.665758E-01   0.113781E+06   0.285229E+06   0.297967E+06   0.285229E+06  -0.688741E-02   0.147657E+06   0.147639E+06   0.156196E-01
   0.379527E+00   0.291776E+06   0.290377E+06  -0.623693E-01  -0.632459E-01   0.110219E+06   0.279001E+06   0.291541E+06   0.279001E+06  -0.673801E-02   0.144450E+06   0.144432E+06   0.151382E-01
   0.384275E+00   0.285717E+06   0.284347E+06  -0.626537E-01  -0.634909E-01   0.106862E+06   0.273134E+06   0.285487E+06   0.273134E+06  -0.658625E-02   0.141428E+06   0.141411E+06   0.146354E-01
   0.389023E+00   0.280017E+06   0.278679E+06  -0.605067E-01  -0.613071E-01   0.103700E+06   0.267614E+06   0.279792E+06   0.267614E+06  -0.645126E-02   0.138586E+06   0.138569E+06   0.141217E-01
   0.393770E+00   0.274613E+06   0.273311E+06  -0.551362E-01  -0.559023E-01   0.100704E+06   0.262383E+06   0.274395E+06   0.262383E+06  -0.633489E-02   0.135892E+06   0.135875E+06   0.136131E-01
   0.398518E+00   0.269419E+06   0.268152E+06  -0.520591E-01  -0.527928E-01   0.978393E+05   0.257355E+06   0.269207E+06   0.257355E+06  -0.621627E-02   0.133302E+06   0.133287E+06   0.131255E-01
   0.403266E+00   0.264357E+06   0.263122E+06  -0.524838E-01  -0.531867E-01   0.950729E+05   0.252457E+06   0.264149E+06   0.252457E+06  -0.608858E-02   0.130779E+06   0.130764E+06   0.126715E-01
   0.408014E+00   0.259378E+06   0.258171E+06  -0.512931E-01  -0.519668E-01   0.923854E+05   0.247641E+06   0.259175E+06   0.247641E+06  -0.596886E-02   0.128298E+06   0.128283E+06   0.122579E-01
   0.412762E+00   0.254458E+06   0.253275E+06  -0.468579E-01  -0.475036E-01   0.897663E+05   0.242884E+06   0.254259E+06   0.242884E+06  -0.586310E-02   0.125847E+06   0.125832E+06   0.118850E-01
   0.417509E+00   0.249587E+06   0.248424E+06  -0.438264E-01  -0.444453E-01   0.872105E+05   0.238176E+06   0.249392E+06   0.238176E+06  -0.575380E-02   0.123421E+06   0.123406E+06   0.115468E-01
   0.422257E+00   0.244777E+06   0.243631E+06  -0.441369E-01  -0.447303E-01   0.847206E+05   0.233529E+06   0.244585E+06   0.233529E+06  -0.563317E-02   0.121025E+06   0.121011E+06   0.112339E-01
   0.427005E+00   0.240062E+06   0.238932E+06  -0.435873E-01  -0.441563E-01   0.823069E+05   0.228976E+06   0.239873E+06   0.228976E+06  -0.551831E-02   0.118677E+06   0.118663E+06   0.109361E-01
   0.431753E+00   0.235487E+06   0.234372E+06  -0.399781E-01  -0.405239E-01   0.799826E+05   0.224559E+06   0.235300E+06   0.224559E+06  -0.541962E-02   0.116400E+06   0.116386E+06   0.106451E-01
   0.436500E+00   0.231080E+06   0.229982E+06  -0.370653E-01  -0.375892E-01   0.777555E+05   0.220305E+06   0.230896E+06   0.220305E+06  -0.532263E-02   0.114206E+06   0.114192E+06   0.103550E-01
   0.441248E+00   0.226849E+06   0.225770E+06  -0.372601E-01  -0.377634E-01   0.756254E+05   0.216222E+06   0.226668E+06   0.216222E+06  -0.521686E-02   0.112100E+06   0.112087E+06   0.100635E-01
   0.445996E+00   0.222787E+06   0.221728E+06  -0.372391E-01  -0.377229E-01   0.735879E+05   0.212304E+06   0.222610E+06   0.212304E+06  -0.511607E-02   0.110080E+06   0.110067E+06   0.977178E-02
   0.450744E+00   0.218882E+06   0.217843E+06  -0.344152E-01  -0.348805E-01   0.716362E+05   0.208537E+06   0.218708E+06   0.208537E+06  -0.503175E-02   0.108137E+06   0.108124E+06   0.948326E-02
   0.455492E+00   0.215114E+06   0.214097E+06  -0.316792E-01  -0.321269E-01   0.697621E+05   0.204903E+06   0.214943E+06   0.204903E+06  -0.495083E-02   0.106262E+06   0.106250E+06   0.920262E-02
   0.460239E+00   0.211458E+06   0.210461E+06  -0.317281E-01  -0.321591E-01   0.679554E+05   0.201378E+06   0.211291E+06   0.201378E+06  -0.485991E-02   0.104444E+06   0.104432E+06   0.893403E-02
   0.464987E+00   0.207886E+06   0.206909E+06  -0.320597E-01  -0.324748E-01   0.662056E+05   0.197936E+06   0.207722E+06   0.197936E+06  -0.476963E-02   0.102668E+06   0.102656E+06   0.868024E-02
   0.469735E+00   0.204378E+06   0.203418E+06  -0.298817E-01  -0.302816E-01   0.645049E+05   0.194555E+06   0.204217E+06   0.194555E+06  -0.469319E-02   0.100924E+06   0.100912E+06   0.844218E-02
   0.474483E+00   0.200927E+06   0.199983E+06  -0.273027E-01  -0.276879E-01   0.628501E+05   0.191231E+06   0.200769E+06   0.191231E+06  -0.462055E-02   0.992081E+05   0.991964E+05   0.821908E-02
   0.479231E+00   0.197538E+06   0.196608E+06  -0.271513E-01  -0.275225E-01   0.612416E+05   0.187967E+06   0.197382E+06   0.187967E+06  -0.453743E-02   0.975236E+05   0.975121E+05   0.800888E-02
   0.483978E+00   0.194218E+06   0.193302E+06  -0.276817E-01  -0.280395E-01   0.596809E+05   0.184771E+06   0.194064E+06   0.184771E+06  -0.445245E-02   0.958738E+05   0.958625E+05   0.780864E-02
   0.488726E+00   0.190974E+06   0.190071E+06  -0.260533E-01  -0.263983E-01   0.581686E+05   0.181649E+06   0.190822E+06   0.181649E+06  -0.438069E-02   0.942618E+05   0.942507E+05   0.761536E-02
   0.493474E+00   0.187813E+06   0.186923E+06  -0.236624E-01  -0.239951E-01   0.567059E+05   0.178607E+06   0.187664E+06   0.178607E+06  -0.431539E-02   0.926914E+05   0.926804E+05   0.742662E-02
   0.498222E+00   0.184744E+06   0.183868E+06  -0.233271E-01  -0.236481E-01   0.552945E+05   0.175655E+06   0.184597E+06   0.175655E+06  -0.424136E-02   0.911670E+05   0.911562E+05   0.724107E-02
   0.502970E+00   0.181772E+06   0.180909E+06  -0.239771E-01  -0.242871E-01   0.539345E+05   0.172797E+06   0.181627E+06   0.172797E+06  -0.416416E-02   0.896909E+05   0.896803E+05   0.705839E-02
   0.507717E+00   0.178892E+06   0.178043E+06  -0.228372E-01  -0.231365E-01   0.526233E+05   0.170027E+06   0.178750E+06   0.170027E+06  -0.409933E-02   0.882608E+05   0.882503E+05   0.687899E-02
   0.512465E+00   0.176094E+06   0.175259E+06  -0.206668E-01  -0.209560E-01   0.513568E+05   0.167337E+06   0.175954E+06   0.167337E+06  -0.404273E-02   0.868714E+05   0.868610E+05   0.670378E-02
   0.517213E+00   0.173367E+06   0.172547E+06  -0.201690E-01  -0.204485E-01   0.501311E+05   0.164717E+06   0.173230E+06   0.164717E+06  -0.397829E-02   0.855178E+05   0.855077E+05   0.653390E-02
   0.521961E+00   0.170707E+06   0.169899E+06  -0.208629E-01  -0.211330E-01   0.489434E+05   0.162160E+06   0.170571E+06   0.162160E+06  -0.390828E-02   0.841970E+05   0.841871E+05   0.637041E-02
   0.526708E+00   0.168106E+06   0.167311E+06  -0.201282E-01  -0.203894E-01   0.477913E+05   0.159661E+06   0.167972E+06   0.159661E+06  -0.384841E-02   0.829062E+05   0.828964E+05   0.621390E-02
   0.531456E+00   0.165557E+06   0.164775E+06  -0.181807E-01  -0.184334E-01   0.466719E+05   0.157213E+06   0.165426E+06   0.157213E+06  -0.379760E-02   0.816415E+05   0.816319E+05   0.606436E-02
   0.536204E+00   0.163056E+06   0.162285E+06  -0.175321E-01  -0.177766E-01   0.455830E+05   0.154812E+06   0.162927E+06   0.154812E+06  -0.373999E-02   0.804004E+05   0.803909E+05   0.592129E-02
   0.540952E+00   0.160602E+06   0.159843E+06  -0.182023E-01  -0.184388E-01   0.445239E+05   0.152456E+06   0.160475E+06   0.152456E+06  -0.367503E-02   0.791830E+05   0.791736E+05   0.578393E-02
   0.545700E+00   0.158200E+06   0.157451E+06  -0.177981E-01  -0.180271E-01   0.434953E+05   0.150151E+06   0.158074E+06   0.150151E+06  -0.361832E-02   0.779915E+05   0.779822E+05   0.565143E-02
   0.550447E+00   0.155854E+06   0.155115E+06  -0.160815E-01  -0.163032E-01   0.424974E+05   0.147899E+06   0.155730E+06   0.147899E+06  -0.357190E-02   0.768276E+05   0.768185E+05   0.552293E-02
   0.555195E+00   0.153563E+06   0.152834E+06  -0.153108E-01  -0.155255E-01   0.415297E+05   0.145701E+06   0.153440E+06   0.145701E+06  -0.352067E-02   0.756913E+05   0.756824E+05   0.539772E-02
   0.559943E+00   0.151325E+06   0.150607E+06  -0.159179E-01  -0.161258E-01   0.405910E+05   0.143555E+06   0.151205E+06   0.143555E+06  -0.346124E-02   0.745819E+05   0.745731E+05   0.527536E-02
   0.564691E+00   0.149143E+06   0.148435E+06  -0.157861E-01  -0.159876E-01   0.396810E+05   0.141462E+06   0.149024E+06   0.141462E+06  -0.340825E-02   0.734998E+05   0.734910E+05   0.515576E-02
   0.569439E+00   0.147015E+06   0.146317E+06  -0.143082E-01  -0.145035E-01   0.387991E+05   0.139422E+06   0.146898E+06   0.139422E+06  -0.336635E-02   0.724449E+05   0.724363E+05   0.503907E-02
   0.574186E+00   0.144939E+06   0.144251E+06  -0.134476E-01  -0.136370E-01   0.379438E+05   0.137432E+06   0.144823E+06   0.137432E+06  -0.332146E-02   0.714158E+05   0.714073E+05   0.492552E-02
   0.578934E+00   0.142908E+06   0.142231E+06  -0.139628E-01  -0.141464E-01   0.371130E+05   0.135486E+06   0.142795E+06   0.135486E+06  -0.326757E-02   0.704095E+05   0.704012E+05   0.481531E-02
   0.627097E+00   0.124497E+06   0.123906E+06  -0.102444E-01  -0.103807E-01   0.298640E+05   0.117860E+06   0.124398E+06   0.117860E+06  -0.284384E-02   0.612901E+05   0.612828E+05   0.387607E-02
   0.679266E+00   0.108392E+06   0.107876E+06  -0.809707E-02  -0.819809E-02   0.239528E+05   0.102472E+06   0.108305E+06   0.102472E+06  -0.246764E-02   0.533214E+05   0.533150E+05   0.311628E-02
   0.735776E+00   0.943057E+05   0.938570E+05  -0.530818E-02  -0.538304E-02   0.191491E+05   0.890380E+05   0.942304E+05   0.890380E+05  -0.215275E-02   0.463595E+05   0.463540E+05   0.250378E-02
   0.796987E+00   0.819945E+05   0.816040E+05  -0.393242E-02  -0.398786E-02   0.152595E+05   0.773183E+05   0.819289E+05   0.773183E+05  -0.186958E-02   0.402809E+05   0.402761E+05   0.201027E-02
   0.863290E+00   0.712470E+05   0.709074E+05  -0.335887E-02  -0.339990E-02   0.121222E+05   0.671051E+05   0.711900E+05   0.671051E+05  -0.161531E-02   0.349794E+05   0.349753E+05   0.161292E-02
   0.935109E+00   0.618719E+05   0.615767E+05  -0.236310E-02  -0.239345E-02   0.960079E+04   0.582109E+05   0.618223E+05   0.582109E+05  -0.140372E-02   0.303592E+05   0.303556E+05   0.129322E-02
   0.101290E+01   0.536980E+05   0.534417E+05  -0.187891E-02  -0.190135E-02   0.758084E+04   0.504686E+05   0.536549E+05   0.504686E+05  -0.121411E-02   0.263344E+05   0.263313E+05   0.103616E-02
   0.109717E+01   0.465794E+05   0.463570E+05  -0.140596E-02  -0.142254E-02   0.596867E+04   0.437362E+05   0.465421E+05   0.437362E+05  -0.105176E-02   0.228321E+05   0.228294E+05   0.829671E-03
   0.118844E+01   0.403823E+05   0.401894E+05  -0.100165E-02  -0.101389E-02   0.468595E+04   0.378835E+05   0.403499E+05   0.378835E+05  -0.912251E-03   0.197855E+05   0.197831E+05   0.663884E-03
   0.128731E+01   0.349912E+05   0.348239E+05  -0.765865E-03  -0.774904E-03   0.366861E+04   0.327989E+05   0.349631E+05   0.327989E+05  -0.788887E-03   0.171369E+05   0.171349E+05   0.530873E-03
   0.139441E+01   0.303049E+05   0.301600E+05  -0.570385E-03  -0.577055E-03   0.286440E+04   0.283846E+05   0.302806E+05   0.283846E+05  -0.682539E-03   0.148362E+05   0.148344E+05   0.424240E-03
   0.151041E+01   0.262334E+05   0.261079E+05  -0.448880E-03  -0.453799E-03   0.223051E+04   0.245538E+05   0.262123E+05   0.245538E+05  -0.589011E-03   0.128384E+05   0.128369E+05   0.338801E-03
   0.163607E+01   0.226981E+05   0.225895E+05  -0.577939E-03  -0.581565E-03   0.173239E+04   0.212312E+05   0.226798E+05   0.212312E+05  -0.494552E-03   0.111048E+05   0.111035E+05   0.270390E-03
   0.177217E+01   0.196304E+05   0.195364E+05  -0.298936E-03  -0.301609E-03   0.134208E+04   0.183509E+05   0.196146E+05   0.183509E+05  -0.436407E-03   0.960118E+04   0.960004E+04   0.215649E-03
   0.191961E+01   0.169697E+05   0.168884E+05  -0.533641E-04  -0.553326E-04   0.103712E+04   0.158552E+05   0.169560E+05   0.158552E+05  -0.390817E-03   0.829768E+04   0.829669E+04   0.171871E-03
   0.207930E+01   0.146633E+05   0.145931E+05  -0.251497E-03  -0.252947E-03   0.799496E+03   0.136936E+05   0.146516E+05   0.136936E+05  -0.317031E-03   0.716826E+04   0.716741E+04   0.136883E-03
   0.225228E+01   0.126653E+05   0.126046E+05   0.700691E-04   0.690024E-04   0.614857E+03   0.118224E+05   0.126551E+05   0.118224E+05  -0.302667E-03   0.619019E+04   0.618945E+04   0.108937E-03
   0.243966E+01   0.109351E+05   0.108827E+05  -0.134121E-03  -0.134906E-03   0.471751E+03   0.102033E+05   0.109263E+05   0.102033E+05  -0.236510E-03   0.534352E+04   0.534289E+04   0.866276E-04
   0.264262E+01   0.943755E+04   0.939236E+04  -0.135088E-03  -0.135665E-03   0.361130E+03   0.880279E+04   0.942996E+04   0.880279E+04  -0.198364E-03   0.461097E+04   0.461042E+04   0.688299E-04
   0.286246E+01   0.814206E+04   0.810307E+04  -0.774577E-04  -0.778820E-04   0.275834E+03   0.759196E+04   0.813551E+04   0.759196E+04  -0.175086E-03   0.397741E+04   0.397694E+04   0.546395E-04
   0.310059E+01   0.702182E+04   0.698820E+04  -0.613623E-04  -0.616742E-04   0.210229E+03   0.654550E+04   0.701617E+04   0.654550E+04  -0.150001E-03   0.342971E+04   0.342931E+04   0.433322E-04
   0.335854E+01   0.605362E+04   0.602465E+04   0.203364E-04   0.201073E-04   0.159886E+03   0.564150E+04   0.604876E+04   0.564150E+04  -0.145788E-03   0.295645E+04   0.295611E+04   0.343280E-04
   0.363794E+01   0.521710E+04   0.519214E+04  -0.875192E-05  -0.892018E-05   0.121347E+03   0.486080E+04   0.521291E+04   0.486080E+04  -0.118606E-03   0.254764E+04   0.254735E+04   0.271622E-04
   0.394059E+01   0.449473E+04   0.447323E+04  -0.515108E-04  -0.516344E-04   0.919132E+02   0.418688E+04   0.449112E+04   0.418688E+04  -0.865116E-04   0.219468E+04   0.219443E+04   0.214636E-04
   0.426842E+01   0.387111E+04   0.385260E+04  -0.207581E-04  -0.208488E-04   0.694829E+02   0.360531E+04   0.386800E+04   0.360531E+04  -0.814437E-04   0.189002E+04   0.188981E+04   0.169347E-04
   0.462352E+01   0.333300E+04   0.331707E+04  -0.236099E-05  -0.242753E-05   0.524264E+02   0.310364E+04   0.333033E+04   0.310364E+04  -0.762601E-04   0.162718E+04   0.162699E+04   0.133382E-04
   0.500816E+01   0.286882E+04   0.285512E+04  -0.255036E-04  -0.255524E-04   0.394846E+02   0.267102E+04   0.286652E+04   0.267102E+04  -0.523014E-04   0.140047E+04   0.140032E+04   0.104845E-04
   0.542480E+01   0.246858E+04   0.245680E+04  -0.216937E-04  -0.217295E-04   0.296837E+02   0.229807E+04   0.246660E+04   0.229807E+04  -0.430293E-04   0.120502E+04   0.120488E+04   0.822219E-05
   0.587610E+01   0.212358E+04   0.211345E+04   0.143485E-04   0.143223E-04   0.222770E+02   0.197668E+04   0.212188E+04   0.197668E+04  -0.603700E-04   0.103656E+04   0.103644E+04   0.643040E-05
   0.636495E+01   0.182629E+04   0.181759E+04   0.111153E-04   0.110961E-04   0.166903E+02   0.169978E+04   0.182483E+04   0.169978E+04  -0.524562E-04   0.891405E+03   0.891310E+03   0.501276E-05
   0.689446E+01   0.157021E+04   0.156274E+04   0.772430E-07   0.631502E-07   0.124844E+02   0.146131E+04   0.156895E+04   0.146131E+04  -0.365219E-04   0.766384E+03   0.766304E+03   0.389253E-05
   0.746803E+01   0.134969E+04   0.134328E+04  -0.229896E-05  -0.230929E-05   0.932381E+01   0.125599E+04   0.134862E+04   0.125599E+04  -0.284552E-04   0.658734E+03   0.658666E+03   0.300850E-05
   0.808931E+01   0.115985E+04   0.115436E+04  -0.311350E-05  -0.312106E-05   0.695269E+01   0.107926E+04   0.115893E+04   0.107926E+04  -0.223576E-04   0.566065E+03   0.566009E+03   0.231194E-05
   0.876227E+01   0.996478E+03   0.991765E+03  -0.204364E-05  -0.204918E-05   0.517711E+01   0.927187E+03   0.995687E+03   0.927187E+03  -0.196126E-04   0.486318E+03   0.486272E+03   0.176408E-05
   0.949123E+01   0.855918E+03   0.851880E+03  -0.446830E-05  -0.447236E-05   0.384960E+01   0.796361E+03   0.855240E+03   0.796361E+03  -0.108592E-04   0.417711E+03   0.417673E+03   0.133406E-05
   0.102808E+02   0.735019E+03   0.731562E+03  -0.260142E-05  -0.260439E-05   0.285866E+01   0.683846E+03   0.734439E+03   0.683846E+03  -0.109059E-04   0.358703E+03   0.358672E+03   0.997355E-06
   0.111361E+02   0.631060E+03   0.628101E+03   0.210067E-05   0.209850E-05   0.212008E+01   0.587102E+03   0.630563E+03   0.587102E+03  -0.204662E-04   0.307964E+03   0.307939E+03   0.734464E-06
   0.120625E+02   0.541689E+03   0.539160E+03  -0.939842E-06  -0.941430E-06   0.157036E+01   0.503941E+03   0.541264E+03   0.503941E+03  -0.950902E-05   0.264347E+03   0.264327E+03   0.529904E-06
   0.130661E+02   0.464879E+03   0.462719E+03   0.664241E-06   0.663079E-06   0.116184E+01   0.432472E+03   0.464516E+03   0.432472E+03  -0.133213E-04   0.226861E+03   0.226846E+03   0.371386E-06
   0.141530E+02   0.398881E+03   0.397039E+03  -0.175374E-05  -0.175459E-05   0.858626E+00   0.371067E+03   0.398572E+03   0.371067E+03  -0.139855E-05   0.194652E+03   0.194642E+03   0.249156E-06
   0.153305E+02   0.342187E+03   0.340617E+03  -0.120813E-05  -0.120875E-05   0.633902E+00   0.318321E+03   0.341923E+03   0.318321E+03  -0.158909E-05   0.166985E+03   0.166978E+03   0.155485E-06
   0.166058E+02   0.293495E+03   0.292159E+03   0.903923E-06   0.903469E-06   0.467499E+00   0.273022E+03   0.293271E+03   0.273022E+03  -0.123826E-04   0.143223E+03   0.143219E+03   0.842464E-07
   0.179873E+02   0.251686E+03   0.250551E+03  -0.649668E-06  -0.650000E-06   0.344472E+00   0.234127E+03   0.251495E+03   0.234127E+03  -0.113840E-05   0.122820E+03   0.122819E+03   0.305923E-07
   0.194837E+02   0.215794E+03   0.214832E+03   0.287095E-06   0.286853E-06   0.253591E+00   0.200738E+03   0.215633E+03   0.200738E+03  -0.744296E-05   0.105306E+03   0.105306E+03  -0.931324E-08
   0.211046E+02   0.184989E+03   0.184175E+03   0.471186E-06   0.471009E-06   0.186521E+00   0.172081E+03   0.184852E+03   0.172081E+03  -0.898447E-05   0.902728E+02   0.902753E+02  -0.385009E-07
   0.228604E+02   0.158554E+03   0.157868E+03  -0.316729E-06  -0.316859E-06   0.137084E+00   0.147491E+03   0.158439E+03   0.147491E+03   0.228863E-07   0.773732E+02   0.773773E+02  -0.593632E-07
   0.247622E+02   0.135874E+03   0.135297E+03  -0.378145E-06  -0.378240E-06   0.100676E+00   0.126395E+03   0.135777E+03   0.126395E+03   0.203270E-05   0.663061E+02   0.663115E+02  -0.737866E-07
   0.268222E+02   0.116420E+03   0.115936E+03   0.294336E-06   0.294267E-06   0.738847E-01   0.108298E+03   0.116339E+03   0.108298E+03  -0.743585E-05   0.568128E+02   0.568195E+02  -0.832562E-07
   0.290536E+02   0.997352E+02   0.993321E+02  -0.566375E-07  -0.566879E-07   0.541881E-01   0.927786E+02   0.996675E+02   0.927786E+02  -0.124483E-05   0.486711E+02   0.486789E+02  -0.889393E-07
   0.314706E+02   0.854283E+02   0.850943E+02   0.140390E-06   0.140353E-06   0.397210E-01   0.794709E+02   0.853722E+02   0.794709E+02  -0.509096E-05   0.416898E+02   0.416985E+02  -0.917520E-07
   0.340887E+02   0.731625E+02   0.728876E+02  -0.607225E-07  -0.607494E-07   0.290976E-01   0.680619E+02   0.731163E+02   0.680619E+02  -0.119443E-06   0.357045E+02   0.357140E+02  -0.924111E-07
   0.369246E+02   0.626483E+02   0.624242E+02  -0.127284E-06  -0.127303E-06   0.213021E-01   0.582822E+02   0.626107E+02   0.582822E+02   0.242713E-05   0.305740E+02   0.305841E+02  -0.914765E-07
   0.399965E+02   0.536370E+02   0.534565E+02   0.301245E-07   0.301102E-07   0.155886E-01   0.499005E+02   0.536067E+02   0.499005E+02  -0.232210E-05   0.261768E+02   0.261876E+02  -0.893838E-07
   0.433239E+02   0.459150E+02   0.457719E+02  -0.358429E-07  -0.358533E-07   0.114033E-01   0.427181E+02   0.458910E+02   0.427181E+02   0.439084E-06   0.224088E+02   0.224200E+02  -0.864710E-07
   0.469281E+02   0.392988E+02   0.391878E+02   0.359805E-07   0.359729E-07   0.833767E-02   0.365643E+02   0.392802E+02   0.365643E+02  -0.268374E-05   0.191804E+02   0.191921E+02  -0.829987E-07
