#           k/h    P           
    0.10000E-03    0.54029E+03
    0.10202E-03    0.55074E+03
    0.10408E-03    0.56139E+03
    0.10618E-03    0.57224E+03
    0.10833E-03    0.58331E+03
    0.11052E-03    0.59459E+03
    0.11275E-03    0.60608E+03
    0.11503E-03    0.61780E+03
    0.11735E-03    0.62974E+03
    0.11972E-03    0.64191E+03
    0.12214E-03    0.65431E+03
    0.12461E-03    0.66695E+03
    0.12712E-03    0.67983E+03
    0.12969E-03    0.69296E+03
    0.13231E-03    0.70635E+03
    0.13499E-03    0.71999E+03
    0.13771E-03    0.73389E+03
    0.14049E-03    0.74805E+03
    0.14333E-03    0.76249E+03
    0.14623E-03    0.77720E+03
    0.14918E-03    0.79220E+03
    0.15220E-03    0.80748E+03
    0.15527E-03    0.82305E+03
    0.15841E-03    0.83892E+03
    0.16161E-03    0.85509E+03
    0.16487E-03    0.87157E+03
    0.16820E-03    0.88836E+03
    0.17160E-03    0.90548E+03
    0.17507E-03    0.92292E+03
    0.17860E-03    0.94069E+03
    0.18221E-03    0.95879E+03
    0.18589E-03    0.97725E+03
    0.18965E-03    0.99605E+03
    0.19348E-03    0.10152E+04
    0.19739E-03    0.10347E+04
    0.20138E-03    0.10546E+04
    0.20544E-03    0.10749E+04
    0.20959E-03    0.10955E+04
    0.21383E-03    0.11166E+04
    0.21815E-03    0.11380E+04
    0.22255E-03    0.11598E+04
    0.22705E-03    0.11821E+04
    0.23164E-03    0.12047E+04
    0.23632E-03    0.12278E+04
    0.24109E-03    0.12514E+04
    0.24596E-03    0.12753E+04
    0.25093E-03    0.12997E+04
    0.25600E-03    0.13246E+04
    0.26117E-03    0.13499E+04
    0.26645E-03    0.13757E+04
    0.27183E-03    0.14020E+04
    0.27732E-03    0.14288E+04
    0.28292E-03    0.14561E+04
    0.28864E-03    0.14838E+04
    0.29447E-03    0.15121E+04
    0.30042E-03    0.15409E+04
    0.30649E-03    0.15703E+04
    0.31268E-03    0.16002E+04
    0.31899E-03    0.16306E+04
    0.32544E-03    0.16616E+04
    0.33201E-03    0.16932E+04
    0.33872E-03    0.17253E+04
    0.34556E-03    0.17580E+04
    0.35254E-03    0.17914E+04
    0.35966E-03    0.18253E+04
    0.36693E-03    0.18598E+04
    0.37434E-03    0.18950E+04
    0.38190E-03    0.19308E+04
    0.38962E-03    0.19673E+04
    0.39749E-03    0.20044E+04
    0.40552E-03    0.20423E+04
    0.41371E-03    0.20807E+04
    0.42207E-03    0.21199E+04
    0.43060E-03    0.21598E+04
    0.43929E-03    0.22004E+04
    0.44817E-03    0.22417E+04
    0.45722E-03    0.22838E+04
    0.46646E-03    0.23266E+04
    0.47588E-03    0.23702E+04
    0.48550E-03    0.24146E+04
    0.49530E-03    0.24598E+04
    0.50531E-03    0.25058E+04
    0.51552E-03    0.25526E+04
    0.52593E-03    0.26002E+04
    0.53656E-03    0.26487E+04
    0.54739E-03    0.26980E+04
    0.55845E-03    0.27483E+04
    0.56973E-03    0.27994E+04
    0.58124E-03    0.28514E+04
    0.59299E-03    0.29044E+04
    0.60496E-03    0.29583E+04
    0.61719E-03    0.30132E+04
    0.62965E-03    0.30691E+04
    0.64237E-03    0.31260E+04
    0.65535E-03    0.31839E+04
    0.66859E-03    0.32428E+04
    0.68210E-03    0.33028E+04
    0.69588E-03    0.33639E+04
    0.70993E-03    0.34260E+04
    0.72427E-03    0.34893E+04
    0.73891E-03    0.35538E+04
    0.75383E-03    0.36194E+04
    0.76906E-03    0.36862E+04
    0.78460E-03    0.37542E+04
    0.80045E-03    0.38235E+04
    0.81662E-03    0.38940E+04
    0.83311E-03    0.39659E+04
    0.84994E-03    0.40390E+04
    0.86711E-03    0.41135E+04
    0.88463E-03    0.41893E+04
    0.90250E-03    0.42665E+04
    0.92073E-03    0.43452E+04
    0.93933E-03    0.44253E+04
    0.95831E-03    0.45068E+04
    0.97767E-03    0.45899E+04
    0.99742E-03    0.46744E+04
    0.10176E-02    0.47605E+04
    0.10381E-02    0.48482E+04
    0.10591E-02    0.49375E+04
    0.10805E-02    0.50283E+04
    0.11023E-02    0.51208E+04
    0.11246E-02    0.52150E+04
    0.11473E-02    0.53108E+04
    0.11705E-02    0.54083E+04
    0.11941E-02    0.55076E+04
    0.12182E-02    0.56085E+04
    0.12429E-02    0.57112E+04
    0.12680E-02    0.58157E+04
    0.12936E-02    0.59220E+04
    0.13197E-02    0.60301E+04
    0.13464E-02    0.61399E+04
    0.13736E-02    0.62516E+04
    0.14013E-02    0.63652E+04
    0.14296E-02    0.64806E+04
    0.14585E-02    0.65979E+04
    0.14880E-02    0.67171E+04
    0.15180E-02    0.68382E+04
    0.15487E-02    0.69613E+04
    0.15800E-02    0.70863E+04
    0.16119E-02    0.72133E+04
    0.16445E-02    0.73423E+04
    0.16777E-02    0.74733E+04
    0.17116E-02    0.76064E+04
    0.17462E-02    0.77416E+04
    0.17814E-02    0.78788E+04
    0.18174E-02    0.80182E+04
    0.18541E-02    0.81597E+04
    0.18916E-02    0.83035E+04
    0.19298E-02    0.84494E+04
    0.19688E-02    0.85975E+04
    0.20086E-02    0.87479E+04
    0.20491E-02    0.89005E+04
    0.20905E-02    0.90554E+04
    0.21328E-02    0.92125E+04
    0.21758E-02    0.93719E+04
    0.22198E-02    0.95337E+04
    0.22646E-02    0.96977E+04
    0.23104E-02    0.98640E+04
    0.23571E-02    0.10033E+05
    0.24047E-02    0.10204E+05
    0.24533E-02    0.10377E+05
    0.25028E-02    0.10552E+05
    0.25534E-02    0.10730E+05
    0.26050E-02    0.10910E+05
    0.26576E-02    0.11093E+05
    0.27113E-02    0.11278E+05
    0.27660E-02    0.11465E+05
    0.28219E-02    0.11655E+05
    0.28789E-02    0.11847E+05
    0.29371E-02    0.12041E+05
    0.29964E-02    0.12238E+05
    0.30569E-02    0.12437E+05
    0.31187E-02    0.12638E+05
    0.31817E-02    0.12842E+05
    0.32460E-02    0.13048E+05
    0.33115E-02    0.13256E+05
    0.33784E-02    0.13467E+05
    0.34467E-02    0.13679E+05
    0.35163E-02    0.13894E+05
    0.35874E-02    0.14111E+05
    0.36598E-02    0.14331E+05
    0.37338E-02    0.14552E+05
    0.38092E-02    0.14776E+05
    0.38861E-02    0.15002E+05
    0.39646E-02    0.15229E+05
    0.40447E-02    0.15459E+05
    0.41264E-02    0.15691E+05
    0.42098E-02    0.15925E+05
    0.42948E-02    0.16160E+05
    0.43816E-02    0.16398E+05
    0.44701E-02    0.16637E+05
    0.45604E-02    0.16878E+05
    0.46525E-02    0.17121E+05
    0.47465E-02    0.17365E+05
    0.48424E-02    0.17610E+05
    0.49402E-02    0.17858E+05
    0.50400E-02    0.18106E+05
    0.51419E-02    0.18356E+05
    0.52457E-02    0.18607E+05
    0.53517E-02    0.18859E+05
    0.54598E-02    0.19112E+05
    0.55701E-02    0.19366E+05
    0.56826E-02    0.19621E+05
    0.57974E-02    0.19877E+05
    0.59145E-02    0.20133E+05
    0.60340E-02    0.20390E+05
    0.61559E-02    0.20647E+05
    0.62803E-02    0.20904E+05
    0.64072E-02    0.21162E+05
    0.65366E-02    0.21419E+05
    0.66686E-02    0.21676E+05
    0.68033E-02    0.21933E+05
    0.69408E-02    0.22189E+05
    0.70810E-02    0.22445E+05
    0.72240E-02    0.22699E+05
    0.73700E-02    0.22953E+05
    0.75189E-02    0.23206E+05
    0.76708E-02    0.23457E+05
    0.78257E-02    0.23707E+05
    0.79838E-02    0.23955E+05
    0.81451E-02    0.24201E+05
    0.83096E-02    0.24445E+05
    0.84775E-02    0.24686E+05
    0.86488E-02    0.24925E+05
    0.88235E-02    0.25161E+05
    0.90017E-02    0.25394E+05
    0.91836E-02    0.25624E+05
    0.93691E-02    0.25850E+05
    0.95583E-02    0.26073E+05
    0.97514E-02    0.26292E+05
    0.99484E-02    0.26506E+05
    0.10149E-01    0.26716E+05
    0.10354E-01    0.26921E+05
    0.10564E-01    0.27121E+05
    0.10777E-01    0.27316E+05
    0.10995E-01    0.27505E+05
    0.11217E-01    0.27689E+05
    0.11443E-01    0.27866E+05
    0.11675E-01    0.28037E+05
    0.11910E-01    0.28200E+05
    0.12151E-01    0.28357E+05
    0.12397E-01    0.28506E+05
    0.12647E-01    0.28648E+05
    0.12902E-01    0.28782E+05
    0.13163E-01    0.28908E+05
    0.13429E-01    0.29026E+05
    0.13700E-01    0.29135E+05
    0.13977E-01    0.29235E+05
    0.14259E-01    0.29324E+05
    0.14547E-01    0.29402E+05
    0.14841E-01    0.29469E+05
    0.15141E-01    0.29526E+05
    0.15447E-01    0.29575E+05
    0.15759E-01    0.29617E+05
    0.16077E-01    0.29652E+05
    0.16402E-01    0.29682E+05
    0.16734E-01    0.29703E+05
    0.17072E-01    0.29713E+05
    0.17416E-01    0.29709E+05
    0.17768E-01    0.29689E+05
    0.18127E-01    0.29650E+05
    0.18493E-01    0.29593E+05
    0.18867E-01    0.29519E+05
    0.19248E-01    0.29428E+05
    0.19637E-01    0.29319E+05
    0.20034E-01    0.29195E+05
    0.20438E-01    0.29055E+05
    0.20851E-01    0.28902E+05
    0.21272E-01    0.28736E+05
    0.21702E-01    0.28558E+05
    0.22141E-01    0.28369E+05
    0.22588E-01    0.28169E+05
    0.23044E-01    0.27958E+05
    0.23510E-01    0.27735E+05
    0.23985E-01    0.27501E+05
    0.24469E-01    0.27256E+05
    0.24964E-01    0.26998E+05
    0.25468E-01    0.26728E+05
    0.25982E-01    0.26445E+05
    0.26507E-01    0.26149E+05
    0.27043E-01    0.25840E+05
    0.27589E-01    0.25518E+05
    0.28146E-01    0.25186E+05
    0.28715E-01    0.24843E+05
    0.29295E-01    0.24491E+05
    0.29887E-01    0.24130E+05
    0.30490E-01    0.23763E+05
    0.31106E-01    0.23390E+05
    0.31735E-01    0.23012E+05
    0.32376E-01    0.22631E+05
    0.33030E-01    0.22248E+05
    0.33697E-01    0.21864E+05
    0.34378E-01    0.21479E+05
    0.35072E-01    0.21095E+05
    0.35781E-01    0.20711E+05
    0.36504E-01    0.20330E+05
    0.37241E-01    0.19952E+05
    0.37993E-01    0.19577E+05
    0.38761E-01    0.19207E+05
    0.39544E-01    0.18842E+05
    0.40343E-01    0.18483E+05
    0.41158E-01    0.18132E+05
    0.41989E-01    0.17790E+05
    0.42838E-01    0.17458E+05
    0.43703E-01    0.17138E+05
    0.44586E-01    0.16831E+05
    0.45486E-01    0.16535E+05
    0.46405E-01    0.16252E+05
    0.47343E-01    0.15982E+05
    0.48299E-01    0.15724E+05
    0.49275E-01    0.15478E+05
    0.50270E-01    0.15244E+05
    0.51286E-01    0.15020E+05
    0.52322E-01    0.14808E+05
    0.53379E-01    0.14605E+05
    0.54457E-01    0.14410E+05
    0.55557E-01    0.14223E+05
    0.56680E-01    0.14043E+05
    0.57825E-01    0.13867E+05
    0.58993E-01    0.13696E+05
    0.60184E-01    0.13526E+05
    0.61400E-01    0.13357E+05
    0.62641E-01    0.13186E+05
    0.63906E-01    0.13011E+05
    0.65197E-01    0.12830E+05
    0.66514E-01    0.12641E+05
    0.67858E-01    0.12446E+05
    0.69229E-01    0.12247E+05
    0.70627E-01    0.12042E+05
    0.72054E-01    0.11827E+05
    0.73510E-01    0.11597E+05
    0.74994E-01    0.11348E+05
    0.76509E-01    0.11081E+05
    0.78055E-01    0.10802E+05
    0.79632E-01    0.10512E+05
    0.81241E-01    0.10212E+05
    0.82882E-01    0.99054E+04
    0.84556E-01    0.95926E+04
    0.86264E-01    0.92772E+04
    0.88007E-01    0.89620E+04
    0.89785E-01    0.86504E+04
    0.91598E-01    0.83454E+04
    0.93449E-01    0.80502E+04
    0.95337E-01    0.77678E+04
    0.97263E-01    0.75011E+04
    0.99227E-01    0.72522E+04
    0.10123E+00    0.70230E+04
    0.10328E+00    0.68147E+04
    0.10536E+00    0.66274E+04
    0.10749E+00    0.64607E+04
    0.10966E+00    0.63134E+04
    0.11188E+00    0.61830E+04
    0.11414E+00    0.60671E+04
    0.11644E+00    0.59621E+04
    0.11880E+00    0.58643E+04
    0.12120E+00    0.57696E+04
    0.12365E+00    0.56738E+04
    0.12614E+00    0.55730E+04
    0.12869E+00    0.54636E+04
    0.13129E+00    0.53427E+04
    0.13394E+00    0.52090E+04
    0.13665E+00    0.50619E+04
    0.13941E+00    0.49025E+04
    0.14223E+00    0.47326E+04
    0.14510E+00    0.45553E+04
    0.14803E+00    0.43740E+04
    0.15102E+00    0.41927E+04
    0.15407E+00    0.40160E+04
    0.15718E+00    0.38487E+04
    0.16036E+00    0.36950E+04
    0.16360E+00    0.35579E+04
    0.16690E+00    0.34385E+04
    0.17028E+00    0.33363E+04
    0.17371E+00    0.32487E+04
    0.17722E+00    0.31728E+04
    0.18080E+00    0.31048E+04
    0.18446E+00    0.30408E+04
    0.18818E+00    0.29764E+04
    0.19198E+00    0.29074E+04
    0.19586E+00    0.28302E+04
    0.19982E+00    0.27433E+04
    0.20386E+00    0.26475E+04
    0.20797E+00    0.25452E+04
    0.21218E+00    0.24403E+04
    0.21646E+00    0.23364E+04
    0.22083E+00    0.22373E+04
    0.22530E+00    0.21464E+04
    0.22985E+00    0.20660E+04
    0.23449E+00    0.19966E+04
    0.23923E+00    0.19370E+04
    0.24406E+00    0.18843E+04
    0.24899E+00    0.18352E+04
    0.25402E+00    0.17861E+04
    0.25915E+00    0.17341E+04
    0.26439E+00    0.16773E+04
    0.26973E+00    0.16161E+04
    0.27518E+00    0.15523E+04
    0.28074E+00    0.14884E+04
    0.28641E+00    0.14272E+04
    0.29219E+00    0.13708E+04
    0.29810E+00    0.13206E+04
    0.30412E+00    0.12762E+04
    0.31026E+00    0.12360E+04
    0.31653E+00    0.11976E+04
    0.32292E+00    0.11592E+04
    0.32945E+00    0.11192E+04
    0.33610E+00    0.10776E+04
    0.34289E+00    0.10352E+04
    0.34982E+00    0.99377E+03
    0.35689E+00    0.95476E+03
    0.36409E+00    0.91885E+03
    0.37145E+00    0.88603E+03
    0.37895E+00    0.85541E+03
    0.38661E+00    0.82569E+03
    0.39442E+00    0.79597E+03
    0.40239E+00    0.76597E+03
    0.41052E+00    0.73609E+03
    0.41881E+00    0.70718E+03
    0.42727E+00    0.67984E+03
    0.43590E+00    0.65426E+03
    0.44471E+00    0.63015E+03
    0.45369E+00    0.60689E+03
    0.46286E+00    0.58405E+03
    0.47221E+00    0.56151E+03
    0.48174E+00    0.53952E+03
    0.49148E+00    0.51845E+03
    0.50141E+00    0.49841E+03
    0.51153E+00    0.47936E+03
    0.52187E+00    0.46100E+03
    0.53241E+00    0.44315E+03
    0.54317E+00    0.42576E+03
    0.55414E+00    0.40898E+03
    0.56533E+00    0.39290E+03
    0.57675E+00    0.37752E+03
    0.58840E+00    0.36272E+03
    0.60029E+00    0.34843E+03
    0.61242E+00    0.33462E+03
    0.62479E+00    0.32132E+03
    0.63741E+00    0.30853E+03
    0.65029E+00    0.29622E+03
    0.66342E+00    0.28438E+03
    0.67683E+00    0.27298E+03
    0.69050E+00    0.26202E+03
    0.70445E+00    0.25148E+03
    0.71868E+00    0.24134E+03
    0.73320E+00    0.23159E+03
    0.74801E+00    0.22221E+03
    0.76312E+00    0.21319E+03
    0.77854E+00    0.20452E+03
    0.79426E+00    0.19619E+03
    0.81031E+00    0.18818E+03
    0.82668E+00    0.18047E+03
    0.84338E+00    0.17307E+03
    0.86041E+00    0.16596E+03
    0.87780E+00    0.15913E+03
    0.89553E+00    0.15256E+03
    0.91362E+00    0.14625E+03
    0.93208E+00    0.14020E+03
    0.95091E+00    0.13438E+03
    0.97011E+00    0.12879E+03
    0.98971E+00    0.12343E+03
    0.10097E+01    0.11828E+03
    0.10301E+01    0.11333E+03
    0.10509E+01    0.10859E+03
    0.10721E+01    0.10403E+03
    0.10938E+01    0.99659E+02
    0.11159E+01    0.95464E+02
    0.11384E+01    0.91439E+02
    0.11614E+01    0.87578E+02
    0.11849E+01    0.83873E+02
    0.12088E+01    0.80319E+02
    0.12333E+01    0.76911E+02
    0.12582E+01    0.73642E+02
    0.12836E+01    0.70508E+02
    0.13095E+01    0.67502E+02
    0.13360E+01    0.64620E+02
    0.13630E+01    0.61857E+02
    0.13905E+01    0.59208E+02
    0.14186E+01    0.56669E+02
    0.14472E+01    0.54235E+02
    0.14765E+01    0.51902E+02
    0.15063E+01    0.49666E+02
    0.15367E+01    0.47523E+02
    0.15678E+01    0.45469E+02
    0.15994E+01    0.43501E+02
    0.16318E+01    0.41615E+02
    0.16647E+01    0.39808E+02
    0.16984E+01    0.38076E+02
    0.17327E+01    0.36418E+02
    0.17677E+01    0.34829E+02
    0.18034E+01    0.33307E+02
    0.18398E+01    0.31849E+02
    0.18770E+01    0.30452E+02
    0.19149E+01    0.29116E+02
    0.19536E+01    0.27836E+02
    0.19930E+01    0.26611E+02
    0.20333E+01    0.25438E+02
    0.20744E+01    0.24316E+02
    0.21163E+01    0.23243E+02
    0.21590E+01    0.22216E+02
    0.22026E+01    0.21233E+02
    0.22471E+01    0.20294E+02
    0.22925E+01    0.19396E+02
    0.23388E+01    0.18537E+02
    0.23861E+01    0.17715E+02
    0.24343E+01    0.16930E+02
    0.24835E+01    0.16180E+02
