#          k/h    CDM            baryon         photon         nu             mass_nu        total          no_nu          total_de       Weyl           v_CDM          v_b            v_b-v_c     
   0.106175E-04   0.212216E+08   0.212216E+08   0.282820E+08   0.282817E+08   0.000000E+00   0.212216E+08   0.212216E+08   0.212304E+08  -0.455788E+00   0.950569E+07   0.950569E+07   0.490875E+01
   0.117345E-04   0.212215E+08   0.212215E+08   0.282789E+08   0.282785E+08   0.000000E+00   0.212215E+08   0.212215E+08   0.212303E+08  -0.455785E+00   0.950580E+07   0.950580E+07   0.542501E+01
   0.129691E-04   0.212213E+08   0.212213E+08   0.282750E+08   0.282745E+08   0.000000E+00   0.212213E+08   0.212213E+08   0.212301E+08  -0.455782E+00   0.950593E+07   0.950593E+07   0.599553E+01
   0.143335E-04   0.212211E+08   0.212211E+08   0.282703E+08   0.282697E+08   0.000000E+00   0.212211E+08   0.212211E+08   0.212299E+08  -0.455777E+00   0.950610E+07   0.950609E+07   0.662598E+01
   0.158414E-04   0.212209E+08   0.212209E+08   0.282646E+08   0.282638E+08   0.000000E+00   0.212209E+08   0.212209E+08   0.212297E+08  -0.455772E+00   0.950629E+07   0.950629E+07   0.732266E+01
   0.175080E-04   0.212206E+08   0.212206E+08   0.282576E+08   0.282567E+08   0.000000E+00   0.212206E+08   0.212206E+08   0.212294E+08  -0.455766E+00   0.950654E+07   0.950654E+07   0.809249E+01
   0.193499E-04   0.212202E+08   0.212202E+08   0.282490E+08   0.282479E+08   0.000000E+00   0.212202E+08   0.212202E+08   0.212290E+08  -0.455758E+00   0.950683E+07   0.950683E+07   0.894312E+01
   0.213856E-04   0.212198E+08   0.212198E+08   0.282386E+08   0.282372E+08   0.000000E+00   0.212198E+08   0.212198E+08   0.212286E+08  -0.455749E+00   0.950719E+07   0.950719E+07   0.988298E+01
   0.236355E-04   0.212193E+08   0.212193E+08   0.282258E+08   0.282242E+08   0.000000E+00   0.212193E+08   0.212193E+08   0.212281E+08  -0.455738E+00   0.950763E+07   0.950763E+07   0.109214E+02
   0.261221E-04   0.212186E+08   0.212186E+08   0.282103E+08   0.282082E+08   0.000000E+00   0.212186E+08   0.212186E+08   0.212274E+08  -0.455724E+00   0.950817E+07   0.950817E+07   0.120685E+02
   0.288702E-04   0.212179E+08   0.212179E+08   0.281913E+08   0.281888E+08   0.000000E+00   0.212179E+08   0.212179E+08   0.212266E+08  -0.455707E+00   0.950883E+07   0.950883E+07   0.133357E+02
   0.319075E-04   0.212169E+08   0.212169E+08   0.281681E+08   0.281650E+08   0.000000E+00   0.212169E+08   0.212169E+08   0.212257E+08  -0.455686E+00   0.950963E+07   0.950963E+07   0.147354E+02
   0.352644E-04   0.212158E+08   0.212157E+08   0.281397E+08   0.281360E+08   0.000000E+00   0.212158E+08   0.212158E+08   0.212245E+08  -0.455661E+00   0.951061E+07   0.951061E+07   0.162811E+02
   0.389743E-04   0.212143E+08   0.212143E+08   0.281052E+08   0.281007E+08   0.000000E+00   0.212143E+08   0.212143E+08   0.212231E+08  -0.455630E+00   0.951181E+07   0.951181E+07   0.179880E+02
   0.430746E-04   0.212126E+08   0.212126E+08   0.280630E+08   0.280575E+08   0.000000E+00   0.212126E+08   0.212126E+08   0.212213E+08  -0.455593E+00   0.951327E+07   0.951326E+07   0.198722E+02
   0.476063E-04   0.212105E+08   0.212105E+08   0.280116E+08   0.280049E+08   0.000000E+00   0.212105E+08   0.212105E+08   0.212192E+08  -0.455547E+00   0.951505E+07   0.951504E+07   0.219519E+02
   0.526147E-04   0.212079E+08   0.212079E+08   0.279490E+08   0.279407E+08   0.000000E+00   0.212079E+08   0.212079E+08   0.212166E+08  -0.455491E+00   0.951722E+07   0.951721E+07   0.242465E+02
   0.581500E-04   0.212048E+08   0.212047E+08   0.278726E+08   0.278626E+08   0.000000E+00   0.212048E+08   0.212048E+08   0.212134E+08  -0.455423E+00   0.951986E+07   0.951986E+07   0.267773E+02
   0.642677E-04   0.212009E+08   0.212009E+08   0.277796E+08   0.277673E+08   0.000000E+00   0.212009E+08   0.212009E+08   0.212095E+08  -0.455340E+00   0.952308E+07   0.952308E+07   0.295674E+02
   0.710289E-04   0.211962E+08   0.211962E+08   0.276663E+08   0.276514E+08   0.000000E+00   0.211962E+08   0.211962E+08   0.212048E+08  -0.455239E+00   0.952700E+07   0.952699E+07   0.326417E+02
   0.785015E-04   0.211905E+08   0.211905E+08   0.275286E+08   0.275105E+08   0.000000E+00   0.211905E+08   0.211905E+08   0.211991E+08  -0.455117E+00   0.953177E+07   0.953176E+07   0.360267E+02
   0.867602E-04   0.211836E+08   0.211836E+08   0.273612E+08   0.273392E+08   0.000000E+00   0.211836E+08   0.211836E+08   0.211921E+08  -0.454967E+00   0.953757E+07   0.953756E+07   0.397508E+02
   0.958878E-04   0.211752E+08   0.211751E+08   0.271580E+08   0.271313E+08   0.000000E+00   0.211751E+08   0.211751E+08   0.211836E+08  -0.454786E+00   0.954460E+07   0.954459E+07   0.438439E+02
   0.105976E-03   0.211649E+08   0.211648E+08   0.269116E+08   0.268793E+08   0.000000E+00   0.211649E+08   0.211649E+08   0.211732E+08  -0.454565E+00   0.955314E+07   0.955312E+07   0.483369E+02
   0.117125E-03   0.211524E+08   0.211524E+08   0.266136E+08   0.265745E+08   0.000000E+00   0.211524E+08   0.211524E+08   0.211607E+08  -0.454299E+00   0.956346E+07   0.956344E+07   0.532614E+02
   0.129447E-03   0.211373E+08   0.211372E+08   0.262536E+08   0.262064E+08   0.000000E+00   0.211373E+08   0.211373E+08   0.211454E+08  -0.453976E+00   0.957594E+07   0.957592E+07   0.586487E+02
   0.143065E-03   0.211190E+08   0.211189E+08   0.258200E+08   0.257632E+08   0.000000E+00   0.211190E+08   0.211190E+08   0.211270E+08  -0.453587E+00   0.959097E+07   0.959094E+07   0.645289E+02
   0.158117E-03   0.210968E+08   0.210967E+08   0.252994E+08   0.252313E+08   0.000000E+00   0.210968E+08   0.210968E+08   0.211047E+08  -0.453119E+00   0.960902E+07   0.960899E+07   0.709293E+02
   0.174751E-03   0.210701E+08   0.210700E+08   0.246767E+08   0.245952E+08   0.000000E+00   0.210701E+08   0.210701E+08   0.210778E+08  -0.452557E+00   0.963062E+07   0.963058E+07   0.778717E+02
   0.193136E-03   0.210380E+08   0.210379E+08   0.239353E+08   0.238384E+08   0.000000E+00   0.210380E+08   0.210380E+08   0.210454E+08  -0.451886E+00   0.965635E+07   0.965630E+07   0.853703E+02
   0.213455E-03   0.209996E+08   0.209994E+08   0.230577E+08   0.229432E+08   0.000000E+00   0.209995E+08   0.209995E+08   0.210067E+08  -0.451090E+00   0.968682E+07   0.968676E+07   0.934275E+02
   0.235911E-03   0.209537E+08   0.209534E+08   0.220263E+08   0.218919E+08   0.000000E+00   0.209536E+08   0.209536E+08   0.209605E+08  -0.450149E+00   0.972265E+07   0.972257E+07   0.102029E+03
   0.260730E-03   0.208992E+08   0.208989E+08   0.208246E+08   0.206684E+08   0.000000E+00   0.208992E+08   0.208992E+08   0.209056E+08  -0.449047E+00   0.976439E+07   0.976431E+07   0.111139E+03
   0.288160E-03   0.208349E+08   0.208346E+08   0.194397E+08   0.192602E+08   0.000000E+00   0.208349E+08   0.208349E+08   0.208409E+08  -0.447769E+00   0.981251E+07   0.981240E+07   0.120691E+03
   0.318476E-03   0.207598E+08   0.207593E+08   0.178648E+08   0.176615E+08   0.000000E+00   0.207597E+08   0.207597E+08   0.207652E+08  -0.446303E+00   0.986720E+07   0.986708E+07   0.130584E+03
   0.351981E-03   0.206726E+08   0.206721E+08   0.161036E+08   0.158773E+08   0.000000E+00   0.206726E+08   0.206726E+08   0.206775E+08  -0.444648E+00   0.992828E+07   0.992813E+07   0.140669E+03
   0.389011E-03   0.205729E+08   0.205722E+08   0.141742E+08   0.139280E+08   0.000000E+00   0.205728E+08   0.205728E+08   0.205771E+08  -0.442813E+00   0.999498E+07   0.999480E+07   0.150746E+03
   0.429937E-03   0.204602E+08   0.204595E+08   0.121152E+08   0.118548E+08   0.000000E+00   0.204601E+08   0.204601E+08   0.204638E+08  -0.440826E+00   0.100657E+08   0.100655E+08   0.160560E+03
   0.475168E-03   0.203353E+08   0.203344E+08   0.998872E+07   0.972317E+07   0.000000E+00   0.203352E+08   0.203352E+08   0.203382E+08  -0.438739E+00   0.101379E+08   0.101377E+08   0.169796E+03
   0.525158E-03   0.201998E+08   0.201988E+08   0.788254E+07   0.762438E+07   0.000000E+00   0.201996E+08   0.201996E+08   0.202020E+08  -0.436631E+00   0.102078E+08   0.102075E+08   0.178090E+03
   0.580407E-03   0.200567E+08   0.200555E+08   0.590566E+07   0.567024E+07   0.000000E+00   0.200565E+08   0.200565E+08   0.200583E+08  -0.434607E+00   0.102705E+08   0.102702E+08   0.185049E+03
   0.641469E-03   0.199105E+08   0.199091E+08   0.417576E+07   0.397934E+07   0.000000E+00   0.199102E+08   0.199102E+08   0.199115E+08  -0.432794E+00   0.103204E+08   0.103200E+08   0.190284E+03
   0.708955E-03   0.197670E+08   0.197654E+08   0.279601E+07   0.265245E+07   0.000000E+00   0.197667E+08   0.197667E+08   0.197676E+08  -0.431323E+00   0.103519E+08   0.103514E+08   0.193453E+03
   0.783540E-03   0.196329E+08   0.196310E+08   0.182406E+07   0.174023E+07   0.000000E+00   0.196326E+08   0.196326E+08   0.196331E+08  -0.430294E+00   0.103611E+08   0.103606E+08   0.194314E+03
   0.865972E-03   0.195144E+08   0.195122E+08   0.124262E+07   0.121408E+07   0.000000E+00   0.195140E+08   0.195140E+08   0.195144E+08  -0.429737E+00   0.103474E+08   0.103469E+08   0.192769E+03
   0.957077E-03   0.194158E+08   0.194134E+08   0.950587E+06   0.960020E+06   0.000000E+00   0.194154E+08   0.194154E+08   0.194157E+08  -0.429568E+00   0.103155E+08   0.103150E+08   0.188874E+03
   0.105777E-02   0.193379E+08   0.193353E+08   0.794622E+06   0.816044E+06   0.000000E+00   0.193375E+08   0.193375E+08   0.193377E+08  -0.429583E+00   0.102750E+08   0.102744E+08   0.182818E+03
   0.116905E-02   0.192766E+08   0.192737E+08   0.642778E+06   0.652393E+06   0.000000E+00   0.192761E+08   0.192761E+08   0.192763E+08  -0.429493E+00   0.102384E+08   0.102378E+08   0.174850E+03
   0.129204E-02   0.192240E+08   0.192208E+08   0.458998E+06   0.447697E+06   0.000000E+00   0.192234E+08   0.192234E+08   0.192236E+08  -0.429049E+00   0.102154E+08   0.102148E+08   0.165232E+03
   0.142797E-02   0.191711E+08   0.191678E+08   0.302517E+06   0.279781E+06   0.000000E+00   0.191705E+08   0.191705E+08   0.191706E+08  -0.428180E+00   0.102062E+08   0.102056E+08   0.154227E+03
   0.157819E-02   0.191125E+08   0.191090E+08   0.223932E+06   0.206454E+06   0.000000E+00   0.191119E+08   0.191119E+08   0.191120E+08  -0.427053E+00   0.101998E+08   0.101991E+08   0.142179E+03
   0.174423E-02   0.190481E+08   0.190445E+08   0.176344E+06  -0.199261E+06   0.000000E+00   0.190475E+08   0.190475E+08   0.190475E+08  -0.425936E+00   0.101817E+08   0.101810E+08   0.129565E+03
   0.192773E-02   0.189812E+08   0.189776E+08   0.101174E+06  -0.163993E+06   0.000000E+00   0.189806E+08   0.189806E+08   0.189806E+08  -0.424913E+00   0.101481E+08   0.101474E+08   0.116938E+03
   0.213054E-02   0.189126E+08   0.189090E+08   0.518797E+05  -0.130670E+06   0.000000E+00   0.189120E+08   0.189120E+08   0.189120E+08  -0.423756E+00   0.101102E+08   0.101095E+08   0.104817E+03
   0.235468E-02   0.188386E+08   0.188350E+08   0.556395E+05  -0.102399E+06   0.000000E+00   0.188380E+08   0.188380E+08   0.188380E+08  -0.422240E+00   0.100773E+08   0.100766E+08   0.936649E+02
   0.260240E-02   0.187554E+08   0.187518E+08   0.285066E+05  -0.832105E+05   0.000000E+00   0.187548E+08   0.187548E+08   0.187548E+08  -0.420478E+00   0.100410E+08   0.100404E+08   0.838434E+02
   0.287619E-02   0.186637E+08   0.186600E+08   0.125169E+05  -0.682833E+05   0.000000E+00   0.186631E+08   0.186631E+08   0.186631E+08  -0.418626E+00   0.999241E+07   0.999176E+07   0.754520E+02
   0.317877E-02   0.185634E+08   0.185596E+08   0.104245E+05  -0.541896E+05   0.000000E+00   0.185628E+08   0.185628E+08   0.185628E+08  -0.416497E+00   0.994038E+07   0.993973E+07   0.683159E+02
   0.351320E-02   0.184519E+08   0.184479E+08  -0.199854E+04  -0.440941E+05   0.000000E+00   0.184512E+08   0.184512E+08   0.184512E+08  -0.414051E+00   0.988487E+07   0.988422E+07   0.620466E+02
   0.388280E-02   0.183289E+08   0.183247E+08  -0.337204E+03  -0.357598E+05   0.000000E+00   0.183282E+08   0.183282E+08   0.183282E+08  -0.411402E+00   0.981881E+07   0.981816E+07   0.562021E+02
   0.429129E-02   0.181935E+08   0.181891E+08   0.624328E+03  -0.287670E+05   0.000000E+00   0.181927E+08   0.181927E+08   0.181927E+08  -0.408397E+00   0.974894E+07   0.974829E+07   0.505609E+02
   0.474276E-02   0.180444E+08   0.180399E+08  -0.733451E+04  -0.233797E+05   0.000000E+00   0.180437E+08   0.180437E+08   0.180437E+08  -0.405122E+00   0.966918E+07   0.966854E+07   0.452346E+02
   0.524172E-02   0.178809E+08   0.178760E+08  -0.334800E+04  -0.189000E+05   0.000000E+00   0.178801E+08   0.178801E+08   0.178800E+08  -0.401474E+00   0.958322E+07   0.958258E+07   0.405233E+02
   0.579317E-02   0.177014E+08   0.176962E+08   0.283977E+04  -0.152094E+05   0.000000E+00   0.177005E+08   0.177005E+08   0.177005E+08  -0.397484E+00   0.948730E+07   0.948666E+07   0.365839E+02
   0.640264E-02   0.175056E+08   0.175000E+08  -0.365136E+04  -0.123541E+05   0.000000E+00   0.175047E+08   0.175047E+08   0.175047E+08  -0.393114E+00   0.938281E+07   0.938217E+07   0.332040E+02
   0.707623E-02   0.172892E+08   0.172830E+08  -0.186938E+04  -0.998408E+04   0.000000E+00   0.172882E+08   0.172882E+08   0.172882E+08  -0.388270E+00   0.926747E+07   0.926684E+07   0.300259E+02
   0.782068E-02   0.170511E+08   0.170444E+08  -0.415392E+04  -0.803928E+04   0.000000E+00   0.170500E+08   0.170500E+08   0.170500E+08  -0.382937E+00   0.914029E+07   0.913965E+07   0.270126E+02
   0.864345E-02   0.167891E+08   0.167816E+08  -0.151773E+04  -0.647033E+04   0.000000E+00   0.167878E+08   0.167878E+08   0.167878E+08  -0.377063E+00   0.900004E+07   0.899941E+07   0.243593E+02
   0.955278E-02   0.165008E+08   0.164924E+08  -0.336084E+04  -0.520510E+04   0.000000E+00   0.164994E+08   0.164994E+08   0.164994E+08  -0.370597E+00   0.884561E+07   0.884498E+07   0.220451E+02
   0.105578E-01   0.161844E+08   0.161750E+08  -0.265064E+04  -0.417554E+04   0.000000E+00   0.161829E+08   0.161829E+08   0.161829E+08  -0.363498E+00   0.867603E+07   0.867540E+07   0.199543E+02
   0.116685E-01   0.158386E+08   0.158280E+08  -0.268686E+04  -0.333226E+04   0.000000E+00   0.158368E+08   0.158368E+08   0.158368E+08  -0.355732E+00   0.849069E+07   0.849006E+07   0.180760E+02
   0.128961E-01   0.154622E+08   0.154500E+08  -0.204194E+04  -0.266973E+04   0.000000E+00   0.154601E+08   0.154601E+08   0.154601E+08  -0.347275E+00   0.828892E+07   0.828829E+07   0.163945E+02
   0.142528E-01   0.150540E+08   0.150402E+08  -0.121715E+04  -0.212069E+04   0.000000E+00   0.150517E+08   0.150517E+08   0.150517E+08  -0.338106E+00   0.807001E+07   0.806937E+07   0.149127E+02
   0.157523E-01   0.146143E+08   0.145985E+08  -0.192754E+04  -0.168729E+04   0.000000E+00   0.146116E+08   0.146116E+08   0.146116E+08  -0.328226E+00   0.783414E+07   0.783349E+07   0.135843E+02
   0.174095E-01   0.141462E+08   0.141281E+08  -0.600663E+03  -0.133712E+04   0.000000E+00   0.141432E+08   0.141432E+08   0.141432E+08  -0.317706E+00   0.758304E+07   0.758240E+07   0.124095E+02
   0.192411E-01   0.136538E+08   0.136330E+08  -0.114853E+04  -0.105482E+04   0.000000E+00   0.136503E+08   0.136503E+08   0.136503E+08  -0.306635E+00   0.731884E+07   0.731819E+07   0.113647E+02
   0.212653E-01   0.131193E+08   0.130957E+08  -0.573622E+03  -0.831196E+03   0.000000E+00   0.131153E+08   0.131153E+08   0.131153E+08  -0.294620E+00   0.703210E+07   0.703143E+07   0.104222E+02
   0.235025E-01   0.125497E+08   0.125229E+08  -0.418664E+03  -0.649468E+03   0.000000E+00   0.125452E+08   0.125452E+08   0.125452E+08  -0.281814E+00   0.672643E+07   0.672576E+07   0.956640E+01
   0.259751E-01   0.119490E+08   0.119189E+08  -0.378492E+03  -0.506263E+03   0.000000E+00   0.119440E+08   0.119440E+08   0.119440E+08  -0.268310E+00   0.640409E+07   0.640341E+07   0.877953E+01
   0.287078E-01   0.113202E+08   0.112867E+08  -0.199822E+03  -0.392805E+03   0.000000E+00   0.113146E+08   0.113146E+08   0.113146E+08  -0.254172E+00   0.606669E+07   0.606600E+07   0.804090E+01
   0.317280E-01   0.106680E+08   0.106313E+08  -0.426079E+03  -0.303193E+03   0.000000E+00   0.106618E+08   0.106618E+08   0.106618E+08  -0.239509E+00   0.571668E+07   0.571598E+07   0.732946E+01
   0.350660E-01   0.100012E+08   0.996156E+07  -0.220530E+03  -0.232732E+03   0.000000E+00   0.999451E+07   0.999451E+07   0.999451E+07  -0.224518E+00   0.535889E+07   0.535819E+07   0.662843E+01
   0.387551E-01   0.933131E+07   0.928963E+07  -0.178316E+03  -0.177531E+03   0.000000E+00   0.932431E+07   0.932431E+07   0.932431E+07  -0.209463E+00   0.499957E+07   0.499888E+07   0.592219E+01
   0.428323E-01   0.867247E+07   0.862980E+07  -0.155190E+03  -0.135031E+03   0.000000E+00   0.866531E+07   0.866531E+07   0.866531E+07  -0.194660E+00   0.464623E+07   0.464556E+07   0.520213E+01
   0.473384E-01   0.804216E+07   0.799997E+07  -0.101005E+03  -0.102686E+03   0.000000E+00   0.803508E+07   0.803508E+07   0.803508E+07  -0.180502E+00   0.430832E+07   0.430768E+07   0.446823E+01
   0.523187E-01   0.745253E+07   0.741252E+07  -0.765752E+02  -0.778501E+02   0.000000E+00   0.744581E+07   0.744581E+07   0.744581E+07  -0.167265E+00   0.399237E+07   0.399178E+07   0.373122E+01
   0.575505E-01   0.694511E+07   0.690876E+07  -0.590573E+02  -0.600393E+02   0.000000E+00   0.693901E+07   0.693901E+07   0.693901E+07  -0.155880E+00   0.372062E+07   0.372009E+07   0.305016E+01
   0.627824E-01   0.652888E+07   0.649691E+07  -0.466201E+02  -0.473958E+02   0.000000E+00   0.652351E+07   0.652351E+07   0.652351E+07  -0.146546E+00   0.349783E+07   0.349736E+07   0.247378E+01
   0.680143E-01   0.618047E+07   0.615294E+07  -0.375446E+02  -0.381704E+02   0.000000E+00   0.617585E+07   0.617585E+07   0.617585E+07  -0.138736E+00   0.331141E+07   0.331100E+07   0.200709E+01
   0.732461E-01   0.587781E+07   0.585422E+07  -0.307917E+02  -0.313049E+02   0.000000E+00   0.587385E+07   0.587385E+07   0.587385E+07  -0.131952E+00   0.314948E+07   0.314912E+07   0.164758E+01
   0.784780E-01   0.560335E+07   0.558281E+07  -0.256139E+02  -0.260401E+02   0.000000E+00   0.559990E+07   0.559990E+07   0.559990E+07  -0.125798E+00   0.300259E+07   0.300227E+07   0.138546E+01
   0.837099E-01   0.534476E+07   0.532621E+07  -0.214848E+02  -0.218421E+02   0.000000E+00   0.534164E+07   0.534164E+07   0.534164E+07  -0.119997E+00   0.286412E+07   0.286381E+07   0.120522E+01
   0.889417E-01   0.509437E+07   0.507678E+07  -0.181140E+02  -0.184157E+02   0.000000E+00   0.509142E+07   0.509142E+07   0.509142E+07  -0.114376E+00   0.272995E+07   0.272966E+07   0.108778E+01
   0.941736E-01   0.484939E+07   0.483190E+07  -0.153645E+02  -0.156206E+02   0.000000E+00   0.484645E+07   0.484645E+07   0.484645E+07  -0.108873E+00   0.259860E+07   0.259832E+07   0.101316E+01
   0.994055E-01   0.461109E+07   0.459317E+07  -0.131263E+02  -0.133449E+02   0.000000E+00   0.460808E+07   0.460808E+07   0.460808E+07  -0.103518E+00   0.247080E+07   0.247051E+07   0.962974E+00
   0.104637E+00   0.438317E+07   0.436460E+07  -0.112772E+02  -0.114647E+02   0.000000E+00   0.438005E+07   0.438005E+07   0.438005E+07  -0.983951E-01   0.234853E+07   0.234824E+07   0.922225E+00
   0.109869E+00   0.417009E+07   0.415098E+07  -0.972237E+01  -0.988416E+01   0.000000E+00   0.416688E+07   0.416688E+07   0.416688E+07  -0.936065E-01   0.223424E+07   0.223395E+07   0.880398E+00
   0.116378E+00   0.393178E+07   0.391246E+07  -0.817297E+01  -0.830893E+01   0.000000E+00   0.392854E+07   0.392854E+07   0.392854E+07  -0.882522E-01   0.210644E+07   0.210616E+07   0.818433E+00
   0.122886E+00   0.372721E+07   0.370839E+07  -0.693610E+01  -0.705169E+01   0.000000E+00   0.372405E+07   0.372405E+07   0.372405E+07  -0.836584E-01   0.199680E+07   0.199652E+07   0.743604E+00
   0.129394E+00   0.355551E+07   0.353786E+07  -0.596668E+01  -0.606613E+01   0.000000E+00   0.355255E+07   0.355255E+07   0.355255E+07  -0.798058E-01   0.190484E+07   0.190458E+07   0.660486E+00
   0.135903E+00   0.341093E+07   0.339488E+07  -0.519881E+01  -0.528531E+01   0.000000E+00   0.340824E+07   0.340824E+07   0.340824E+07  -0.765640E-01   0.182746E+07   0.182722E+07   0.577105E+00
   0.142411E+00   0.328524E+07   0.327089E+07  -0.456014E+01  -0.463601E+01   0.000000E+00   0.328283E+07   0.328283E+07   0.328283E+07  -0.737467E-01   0.176021E+07   0.176000E+07   0.501595E+00
   0.148920E+00   0.316995E+07   0.315710E+07  -0.401667E+01  -0.408363E+01   0.000000E+00   0.316779E+07   0.316779E+07   0.316779E+07  -0.711625E-01   0.169853E+07   0.169834E+07   0.439739E+00
   0.155428E+00   0.305816E+07   0.304640E+07  -0.355834E+01  -0.361764E+01   0.000000E+00   0.305619E+07   0.305619E+07   0.305619E+07  -0.686554E-01   0.163869E+07   0.163851E+07   0.393802E+00
   0.161937E+00   0.294610E+07   0.293492E+07  -0.316374E+01  -0.321636E+01   0.000000E+00   0.294422E+07   0.294422E+07   0.294422E+07  -0.661402E-01   0.157866E+07   0.157848E+07   0.362636E+00
   0.168445E+00   0.283334E+07   0.282231E+07  -0.281065E+01  -0.285743E+01   0.000000E+00   0.283149E+07   0.283149E+07   0.283149E+07  -0.636076E-01   0.151821E+07   0.151804E+07   0.342632E+00
   0.174953E+00   0.272156E+07   0.271040E+07  -0.249815E+01  -0.253980E+01   0.000000E+00   0.271968E+07   0.271968E+07   0.271968E+07  -0.610961E-01   0.145826E+07   0.145809E+07   0.329046E+00
   0.181462E+00   0.261349E+07   0.260213E+07  -0.223153E+01  -0.226870E+01   0.000000E+00   0.261158E+07   0.261158E+07   0.261158E+07  -0.586676E-01   0.140030E+07   0.140013E+07   0.317357E+00
   0.187970E+00   0.251247E+07   0.250100E+07  -0.200258E+01  -0.203589E+01   0.000000E+00   0.251055E+07   0.251055E+07   0.251055E+07  -0.563979E-01   0.134613E+07   0.134596E+07   0.304292E+00
   0.194479E+00   0.242137E+07   0.241000E+07  -0.180124E+01  -0.183123E+01   0.000000E+00   0.241946E+07   0.241946E+07   0.241946E+07  -0.543517E-01   0.129729E+07   0.129712E+07   0.288284E+00
   0.200987E+00   0.234109E+07   0.233006E+07  -0.162790E+01  -0.165505E+01   0.000000E+00   0.233924E+07   0.233924E+07   0.233924E+07  -0.525497E-01   0.125428E+07   0.125411E+07   0.269374E+00
   0.207495E+00   0.227043E+07   0.225994E+07  -0.148318E+01  -0.150788E+01   0.000000E+00   0.226867E+07   0.226867E+07   0.226867E+07  -0.509643E-01   0.121643E+07   0.121628E+07   0.248761E+00
   0.214004E+00   0.220716E+07   0.219732E+07  -0.135741E+01  -0.137998E+01   0.000000E+00   0.220551E+07   0.220551E+07   0.220551E+07  -0.495454E-01   0.118257E+07   0.118242E+07   0.228201E+00
   0.220512E+00   0.214888E+07   0.213969E+07  -0.124296E+01  -0.126366E+01   0.000000E+00   0.214734E+07   0.214734E+07   0.214734E+07  -0.482387E-01   0.115138E+07   0.115124E+07   0.209401E+00
   0.227021E+00   0.209316E+07   0.208451E+07  -0.114087E+01  -0.115989E+01   0.000000E+00   0.209171E+07   0.209171E+07   0.209171E+07  -0.469890E-01   0.112155E+07   0.112142E+07   0.193538E+00
   0.233529E+00   0.203794E+07   0.202969E+07  -0.105131E+01  -0.106882E+01   0.000000E+00   0.203655E+07   0.203655E+07   0.203655E+07  -0.457500E-01   0.109198E+07   0.109185E+07   0.181043E+00
   0.240038E+00   0.198231E+07   0.197429E+07  -0.968933E+00  -0.985048E+00   0.000000E+00   0.198097E+07   0.198097E+07   0.198097E+07  -0.445012E-01   0.106217E+07   0.106205E+07   0.171637E+00
   0.246546E+00   0.192659E+07   0.191866E+07  -0.891204E+00  -0.906050E+00   0.000000E+00   0.192526E+07   0.192526E+07   0.192526E+07  -0.432498E-01   0.103230E+07   0.103218E+07   0.164542E+00
   0.253054E+00   0.187173E+07   0.186382E+07  -0.821142E+00  -0.834832E+00   0.000000E+00   0.187040E+07   0.187040E+07   0.187040E+07  -0.420174E-01   0.100289E+07   0.100277E+07   0.158755E+00
   0.259563E+00   0.181877E+07   0.181087E+07  -0.759703E+00  -0.772347E+00   0.000000E+00   0.181745E+07   0.181745E+07   0.181745E+07  -0.408278E-01   0.974494E+06   0.974374E+06   0.153327E+00
   0.266071E+00   0.176875E+07   0.176089E+07  -0.703547E+00  -0.715249E+00   0.000000E+00   0.176743E+07   0.176743E+07   0.176743E+07  -0.397042E-01   0.947674E+06   0.947557E+06   0.147578E+00
   0.272580E+00   0.172241E+07   0.171467E+07  -0.651609E+00  -0.662467E+00   0.000000E+00   0.172111E+07   0.172111E+07   0.172111E+07  -0.386637E-01   0.922839E+06   0.922724E+06   0.141200E+00
   0.279088E+00   0.167998E+07   0.167244E+07  -0.606013E+00  -0.616115E+00   0.000000E+00   0.167871E+07   0.167871E+07   0.167871E+07  -0.377113E-01   0.900107E+06   0.899995E+06   0.134238E+00
   0.285597E+00   0.164108E+07   0.163379E+07  -0.566360E+00  -0.575784E+00   0.000000E+00   0.163985E+07   0.163985E+07   0.163985E+07  -0.368383E-01   0.879271E+06   0.879163E+06   0.126989E+00
   0.292105E+00   0.160494E+07   0.159793E+07  -0.529595E+00  -0.538404E+00   0.000000E+00   0.160376E+07   0.160376E+07   0.160376E+07  -0.360276E-01   0.859919E+06   0.859814E+06   0.119863E+00
   0.298613E+00   0.157068E+07   0.156395E+07  -0.495002E+00  -0.503253E+00   0.000000E+00   0.156955E+07   0.156955E+07   0.156955E+07  -0.352590E-01   0.841574E+06   0.841473E+06   0.113251E+00
   0.305122E+00   0.153748E+07   0.153099E+07  -0.464124E+00  -0.471859E+00   0.000000E+00   0.153639E+07   0.153639E+07   0.153639E+07  -0.345140E-01   0.823793E+06   0.823695E+06   0.107422E+00
   0.311630E+00   0.150475E+07   0.149845E+07  -0.436274E+00  -0.443531E+00   0.000000E+00   0.150369E+07   0.150369E+07   0.150369E+07  -0.337795E-01   0.806261E+06   0.806165E+06   0.102471E+00
   0.318139E+00   0.147226E+07   0.146609E+07  -0.409481E+00  -0.416294E+00   0.000000E+00   0.147122E+07   0.147122E+07   0.147122E+07  -0.330501E-01   0.788852E+06   0.788758E+06   0.983297E-01
   0.324647E+00   0.144010E+07   0.143402E+07  -0.383930E+00  -0.390330E+00   0.000000E+00   0.143908E+07   0.143908E+07   0.143908E+07  -0.323281E-01   0.771620E+06   0.771528E+06   0.948096E-01
   0.331155E+00   0.140859E+07   0.140258E+07  -0.361076E+00  -0.367092E+00   0.000000E+00   0.140758E+07   0.140758E+07   0.140758E+07  -0.316205E-01   0.754728E+06   0.754637E+06   0.916697E-01
   0.337664E+00   0.137807E+07   0.137211E+07  -0.340356E+00  -0.346017E+00   0.000000E+00   0.137707E+07   0.137707E+07   0.137707E+07  -0.309350E-01   0.738368E+06   0.738279E+06   0.886815E-01
   0.344172E+00   0.134886E+07   0.134298E+07  -0.320421E+00  -0.325754E+00   0.000000E+00   0.134787E+07   0.134787E+07   0.134787E+07  -0.302792E-01   0.722715E+06   0.722627E+06   0.856789E-01
   0.350681E+00   0.132120E+07   0.131541E+07  -0.301809E+00  -0.306841E+00   0.000000E+00   0.132023E+07   0.132023E+07   0.132023E+07  -0.296582E-01   0.707893E+06   0.707806E+06   0.825839E-01
   0.357189E+00   0.129515E+07   0.128947E+07  -0.285445E+00  -0.290199E+00   0.000000E+00   0.129419E+07   0.129419E+07   0.129419E+07  -0.290733E-01   0.693932E+06   0.693847E+06   0.794036E-01
   0.363698E+00   0.127055E+07   0.126501E+07  -0.270512E+00  -0.275011E+00   0.000000E+00   0.126962E+07   0.126962E+07   0.126962E+07  -0.285213E-01   0.680758E+06   0.680675E+06   0.762065E-01
   0.370206E+00   0.124715E+07   0.124176E+07  -0.255982E+00  -0.260244E+00   0.000000E+00   0.124625E+07   0.124625E+07   0.124625E+07  -0.279962E-01   0.668224E+06   0.668143E+06   0.730900E-01
   0.376714E+00   0.122465E+07   0.121939E+07  -0.242416E+00  -0.246458E+00   0.000000E+00   0.122377E+07   0.122377E+07   0.122377E+07  -0.274913E-01   0.656172E+06   0.656093E+06   0.701484E-01
   0.383223E+00   0.120280E+07   0.119767E+07  -0.230373E+00  -0.234209E+00   0.000000E+00   0.120194E+07   0.120194E+07   0.120194E+07  -0.270009E-01   0.644467E+06   0.644389E+06   0.674483E-01
   0.389731E+00   0.118141E+07   0.117638E+07  -0.219054E+00  -0.222697E+00   0.000000E+00   0.118057E+07   0.118057E+07   0.118057E+07  -0.265207E-01   0.633006E+06   0.632930E+06   0.650145E-01
   0.396240E+00   0.116037E+07   0.115543E+07  -0.207846E+00  -0.211308E+00   0.000000E+00   0.115954E+07   0.115954E+07   0.115954E+07  -0.260483E-01   0.621730E+06   0.621656E+06   0.628302E-01
   0.402748E+00   0.113968E+07   0.113482E+07  -0.197377E+00  -0.200668E+00   0.000000E+00   0.113886E+07   0.113886E+07   0.113886E+07  -0.255839E-01   0.610645E+06   0.610572E+06   0.608486E-01
   0.409256E+00   0.111945E+07   0.111465E+07  -0.188070E+00  -0.191201E+00   0.000000E+00   0.111865E+07   0.111865E+07   0.111865E+07  -0.251297E-01   0.599806E+06   0.599733E+06   0.590089E-01
   0.415765E+00   0.109981E+07   0.109507E+07  -0.179171E+00  -0.182151E+00   0.000000E+00   0.109901E+07   0.109901E+07   0.109901E+07  -0.246886E-01   0.589277E+06   0.589206E+06   0.572522E-01
   0.422273E+00   0.108082E+07   0.107615E+07  -0.170405E+00  -0.173244E+00   0.000000E+00   0.108004E+07   0.108004E+07   0.108004E+07  -0.242624E-01   0.579105E+06   0.579035E+06   0.555330E-01
   0.428782E+00   0.106255E+07   0.105795E+07  -0.162380E+00  -0.165087E+00   0.000000E+00   0.106178E+07   0.106178E+07   0.106178E+07  -0.238522E-01   0.569313E+06   0.569244E+06   0.538275E-01
   0.435290E+00   0.104501E+07   0.104048E+07  -0.155235E+00  -0.157818E+00   0.000000E+00   0.104425E+07   0.104425E+07   0.104425E+07  -0.234584E-01   0.559914E+06   0.559846E+06   0.521334E-01
   0.441799E+00   0.102817E+07   0.102372E+07  -0.148323E+00  -0.150790E+00   0.000000E+00   0.102742E+07   0.102742E+07   0.102742E+07  -0.230804E-01   0.550891E+06   0.550824E+06   0.504652E-01
   0.448307E+00   0.101194E+07   0.100757E+07  -0.141510E+00  -0.143868E+00   0.000000E+00   0.101120E+07   0.101120E+07   0.101120E+07  -0.227161E-01   0.542196E+06   0.542130E+06   0.488452E-01
   0.454815E+00   0.996209E+06   0.991926E+06  -0.135327E+00  -0.137582E+00   0.000000E+00   0.995490E+06   0.995490E+06   0.995490E+06  -0.223631E-01   0.533770E+06   0.533706E+06   0.472960E-01
   0.461324E+00   0.980896E+06   0.976689E+06  -0.129757E+00  -0.131916E+00   0.000000E+00   0.980190E+06   0.980190E+06   0.980190E+06  -0.220194E-01   0.525567E+06   0.525503E+06   0.458343E-01
   0.467832E+00   0.965938E+06   0.961801E+06  -0.124243E+00  -0.126310E+00   0.000000E+00   0.965243E+06   0.965243E+06   0.965243E+06  -0.216836E-01   0.517552E+06   0.517490E+06   0.444671E-01
   0.474341E+00   0.951292E+06   0.947218E+06  -0.118803E+00  -0.120783E+00   0.000000E+00   0.950608E+06   0.950608E+06   0.950608E+06  -0.213548E-01   0.509705E+06   0.509644E+06   0.431906E-01
   0.480849E+00   0.936943E+06   0.932928E+06  -0.113897E+00  -0.115795E+00   0.000000E+00   0.936269E+06   0.936269E+06   0.936269E+06  -0.210327E-01   0.502017E+06   0.501956E+06   0.419928E-01
   0.487357E+00   0.922912E+06   0.918951E+06  -0.109413E+00  -0.111233E+00   0.000000E+00   0.922247E+06   0.922247E+06   0.922247E+06  -0.207177E-01   0.494498E+06   0.494439E+06   0.408579E-01
   0.493866E+00   0.909232E+06   0.905323E+06  -0.104916E+00  -0.106662E+00   0.000000E+00   0.908576E+06   0.908576E+06   0.908576E+06  -0.204106E-01   0.487168E+06   0.487109E+06   0.397696E-01
   0.500374E+00   0.895926E+06   0.892067E+06  -0.100533E+00  -0.102209E+00   0.000000E+00   0.895278E+06   0.895278E+06   0.895278E+06  -0.201119E-01   0.480038E+06   0.479980E+06   0.387148E-01
   0.506883E+00   0.883002E+06   0.879196E+06  -0.966220E-01  -0.982317E-01   0.000000E+00   0.882363E+06   0.882363E+06   0.882363E+06  -0.198218E-01   0.473113E+06   0.473056E+06   0.376853E-01
   0.513391E+00   0.870463E+06   0.866710E+06  -0.930091E-01  -0.945559E-01   0.000000E+00   0.869833E+06   0.869833E+06   0.869833E+06  -0.195403E-01   0.466394E+06   0.466338E+06   0.366784E-01
   0.519900E+00   0.858301E+06   0.854602E+06  -0.893435E-01  -0.908308E-01   0.000000E+00   0.857680E+06   0.857680E+06   0.857680E+06  -0.192673E-01   0.459878E+06   0.459822E+06   0.356964E-01
   0.526408E+00   0.846486E+06   0.842842E+06  -0.858109E-01  -0.872416E-01   0.000000E+00   0.845874E+06   0.845874E+06   0.845874E+06  -0.190021E-01   0.453548E+06   0.453493E+06   0.347437E-01
   0.532916E+00   0.834980E+06   0.831390E+06  -0.826866E-01  -0.840637E-01   0.000000E+00   0.834378E+06   0.834378E+06   0.834378E+06  -0.187438E-01   0.447384E+06   0.447330E+06   0.338253E-01
   0.539425E+00   0.823752E+06   0.820214E+06  -0.797335E-01  -0.810594E-01   0.000000E+00   0.823158E+06   0.823158E+06   0.823158E+06  -0.184918E-01   0.441368E+06   0.441315E+06   0.329451E-01
   0.545933E+00   0.812779E+06   0.809290E+06  -0.767066E-01  -0.779839E-01   0.000000E+00   0.812193E+06   0.812193E+06   0.812193E+06  -0.182454E-01   0.435489E+06   0.435436E+06   0.321048E-01
   0.552442E+00   0.802042E+06   0.798600E+06  -0.738249E-01  -0.750558E-01   0.000000E+00   0.801464E+06   0.801464E+06   0.801464E+06  -0.180044E-01   0.429736E+06   0.429684E+06   0.313037E-01
   0.558950E+00   0.791528E+06   0.788130E+06  -0.712729E-01  -0.724596E-01   0.000000E+00   0.790957E+06   0.790957E+06   0.790957E+06  -0.177684E-01   0.424102E+06   0.424051E+06   0.305384E-01
   0.565459E+00   0.781235E+06   0.777880E+06  -0.688091E-01  -0.699535E-01   0.000000E+00   0.780672E+06   0.780672E+06   0.780672E+06  -0.175373E-01   0.418587E+06   0.418537E+06   0.298044E-01
   0.571967E+00   0.771172E+06   0.767858E+06  -0.662802E-01  -0.673842E-01   0.000000E+00   0.770616E+06   0.770616E+06   0.770616E+06  -0.173114E-01   0.413195E+06   0.413145E+06   0.290973E-01
   0.578475E+00   0.761345E+06   0.758071E+06  -0.639163E-01  -0.649820E-01   0.000000E+00   0.760795E+06   0.760795E+06   0.760795E+06  -0.170908E-01   0.407930E+06   0.407880E+06   0.284129E-01
   0.584984E+00   0.751749E+06   0.748515E+06  -0.618200E-01  -0.628489E-01   0.000000E+00   0.751206E+06   0.751206E+06   0.751206E+06  -0.168754E-01   0.402788E+06   0.402739E+06   0.277482E-01
   0.591492E+00   0.742381E+06   0.739187E+06  -0.597523E-01  -0.607462E-01   0.000000E+00   0.741845E+06   0.741845E+06   0.741845E+06  -0.166651E-01   0.397769E+06   0.397721E+06   0.271015E-01
   0.598001E+00   0.733240E+06   0.730086E+06  -0.576371E-01  -0.585974E-01   0.000000E+00   0.732710E+06   0.732710E+06   0.732710E+06  -0.164599E-01   0.392871E+06   0.392823E+06   0.264727E-01
   0.604509E+00   0.724317E+06   0.721202E+06  -0.556910E-01  -0.566193E-01   0.000000E+00   0.723794E+06   0.723794E+06   0.723794E+06  -0.162596E-01   0.388090E+06   0.388043E+06   0.258623E-01
   0.611017E+00   0.715597E+06   0.712521E+06  -0.539544E-01  -0.548522E-01   0.000000E+00   0.715080E+06   0.715080E+06   0.715080E+06  -0.160639E-01   0.383418E+06   0.383372E+06   0.252711E-01
   0.617526E+00   0.707063E+06   0.704025E+06  -0.522035E-01  -0.530719E-01   0.000000E+00   0.706553E+06   0.706553E+06   0.706553E+06  -0.158723E-01   0.378846E+06   0.378800E+06   0.246996E-01
   0.624034E+00   0.698708E+06   0.695706E+06  -0.504237E-01  -0.512641E-01   0.000000E+00   0.698204E+06   0.698204E+06   0.698204E+06  -0.156847E-01   0.374369E+06   0.374324E+06   0.241483E-01
   0.630543E+00   0.690526E+06   0.687560E+06  -0.488094E-01  -0.496229E-01   0.000000E+00   0.690028E+06   0.690028E+06   0.690028E+06  -0.155011E-01   0.369985E+06   0.369940E+06   0.236167E-01
   0.637051E+00   0.682507E+06   0.679575E+06  -0.473488E-01  -0.481365E-01   0.000000E+00   0.682015E+06   0.682015E+06   0.682015E+06  -0.153211E-01   0.365688E+06   0.365644E+06   0.231038E-01
   0.689756E+00   0.623260E+06   0.620582E+06  -0.368593E-01  -0.374729E-01   0.000000E+00   0.622811E+06   0.622811E+06   0.622811E+06  -0.139911E-01   0.333944E+06   0.333904E+06   0.194872E-01
   0.746822E+00   0.568892E+06   0.566448E+06  -0.286695E-01  -0.291473E-01   0.000000E+00   0.568482E+06   0.568482E+06   0.568482E+06  -0.127706E-01   0.304813E+06   0.304777E+06   0.164226E-01
   0.808609E+00   0.519006E+06   0.516776E+06  -0.223443E-01  -0.227161E-01   0.000000E+00   0.518631E+06   0.518631E+06   0.518631E+06  -0.116507E-01   0.278084E+06   0.278051E+06   0.138320E-01
   0.875508E+00   0.473266E+06   0.471233E+06  -0.173620E-01  -0.176511E-01   0.000000E+00   0.472925E+06   0.472925E+06   0.472925E+06  -0.106240E-01   0.253577E+06   0.253546E+06   0.116452E-01
   0.947942E+00   0.431360E+06   0.429507E+06  -0.135142E-01  -0.137391E-01   0.000000E+00   0.431049E+06   0.431049E+06   0.431049E+06  -0.968325E-02   0.231123E+06   0.231095E+06   0.979947E-02
   0.102637E+01   0.392992E+06   0.391304E+06  -0.104984E-01  -0.106732E-01   0.000000E+00   0.392709E+06   0.392709E+06   0.392709E+06  -0.882196E-02   0.210566E+06   0.210540E+06   0.824242E-02
   0.111128E+01   0.357887E+06   0.356351E+06  -0.815184E-02  -0.828758E-02   0.000000E+00   0.357629E+06   0.357629E+06   0.357629E+06  -0.803393E-02   0.191757E+06   0.191734E+06   0.692965E-02
   0.120322E+01   0.325791E+06   0.324392E+06  -0.632793E-02  -0.643333E-02   0.000000E+00   0.325556E+06   0.325556E+06   0.325556E+06  -0.731343E-02   0.174560E+06   0.174539E+06   0.582343E-02
   0.130277E+01   0.296460E+06   0.295188E+06  -0.491008E-02  -0.499190E-02   0.000000E+00   0.296247E+06   0.296247E+06   0.296247E+06  -0.665501E-02   0.158844E+06   0.158825E+06   0.489170E-02
   0.141055E+01   0.269672E+06   0.268515E+06  -0.380934E-02  -0.387282E-02   0.000000E+00   0.269478E+06   0.269478E+06   0.269478E+06  -0.605366E-02   0.144491E+06   0.144474E+06   0.410729E-02
   0.152725E+01   0.245221E+06   0.244169E+06  -0.295213E-02  -0.300137E-02   0.000000E+00   0.245044E+06   0.245044E+06   0.245044E+06  -0.550478E-02   0.131390E+06   0.131374E+06   0.344722E-02
   0.165361E+01   0.222914E+06   0.221957E+06  -0.230044E-02  -0.233862E-02   0.000000E+00   0.222753E+06   0.222753E+06   0.222753E+06  -0.500401E-02   0.119438E+06   0.119423E+06   0.289201E-02
   0.179041E+01   0.202572E+06   0.201703E+06  -0.177424E-02  -0.180384E-02   0.000000E+00   0.202426E+06   0.202426E+06   0.202426E+06  -0.454739E-02   0.108539E+06   0.108526E+06   0.242521E-02
   0.193854E+01   0.184032E+06   0.183242E+06  -0.138257E-02  -0.140550E-02   0.000000E+00   0.183900E+06   0.183900E+06   0.183900E+06  -0.413119E-02   0.986048E+05   0.985930E+05   0.203288E-02
   0.209892E+01   0.167142E+06   0.166425E+06  -0.106936E-02  -0.108713E-02   0.000000E+00   0.167021E+06   0.167021E+06   0.167021E+06  -0.375203E-02   0.895548E+05   0.895441E+05   0.170327E-02
   0.227257E+01   0.151760E+06   0.151109E+06  -0.821908E-03  -0.835671E-03   0.000000E+00   0.151651E+06   0.151651E+06   0.151651E+06  -0.340675E-02   0.813135E+05   0.813038E+05   0.142646E-02
   0.246059E+01   0.137759E+06   0.137168E+06  -0.643240E-03  -0.653897E-03   0.000000E+00   0.137660E+06   0.137660E+06   0.137660E+06  -0.309245E-02   0.738116E+05   0.738028E+05   0.119407E-02
   0.266416E+01   0.125019E+06   0.124483E+06  -0.494333E-03  -0.502583E-03   0.000000E+00   0.124929E+06   0.124929E+06   0.124929E+06  -0.280645E-02   0.669854E+05   0.669774E+05   0.999039E-03
   0.288458E+01   0.113430E+06   0.112944E+06  -0.381018E-03  -0.387403E-03   0.000000E+00   0.113349E+06   0.113349E+06   0.113349E+06  -0.254631E-02   0.607763E+05   0.607691E+05   0.835417E-03
   0.312323E+01   0.102893E+06   0.102452E+06  -0.294866E-03  -0.299807E-03   0.000000E+00   0.102819E+06   0.102819E+06   0.102819E+06  -0.230978E-02   0.551305E+05   0.551240E+05   0.698189E-03
   0.338162E+01   0.933154E+05   0.929156E+05  -0.230334E-03  -0.234156E-03   0.000000E+00   0.932483E+05   0.932483E+05   0.932483E+05  -0.209477E-02   0.499986E+05   0.499927E+05   0.583134E-03
   0.366140E+01   0.846120E+05   0.842496E+05  -0.176838E-03  -0.179794E-03   0.000000E+00   0.845511E+05   0.845511E+05   0.845511E+05  -0.189939E-02   0.453353E+05   0.453300E+05   0.486699E-03
   0.396432E+01   0.767057E+05   0.763772E+05  -0.138426E-03  -0.140712E-03   0.000000E+00   0.766505E+05   0.766505E+05   0.766505E+05  -0.172191E-02   0.410991E+05   0.410943E+05   0.405897E-03
   0.429230E+01   0.695254E+05   0.692278E+05  -0.106471E-03  -0.108238E-03   0.000000E+00   0.694754E+05   0.694754E+05   0.694754E+05  -0.156072E-02   0.372519E+05   0.372476E+05   0.338213E-03
   0.464741E+01   0.630064E+05   0.627368E+05  -0.814825E-04  -0.828489E-04   0.000000E+00   0.629611E+05   0.629611E+05   0.629611E+05  -0.141438E-02   0.337590E+05   0.337551E+05   0.281535E-03
   0.503191E+01   0.570891E+05   0.568450E+05  -0.640781E-04  -0.651342E-04   0.000000E+00   0.570481E+05   0.570481E+05   0.570481E+05  -0.128155E-02   0.305885E+05   0.305850E+05   0.234088E-03
   0.544822E+01   0.517195E+05   0.514985E+05  -0.489544E-04  -0.497705E-04   0.000000E+00   0.516824E+05   0.516824E+05   0.516824E+05  -0.116101E-02   0.277115E+05   0.277083E+05   0.194382E-03
   0.589896E+01   0.468479E+05   0.466479E+05  -0.374772E-04  -0.381078E-04   0.000000E+00   0.468143E+05   0.468143E+05   0.468143E+05  -0.105166E-02   0.251013E+05   0.250984E+05   0.161165E-03
   0.638700E+01   0.424291E+05   0.422482E+05  -0.296101E-04  -0.300972E-04   0.000000E+00   0.423987E+05   0.423987E+05   0.423987E+05  -0.952463E-03   0.227337E+05   0.227311E+05   0.133385E-03
   0.691542E+01   0.384219E+05   0.382582E+05  -0.223345E-04  -0.227108E-04   0.000000E+00   0.383945E+05   0.383945E+05   0.383945E+05  -0.862509E-03   0.205866E+05   0.205844E+05   0.110162E-03
   0.748756E+01   0.347887E+05   0.346407E+05  -0.175962E-04  -0.178869E-04   0.000000E+00   0.347639E+05   0.347639E+05   0.347639E+05  -0.780950E-03   0.186400E+05   0.186379E+05   0.907545E-04
   0.810703E+01   0.314952E+05   0.313614E+05  -0.136653E-04  -0.138898E-04   0.000000E+00   0.314728E+05   0.314728E+05   0.314728E+05  -0.707017E-03   0.168753E+05   0.168735E+05   0.745433E-04
   0.877775E+01   0.285102E+05   0.283893E+05  -0.104967E-04  -0.106700E-04   0.000000E+00   0.284899E+05   0.284899E+05   0.284899E+05  -0.640008E-03   0.152759E+05   0.152743E+05   0.610081E-04
   0.950396E+01   0.258052E+05   0.256960E+05  -0.797982E-05  -0.811363E-05   0.000000E+00   0.257869E+05   0.257869E+05   0.257869E+05  -0.579286E-03   0.138266E+05   0.138252E+05   0.497128E-04
   0.102903E+02   0.233544E+05   0.232558E+05  -0.630252E-05  -0.640583E-05   0.000000E+00   0.233378E+05   0.233378E+05   0.233378E+05  -0.524270E-03   0.125134E+05   0.125122E+05   0.402920E-04
   0.111416E+02   0.211342E+05   0.210452E+05  -0.476157E-05  -0.484131E-05   0.000000E+00   0.211193E+05   0.211193E+05   0.211193E+05  -0.474432E-03   0.113239E+05   0.113228E+05   0.324398E-04
   0.120634E+02   0.191233E+05   0.190430E+05  -0.374545E-05  -0.380700E-05   0.000000E+00   0.191098E+05   0.191098E+05   0.191098E+05  -0.429290E-03   0.102464E+05   0.102455E+05   0.258995E-04
   0.130614E+02   0.173021E+05   0.172297E+05  -0.283438E-05  -0.288188E-05   0.000000E+00   0.172899E+05   0.172899E+05   0.172899E+05  -0.388408E-03   0.927061E+04   0.926981E+04   0.204566E-04
   0.141420E+02   0.156530E+05   0.155878E+05  -0.217962E-05  -0.221628E-05   0.000000E+00   0.156420E+05   0.156420E+05   0.156420E+05  -0.351389E-03   0.838702E+04   0.838634E+04   0.159313E-04
   0.153121E+02   0.141599E+05   0.141012E+05  -0.167667E-05  -0.170496E-05   0.000000E+00   0.141500E+05   0.141500E+05   0.141500E+05  -0.317872E-03   0.758702E+04   0.758646E+04   0.121729E-04
   0.165789E+02   0.128082E+05   0.127555E+05  -0.131763E-05  -0.133946E-05   0.000000E+00   0.127993E+05   0.127993E+05   0.127993E+05  -0.287529E-03   0.686279E+04   0.686234E+04   0.905557E-05
   0.179505E+02   0.115846E+05   0.115373E+05  -0.100879E-05  -0.102563E-05   0.000000E+00   0.115767E+05   0.115767E+05   0.115767E+05  -0.260063E-03   0.620722E+04   0.620687E+04   0.647384E-05
   0.194356E+02   0.104772E+05   0.104348E+05  -0.786781E-06  -0.799774E-06   0.000000E+00   0.104701E+05   0.104701E+05   0.104701E+05  -0.235205E-03   0.561388E+04   0.561362E+04   0.433951E-05
   0.210436E+02   0.947501E+04   0.943705E+04  -0.608526E-06  -0.618549E-06   0.000000E+00   0.946864E+04   0.946864E+04   0.946864E+04  -0.212707E-03   0.507690E+04   0.507674E+04   0.257879E-05
   0.227846E+02   0.856810E+04   0.853420E+04  -0.459577E-06  -0.467308E-06   0.000000E+00   0.856241E+04   0.856241E+04   0.856241E+04  -0.192349E-03   0.459098E+04   0.459091E+04   0.112997E-05
   0.246696E+02   0.774750E+04   0.771729E+04  -0.363776E-06  -0.369740E-06   0.000000E+00   0.774243E+04   0.774243E+04   0.774243E+04  -0.173929E-03   0.415132E+04   0.415132E+04  -0.585710E-07
   0.267106E+02   0.700506E+04   0.697822E+04  -0.268864E-06  -0.273463E-06   0.000000E+00   0.700055E+04   0.700055E+04   0.700055E+04  -0.157263E-03   0.375353E+04   0.375361E+04  -0.102998E-05
   0.289205E+02   0.633339E+04   0.630962E+04  -0.218600E-06  -0.222148E-06   0.000000E+00   0.632940E+04   0.632940E+04   0.632940E+04  -0.142186E-03   0.339366E+04   0.339381E+04  -0.182035E-05
   0.313132E+02   0.572579E+04   0.570484E+04  -0.168803E-06  -0.171539E-06   0.000000E+00   0.572228E+04   0.572228E+04   0.572228E+04  -0.128548E-03   0.306812E+04   0.306835E+04  -0.245981E-05
   0.339038E+02   0.517620E+04   0.515781E+04  -0.123321E-06  -0.125431E-06   0.000000E+00   0.517311E+04   0.517311E+04   0.517311E+04  -0.116211E-03   0.277366E+04   0.277396E+04  -0.297357E-05
   0.367088E+02   0.467909E+04   0.466307E+04  -0.983642E-07  -0.999912E-07   0.000000E+00   0.467640E+04   0.467640E+04   0.467640E+04  -0.105053E-03   0.250732E+04   0.250769E+04  -0.338269E-05
   0.397458E+02   0.422950E+04   0.421565E+04  -0.764105E-07  -0.776650E-07   0.000000E+00   0.422718E+04   0.422718E+04   0.422718E+04  -0.949610E-04   0.226644E+04   0.226688E+04  -0.370474E-05
   0.430341E+02   0.382290E+04   0.381105E+04  -0.564826E-07  -0.574499E-07   0.000000E+00   0.382091E+04   0.382091E+04   0.382091E+04  -0.858346E-04   0.204860E+04   0.204911E+04  -0.395442E-05
   0.465944E+02   0.345521E+04   0.344521E+04  -0.447275E-07  -0.454734E-07   0.000000E+00   0.345353E+04   0.345353E+04   0.345353E+04  -0.775814E-04   0.185161E+04   0.185219E+04  -0.414399E-05
