#          k/h    CDM            baryon         photon         nu             mass_nu        total          no_nu          total_de       Weyl           v_CDM          v_b            v_b-v_c     
   0.999615E-05   0.201660E+08   0.201660E+08   0.268740E+08   0.268736E+08   0.000000E+00   0.201660E+08   0.201660E+08   0.201744E+08  -0.457030E+00   0.985915E+07   0.985915E+07   0.623205E+01
   0.110387E-04   0.201660E+08   0.201660E+08   0.268709E+08   0.268704E+08   0.000000E+00   0.201660E+08   0.201660E+08   0.201744E+08  -0.457030E+00   0.985915E+07   0.985915E+07   0.688180E+01
   0.121900E-04   0.201660E+08   0.201660E+08   0.268672E+08   0.268665E+08   0.000000E+00   0.201660E+08   0.201660E+08   0.201744E+08  -0.457030E+00   0.985915E+07   0.985915E+07   0.759925E+01
   0.134613E-04   0.201660E+08   0.201660E+08   0.268626E+08   0.268618E+08   0.000000E+00   0.201660E+08   0.201660E+08   0.201743E+08  -0.457029E+00   0.985914E+07   0.985914E+07   0.839143E+01
   0.148652E-04   0.201660E+08   0.201660E+08   0.268570E+08   0.268560E+08   0.000000E+00   0.201660E+08   0.201660E+08   0.201743E+08  -0.457029E+00   0.985914E+07   0.985914E+07   0.926609E+01
   0.164156E-04   0.201660E+08   0.201660E+08   0.268502E+08   0.268490E+08   0.000000E+00   0.201660E+08   0.201660E+08   0.201743E+08  -0.457028E+00   0.985914E+07   0.985914E+07   0.102318E+02
   0.181276E-04   0.201660E+08   0.201660E+08   0.268418E+08   0.268405E+08   0.000000E+00   0.201660E+08   0.201660E+08   0.201743E+08  -0.457028E+00   0.985913E+07   0.985913E+07   0.112980E+02
   0.200182E-04   0.201659E+08   0.201659E+08   0.268317E+08   0.268300E+08   0.000000E+00   0.201659E+08   0.201659E+08   0.201743E+08  -0.457027E+00   0.985913E+07   0.985913E+07   0.124751E+02
   0.221060E-04   0.201659E+08   0.201659E+08   0.268194E+08   0.268173E+08   0.000000E+00   0.201659E+08   0.201659E+08   0.201742E+08  -0.457026E+00   0.985912E+07   0.985912E+07   0.137744E+02
   0.244115E-04   0.201659E+08   0.201659E+08   0.268043E+08   0.268018E+08   0.000000E+00   0.201659E+08   0.201659E+08   0.201742E+08  -0.457025E+00   0.985912E+07   0.985911E+07   0.152088E+02
   0.269575E-04   0.201658E+08   0.201658E+08   0.267860E+08   0.267829E+08   0.000000E+00   0.201658E+08   0.201658E+08   0.201742E+08  -0.457024E+00   0.985910E+07   0.985910E+07   0.167919E+02
   0.297690E-04   0.201658E+08   0.201658E+08   0.267636E+08   0.267599E+08   0.000000E+00   0.201658E+08   0.201658E+08   0.201741E+08  -0.457022E+00   0.985909E+07   0.985909E+07   0.185391E+02
   0.328737E-04   0.201657E+08   0.201657E+08   0.267364E+08   0.267318E+08   0.000000E+00   0.201657E+08   0.201657E+08   0.201740E+08  -0.457020E+00   0.985908E+07   0.985908E+07   0.204671E+02
   0.363022E-04   0.201657E+08   0.201657E+08   0.267032E+08   0.266977E+08   0.000000E+00   0.201657E+08   0.201657E+08   0.201740E+08  -0.457018E+00   0.985906E+07   0.985906E+07   0.225943E+02
   0.400883E-04   0.201656E+08   0.201656E+08   0.266627E+08   0.266561E+08   0.000000E+00   0.201656E+08   0.201656E+08   0.201739E+08  -0.457015E+00   0.985904E+07   0.985904E+07   0.249408E+02
   0.442692E-04   0.201655E+08   0.201655E+08   0.266135E+08   0.266054E+08   0.000000E+00   0.201655E+08   0.201655E+08   0.201738E+08  -0.457011E+00   0.985902E+07   0.985901E+07   0.275286E+02
   0.488863E-04   0.201654E+08   0.201654E+08   0.265536E+08   0.265437E+08   0.000000E+00   0.201654E+08   0.201654E+08   0.201736E+08  -0.457006E+00   0.985898E+07   0.985898E+07   0.303816E+02
   0.539848E-04   0.201652E+08   0.201652E+08   0.264807E+08   0.264687E+08   0.000000E+00   0.201652E+08   0.201652E+08   0.201734E+08  -0.457001E+00   0.985895E+07   0.985894E+07   0.335259E+02
   0.596151E-04   0.201650E+08   0.201650E+08   0.263921E+08   0.263774E+08   0.000000E+00   0.201650E+08   0.201650E+08   0.201732E+08  -0.456994E+00   0.985890E+07   0.985889E+07   0.369897E+02
   0.658325E-04   0.201648E+08   0.201648E+08   0.262844E+08   0.262666E+08   0.000000E+00   0.201648E+08   0.201648E+08   0.201730E+08  -0.456986E+00   0.985884E+07   0.985883E+07   0.408036E+02
   0.726985E-04   0.201646E+08   0.201645E+08   0.261536E+08   0.261319E+08   0.000000E+00   0.201645E+08   0.201645E+08   0.201727E+08  -0.456976E+00   0.985877E+07   0.985876E+07   0.450001E+02
   0.802805E-04   0.201642E+08   0.201642E+08   0.259949E+08   0.259686E+08   0.000000E+00   0.201642E+08   0.201642E+08   0.201723E+08  -0.456964E+00   0.985869E+07   0.985868E+07   0.496139E+02
   0.886532E-04   0.201638E+08   0.201638E+08   0.258025E+08   0.257707E+08   0.000000E+00   0.201638E+08   0.201638E+08   0.201718E+08  -0.456950E+00   0.985859E+07   0.985857E+07   0.546817E+02
   0.978992E-04   0.201633E+08   0.201633E+08   0.255698E+08   0.255312E+08   0.000000E+00   0.201633E+08   0.201633E+08   0.201713E+08  -0.456932E+00   0.985846E+07   0.985844E+07   0.602416E+02
   0.108109E-03   0.201627E+08   0.201627E+08   0.252885E+08   0.252419E+08   0.000000E+00   0.201627E+08   0.201627E+08   0.201706E+08  -0.456910E+00   0.985831E+07   0.985828E+07   0.663324E+02
   0.119385E-03   0.201620E+08   0.201619E+08   0.249494E+08   0.248932E+08   0.000000E+00   0.201620E+08   0.201620E+08   0.201698E+08  -0.456884E+00   0.985812E+07   0.985810E+07   0.729930E+02
   0.131836E-03   0.201611E+08   0.201610E+08   0.245415E+08   0.244739E+08   0.000000E+00   0.201611E+08   0.201611E+08   0.201687E+08  -0.456851E+00   0.985790E+07   0.985786E+07   0.802611E+02
   0.145585E-03   0.201601E+08   0.201599E+08   0.240524E+08   0.239713E+08   0.000000E+00   0.201601E+08   0.201601E+08   0.201675E+08  -0.456813E+00   0.985762E+07   0.985758E+07   0.881708E+02
   0.160769E-03   0.201588E+08   0.201586E+08   0.234682E+08   0.233712E+08   0.000000E+00   0.201588E+08   0.201588E+08   0.201660E+08  -0.456765E+00   0.985728E+07   0.985724E+07   0.967509E+02
   0.177536E-03   0.201572E+08   0.201570E+08   0.227734E+08   0.226581E+08   0.000000E+00   0.201572E+08   0.201572E+08   0.201642E+08  -0.456708E+00   0.985688E+07   0.985682E+07   0.106021E+03
   0.196052E-03   0.201553E+08   0.201550E+08   0.219520E+08   0.218154E+08   0.000000E+00   0.201552E+08   0.201552E+08   0.201620E+08  -0.456639E+00   0.985638E+07   0.985631E+07   0.115987E+03
   0.216499E-03   0.201530E+08   0.201527E+08   0.209873E+08   0.208268E+08   0.000000E+00   0.201529E+08   0.201529E+08   0.201594E+08  -0.456555E+00   0.985578E+07   0.985569E+07   0.126636E+03
   0.239079E-03   0.201501E+08   0.201498E+08   0.198642E+08   0.196771E+08   0.000000E+00   0.201501E+08   0.201501E+08   0.201562E+08  -0.456454E+00   0.985504E+07   0.985495E+07   0.137929E+03
   0.264013E-03   0.201467E+08   0.201463E+08   0.185703E+08   0.183544E+08   0.000000E+00   0.201467E+08   0.201467E+08   0.201524E+08  -0.456332E+00   0.985416E+07   0.985404E+07   0.149794E+03
   0.291548E-03   0.201426E+08   0.201421E+08   0.170988E+08   0.168529E+08   0.000000E+00   0.201425E+08   0.201425E+08   0.201478E+08  -0.456185E+00   0.985308E+07   0.985294E+07   0.162113E+03
   0.321955E-03   0.201376E+08   0.201370E+08   0.154524E+08   0.151766E+08   0.000000E+00   0.201375E+08   0.201375E+08   0.201423E+08  -0.456010E+00   0.985179E+07   0.985162E+07   0.174716E+03
   0.355532E-03   0.201316E+08   0.201308E+08   0.136469E+08   0.133438E+08   0.000000E+00   0.201315E+08   0.201315E+08   0.201357E+08  -0.455801E+00   0.985022E+07   0.985002E+07   0.187368E+03
   0.392612E-03   0.201244E+08   0.201235E+08   0.117166E+08   0.113916E+08   0.000000E+00   0.201242E+08   0.201242E+08   0.201278E+08  -0.455553E+00   0.984833E+07   0.984809E+07   0.199764E+03
   0.433559E-03   0.201157E+08   0.201147E+08   0.971788E+07   0.938024E+07   0.000000E+00   0.201156E+08   0.201156E+08   0.201185E+08  -0.455260E+00   0.984605E+07   0.984578E+07   0.211522E+03
   0.478777E-03   0.201054E+08   0.201041E+08   0.773100E+07   0.739440E+07   0.000000E+00   0.201052E+08   0.201052E+08   0.201076E+08  -0.454914E+00   0.984332E+07   0.984300E+07   0.222192E+03
   0.528710E-03   0.200931E+08   0.200916E+08   0.585731E+07   0.553938E+07   0.000000E+00   0.200929E+08   0.200929E+08   0.200946E+08  -0.454509E+00   0.984004E+07   0.983967E+07   0.231271E+03
   0.583851E-03   0.200785E+08   0.200768E+08   0.420832E+07   0.392924E+07   0.000000E+00   0.200782E+08   0.200782E+08   0.200795E+08  -0.454037E+00   0.983611E+07   0.983569E+07   0.238241E+03
   0.644744E-03   0.200613E+08   0.200592E+08   0.288508E+07   0.266438E+07   0.000000E+00   0.200609E+08   0.200609E+08   0.200618E+08  -0.453490E+00   0.983140E+07   0.983094E+07   0.242613E+03
   0.711986E-03   0.200410E+08   0.200387E+08   0.194861E+07   0.180030E+07   0.000000E+00   0.200406E+08   0.200406E+08   0.200412E+08  -0.452860E+00   0.982578E+07   0.982526E+07   0.244001E+03
   0.786242E-03   0.200172E+08   0.200146E+08   0.138958E+07   0.131645E+07   0.000000E+00   0.200168E+08   0.200168E+08   0.200172E+08  -0.452136E+00   0.981903E+07   0.981846E+07   0.242173E+03
   0.868242E-03   0.199895E+08   0.199866E+08   0.111376E+07   0.110332E+07   0.000000E+00   0.199890E+08   0.199890E+08   0.199894E+08  -0.451309E+00   0.981093E+07   0.981031E+07   0.237105E+03
   0.958794E-03   0.199573E+08   0.199541E+08   0.965201E+06   0.990570E+06   0.000000E+00   0.199567E+08   0.199567E+08   0.199570E+08  -0.450367E+00   0.980115E+07   0.980049E+07   0.228972E+03
   0.105879E-02   0.199200E+08   0.199165E+08   0.796757E+06   0.825389E+06   0.000000E+00   0.199194E+08   0.199194E+08   0.199196E+08  -0.449298E+00   0.978928E+07   0.978859E+07   0.218099E+03
   0.116922E-02   0.198769E+08   0.198732E+08   0.558898E+06   0.567148E+06   0.000000E+00   0.198763E+08   0.198763E+08   0.198764E+08  -0.448090E+00   0.977480E+07   0.977408E+07   0.204895E+03
   0.129116E-02   0.198273E+08   0.198234E+08   0.328982E+06   0.313697E+06   0.000000E+00   0.198266E+08   0.198266E+08   0.198267E+08  -0.446734E+00   0.975705E+07   0.975631E+07   0.189821E+03
   0.142582E-02   0.197703E+08   0.197663E+08   0.213782E+06   0.189739E+06   0.000000E+00   0.197697E+08   0.197697E+08   0.197697E+08  -0.445222E+00   0.973528E+07   0.973454E+07   0.173441E+03
   0.157452E-02   0.197051E+08   0.197010E+08   0.196287E+06  -0.249547E+06   0.000000E+00   0.197044E+08   0.197044E+08   0.197044E+08  -0.443542E+00   0.970871E+07   0.970797E+07   0.156499E+03
   0.173873E-02   0.196306E+08   0.196265E+08   0.148966E+06  -0.204605E+06   0.000000E+00   0.196299E+08   0.196299E+08   0.196299E+08  -0.441688E+00   0.967648E+07   0.967575E+07   0.139868E+03
   0.192007E-02   0.195458E+08   0.195417E+08   0.548207E+05  -0.167703E+06   0.000000E+00   0.195451E+08   0.195451E+08   0.195451E+08  -0.439640E+00   0.963792E+07   0.963721E+07   0.124351E+03
   0.212032E-02   0.194496E+08   0.194455E+08   0.310480E+05  -0.137297E+06   0.000000E+00   0.194489E+08   0.194489E+08   0.194489E+08  -0.437375E+00   0.959255E+07   0.959185E+07   0.110522E+03
   0.234146E-02   0.193408E+08   0.193367E+08   0.418524E+05  -0.112179E+06   0.000000E+00   0.193401E+08   0.193401E+08   0.193401E+08  -0.434861E+00   0.954009E+07   0.953940E+07   0.987112E+02
   0.258566E-02   0.192183E+08   0.192141E+08   0.500623E+04  -0.914298E+05   0.000000E+00   0.192176E+08   0.192176E+08   0.192176E+08  -0.432058E+00   0.948046E+07   0.947977E+07   0.888920E+02
   0.285533E-02   0.190809E+08   0.190764E+08   0.779332E+04  -0.743528E+05   0.000000E+00   0.190801E+08   0.190801E+08   0.190801E+08  -0.428927E+00   0.941352E+07   0.941282E+07   0.806040E+02
   0.315312E-02   0.189272E+08   0.189225E+08  -0.413139E+04  -0.603881E+05   0.000000E+00   0.189264E+08   0.189264E+08   0.189264E+08  -0.425430E+00   0.933883E+07   0.933814E+07   0.732232E+02
   0.348197E-02   0.187560E+08   0.187511E+08  -0.624948E+04  -0.490307E+05   0.000000E+00   0.187552E+08   0.187552E+08   0.187552E+08  -0.421539E+00   0.925559E+07   0.925490E+07   0.662317E+02
   0.384512E-02   0.185660E+08   0.185608E+08  -0.145027E+05  -0.397976E+05   0.000000E+00   0.185651E+08   0.185651E+08   0.185651E+08  -0.417229E+00   0.916280E+07   0.916212E+07   0.595159E+02
   0.424614E-02   0.183555E+08   0.183500E+08  -0.460598E+04  -0.322633E+05   0.000000E+00   0.183546E+08   0.183546E+08   0.183546E+08  -0.412471E+00   0.905967E+07   0.905899E+07   0.533293E+02
   0.468899E-02   0.181233E+08   0.181174E+08  -0.546725E+04  -0.261082E+05   0.000000E+00   0.181223E+08   0.181223E+08   0.181223E+08  -0.407229E+00   0.894565E+07   0.894497E+07   0.479357E+02
   0.517802E-02   0.178679E+08   0.178615E+08  -0.935734E+04  -0.210994E+05   0.000000E+00   0.178668E+08   0.178668E+08   0.178668E+08  -0.401467E+00   0.882012E+07   0.881944E+07   0.432527E+02
   0.571806E-02   0.175878E+08   0.175807E+08  -0.637243E+04  -0.170292E+05   0.000000E+00   0.175866E+08   0.175866E+08   0.175866E+08  -0.395154E+00   0.868225E+07   0.868158E+07   0.389749E+02
   0.631442E-02   0.172815E+08   0.172737E+08  -0.651008E+04  -0.137159E+05   0.000000E+00   0.172802E+08   0.172802E+08   0.172802E+08  -0.388256E+00   0.853137E+07   0.853071E+07   0.350068E+02
   0.697297E-02   0.169476E+08   0.169390E+08  -0.490651E+04  -0.110281E+05   0.000000E+00   0.169462E+08   0.169462E+08   0.169462E+08  -0.380740E+00   0.836681E+07   0.836615E+07   0.314880E+02
   0.770021E-02   0.165847E+08   0.165750E+08  -0.470216E+04  -0.884820E+04   0.000000E+00   0.165831E+08   0.165831E+08   0.165831E+08  -0.372573E+00   0.818778E+07   0.818713E+07   0.283805E+02
   0.850329E-02   0.161913E+08   0.161804E+08  -0.358056E+04  -0.708206E+04   0.000000E+00   0.161895E+08   0.161895E+08   0.161895E+08  -0.363722E+00   0.799368E+07   0.799302E+07   0.255618E+02
   0.939013E-02   0.157661E+08   0.157537E+08  -0.320658E+04  -0.565433E+04   0.000000E+00   0.157641E+08   0.157641E+08   0.157641E+08  -0.354159E+00   0.778378E+07   0.778313E+07   0.230549E+02
   0.103695E-01   0.153078E+08   0.152937E+08  -0.246412E+04  -0.450134E+04   0.000000E+00   0.153055E+08   0.153055E+08   0.153055E+08  -0.343851E+00   0.755750E+07   0.755685E+07   0.208197E+02
   0.114509E-01   0.148152E+08   0.147990E+08  -0.266409E+04  -0.357178E+04   0.000000E+00   0.148125E+08   0.148125E+08   0.148125E+08  -0.332771E+00   0.731418E+07   0.731353E+07   0.188280E+02
   0.126452E-01   0.142871E+08   0.142685E+08  -0.191585E+04  -0.282442E+04   0.000000E+00   0.142840E+08   0.142840E+08   0.142840E+08  -0.320896E+00   0.705332E+07   0.705267E+07   0.170570E+02
   0.139640E-01   0.137229E+08   0.137017E+08  -0.170737E+04  -0.222445E+04   0.000000E+00   0.137193E+08   0.137193E+08   0.137193E+08  -0.308208E+00   0.677457E+07   0.677393E+07   0.154804E+02
   0.154204E-01   0.131224E+08   0.130981E+08  -0.119550E+04  -0.174407E+04   0.000000E+00   0.131183E+08   0.131183E+08   0.131183E+08  -0.294703E+00   0.647784E+07   0.647719E+07   0.140730E+02
   0.170286E-01   0.124848E+08   0.124572E+08  -0.104470E+04  -0.136056E+04   0.000000E+00   0.124802E+08   0.124802E+08   0.124802E+08  -0.280367E+00   0.616280E+07   0.616215E+07   0.128104E+02
   0.188046E-01   0.118116E+08   0.117803E+08  -0.773636E+03  -0.105543E+04   0.000000E+00   0.118064E+08   0.118064E+08   0.118064E+08  -0.265228E+00   0.583009E+07   0.582944E+07   0.116670E+02
   0.207658E-01   0.111056E+08   0.110705E+08  -0.495491E+03  -0.813672E+03   0.000000E+00   0.110997E+08   0.110997E+08   0.110997E+08  -0.249351E+00   0.548116E+07   0.548050E+07   0.106174E+02
   0.229315E-01   0.103715E+08   0.103326E+08  -0.578121E+03  -0.623040E+03   0.000000E+00   0.103650E+08   0.103650E+08   0.103650E+08  -0.232846E+00   0.511838E+07   0.511772E+07   0.963674E+01
   0.253232E-01   0.961701E+07   0.957452E+07  -0.399330E+03  -0.473689E+03   0.000000E+00   0.960988E+07   0.960988E+07   0.960988E+07  -0.215883E+00   0.474553E+07   0.474487E+07   0.869838E+01
   0.279642E-01   0.885321E+07   0.880770E+07  -0.347334E+03  -0.357543E+03   0.000000E+00   0.884557E+07   0.884557E+07   0.884557E+07  -0.198712E+00   0.436812E+07   0.436747E+07   0.778057E+01
   0.308807E-01   0.809503E+07   0.804746E+07  -0.193361E+03  -0.268059E+03   0.000000E+00   0.808704E+07   0.808704E+07   0.808704E+07  -0.181672E+00   0.399356E+07   0.399293E+07   0.686527E+01
   0.341014E-01   0.736087E+07   0.731267E+07  -0.126518E+03  -0.199857E+03   0.000000E+00   0.735278E+07   0.735278E+07   0.735278E+07  -0.165177E+00   0.363098E+07   0.363037E+07   0.594115E+01
   0.376579E-01   0.667137E+07   0.662438E+07  -0.122930E+03  -0.148524E+03   0.000000E+00   0.666348E+07   0.666348E+07   0.666348E+07  -0.149692E+00   0.329059E+07   0.329003E+07   0.500841E+01
   0.415854E-01   0.604627E+07   0.600262E+07  -0.785491E+02  -0.110376E+03   0.000000E+00   0.603894E+07   0.603894E+07   0.603894E+07  -0.135662E+00   0.298218E+07   0.298167E+07   0.408200E+01
   0.457440E-01   0.551818E+07   0.547969E+07  -0.821188E+02  -0.832558E+02   0.000000E+00   0.551172E+07   0.551172E+07   0.551172E+07  -0.123818E+00   0.272183E+07   0.272138E+07   0.322717E+01
   0.499025E-01   0.510583E+07   0.507336E+07  -0.638509E+02  -0.647351E+02   0.000000E+00   0.510038E+07   0.510038E+07   0.510038E+07  -0.114577E+00   0.251869E+07   0.251832E+07   0.251328E+01
   0.540610E-01   0.477445E+07   0.474798E+07  -0.508805E+02  -0.515850E+02   0.000000E+00   0.477000E+07   0.477000E+07   0.477000E+07  -0.107156E+00   0.235554E+07   0.235522E+07   0.194440E+01
   0.582196E-01   0.449616E+07   0.447497E+07  -0.413192E+02  -0.418914E+02   0.000000E+00   0.449260E+07   0.449260E+07   0.449260E+07  -0.100924E+00   0.221855E+07   0.221828E+07   0.151660E+01
   0.623781E-01   0.424743E+07   0.423030E+07  -0.340057E+02  -0.344766E+02   0.000000E+00   0.424456E+07   0.424456E+07   0.424456E+07  -0.953516E-01   0.209606E+07   0.209583E+07   0.121635E+01
   0.665367E-01   0.401202E+07   0.399747E+07  -0.282332E+02  -0.286242E+02   0.000000E+00   0.400958E+07   0.400958E+07   0.400958E+07  -0.900730E-01   0.198002E+07   0.197981E+07   0.102298E+01
   0.706952E-01   0.377980E+07   0.376639E+07  -0.235618E+02  -0.238881E+02   0.000000E+00   0.377755E+07   0.377755E+07   0.377755E+07  -0.848605E-01   0.186543E+07   0.186524E+07   0.911104E+00
   0.748538E-01   0.354722E+07   0.353378E+07  -0.197229E+02  -0.199960E+02   0.000000E+00   0.354496E+07   0.354496E+07   0.354496E+07  -0.796356E-01   0.175058E+07   0.175039E+07   0.854102E+00
   0.790123E-01   0.331635E+07   0.330208E+07  -0.165478E+02  -0.167770E+02   0.000000E+00   0.331395E+07   0.331395E+07   0.331395E+07  -0.744460E-01   0.163651E+07   0.163631E+07   0.827260E+00
   0.831708E-01   0.309285E+07   0.307743E+07  -0.139268E+02  -0.141196E+02   0.000000E+00   0.309027E+07   0.309027E+07   0.309027E+07  -0.694210E-01   0.152605E+07   0.152585E+07   0.810229E+00
   0.873294E-01   0.288345E+07   0.286696E+07  -0.117753E+02  -0.119383E+02   0.000000E+00   0.288068E+07   0.288068E+07   0.288068E+07  -0.647129E-01   0.142255E+07   0.142235E+07   0.788458E+00
   0.925055E-01   0.265169E+07   0.263449E+07  -0.964978E+01  -0.978340E+01   0.000000E+00   0.264880E+07   0.264880E+07   0.264880E+07  -0.595038E-01   0.130805E+07   0.130784E+07   0.742752E+00
   0.976817E-01   0.245929E+07   0.244235E+07  -0.802576E+01  -0.813689E+01   0.000000E+00   0.245644E+07   0.245644E+07   0.245644E+07  -0.551826E-01   0.121306E+07   0.121286E+07   0.673434E+00
   0.102858E+00   0.230739E+07   0.229171E+07  -0.679134E+01  -0.688538E+01   0.000000E+00   0.230476E+07   0.230476E+07   0.230476E+07  -0.517751E-01   0.113815E+07   0.113797E+07   0.586707E+00
   0.108034E+00   0.218975E+07   0.217602E+07  -0.584274E+01  -0.592364E+01   0.000000E+00   0.218745E+07   0.218745E+07   0.218745E+07  -0.491397E-01   0.108022E+07   0.108006E+07   0.494053E+00
   0.113210E+00   0.209556E+07   0.208403E+07  -0.509239E+01  -0.516291E+01   0.000000E+00   0.209363E+07   0.209363E+07   0.209363E+07  -0.470321E-01   0.103389E+07   0.103375E+07   0.407697E+00
   0.118386E+00   0.201313E+07   0.200360E+07  -0.447415E+01  -0.453610E+01   0.000000E+00   0.201153E+07   0.201153E+07   0.201153E+07  -0.451879E-01   0.993342E+06   0.993222E+06   0.337072E+00
   0.123562E+00   0.193248E+07   0.192441E+07  -0.394294E+01  -0.399754E+01   0.000000E+00   0.193113E+07   0.193113E+07   0.193113E+07  -0.433816E-01   0.953635E+06   0.953529E+06   0.286858E+00
   0.128739E+00   0.184740E+07   0.184011E+07  -0.347246E+01  -0.352054E+01   0.000000E+00   0.184618E+07   0.184618E+07   0.184618E+07  -0.414733E-01   0.911685E+06   0.911586E+06   0.256752E+00
   0.133915E+00   0.175643E+07   0.174926E+07  -0.305111E+01  -0.309336E+01   0.000000E+00   0.175522E+07   0.175522E+07   0.175522E+07  -0.394301E-01   0.866771E+06   0.866673E+06   0.242550E+00
   0.139091E+00   0.166177E+07   0.165426E+07  -0.267565E+01  -0.271270E+01   0.000000E+00   0.166051E+07   0.166051E+07   0.166051E+07  -0.373024E-01   0.820000E+06   0.819901E+06   0.237907E+00
   0.144267E+00   0.156748E+07   0.155945E+07  -0.234577E+01  -0.237825E+01   0.000000E+00   0.156613E+07   0.156613E+07   0.156613E+07  -0.351823E-01   0.773396E+06   0.773293E+06   0.236224E+00
   0.149443E+00   0.147845E+07   0.146997E+07  -0.206173E+01  -0.209028E+01   0.000000E+00   0.147703E+07   0.147703E+07   0.147703E+07  -0.331806E-01   0.729395E+06   0.729291E+06   0.232271E+00
   0.154619E+00   0.139949E+07   0.139083E+07  -0.182300E+01  -0.184825E+01   0.000000E+00   0.139804E+07   0.139804E+07   0.139804E+07  -0.314060E-01   0.690387E+06   0.690283E+06   0.223122E+00
   0.159796E+00   0.133342E+07   0.132495E+07  -0.162619E+01  -0.164871E+01   0.000000E+00   0.133200E+07   0.133200E+07   0.133200E+07  -0.299226E-01   0.657777E+06   0.657677E+06   0.208258E+00
   0.164972E+00   0.127987E+07   0.127192E+07  -0.146450E+01  -0.148478E+01   0.000000E+00   0.127853E+07   0.127853E+07   0.127853E+07  -0.287215E-01   0.631374E+06   0.631280E+06   0.189062E+00
   0.170148E+00   0.123606E+07   0.122887E+07  -0.132970E+01  -0.134811E+01   0.000000E+00   0.123486E+07   0.123486E+07   0.123486E+07  -0.277403E-01   0.609804E+06   0.609718E+06   0.168033E+00
   0.175324E+00   0.119855E+07   0.119217E+07  -0.121443E+01  -0.123124E+01   0.000000E+00   0.119748E+07   0.119748E+07   0.119748E+07  -0.269006E-01   0.591344E+06   0.591267E+06   0.147921E+00
   0.180500E+00   0.116387E+07   0.115822E+07  -0.111270E+01  -0.112810E+01   0.000000E+00   0.116292E+07   0.116292E+07   0.116292E+07  -0.261243E-01   0.574278E+06   0.574207E+06   0.130950E+00
   0.185676E+00   0.112882E+07   0.112371E+07  -0.101991E+01  -0.103403E+01   0.000000E+00   0.112796E+07   0.112796E+07   0.112796E+07  -0.253390E-01   0.557016E+06   0.556950E+06   0.118319E+00
   0.190853E+00   0.109130E+07   0.108648E+07  -0.933268E+00  -0.946192E+00   0.000000E+00   0.109049E+07   0.109049E+07   0.109049E+07  -0.244973E-01   0.538511E+06   0.538448E+06   0.110106E+00
   0.196029E+00   0.105104E+07   0.104629E+07  -0.851978E+00  -0.863776E+00   0.000000E+00   0.105024E+07   0.105024E+07   0.105024E+07  -0.235931E-01   0.518636E+06   0.518574E+06   0.105481E+00
   0.201205E+00   0.100929E+07   0.100445E+07  -0.776583E+00  -0.787336E+00   0.000000E+00   0.100848E+07   0.100848E+07   0.100848E+07  -0.226549E-01   0.498012E+06   0.497950E+06   0.103078E+00
   0.206381E+00   0.967849E+06   0.962856E+06  -0.707692E+00  -0.717492E+00   0.000000E+00   0.967010E+06   0.967010E+06   0.967010E+06  -0.217233E-01   0.477534E+06   0.477471E+06   0.101406E+00
   0.211557E+00   0.928465E+06   0.923350E+06  -0.646068E+00  -0.655014E+00   0.000000E+00   0.927606E+06   0.927606E+06   0.927606E+06  -0.208381E-01   0.458075E+06   0.458012E+06   0.992222E-01
   0.216733E+00   0.892652E+06   0.887513E+06  -0.591844E+00  -0.600039E+00   0.000000E+00   0.891789E+06   0.891789E+06   0.891789E+06  -0.200335E-01   0.440388E+06   0.440326E+06   0.957856E-01
   0.221910E+00   0.861343E+06   0.856307E+06  -0.544761E+00  -0.552304E+00   0.000000E+00   0.860498E+06   0.860498E+06   0.860498E+06  -0.193306E-01   0.424936E+06   0.424876E+06   0.909240E-01
   0.227086E+00   0.834559E+06   0.829744E+06  -0.504041E+00  -0.511020E+00   0.000000E+00   0.833750E+06   0.833750E+06   0.833750E+06  -0.187297E-01   0.411727E+06   0.411670E+06   0.849437E-01
   0.232262E+00   0.811482E+06   0.806968E+06  -0.468514E+00  -0.475001E+00   0.000000E+00   0.810724E+06   0.810724E+06   0.810724E+06  -0.182124E-01   0.400356E+06   0.400301E+06   0.784462E-01
   0.237438E+00   0.790856E+06   0.786670E+06  -0.436929E+00  -0.442979E+00   0.000000E+00   0.790153E+06   0.790153E+06   0.790153E+06  -0.177503E-01   0.390198E+06   0.390146E+06   0.721180E-01
   0.242614E+00   0.771356E+06   0.767471E+06  -0.408179E+00  -0.413831E+00   0.000000E+00   0.770704E+06   0.770704E+06   0.770704E+06  -0.173134E-01   0.380592E+06   0.380544E+06   0.665408E-01
   0.247790E+00   0.751847E+06   0.748195E+06  -0.381416E+00  -0.386698E+00   0.000000E+00   0.751234E+06   0.751234E+06   0.751234E+06  -0.168760E-01   0.370978E+06   0.370931E+06   0.620624E-01
   0.252966E+00   0.731632E+06   0.728130E+06  -0.356131E+00  -0.361062E+00   0.000000E+00   0.731044E+06   0.731044E+06   0.731044E+06  -0.164225E-01   0.361007E+06   0.360963E+06   0.587529E-01
   0.258143E+00   0.710597E+06   0.707163E+06  -0.332157E+00  -0.336756E+00   0.000000E+00   0.710020E+06   0.710020E+06   0.710020E+06  -0.159502E-01   0.350625E+06   0.350582E+06   0.564396E-01
   0.263319E+00   0.689112E+06   0.685688E+06  -0.309569E+00  -0.313855E+00   0.000000E+00   0.688537E+06   0.688537E+06   0.688537E+06  -0.154676E-01   0.340017E+06   0.339973E+06   0.547929E-01
   0.268495E+00   0.667785E+06   0.664345E+06  -0.288525E+00  -0.292521E+00   0.000000E+00   0.667207E+06   0.667207E+06   0.667207E+06  -0.149884E-01   0.329484E+06   0.329441E+06   0.534308E-01
   0.273671E+00   0.647255E+06   0.643803E+06  -0.269169E+00  -0.272896E+00   0.000000E+00   0.646675E+06   0.646675E+06   0.646675E+06  -0.145272E-01   0.319345E+06   0.319302E+06   0.520168E-01
   0.278847E+00   0.628076E+06   0.624642E+06  -0.251581E+00  -0.255065E+00   0.000000E+00   0.627499E+06   0.627499E+06   0.627499E+06  -0.140964E-01   0.309875E+06   0.309833E+06   0.503307E-01
   0.284023E+00   0.610608E+06   0.607236E+06  -0.235749E+00  -0.239013E+00   0.000000E+00   0.610042E+06   0.610042E+06   0.610042E+06  -0.137042E-01   0.301254E+06   0.301213E+06   0.482974E-01
   0.289200E+00   0.594913E+06   0.591643E+06  -0.221541E+00  -0.224609E+00   0.000000E+00   0.594364E+06   0.594364E+06   0.594364E+06  -0.133520E-01   0.293512E+06   0.293472E+06   0.459728E-01
   0.294376E+00   0.580737E+06   0.577598E+06  -0.208726E+00  -0.211616E+00   0.000000E+00   0.580210E+06   0.580210E+06   0.580210E+06  -0.130341E-01   0.286522E+06   0.286484E+06   0.435008E-01
   0.299552E+00   0.567638E+06   0.564642E+06  -0.197031E+00  -0.199760E+00   0.000000E+00   0.567135E+06   0.567135E+06   0.567135E+06  -0.127403E-01   0.280065E+06   0.280028E+06   0.410599E-01
   0.304728E+00   0.555151E+06   0.552292E+06  -0.186210E+00  -0.188788E+00   0.000000E+00   0.554671E+06   0.554671E+06   0.554671E+06  -0.124604E-01   0.273910E+06   0.273875E+06   0.388132E-01
   0.309904E+00   0.542896E+06   0.540152E+06  -0.176069E+00  -0.178507E+00   0.000000E+00   0.542435E+06   0.542435E+06   0.542435E+06  -0.121855E-01   0.267868E+06   0.267834E+06   0.368701E-01
   0.315080E+00   0.530606E+06   0.527948E+06  -0.166476E+00  -0.168782E+00   0.000000E+00   0.530160E+06   0.530160E+06   0.530160E+06  -0.119097E-01   0.261806E+06   0.261773E+06   0.352679E-01
   0.320257E+00   0.518164E+06   0.515564E+06  -0.157360E+00  -0.159539E+00   0.000000E+00   0.517728E+06   0.517728E+06   0.517728E+06  -0.116304E-01   0.255667E+06   0.255634E+06   0.339743E-01
   0.325433E+00   0.505638E+06   0.503072E+06  -0.148709E+00  -0.150768E+00   0.000000E+00   0.505207E+06   0.505207E+06   0.505207E+06  -0.113492E-01   0.249484E+06   0.249452E+06   0.329088E-01
   0.330609E+00   0.493241E+06   0.490698E+06  -0.140555E+00  -0.142501E+00   0.000000E+00   0.492814E+06   0.492814E+06   0.492814E+06  -0.110708E-01   0.243364E+06   0.243332E+06   0.319702E-01
   0.335785E+00   0.481223E+06   0.478700E+06  -0.132933E+00  -0.134774E+00   0.000000E+00   0.480799E+06   0.480799E+06   0.480799E+06  -0.108009E-01   0.237431E+06   0.237399E+06   0.310627E-01
   0.340961E+00   0.469767E+06   0.467272E+06  -0.125857E+00  -0.127600E+00   0.000000E+00   0.469348E+06   0.469348E+06   0.469348E+06  -0.105436E-01   0.231776E+06   0.231745E+06   0.301157E-01
   0.346137E+00   0.458981E+06   0.456526E+06  -0.119317E+00  -0.120969E+00   0.000000E+00   0.458569E+06   0.458569E+06   0.458569E+06  -0.103015E-01   0.226453E+06   0.226423E+06   0.290954E-01
   0.351313E+00   0.448904E+06   0.446505E+06  -0.113284E+00  -0.114853E+00   0.000000E+00   0.448502E+06   0.448502E+06   0.448502E+06  -0.100753E-01   0.221481E+06   0.221452E+06   0.280059E-01
   0.356490E+00   0.439502E+06   0.437167E+06  -0.107714E+00  -0.109206E+00   0.000000E+00   0.439110E+06   0.439110E+06   0.439110E+06  -0.986434E-02   0.216843E+06   0.216815E+06   0.268802E-01
   0.361666E+00   0.430644E+06   0.428379E+06  -0.102544E+00  -0.103964E+00   0.000000E+00   0.430263E+06   0.430263E+06   0.430263E+06  -0.966561E-02   0.212475E+06   0.212447E+06   0.257646E-01
   0.366842E+00   0.422155E+06   0.419960E+06  -0.977071E-01  -0.990601E-01   0.000000E+00   0.421787E+06   0.421787E+06   0.421787E+06  -0.947518E-02   0.208289E+06   0.208262E+06   0.247048E-01
   0.372018E+00   0.413884E+06   0.411752E+06  -0.931462E-01  -0.944361E-01   0.000000E+00   0.413526E+06   0.413526E+06   0.413526E+06  -0.928962E-02   0.204210E+06   0.204183E+06   0.237355E-01
   0.377194E+00   0.405733E+06   0.403655E+06  -0.888232E-01  -0.900531E-01   0.000000E+00   0.405384E+06   0.405384E+06   0.405384E+06  -0.910672E-02   0.200189E+06   0.200163E+06   0.228734E-01
   0.382370E+00   0.397651E+06   0.395615E+06  -0.847127E-01  -0.858858E-01   0.000000E+00   0.397309E+06   0.397309E+06   0.397309E+06  -0.892531E-02   0.196201E+06   0.196176E+06   0.221154E-01
   0.387547E+00   0.389631E+06   0.387630E+06  -0.808016E-01  -0.819205E-01   0.000000E+00   0.389295E+06   0.389295E+06   0.389295E+06  -0.874529E-02   0.192244E+06   0.192219E+06   0.214429E-01
   0.392723E+00   0.381723E+06   0.379750E+06  -0.770880E-01  -0.781555E-01   0.000000E+00   0.381392E+06   0.381392E+06   0.381392E+06  -0.856774E-02   0.188341E+06   0.188316E+06   0.208287E-01
   0.397899E+00   0.374005E+06   0.372058E+06  -0.735776E-01  -0.745965E-01   0.000000E+00   0.373678E+06   0.373678E+06   0.373678E+06  -0.839446E-02   0.184532E+06   0.184508E+06   0.202449E-01
   0.403075E+00   0.366547E+06   0.364626E+06  -0.702676E-01  -0.712406E-01   0.000000E+00   0.366224E+06   0.366224E+06   0.366224E+06  -0.822701E-02   0.180851E+06   0.180827E+06   0.196687E-01
   0.408251E+00   0.359388E+06   0.357498E+06  -0.671618E-01  -0.680918E-01   0.000000E+00   0.359071E+06   0.359071E+06   0.359071E+06  -0.806631E-02   0.177318E+06   0.177295E+06   0.190861E-01
   0.413427E+00   0.352550E+06   0.350693E+06  -0.642444E-01  -0.651340E-01   0.000000E+00   0.352238E+06   0.352238E+06   0.352238E+06  -0.791281E-02   0.173944E+06   0.173921E+06   0.184938E-01
   0.418604E+00   0.346027E+06   0.344208E+06  -0.615042E-01  -0.623559E-01   0.000000E+00   0.345722E+06   0.345722E+06   0.345722E+06  -0.776644E-02   0.170726E+06   0.170704E+06   0.178979E-01
   0.423780E+00   0.339788E+06   0.338008E+06  -0.589281E-01  -0.597441E-01   0.000000E+00   0.339489E+06   0.339489E+06   0.339489E+06  -0.762641E-02   0.167648E+06   0.167626E+06   0.173093E-01
   0.428956E+00   0.333771E+06   0.332032E+06  -0.564970E-01  -0.572794E-01   0.000000E+00   0.333479E+06   0.333479E+06   0.333479E+06  -0.749141E-02   0.164680E+06   0.164659E+06   0.167408E-01
   0.434132E+00   0.327924E+06   0.326222E+06  -0.541925E-01  -0.549429E-01   0.000000E+00   0.327638E+06   0.327638E+06   0.327638E+06  -0.736019E-02   0.161796E+06   0.161775E+06   0.162029E-01
   0.439308E+00   0.322206E+06   0.320539E+06  -0.520009E-01  -0.527210E-01   0.000000E+00   0.321926E+06   0.321926E+06   0.321926E+06  -0.723187E-02   0.158975E+06   0.158954E+06   0.157022E-01
   0.444484E+00   0.316593E+06   0.314957E+06  -0.499122E-01  -0.506034E-01   0.000000E+00   0.316318E+06   0.316318E+06   0.316318E+06  -0.710589E-02   0.156206E+06   0.156185E+06   0.152398E-01
   0.449660E+00   0.311069E+06   0.309461E+06  -0.479189E-01  -0.485824E-01   0.000000E+00   0.310799E+06   0.310799E+06   0.310799E+06  -0.698192E-02   0.153480E+06   0.153460E+06   0.148118E-01
   0.454837E+00   0.305640E+06   0.304056E+06  -0.460168E-01  -0.466540E-01   0.000000E+00   0.305374E+06   0.305374E+06   0.305374E+06  -0.686004E-02   0.150801E+06   0.150782E+06   0.144112E-01
   0.460013E+00   0.300326E+06   0.298766E+06  -0.442048E-01  -0.448169E-01   0.000000E+00   0.300064E+06   0.300064E+06   0.300064E+06  -0.674077E-02   0.148179E+06   0.148160E+06   0.140300E-01
   0.465189E+00   0.295156E+06   0.293618E+06  -0.424821E-01  -0.430704E-01   0.000000E+00   0.294898E+06   0.294898E+06   0.294898E+06  -0.662470E-02   0.145628E+06   0.145609E+06   0.136610E-01
   0.470365E+00   0.290142E+06   0.288627E+06  -0.408464E-01  -0.414120E-01   0.000000E+00   0.289888E+06   0.289888E+06   0.289888E+06  -0.651216E-02   0.143154E+06   0.143135E+06   0.132986E-01
   0.475541E+00   0.285289E+06   0.283797E+06  -0.392935E-01  -0.398376E-01   0.000000E+00   0.285038E+06   0.285038E+06   0.285038E+06  -0.640322E-02   0.140759E+06   0.140741E+06   0.129403E-01
   0.480717E+00   0.280595E+06   0.279129E+06  -0.378192E-01  -0.383429E-01   0.000000E+00   0.280349E+06   0.280349E+06   0.280349E+06  -0.629787E-02   0.138443E+06   0.138425E+06   0.125863E-01
   0.485894E+00   0.276058E+06   0.274617E+06  -0.364193E-01  -0.369236E-01   0.000000E+00   0.275816E+06   0.275816E+06   0.275816E+06  -0.619605E-02   0.136205E+06   0.136187E+06   0.122389E-01
   0.491070E+00   0.271662E+06   0.270247E+06  -0.350879E-01  -0.355737E-01   0.000000E+00   0.271425E+06   0.271425E+06   0.271425E+06  -0.609739E-02   0.134036E+06   0.134019E+06   0.119013E-01
   0.496246E+00   0.267383E+06   0.265992E+06  -0.338185E-01  -0.342868E-01   0.000000E+00   0.267150E+06   0.267150E+06   0.267150E+06  -0.600136E-02   0.131925E+06   0.131908E+06   0.115763E-01
   0.501422E+00   0.263202E+06   0.261835E+06  -0.326059E-01  -0.330574E-01   0.000000E+00   0.262972E+06   0.262972E+06   0.262972E+06  -0.590751E-02   0.129862E+06   0.129845E+06   0.112661E-01
   0.506598E+00   0.259109E+06   0.257764E+06  -0.314464E-01  -0.318818E-01   0.000000E+00   0.258883E+06   0.258883E+06   0.258883E+06  -0.581566E-02   0.127843E+06   0.127826E+06   0.109717E-01
   0.511774E+00   0.255100E+06   0.253777E+06  -0.303367E-01  -0.307568E-01   0.000000E+00   0.254878E+06   0.254878E+06   0.254878E+06  -0.572569E-02   0.125865E+06   0.125849E+06   0.106926E-01
   0.516951E+00   0.251170E+06   0.249866E+06  -0.292741E-01  -0.296795E-01   0.000000E+00   0.250951E+06   0.250951E+06   0.250951E+06  -0.563747E-02   0.123926E+06   0.123910E+06   0.104269E-01
   0.522127E+00   0.247318E+06   0.246033E+06  -0.282564E-01  -0.286477E-01   0.000000E+00   0.247102E+06   0.247102E+06   0.247102E+06  -0.555100E-02   0.122025E+06   0.122009E+06   0.101724E-01
   0.527303E+00   0.243553E+06   0.242286E+06  -0.272825E-01  -0.276603E-01   0.000000E+00   0.243340E+06   0.243340E+06   0.243340E+06  -0.546649E-02   0.120167E+06   0.120152E+06   0.992674E-02
   0.532479E+00   0.239882E+06   0.238633E+06  -0.263514E-01  -0.267163E-01   0.000000E+00   0.239672E+06   0.239672E+06   0.239672E+06  -0.538410E-02   0.118356E+06   0.118341E+06   0.968806E-02
   0.537655E+00   0.236306E+06   0.235075E+06  -0.254611E-01  -0.258137E-01   0.000000E+00   0.236099E+06   0.236099E+06   0.236099E+06  -0.530383E-02   0.116592E+06   0.116576E+06   0.945501E-02
   0.542831E+00   0.232822E+06   0.231608E+06  -0.246096E-01  -0.249503E-01   0.000000E+00   0.232618E+06   0.232618E+06   0.232618E+06  -0.522562E-02   0.114873E+06   0.114857E+06   0.922702E-02
   0.548007E+00   0.229428E+06   0.228233E+06  -0.237949E-01  -0.241244E-01   0.000000E+00   0.229227E+06   0.229227E+06   0.229227E+06  -0.514946E-02   0.113198E+06   0.113183E+06   0.900429E-02
   0.553184E+00   0.226124E+06   0.224946E+06  -0.230154E-01  -0.233341E-01   0.000000E+00   0.225926E+06   0.225926E+06   0.225926E+06  -0.507529E-02   0.111568E+06   0.111553E+06   0.878749E-02
   0.558360E+00   0.222900E+06   0.221740E+06  -0.222686E-01  -0.225770E-01   0.000000E+00   0.222705E+06   0.222705E+06   0.222705E+06  -0.500293E-02   0.109977E+06   0.109963E+06   0.857731E-02
   0.563536E+00   0.219747E+06   0.218604E+06  -0.215522E-01  -0.218506E-01   0.000000E+00   0.219555E+06   0.219555E+06   0.219555E+06  -0.493217E-02   0.108422E+06   0.108408E+06   0.837429E-02
   0.568712E+00   0.216660E+06   0.215534E+06  -0.208645E-01  -0.211534E-01   0.000000E+00   0.216471E+06   0.216471E+06   0.216471E+06  -0.486289E-02   0.106899E+06   0.106885E+06   0.817878E-02
   0.573888E+00   0.213638E+06   0.212528E+06  -0.202040E-01  -0.204838E-01   0.000000E+00   0.213452E+06   0.213452E+06   0.213452E+06  -0.479506E-02   0.105408E+06   0.105394E+06   0.799081E-02
   0.579064E+00   0.210678E+06   0.209583E+06  -0.195694E-01  -0.198404E-01   0.000000E+00   0.210494E+06   0.210494E+06   0.210494E+06  -0.472862E-02   0.103947E+06   0.103934E+06   0.780994E-02
   0.584241E+00   0.207775E+06   0.206695E+06  -0.189593E-01  -0.192218E-01   0.000000E+00   0.207593E+06   0.207593E+06   0.207593E+06  -0.466346E-02   0.102515E+06   0.102501E+06   0.763547E-02
   0.589417E+00   0.204930E+06   0.203864E+06  -0.183727E-01  -0.186271E-01   0.000000E+00   0.204751E+06   0.204751E+06   0.204751E+06  -0.459961E-02   0.101111E+06   0.101098E+06   0.746668E-02
   0.594593E+00   0.202147E+06   0.201096E+06  -0.178090E-01  -0.180556E-01   0.000000E+00   0.201971E+06   0.201971E+06   0.201971E+06  -0.453715E-02   0.997381E+05   0.997251E+05   0.730292E-02
   0.599769E+00   0.199427E+06   0.198389E+06  -0.172673E-01  -0.175064E-01   0.000000E+00   0.199252E+06   0.199252E+06   0.199252E+06  -0.447608E-02   0.983958E+05   0.983829E+05   0.714363E-02
   0.649319E+00   0.176134E+06   0.175219E+06  -0.130117E-01  -0.131919E-01   0.000000E+00   0.175980E+06   0.175980E+06   0.175980E+06  -0.395330E-02   0.869035E+05   0.868922E+05   0.582275E-02
   0.702961E+00   0.155425E+06   0.154618E+06  -0.979651E-02  -0.993217E-02   0.000000E+00   0.155290E+06   0.155290E+06   0.155290E+06  -0.348849E-02   0.766860E+05   0.766760E+05   0.474468E-02
   0.761036E+00   0.137051E+06   0.136339E+06  -0.737033E-02  -0.747239E-02   0.000000E+00   0.136932E+06   0.136932E+06   0.136932E+06  -0.307609E-02   0.676203E+05   0.676115E+05   0.386328E-02
   0.823908E+00   0.120761E+06   0.120133E+06  -0.554091E-02  -0.561763E-02   0.000000E+00   0.120655E+06   0.120655E+06   0.120655E+06  -0.271045E-02   0.595827E+05   0.595749E+05   0.314305E-02
   0.891975E+00   0.106331E+06   0.105778E+06  -0.416262E-02  -0.422026E-02   0.000000E+00   0.106238E+06   0.106238E+06   0.106238E+06  -0.238657E-02   0.524630E+05   0.524562E+05   0.255517E-02
   0.965665E+00   0.935627E+05   0.930767E+05  -0.312509E-02  -0.316836E-02   0.000000E+00   0.934811E+05   0.934811E+05   0.934811E+05  -0.210000E-02   0.461633E+05   0.461573E+05   0.207579E-02
   0.104544E+01   0.822734E+05   0.818461E+05  -0.234459E-02  -0.237706E-02   0.000000E+00   0.822017E+05   0.822017E+05   0.822017E+05  -0.184661E-02   0.405932E+05   0.405880E+05   0.168515E-02
   0.113181E+01   0.723001E+05   0.719246E+05  -0.175795E-02  -0.178229E-02   0.000000E+00   0.722370E+05   0.722370E+05   0.722370E+05  -0.162276E-02   0.356725E+05   0.356678E+05   0.136707E-02
   0.122531E+01   0.634980E+05   0.631682E+05  -0.131728E-02  -0.133552E-02   0.000000E+00   0.634426E+05   0.634426E+05   0.634426E+05  -0.142520E-02   0.313295E+05   0.313255E+05   0.110829E-02
   0.132654E+01   0.557343E+05   0.554449E+05  -0.986489E-03  -0.100015E-02   0.000000E+00   0.556857E+05   0.556857E+05   0.556857E+05  -0.125095E-02   0.274990E+05   0.274954E+05   0.897884E-03
   0.143613E+01   0.488922E+05   0.486384E+05  -0.738348E-03  -0.748572E-03   0.000000E+00   0.488496E+05   0.488496E+05   0.488496E+05  -0.109738E-02   0.241231E+05   0.241200E+05   0.726939E-03
   0.155478E+01   0.428666E+05   0.426441E+05  -0.552325E-03  -0.559973E-03   0.000000E+00   0.428292E+05   0.428292E+05   0.428292E+05  -0.962133E-03   0.211501E+05   0.211474E+05   0.588146E-03
   0.168323E+01   0.375639E+05   0.373690E+05  -0.412953E-03  -0.418672E-03   0.000000E+00   0.375312E+05   0.375312E+05   0.375312E+05  -0.843116E-03   0.185338E+05   0.185314E+05   0.475535E-03
   0.182228E+01   0.329003E+05   0.327296E+05  -0.308588E-03  -0.312861E-03   0.000000E+00   0.328716E+05   0.328716E+05   0.328716E+05  -0.738441E-03   0.162328E+05   0.162307E+05   0.384221E-03
   0.197283E+01   0.288016E+05   0.286521E+05  -0.230487E-03  -0.233679E-03   0.000000E+00   0.287765E+05   0.287765E+05   0.287765E+05  -0.646446E-03   0.142105E+05   0.142087E+05   0.310228E-03
   0.213581E+01   0.252015E+05   0.250707E+05  -0.172071E-03  -0.174454E-03   0.000000E+00   0.251795E+05   0.251795E+05   0.251795E+05  -0.565643E-03   0.124343E+05   0.124327E+05   0.250305E-03
   0.231226E+01   0.220412E+05   0.219269E+05  -0.128402E-03  -0.130180E-03   0.000000E+00   0.220220E+05   0.220220E+05   0.220220E+05  -0.494711E-03   0.108750E+05   0.108736E+05   0.201806E-03
   0.250329E+01   0.192687E+05   0.191688E+05  -0.957726E-04  -0.970988E-04   0.000000E+00   0.192519E+05   0.192519E+05   0.192519E+05  -0.432483E-03   0.950709E+04   0.950587E+04   0.162579E-03
   0.271010E+01   0.168378E+05   0.167505E+05  -0.714047E-04  -0.723934E-04   0.000000E+00   0.168231E+05   0.168231E+05   0.168231E+05  -0.377921E-03   0.830767E+04   0.830661E+04   0.130869E-03
   0.293399E+01   0.147074E+05   0.146311E+05  -0.532142E-04  -0.539511E-04   0.000000E+00   0.146946E+05   0.146946E+05   0.146946E+05  -0.330104E-03   0.725654E+04   0.725561E+04   0.105251E-03
   0.317638E+01   0.128414E+05   0.127748E+05  -0.396433E-04  -0.401923E-04   0.000000E+00   0.128302E+05   0.128302E+05   0.128302E+05  -0.288223E-03   0.633587E+04   0.633507E+04   0.845672E-04
   0.343879E+01   0.112077E+05   0.111497E+05  -0.296725E-04  -0.300813E-04   0.000000E+00   0.111980E+05   0.111980E+05   0.111980E+05  -0.251556E-03   0.552985E+04   0.552915E+04   0.678777E-04
   0.372288E+01   0.977828E+04   0.972766E+04  -0.217471E-04  -0.220514E-04   0.000000E+00   0.976978E+04   0.976978E+04   0.976978E+04  -0.219472E-03   0.482456E+04   0.482395E+04   0.544198E-04
   0.403045E+01   0.852801E+04   0.848388E+04  -0.165399E-04  -0.167663E-04   0.000000E+00   0.852060E+04   0.852060E+04   0.852060E+04  -0.191410E-03   0.420768E+04   0.420716E+04   0.435745E-04
   0.436342E+01   0.743499E+04   0.739653E+04  -0.120150E-04  -0.121834E-04   0.000000E+00   0.742854E+04   0.742854E+04   0.742854E+04  -0.166878E-03   0.366839E+04   0.366794E+04   0.348406E-04
   0.472390E+01   0.647983E+04   0.644633E+04  -0.890925E-05  -0.903449E-05   0.000000E+00   0.647420E+04   0.647420E+04   0.647420E+04  -0.145439E-03   0.319712E+04   0.319673E+04   0.278119E-04
   0.511416E+01   0.564551E+04   0.561634E+04  -0.675716E-05  -0.685025E-05   0.000000E+00   0.564061E+04   0.564061E+04   0.564061E+04  -0.126713E-03   0.278547E+04   0.278513E+04   0.221599E-04
   0.553666E+01   0.491702E+04   0.489164E+04  -0.505829E-05  -0.512747E-05   0.000000E+00   0.491276E+04   0.491276E+04   0.491276E+04  -0.110362E-03   0.242604E+04   0.242575E+04   0.176185E-04
   0.599407E+01   0.428121E+04   0.425913E+04  -0.371170E-05  -0.376309E-05   0.000000E+00   0.427750E+04   0.427750E+04   0.427750E+04  -0.960916E-04   0.211233E+04   0.211208E+04   0.139727E-04
   0.648927E+01   0.372648E+04   0.370728E+04  -0.279951E-05  -0.283768E-05   0.000000E+00   0.372325E+04   0.372325E+04   0.372325E+04  -0.836406E-04   0.183863E+04   0.183842E+04   0.110485E-04
   0.702537E+01   0.324267E+04   0.322598E+04  -0.204330E-05  -0.207164E-05   0.000000E+00   0.323987E+04   0.323987E+04   0.323987E+04  -0.727817E-04   0.159992E+04   0.159974E+04   0.870578E-05
   0.760577E+01   0.282087E+04   0.280638E+04  -0.147785E-05  -0.149888E-05   0.000000E+00   0.281844E+04   0.281844E+04   0.281844E+04  -0.633145E-04   0.139181E+04   0.139166E+04   0.683097E-05
   0.823411E+01   0.245325E+04   0.244067E+04  -0.108521E-05  -0.110082E-05   0.000000E+00   0.245114E+04   0.245114E+04   0.245114E+04  -0.550634E-04   0.121043E+04   0.121030E+04   0.533263E-05
   0.891436E+01   0.213297E+04   0.212205E+04  -0.865427E-06  -0.877004E-06   0.000000E+00   0.213114E+04   0.213114E+04   0.213114E+04  -0.478748E-04   0.105241E+04   0.105229E+04   0.413697E-05
   0.965082E+01   0.185402E+04   0.184455E+04  -0.640642E-06  -0.649228E-06   0.000000E+00   0.185243E+04   0.185243E+04   0.185243E+04  -0.416137E-04   0.914771E+03   0.914679E+03   0.318449E-05
   0.104481E+02   0.161113E+04   0.160293E+04  -0.468455E-06  -0.474821E-06   0.000000E+00   0.160976E+04   0.160976E+04   0.160976E+04  -0.361622E-04   0.794933E+03   0.794857E+03   0.242723E-05
   0.113113E+02   0.139972E+04   0.139261E+04  -0.329029E-06  -0.333748E-06   0.000000E+00   0.139853E+04   0.139853E+04   0.139853E+04  -0.314171E-04   0.690623E+03   0.690561E+03   0.182660E-05
   0.122457E+02   0.121576E+04   0.120960E+04  -0.256714E-06  -0.260211E-06   0.000000E+00   0.121472E+04   0.121472E+04   0.121472E+04  -0.272880E-04   0.599856E+03   0.599807E+03   0.135150E-05
   0.132574E+02   0.105572E+04   0.105040E+04  -0.199632E-06  -0.202223E-06   0.000000E+00   0.105483E+04   0.105483E+04   0.105483E+04  -0.236961E-04   0.520896E+03   0.520857E+03   0.976916E-06
   0.143527E+02   0.916541E+03   0.911948E+03  -0.140470E-06  -0.142389E-06   0.000000E+00   0.915770E+03   0.915770E+03   0.915770E+03  -0.205722E-04   0.452226E+03   0.452196E+03   0.682733E-06
   0.155384E+02   0.795532E+03   0.791570E+03  -0.101879E-06  -0.103300E-06   0.000000E+00   0.794867E+03   0.794867E+03   0.794867E+03  -0.178562E-04   0.392520E+03   0.392499E+03   0.452785E-06
   0.168221E+02   0.690349E+03   0.686935E+03  -0.817670E-07  -0.828193E-07   0.000000E+00   0.689776E+03   0.689776E+03   0.689776E+03  -0.154954E-04   0.340624E+03   0.340610E+03   0.274082E-06
   0.182118E+02   0.598945E+03   0.596008E+03  -0.511214E-07  -0.519004E-07   0.000000E+00   0.598452E+03   0.598452E+03   0.598452E+03  -0.134439E-04   0.295526E+03   0.295518E+03   0.136199E-06
   0.197164E+02   0.519535E+03   0.517013E+03  -0.454834E-07  -0.460599E-07   0.000000E+00   0.519112E+03   0.519112E+03   0.519112E+03  -0.116615E-04   0.256345E+03   0.256344E+03   0.307705E-07
   0.213453E+02   0.450562E+03   0.448400E+03  -0.273044E-07  -0.277310E-07   0.000000E+00   0.450199E+03   0.450199E+03   0.450199E+03  -0.101134E-04   0.222315E+03   0.222318E+03  -0.489085E-07
   0.231087E+02   0.390667E+03   0.388819E+03  -0.233920E-07  -0.237076E-07   0.000000E+00   0.390357E+03   0.390357E+03   0.390357E+03  -0.876914E-05   0.192763E+03   0.192771E+03  -0.108210E-06
   0.250178E+02   0.338669E+03   0.337093E+03  -0.149845E-07  -0.152179E-07   0.000000E+00   0.338404E+03   0.338404E+03   0.338404E+03  -0.760205E-05   0.167107E+03   0.167119E+03  -0.151433E-06
   0.270846E+02   0.293535E+03   0.292196E+03  -0.105545E-07  -0.107271E-07   0.000000E+00   0.293310E+03   0.293310E+03   0.293310E+03  -0.658903E-05   0.144839E+03   0.144853E+03  -0.182016E-06
   0.293222E+02   0.254368E+03   0.253235E+03  -0.108385E-07  -0.109661E-07   0.000000E+00   0.254177E+03   0.254177E+03   0.254177E+03  -0.570995E-05   0.125514E+03   0.125532E+03  -0.202703E-06
   0.317446E+02   0.220386E+03   0.219432E+03  -0.769969E-08  -0.779405E-08   0.000000E+00   0.220226E+03   0.220226E+03   0.220226E+03  -0.494724E-05   0.108748E+03   0.108768E+03  -0.215685E-06
   0.343672E+02   0.190909E+03   0.190111E+03  -0.610999E-08  -0.617974E-08   0.000000E+00   0.190775E+03   0.190775E+03   0.190775E+03  -0.428564E-05   0.942039E+02   0.942268E+02  -0.222705E-06
   0.372064E+02   0.165344E+03   0.164682E+03  -0.291374E-08  -0.296529E-08   0.000000E+00   0.165233E+03   0.165233E+03   0.165233E+03  -0.371186E-05   0.815906E+02   0.816158E+02  -0.225150E-06
   0.402801E+02   0.143177E+03   0.142632E+03  -0.341311E-08  -0.345120E-08   0.000000E+00   0.143086E+03   0.143086E+03   0.143086E+03  -0.321434E-05   0.706538E+02   0.706808E+02  -0.224121E-06
   0.436079E+02   0.123960E+03   0.123518E+03  -0.238591E-08  -0.241405E-08   0.000000E+00   0.123886E+03   0.123886E+03   0.123886E+03  -0.278302E-05   0.611721E+02   0.612010E+02  -0.220490E-06
   0.472105E+02   0.107303E+03   0.106950E+03  -0.113937E-08  -0.116015E-08   0.000000E+00   0.107243E+03   0.107243E+03   0.107243E+03  -0.240916E-05   0.529538E+02   0.529842E+02  -0.214943E-06
