#          k/h    CDM            baryon         photon         nu             mass_nu        total          no_nu          total_de       Weyl           v_CDM          v_b            v_b-v_c     
   0.100795E-04   0.204408E+08   0.204408E+08   0.272404E+08   0.272400E+08   0.000000E+00   0.204408E+08   0.204408E+08   0.204492E+08  -0.457769E+00   0.984578E+07   0.984578E+07   0.602135E+01
   0.111348E-04   0.204407E+08   0.204407E+08   0.272373E+08   0.272368E+08   0.000000E+00   0.204407E+08   0.204407E+08   0.204492E+08  -0.457768E+00   0.984580E+07   0.984580E+07   0.665159E+01
   0.123006E-04   0.204407E+08   0.204407E+08   0.272335E+08   0.272329E+08   0.000000E+00   0.204407E+08   0.204407E+08   0.204492E+08  -0.457768E+00   0.984582E+07   0.984582E+07   0.734774E+01
   0.135885E-04   0.204407E+08   0.204407E+08   0.272288E+08   0.272281E+08   0.000000E+00   0.204407E+08   0.204407E+08   0.204491E+08  -0.457767E+00   0.984584E+07   0.984584E+07   0.811670E+01
   0.150112E-04   0.204406E+08   0.204406E+08   0.272232E+08   0.272223E+08   0.000000E+00   0.204406E+08   0.204406E+08   0.204491E+08  -0.457765E+00   0.984587E+07   0.984586E+07   0.896603E+01
   0.165829E-04   0.204406E+08   0.204406E+08   0.272163E+08   0.272152E+08   0.000000E+00   0.204406E+08   0.204406E+08   0.204490E+08  -0.457764E+00   0.984590E+07   0.984590E+07   0.990412E+01
   0.183192E-04   0.204405E+08   0.204405E+08   0.272079E+08   0.272065E+08   0.000000E+00   0.204405E+08   0.204405E+08   0.204490E+08  -0.457762E+00   0.984594E+07   0.984594E+07   0.109402E+02
   0.202373E-04   0.204404E+08   0.204404E+08   0.271976E+08   0.271959E+08   0.000000E+00   0.204404E+08   0.204404E+08   0.204489E+08  -0.457759E+00   0.984599E+07   0.984599E+07   0.120844E+02
   0.223561E-04   0.204403E+08   0.204403E+08   0.271850E+08   0.271831E+08   0.000000E+00   0.204403E+08   0.204403E+08   0.204488E+08  -0.457756E+00   0.984605E+07   0.984605E+07   0.133481E+02
   0.246968E-04   0.204402E+08   0.204402E+08   0.271698E+08   0.271673E+08   0.000000E+00   0.204402E+08   0.204402E+08   0.204486E+08  -0.457753E+00   0.984612E+07   0.984612E+07   0.147434E+02
   0.272826E-04   0.204401E+08   0.204400E+08   0.271511E+08   0.271482E+08   0.000000E+00   0.204401E+08   0.204401E+08   0.204485E+08  -0.457749E+00   0.984621E+07   0.984621E+07   0.162841E+02
   0.301392E-04   0.204399E+08   0.204399E+08   0.271284E+08   0.271248E+08   0.000000E+00   0.204399E+08   0.204399E+08   0.204483E+08  -0.457743E+00   0.984632E+07   0.984632E+07   0.179851E+02
   0.332948E-04   0.204396E+08   0.204396E+08   0.271007E+08   0.270963E+08   0.000000E+00   0.204396E+08   0.204396E+08   0.204481E+08  -0.457737E+00   0.984646E+07   0.984645E+07   0.198627E+02
   0.367808E-04   0.204394E+08   0.204394E+08   0.270669E+08   0.270615E+08   0.000000E+00   0.204394E+08   0.204394E+08   0.204478E+08  -0.457729E+00   0.984662E+07   0.984662E+07   0.219351E+02
   0.406318E-04   0.204390E+08   0.204390E+08   0.270257E+08   0.270191E+08   0.000000E+00   0.204390E+08   0.204390E+08   0.204474E+08  -0.457720E+00   0.984682E+07   0.984682E+07   0.242219E+02
   0.448860E-04   0.204386E+08   0.204386E+08   0.269755E+08   0.269675E+08   0.000000E+00   0.204386E+08   0.204386E+08   0.204470E+08  -0.457708E+00   0.984706E+07   0.984706E+07   0.267448E+02
   0.495857E-04   0.204382E+08   0.204381E+08   0.269144E+08   0.269046E+08   0.000000E+00   0.204382E+08   0.204382E+08   0.204465E+08  -0.457694E+00   0.984736E+07   0.984735E+07   0.295272E+02
   0.547773E-04   0.204376E+08   0.204375E+08   0.268399E+08   0.268281E+08   0.000000E+00   0.204375E+08   0.204375E+08   0.204459E+08  -0.457676E+00   0.984771E+07   0.984771E+07   0.325948E+02
   0.605126E-04   0.204368E+08   0.204368E+08   0.267494E+08   0.267349E+08   0.000000E+00   0.204368E+08   0.204368E+08   0.204451E+08  -0.457655E+00   0.984815E+07   0.984814E+07   0.359753E+02
   0.668484E-04   0.204359E+08   0.204359E+08   0.266392E+08   0.266217E+08   0.000000E+00   0.204359E+08   0.204359E+08   0.204442E+08  -0.457630E+00   0.984868E+07   0.984868E+07   0.396985E+02
   0.738475E-04   0.204348E+08   0.204348E+08   0.265053E+08   0.264840E+08   0.000000E+00   0.204348E+08   0.204348E+08   0.204431E+08  -0.457598E+00   0.984933E+07   0.984932E+07   0.437965E+02
   0.815794E-04   0.204335E+08   0.204335E+08   0.263428E+08   0.263169E+08   0.000000E+00   0.204335E+08   0.204335E+08   0.204417E+08  -0.457560E+00   0.985012E+07   0.985010E+07   0.483034E+02
   0.901209E-04   0.204319E+08   0.204319E+08   0.261457E+08   0.261143E+08   0.000000E+00   0.204319E+08   0.204319E+08   0.204400E+08  -0.457514E+00   0.985107E+07   0.985105E+07   0.532551E+02
   0.995567E-04   0.204300E+08   0.204299E+08   0.259070E+08   0.258690E+08   0.000000E+00   0.204299E+08   0.204299E+08   0.204380E+08  -0.457458E+00   0.985222E+07   0.985220E+07   0.586889E+02
   0.109980E-03   0.204276E+08   0.204275E+08   0.256185E+08   0.255725E+08   0.000000E+00   0.204276E+08   0.204276E+08   0.204355E+08  -0.457390E+00   0.985362E+07   0.985360E+07   0.646429E+02
   0.121496E-03   0.204247E+08   0.204246E+08   0.252703E+08   0.252149E+08   0.000000E+00   0.204247E+08   0.204247E+08   0.204325E+08  -0.457308E+00   0.985530E+07   0.985528E+07   0.711550E+02
   0.134216E-03   0.204212E+08   0.204211E+08   0.248514E+08   0.247846E+08   0.000000E+00   0.204212E+08   0.204212E+08   0.204289E+08  -0.457208E+00   0.985733E+07   0.985730E+07   0.782618E+02
   0.148269E-03   0.204169E+08   0.204168E+08   0.243487E+08   0.242686E+08   0.000000E+00   0.204169E+08   0.204169E+08   0.204245E+08  -0.457087E+00   0.985977E+07   0.985973E+07   0.859965E+02
   0.163793E-03   0.204118E+08   0.204116E+08   0.237481E+08   0.236523E+08   0.000000E+00   0.204118E+08   0.204118E+08   0.204191E+08  -0.456942E+00   0.986269E+07   0.986264E+07   0.943864E+02
   0.180942E-03   0.204056E+08   0.204054E+08   0.230336E+08   0.229197E+08   0.000000E+00   0.204056E+08   0.204056E+08   0.204127E+08  -0.456767E+00   0.986616E+07   0.986610E+07   0.103450E+03
   0.199887E-03   0.203981E+08   0.203979E+08   0.221886E+08   0.220538E+08   0.000000E+00   0.203981E+08   0.203981E+08   0.204050E+08  -0.456558E+00   0.987027E+07   0.987020E+07   0.113190E+03
   0.220816E-03   0.203891E+08   0.203888E+08   0.211963E+08   0.210379E+08   0.000000E+00   0.203891E+08   0.203891E+08   0.203957E+08  -0.456309E+00   0.987511E+07   0.987502E+07   0.123594E+03
   0.243935E-03   0.203784E+08   0.203780E+08   0.200412E+08   0.198566E+08   0.000000E+00   0.203783E+08   0.203783E+08   0.203845E+08  -0.456013E+00   0.988074E+07   0.988064E+07   0.134620E+03
   0.269476E-03   0.203656E+08   0.203652E+08   0.187108E+08   0.184982E+08   0.000000E+00   0.203655E+08   0.203655E+08   0.203713E+08  -0.455664E+00   0.988724E+07   0.988712E+07   0.146193E+03
   0.297690E-03   0.203504E+08   0.203499E+08   0.171990E+08   0.169572E+08   0.000000E+00   0.203503E+08   0.203503E+08   0.203556E+08  -0.455256E+00   0.989462E+07   0.989448E+07   0.158193E+03
   0.328859E-03   0.203325E+08   0.203319E+08   0.155093E+08   0.152387E+08   0.000000E+00   0.203324E+08   0.203324E+08   0.203372E+08  -0.454783E+00   0.990286E+07   0.990269E+07   0.170447E+03
   0.363291E-03   0.203115E+08   0.203108E+08   0.136592E+08   0.133627E+08   0.000000E+00   0.203114E+08   0.203114E+08   0.203156E+08  -0.454241E+00   0.991183E+07   0.991163E+07   0.182720E+03
   0.401328E-03   0.202872E+08   0.202863E+08   0.116855E+08   0.113690E+08   0.000000E+00   0.202871E+08   0.202871E+08   0.202907E+08  -0.453627E+00   0.992130E+07   0.992106E+07   0.194703E+03
   0.443348E-03   0.202594E+08   0.202583E+08   0.964803E+07   0.932128E+07   0.000000E+00   0.202592E+08   0.202592E+08   0.202621E+08  -0.452944E+00   0.993085E+07   0.993057E+07   0.206019E+03
   0.489767E-03   0.202278E+08   0.202265E+08   0.763082E+07   0.730776E+07   0.000000E+00   0.202276E+08   0.202276E+08   0.202299E+08  -0.452200E+00   0.993985E+07   0.993953E+07   0.216221E+03
   0.541046E-03   0.201925E+08   0.201910E+08   0.573875E+07   0.543711E+07   0.000000E+00   0.201923E+08   0.201923E+08   0.201940E+08  -0.451406E+00   0.994745E+07   0.994708E+07   0.224818E+03
   0.597695E-03   0.201538E+08   0.201521E+08   0.408533E+07   0.382490E+07   0.000000E+00   0.201535E+08   0.201535E+08   0.201548E+08  -0.450583E+00   0.995255E+07   0.995214E+07   0.231310E+03
   0.660274E-03   0.201122E+08   0.201102E+08   0.277050E+07   0.256968E+07   0.000000E+00   0.201119E+08   0.201119E+08   0.201127E+08  -0.449754E+00   0.995390E+07   0.995344E+07   0.235237E+03
   0.729406E-03   0.200683E+08   0.200660E+08   0.185006E+07   0.172086E+07   0.000000E+00   0.200679E+08   0.200679E+08   0.200685E+08  -0.448945E+00   0.995028E+07   0.994976E+07   0.236247E+03
   0.805776E-03   0.200229E+08   0.200204E+08   0.130592E+07   0.124840E+07   0.000000E+00   0.200225E+08   0.200225E+08   0.200229E+08  -0.448172E+00   0.994074E+07   0.994017E+07   0.234150E+03
   0.890142E-03   0.199768E+08   0.199739E+08   0.103527E+07   0.103417E+07   0.000000E+00   0.199763E+08   0.199763E+08   0.199766E+08  -0.447437E+00   0.992500E+07   0.992439E+07   0.228958E+03
   0.983341E-03   0.199303E+08   0.199271E+08   0.880285E+06   0.907338E+06   0.000000E+00   0.199298E+08   0.199298E+08   0.199300E+08  -0.446715E+00   0.990377E+07   0.990312E+07   0.220867E+03
   0.108630E-02   0.198831E+08   0.198796E+08   0.703844E+06   0.727834E+06   0.000000E+00   0.198825E+08   0.198825E+08   0.198827E+08  -0.445950E+00   0.987876E+07   0.987808E+07   0.210207E+03
   0.120004E-02   0.198339E+08   0.198302E+08   0.473826E+06   0.475325E+06   0.000000E+00   0.198333E+08   0.198333E+08   0.198334E+08  -0.445066E+00   0.985226E+07   0.985155E+07   0.197366E+03
   0.132568E-02   0.197808E+08   0.197770E+08   0.274099E+06   0.254840E+06   0.000000E+00   0.197802E+08   0.197802E+08   0.197802E+08  -0.443989E+00   0.982598E+07   0.982525E+07   0.182779E+03
   0.146448E-02   0.197215E+08   0.197176E+08   0.190493E+06   0.167205E+06   0.000000E+00   0.197209E+08   0.197209E+08   0.197209E+08  -0.442686E+00   0.979970E+07   0.979897E+07   0.166991E+03
   0.161781E-02   0.196543E+08   0.196503E+08   0.176275E+06  -0.253735E+06   0.000000E+00   0.196536E+08   0.196536E+08   0.196536E+08  -0.441175E+00   0.977090E+07   0.977017E+07   0.150726E+03
   0.178720E-02   0.195784E+08   0.195743E+08   0.114924E+06  -0.207127E+06   0.000000E+00   0.195777E+08   0.195777E+08   0.195777E+08  -0.439504E+00   0.973607E+07   0.973535E+07   0.134808E+03
   0.197432E-02   0.194934E+08   0.194894E+08   0.322354E+05  -0.169428E+06   0.000000E+00   0.194928E+08   0.194928E+08   0.194928E+08  -0.437675E+00   0.969388E+07   0.969316E+07   0.119969E+03
   0.218104E-02   0.193988E+08   0.193948E+08   0.295112E+05  -0.137662E+06   0.000000E+00   0.193982E+08   0.193982E+08   0.193981E+08  -0.435618E+00   0.964612E+07   0.964542E+07   0.106741E+03
   0.240940E-02   0.192929E+08   0.192888E+08   0.295339E+05  -0.111366E+06   0.000000E+00   0.192922E+08   0.192922E+08   0.192922E+08  -0.433256E+00   0.959447E+07   0.959378E+07   0.954376E+02
   0.266166E-02   0.191738E+08   0.191696E+08  -0.306370E+04  -0.906320E+05   0.000000E+00   0.191731E+08   0.191731E+08   0.191731E+08  -0.430587E+00   0.953678E+07   0.953610E+07   0.860013E+02
   0.294035E-02   0.190407E+08   0.190363E+08   0.552403E+04  -0.738894E+05   0.000000E+00   0.190399E+08   0.190399E+08   0.190399E+08  -0.427630E+00   0.947049E+07   0.946980E+07   0.779808E+02
   0.324820E-02   0.188924E+08   0.188878E+08  -0.121793E+05  -0.598121E+05   0.000000E+00   0.188916E+08   0.188916E+08   0.188916E+08  -0.424319E+00   0.939687E+07   0.939618E+07   0.707890E+02
   0.358830E-02   0.187274E+08   0.187225E+08  -0.683029E+04  -0.485742E+05   0.000000E+00   0.187266E+08   0.187266E+08   0.187266E+08  -0.420616E+00   0.931553E+07   0.931484E+07   0.639486E+02
   0.396400E-02   0.185444E+08   0.185393E+08  -0.149771E+05  -0.394105E+05   0.000000E+00   0.185435E+08   0.185435E+08   0.185435E+08  -0.416523E+00   0.922435E+07   0.922367E+07   0.573963E+02
   0.437903E-02   0.183420E+08   0.183366E+08  -0.825065E+04  -0.318809E+05   0.000000E+00   0.183411E+08   0.183411E+08   0.183411E+08  -0.411979E+00   0.912409E+07   0.912342E+07   0.514023E+02
   0.483752E-02   0.181187E+08   0.181129E+08  -0.342232E+04  -0.258163E+05   0.000000E+00   0.181177E+08   0.181177E+08   0.181177E+08  -0.406974E+00   0.901298E+07   0.901231E+07   0.462169E+02
   0.534402E-02   0.178731E+08   0.178668E+08  -0.903125E+04  -0.208516E+05   0.000000E+00   0.178721E+08   0.178721E+08   0.178720E+08  -0.401458E+00   0.889104E+07   0.889037E+07   0.417341E+02
   0.590354E-02   0.176036E+08   0.175967E+08  -0.833984E+04  -0.168130E+05   0.000000E+00   0.176024E+08   0.176024E+08   0.176024E+08  -0.395408E+00   0.875693E+07   0.875626E+07   0.376255E+02
   0.652165E-02   0.173086E+08   0.173010E+08  -0.840408E+04  -0.135527E+05   0.000000E+00   0.173073E+08   0.173073E+08   0.173073E+08  -0.388782E+00   0.861018E+07   0.860952E+07   0.337949E+02
   0.720448E-02   0.169864E+08   0.169779E+08  -0.658760E+04  -0.108963E+05   0.000000E+00   0.169850E+08   0.169850E+08   0.169850E+08  -0.381543E+00   0.844993E+07   0.844928E+07   0.303970E+02
   0.795880E-02   0.166354E+08   0.166260E+08  -0.339461E+04  -0.874012E+04   0.000000E+00   0.166338E+08   0.166338E+08   0.166338E+08  -0.373658E+00   0.827532E+07   0.827466E+07   0.274065E+02
   0.879210E-02   0.162542E+08   0.162435E+08  -0.338524E+04  -0.699593E+04   0.000000E+00   0.162524E+08   0.162524E+08   0.162524E+08  -0.365092E+00   0.808560E+07   0.808495E+07   0.246999E+02
   0.971265E-02   0.158413E+08   0.158292E+08  -0.352271E+04  -0.558672E+04   0.000000E+00   0.158393E+08   0.158393E+08   0.158393E+08  -0.355813E+00   0.788010E+07   0.787945E+07   0.222875E+02
   0.107296E-01   0.153955E+08   0.153817E+08  -0.269605E+04  -0.444886E+04   0.000000E+00   0.153932E+08   0.153932E+08   0.153932E+08  -0.345793E+00   0.765817E+07   0.765752E+07   0.201353E+02
   0.118530E-01   0.149154E+08   0.148997E+08  -0.204762E+04  -0.353026E+04   0.000000E+00   0.149128E+08   0.149128E+08   0.149128E+08  -0.335003E+00   0.741920E+07   0.741856E+07   0.182203E+02
   0.130940E-01   0.144003E+08   0.143822E+08  -0.129766E+04  -0.279286E+04   0.000000E+00   0.143972E+08   0.143972E+08   0.143972E+08  -0.323422E+00   0.716275E+07   0.716210E+07   0.165165E+02
   0.144650E-01   0.138498E+08   0.138291E+08  -0.160747E+04  -0.220061E+04   0.000000E+00   0.138464E+08   0.138464E+08   0.138464E+08  -0.311047E+00   0.688869E+07   0.688804E+07   0.150016E+02
   0.159795E-01   0.132646E+08   0.132409E+08  -0.127492E+04  -0.172726E+04   0.000000E+00   0.132606E+08   0.132606E+08   0.132606E+08  -0.297890E+00   0.659730E+07   0.659664E+07   0.136508E+02
   0.176525E-01   0.126417E+08   0.126148E+08  -0.788795E+03  -0.134879E+04   0.000000E+00   0.126372E+08   0.126372E+08   0.126372E+08  -0.283885E+00   0.628715E+07   0.628649E+07   0.124384E+02
   0.195008E-01   0.119824E+08   0.119519E+08  -0.782938E+03  -0.104742E+04   0.000000E+00   0.119773E+08   0.119773E+08   0.119773E+08  -0.269062E+00   0.595887E+07   0.595820E+07   0.113405E+02
   0.215425E-01   0.112902E+08   0.112559E+08  -0.650254E+03  -0.808461E+03   0.000000E+00   0.112844E+08   0.112844E+08   0.112844E+08  -0.253496E+00   0.561415E+07   0.561348E+07   0.103329E+02
   0.237981E-01   0.105694E+08   0.105314E+08  -0.436829E+03  -0.620237E+03   0.000000E+00   0.105630E+08   0.105630E+08   0.105630E+08  -0.237291E+00   0.525525E+07   0.525458E+07   0.939130E+01
   0.262898E-01   0.982719E+07   0.978563E+07  -0.370296E+03  -0.472506E+03   0.000000E+00   0.982021E+07   0.982021E+07   0.982021E+07  -0.220605E+00   0.488571E+07   0.488504E+07   0.848978E+01
   0.290424E-01   0.907431E+07   0.902973E+07  -0.316655E+03  -0.357457E+03   0.000000E+00   0.906682E+07   0.906682E+07   0.906682E+07  -0.203680E+00   0.451090E+07   0.451024E+07   0.760739E+01
   0.320831E-01   0.832522E+07   0.827856E+07  -0.247140E+03  -0.268676E+03   0.000000E+00   0.831739E+07   0.831739E+07   0.831739E+07  -0.186845E+00   0.413805E+07   0.413741E+07   0.672617E+01
   0.354423E-01   0.759772E+07   0.755034E+07  -0.137193E+03  -0.200892E+03   0.000000E+00   0.758977E+07   0.758977E+07   0.758977E+07  -0.170499E+00   0.377606E+07   0.377544E+07   0.583503E+01
   0.391531E-01   0.691199E+07   0.686567E+07  -0.151423E+03  -0.149765E+03   0.000000E+00   0.690421E+07   0.690421E+07   0.690421E+07  -0.155099E+00   0.343498E+07   0.343440E+07   0.493412E+01
   0.432525E-01   0.628469E+07   0.624150E+07  -0.110108E+03  -0.111567E+03   0.000000E+00   0.627744E+07   0.627744E+07   0.627744E+07  -0.141019E+00   0.312315E+07   0.312263E+07   0.403713E+01
   0.475778E-01   0.575835E+07   0.572005E+07  -0.833790E+02  -0.844840E+02   0.000000E+00   0.575192E+07   0.575192E+07   0.575192E+07  -0.129213E+00   0.286169E+07   0.286123E+07   0.321193E+01
   0.519030E-01   0.534161E+07   0.530905E+07  -0.649960E+02  -0.658574E+02   0.000000E+00   0.533615E+07   0.533615E+07   0.533615E+07  -0.119873E+00   0.265483E+07   0.265444E+07   0.252059E+01
   0.562283E-01   0.500409E+07   0.497726E+07  -0.518872E+02  -0.525749E+02   0.000000E+00   0.499958E+07   0.499958E+07   0.499958E+07  -0.112313E+00   0.248738E+07   0.248705E+07   0.196798E+01
   0.605536E-01   0.471887E+07   0.469710E+07  -0.421940E+02  -0.427533E+02   0.000000E+00   0.471521E+07   0.471521E+07   0.471521E+07  -0.105924E+00   0.234589E+07   0.234561E+07   0.155039E+01
   0.648788E-01   0.446339E+07   0.444551E+07  -0.347688E+02  -0.352296E+02   0.000000E+00   0.446038E+07   0.446038E+07   0.446038E+07  -0.100200E+00   0.221911E+07   0.221886E+07   0.125507E+01
   0.692041E-01   0.422198E+07   0.420660E+07  -0.289073E+02  -0.292905E+02   0.000000E+00   0.421940E+07   0.421940E+07   0.421940E+07  -0.947863E-01   0.209922E+07   0.209899E+07   0.106228E+01
   0.735293E-01   0.398496E+07   0.397071E+07  -0.241692E+02  -0.244895E+02   0.000000E+00   0.398256E+07   0.398256E+07   0.398256E+07  -0.894659E-01   0.198138E+07   0.198118E+07   0.947836E+00
   0.778546E-01   0.374875E+07   0.373452E+07  -0.202798E+02  -0.205486E+02   0.000000E+00   0.374636E+07   0.374636E+07   0.374636E+07  -0.841597E-01   0.186387E+07   0.186366E+07   0.886316E+00
   0.821798E-01   0.351535E+07   0.350038E+07  -0.170669E+02  -0.172931E+02   0.000000E+00   0.351284E+07   0.351284E+07   0.351284E+07  -0.789138E-01   0.174769E+07   0.174748E+07   0.854160E+00
   0.865051E-01   0.329000E+07   0.327398E+07  -0.144142E+02  -0.146052E+02   0.000000E+00   0.328731E+07   0.328731E+07   0.328731E+07  -0.738475E-01   0.163550E+07   0.163528E+07   0.831971E+00
   0.908303E-01   0.307897E+07   0.306199E+07  -0.122343E+02  -0.123965E+02   0.000000E+00   0.307612E+07   0.307612E+07   0.307612E+07  -0.691033E-01   0.153043E+07   0.153021E+07   0.805907E+00
   0.962402E-01   0.284389E+07   0.282630E+07  -0.100648E+02  -0.101982E+02   0.000000E+00   0.284094E+07   0.284094E+07   0.284094E+07  -0.638199E-01   0.141342E+07   0.141320E+07   0.756373E+00
   0.101650E+00   0.264771E+07   0.263045E+07  -0.840009E+01  -0.851141E+01   0.000000E+00   0.264481E+07   0.264481E+07   0.264481E+07  -0.594140E-01   0.131584E+07   0.131563E+07   0.685194E+00
   0.107060E+00   0.249116E+07   0.247516E+07  -0.712404E+01  -0.721846E+01   0.000000E+00   0.248847E+07   0.248847E+07   0.248847E+07  -0.559021E-01   0.123806E+07   0.123787E+07   0.598349E+00
   0.112470E+00   0.236787E+07   0.235378E+07  -0.613616E+01  -0.621748E+01   0.000000E+00   0.236550E+07   0.236550E+07   0.236550E+07  -0.531396E-01   0.117688E+07   0.117671E+07   0.506826E+00
   0.117880E+00   0.226729E+07   0.225532E+07  -0.534948E+01  -0.542038E+01   0.000000E+00   0.226528E+07   0.226528E+07   0.226528E+07  -0.508882E-01   0.112702E+07   0.112687E+07   0.422206E+00
   0.123290E+00   0.217816E+07   0.216811E+07  -0.469881E+01  -0.476108E+01   0.000000E+00   0.217647E+07   0.217647E+07   0.217647E+07  -0.488932E-01   0.108283E+07   0.108270E+07   0.353265E+00
   0.128699E+00   0.209100E+07   0.208233E+07  -0.413959E+01  -0.419445E+01   0.000000E+00   0.208955E+07   0.208955E+07   0.208955E+07  -0.469404E-01   0.103958E+07   0.103946E+07   0.304150E+00
   0.134109E+00   0.200008E+07   0.199213E+07  -0.364642E+01  -0.369475E+01   0.000000E+00   0.199875E+07   0.199875E+07   0.199875E+07  -0.449006E-01   0.994407E+06   0.994296E+06   0.274245E+00
   0.139519E+00   0.190426E+07   0.189643E+07  -0.320781E+01  -0.325033E+01   0.000000E+00   0.190295E+07   0.190295E+07   0.190295E+07  -0.427486E-01   0.946746E+06   0.946637E+06   0.259289E+00
   0.144929E+00   0.180581E+07   0.179767E+07  -0.281913E+01  -0.285649E+01   0.000000E+00   0.180444E+07   0.180444E+07   0.180444E+07  -0.405357E-01   0.897740E+06   0.897630E+06   0.253103E+00
   0.150339E+00   0.170863E+07   0.170002E+07  -0.247857E+01  -0.251142E+01   0.000000E+00   0.170718E+07   0.170718E+07   0.170718E+07  -0.383508E-01   0.849352E+06   0.849239E+06   0.249423E+00
   0.155749E+00   0.161741E+07   0.160842E+07  -0.218577E+01  -0.221474E+01   0.000000E+00   0.161590E+07   0.161590E+07   0.161590E+07  -0.363002E-01   0.803938E+06   0.803824E+06   0.243422E+00
   0.161159E+00   0.153661E+07   0.152753E+07  -0.193950E+01  -0.196520E+01   0.000000E+00   0.153508E+07   0.153508E+07   0.153508E+07  -0.344847E-01   0.763732E+06   0.763620E+06   0.232532E+00
   0.166568E+00   0.146857E+07   0.145973E+07  -0.173525E+01  -0.175825E+01   0.000000E+00   0.146708E+07   0.146708E+07   0.146708E+07  -0.329572E-01   0.729901E+06   0.729793E+06   0.216468E+00
   0.171978E+00   0.141250E+07   0.140422E+07  -0.156561E+01  -0.158636E+01   0.000000E+00   0.141111E+07   0.141111E+07   0.141111E+07  -0.316998E-01   0.702054E+06   0.701953E+06   0.196697E+00
   0.177388E+00   0.136560E+07   0.135807E+07  -0.142269E+01  -0.144154E+01   0.000000E+00   0.136434E+07   0.136434E+07   0.136434E+07  -0.306490E-01   0.678782E+06   0.678689E+06   0.175653E+00
   0.182798E+00   0.132455E+07   0.131780E+07  -0.129959E+01  -0.131681E+01   0.000000E+00   0.132341E+07   0.132341E+07   0.132341E+07  -0.297297E-01   0.658421E+06   0.658335E+06   0.155908E+00
   0.188208E+00   0.128603E+07   0.127997E+07  -0.119045E+01  -0.120623E+01   0.000000E+00   0.128501E+07   0.128501E+07   0.128501E+07  -0.288671E-01   0.639315E+06   0.639237E+06   0.139442E+00
   0.193618E+00   0.124707E+07   0.124150E+07  -0.109079E+01  -0.110524E+01   0.000000E+00   0.124614E+07   0.124614E+07   0.124614E+07  -0.279937E-01   0.619973E+06   0.619899E+06   0.127222E+00
   0.199028E+00   0.120590E+07   0.120059E+07  -0.998150E+00  -0.101138E+01   0.000000E+00   0.120501E+07   0.120501E+07   0.120501E+07  -0.270697E-01   0.599510E+06   0.599439E+06   0.119160E+00
   0.204437E+00   0.116254E+07   0.115729E+07  -0.912008E+00  -0.924096E+00   0.000000E+00   0.116166E+07   0.116166E+07   0.116166E+07  -0.260960E-01   0.577946E+06   0.577876E+06   0.114353E+00
   0.209847E+00   0.111833E+07   0.111300E+07  -0.832728E+00  -0.843764E+00   0.000000E+00   0.111743E+07   0.111743E+07   0.111743E+07  -0.251025E-01   0.555942E+06   0.555872E+06   0.111454E+00
   0.215257E+00   0.107494E+07   0.106949E+07  -0.760596E+00  -0.770676E+00   0.000000E+00   0.107403E+07   0.107403E+07   0.107403E+07  -0.241274E-01   0.534346E+06   0.534276E+06   0.109066E+00
   0.220667E+00   0.103400E+07   0.102847E+07  -0.696119E+00  -0.705346E+00   0.000000E+00   0.103307E+07   0.103307E+07   0.103307E+07  -0.232073E-01   0.513970E+06   0.513900E+06   0.106086E+00
   0.226077E+00   0.996844E+06   0.991332E+06  -0.639395E+00  -0.647870E+00   0.000000E+00   0.995919E+06   0.995919E+06   0.995919E+06  -0.223727E-01   0.495487E+06   0.495418E+06   0.101915E+00
   0.231487E+00   0.964187E+06   0.958813E+06  -0.589920E+00  -0.597738E+00   0.000000E+00   0.963285E+06   0.963285E+06   0.963285E+06  -0.216396E-01   0.479251E+06   0.479184E+06   0.964861E-01
   0.236897E+00   0.935845E+06   0.930714E+06  -0.546709E+00  -0.553954E+00   0.000000E+00   0.934983E+06   0.934983E+06   0.934983E+06  -0.210038E-01   0.465171E+06   0.465107E+06   0.901591E-01
   0.242307E+00   0.910910E+06   0.906086E+06  -0.508624E+00  -0.515365E+00   0.000000E+00   0.910100E+06   0.910100E+06   0.910100E+06  -0.204449E-01   0.452791E+06   0.452730E+06   0.835298E-01
   0.247716E+00   0.888149E+06   0.883643E+06  -0.474527E+00  -0.480816E+00   0.000000E+00   0.887392E+06   0.887392E+06   0.887392E+06  -0.199347E-01   0.441493E+06   0.441435E+06   0.772318E-01
   0.253126E+00   0.866323E+06   0.862100E+06  -0.443335E+00  -0.449210E+00   0.000000E+00   0.865614E+06   0.865614E+06   0.865614E+06  -0.194455E-01   0.430657E+06   0.430603E+06   0.717655E-01
   0.258536E+00   0.844438E+06   0.840428E+06  -0.414229E+00  -0.419719E+00   0.000000E+00   0.843764E+06   0.843764E+06   0.843764E+06  -0.189547E-01   0.419787E+06   0.419734E+06   0.673927E-01
   0.263946E+00   0.821964E+06   0.818088E+06  -0.386821E+00  -0.391948E+00   0.000000E+00   0.821314E+06   0.821314E+06   0.821314E+06  -0.184503E-01   0.408617E+06   0.408566E+06   0.641152E-01
   0.269356E+00   0.798922E+06   0.795108E+06  -0.361039E+00  -0.365824E+00   0.000000E+00   0.798282E+06   0.798282E+06   0.798282E+06  -0.179329E-01   0.397158E+06   0.397109E+06   0.617227E-01
   0.274766E+00   0.775730E+06   0.771929E+06  -0.336907E+00  -0.341372E+00   0.000000E+00   0.775092E+06   0.775092E+06   0.775092E+06  -0.174120E-01   0.385621E+06   0.385572E+06   0.598822E-01
   0.280176E+00   0.752971E+06   0.749168E+06  -0.314495E+00  -0.318663E+00   0.000000E+00   0.752332E+06   0.752332E+06   0.752332E+06  -0.169007E-01   0.374298E+06   0.374249E+06   0.582380E-01
   0.285585E+00   0.731225E+06   0.727431E+06  -0.293922E+00  -0.297817E+00   0.000000E+00   0.730588E+06   0.730588E+06   0.730588E+06  -0.164122E-01   0.363480E+06   0.363432E+06   0.564991E-01
   0.290995E+00   0.710965E+06   0.707211E+06  -0.275262E+00  -0.278911E+00   0.000000E+00   0.710335E+06   0.710335E+06   0.710335E+06  -0.159572E-01   0.353404E+06   0.353356E+06   0.544963E-01
   0.296405E+00   0.692447E+06   0.688774E+06  -0.258410E+00  -0.261835E+00   0.000000E+00   0.691830E+06   0.691830E+06   0.691830E+06  -0.155416E-01   0.344198E+06   0.344151E+06   0.521964E-01
   0.301815E+00   0.675628E+06   0.672071E+06  -0.243166E+00  -0.246389E+00   0.000000E+00   0.675031E+06   0.675031E+06   0.675031E+06  -0.151642E-01   0.335840E+06   0.335795E+06   0.496796E-01
   0.307225E+00   0.660197E+06   0.656777E+06  -0.229310E+00  -0.232349E+00   0.000000E+00   0.659623E+06   0.659623E+06   0.659623E+06  -0.148180E-01   0.328174E+06   0.328130E+06   0.470937E-01
   0.312635E+00   0.645714E+06   0.642437E+06  -0.216592E+00  -0.219463E+00   0.000000E+00   0.645164E+06   0.645164E+06   0.645164E+06  -0.144932E-01   0.320980E+06   0.320938E+06   0.446034E-01
   0.318045E+00   0.631764E+06   0.628618E+06  -0.204786E+00  -0.207500E+00   0.000000E+00   0.631236E+06   0.631236E+06   0.631236E+06  -0.141803E-01   0.314051E+06   0.314010E+06   0.423462E-01
   0.323454E+00   0.618021E+06   0.614983E+06  -0.193678E+00  -0.196245E+00   0.000000E+00   0.617511E+06   0.617511E+06   0.617511E+06  -0.138720E-01   0.307222E+06   0.307183E+06   0.404014E-01
   0.328864E+00   0.604276E+06   0.601318E+06  -0.183177E+00  -0.185605E+00   0.000000E+00   0.603779E+06   0.603779E+06   0.603779E+06  -0.135635E-01   0.300390E+06   0.300352E+06   0.387797E-01
   0.334274E+00   0.590472E+06   0.587569E+06  -0.173253E+00  -0.175550E+00   0.000000E+00   0.589985E+06   0.589985E+06   0.589985E+06  -0.132537E-01   0.293527E+06   0.293490E+06   0.374323E-01
   0.339684E+00   0.576727E+06   0.573861E+06  -0.163885E+00  -0.166057E+00   0.000000E+00   0.576246E+06   0.576246E+06   0.576246E+06  -0.129450E-01   0.286692E+06   0.286655E+06   0.362743E-01
   0.345094E+00   0.563261E+06   0.560423E+06  -0.155072E+00  -0.157127E+00   0.000000E+00   0.562784E+06   0.562784E+06   0.562784E+06  -0.126426E-01   0.279995E+06   0.279958E+06   0.352109E-01
   0.350504E+00   0.550283E+06   0.547476E+06  -0.146847E+00  -0.148793E+00   0.000000E+00   0.549812E+06   0.549812E+06   0.549812E+06  -0.123512E-01   0.273541E+06   0.273505E+06   0.341596E-01
   0.355914E+00   0.537932E+06   0.535163E+06  -0.139225E+00  -0.141070E+00   0.000000E+00   0.537467E+06   0.537467E+06   0.537467E+06  -0.120739E-01   0.267399E+06   0.267364E+06   0.330666E-01
   0.361324E+00   0.526279E+06   0.523561E+06  -0.132170E+00  -0.133921E+00   0.000000E+00   0.525823E+06   0.525823E+06   0.525823E+06  -0.118123E-01   0.261606E+06   0.261571E+06   0.319140E-01
   0.366733E+00   0.515336E+06   0.512681E+06  -0.125626E+00  -0.127291E+00   0.000000E+00   0.514890E+06   0.514890E+06   0.514890E+06  -0.115667E-01   0.256167E+06   0.256133E+06   0.307168E-01
   0.372143E+00   0.505032E+06   0.502447E+06  -0.119553E+00  -0.121137E+00   0.000000E+00   0.504598E+06   0.504598E+06   0.504598E+06  -0.113355E-01   0.251046E+06   0.251013E+06   0.295112E-01
   0.377553E+00   0.495219E+06   0.492707E+06  -0.113900E+00  -0.115410E+00   0.000000E+00   0.494797E+06   0.494797E+06   0.494797E+06  -0.111153E-01   0.246170E+06   0.246138E+06   0.283403E-01
   0.382963E+00   0.485736E+06   0.483293E+06  -0.108593E+00  -0.110032E+00   0.000000E+00   0.485326E+06   0.485326E+06   0.485326E+06  -0.109026E-01   0.241458E+06   0.241427E+06   0.272426E-01
   0.388373E+00   0.476463E+06   0.474082E+06  -0.103569E+00  -0.104941E+00   0.000000E+00   0.476063E+06   0.476063E+06   0.476063E+06  -0.106945E-01   0.236850E+06   0.236819E+06   0.262428E-01
   0.393783E+00   0.467328E+06   0.464999E+06  -0.988045E-01  -0.100114E+00   0.000000E+00   0.466937E+06   0.466937E+06   0.466937E+06  -0.104895E-01   0.232309E+06   0.232279E+06   0.253481E-01
   0.399193E+00   0.458298E+06   0.456012E+06  -0.942916E-01  -0.955413E-01   0.000000E+00   0.457914E+06   0.457914E+06   0.457914E+06  -0.102868E-01   0.227820E+06   0.227791E+06   0.245486E-01
   0.404602E+00   0.449388E+06   0.447138E+06  -0.900082E-01  -0.912011E-01   0.000000E+00   0.449010E+06   0.449010E+06   0.449010E+06  -0.100867E-01   0.223390E+06   0.223361E+06   0.238224E-01
   0.410012E+00   0.440657E+06   0.438438E+06  -0.859410E-01  -0.870800E-01   0.000000E+00   0.440284E+06   0.440284E+06   0.440284E+06  -0.989073E-02   0.219049E+06   0.219021E+06   0.231435E-01
   0.415422E+00   0.432175E+06   0.429987E+06  -0.821008E-01  -0.831890E-01   0.000000E+00   0.431808E+06   0.431808E+06   0.431808E+06  -0.970031E-02   0.214832E+06   0.214804E+06   0.224876E-01
   0.420832E+00   0.423993E+06   0.421836E+06  -0.784912E-01  -0.795315E-01   0.000000E+00   0.423630E+06   0.423630E+06   0.423630E+06  -0.951661E-02   0.210763E+06   0.210736E+06   0.218372E-01
   0.426242E+00   0.416133E+06   0.414013E+06  -0.750982E-01  -0.760935E-01   0.000000E+00   0.415777E+06   0.415777E+06   0.415777E+06  -0.934019E-02   0.206856E+06   0.206829E+06   0.211838E-01
   0.431652E+00   0.408606E+06   0.406524E+06  -0.719006E-01  -0.728535E-01   0.000000E+00   0.408256E+06   0.408256E+06   0.408256E+06  -0.917123E-02   0.203114E+06   0.203088E+06   0.205284E-01
   0.437062E+00   0.401392E+06   0.399352E+06  -0.688883E-01  -0.698014E-01   0.000000E+00   0.401049E+06   0.401049E+06   0.401049E+06  -0.900934E-02   0.199529E+06   0.199503E+06   0.198789E-01
   0.442471E+00   0.394447E+06   0.392449E+06  -0.660536E-01  -0.669291E-01   0.000000E+00   0.394111E+06   0.394111E+06   0.394111E+06  -0.885348E-02   0.196077E+06   0.196052E+06   0.192463E-01
   0.447881E+00   0.387714E+06   0.385757E+06  -0.633718E-01  -0.642116E-01   0.000000E+00   0.387385E+06   0.387385E+06   0.387385E+06  -0.870238E-02   0.192731E+06   0.192706E+06   0.186410E-01
   0.453291E+00   0.381149E+06   0.379231E+06  -0.608184E-01  -0.616245E-01   0.000000E+00   0.380827E+06   0.380827E+06   0.380827E+06  -0.855506E-02   0.189468E+06   0.189443E+06   0.180709E-01
   0.458701E+00   0.374724E+06   0.372842E+06  -0.583875E-01  -0.591613E-01   0.000000E+00   0.374408E+06   0.374408E+06   0.374408E+06  -0.841085E-02   0.186274E+06   0.186250E+06   0.175391E-01
   0.464111E+00   0.368419E+06   0.366568E+06  -0.560771E-01  -0.568203E-01   0.000000E+00   0.368108E+06   0.368108E+06   0.368108E+06  -0.826933E-02   0.183140E+06   0.183116E+06   0.170440E-01
   0.469521E+00   0.362226E+06   0.360405E+06  -0.538749E-01  -0.545889E-01   0.000000E+00   0.361920E+06   0.361920E+06   0.361920E+06  -0.813033E-02   0.180062E+06   0.180038E+06   0.165803E-01
   0.474931E+00   0.356159E+06   0.354365E+06  -0.517702E-01  -0.524564E-01   0.000000E+00   0.355858E+06   0.355858E+06   0.355858E+06  -0.799413E-02   0.177045E+06   0.177022E+06   0.161407E-01
   0.480340E+00   0.350241E+06   0.348472E+06  -0.497663E-01  -0.504260E-01   0.000000E+00   0.349944E+06   0.349944E+06   0.349944E+06  -0.786128E-02   0.174103E+06   0.174080E+06   0.157181E-01
   0.485750E+00   0.344489E+06   0.342746E+06  -0.478669E-01  -0.485013E-01   0.000000E+00   0.344197E+06   0.344197E+06   0.344197E+06  -0.773217E-02   0.171244E+06   0.171221E+06   0.153067E-01
   0.491160E+00   0.338909E+06   0.337192E+06  -0.460629E-01  -0.466733E-01   0.000000E+00   0.338620E+06   0.338620E+06   0.338620E+06  -0.760690E-02   0.168469E+06   0.168447E+06   0.149027E-01
   0.496570E+00   0.333499E+06   0.331809E+06  -0.443433E-01  -0.449309E-01   0.000000E+00   0.333215E+06   0.333215E+06   0.333215E+06  -0.748547E-02   0.165780E+06   0.165759E+06   0.145051E-01
   0.501980E+00   0.328258E+06   0.326596E+06  -0.427076E-01  -0.432737E-01   0.000000E+00   0.327979E+06   0.327979E+06   0.327979E+06  -0.736786E-02   0.163175E+06   0.163154E+06   0.141152E-01
   0.507390E+00   0.323178E+06   0.321543E+06  -0.411569E-01  -0.417024E-01   0.000000E+00   0.322903E+06   0.322903E+06   0.322903E+06  -0.725383E-02   0.160650E+06   0.160629E+06   0.137355E-01
   0.512800E+00   0.318236E+06   0.316629E+06  -0.396796E-01  -0.402055E-01   0.000000E+00   0.317966E+06   0.317966E+06   0.317966E+06  -0.714292E-02   0.158194E+06   0.158173E+06   0.133687E-01
   0.518210E+00   0.313412E+06   0.311831E+06  -0.382647E-01  -0.387719E-01   0.000000E+00   0.313146E+06   0.313146E+06   0.313146E+06  -0.703464E-02   0.155796E+06   0.155775E+06   0.130168E-01
   0.523619E+00   0.308693E+06   0.307138E+06  -0.369115E-01  -0.374007E-01   0.000000E+00   0.308432E+06   0.308432E+06   0.308432E+06  -0.692874E-02   0.153450E+06   0.153430E+06   0.126810E-01
   0.529029E+00   0.304076E+06   0.302544E+06  -0.356212E-01  -0.360933E-01   0.000000E+00   0.303819E+06   0.303819E+06   0.303819E+06  -0.682510E-02   0.151155E+06   0.151135E+06   0.123614E-01
   0.534439E+00   0.299553E+06   0.298043E+06  -0.343865E-01  -0.348423E-01   0.000000E+00   0.299299E+06   0.299299E+06   0.299299E+06  -0.672358E-02   0.148906E+06   0.148887E+06   0.120566E-01
   0.539849E+00   0.295120E+06   0.293632E+06  -0.332009E-01  -0.336409E-01   0.000000E+00   0.294870E+06   0.294870E+06   0.294870E+06  -0.662409E-02   0.146703E+06   0.146684E+06   0.117646E-01
   0.545259E+00   0.290783E+06   0.289316E+06  -0.320650E-01  -0.324900E-01   0.000000E+00   0.290537E+06   0.290537E+06   0.290537E+06  -0.652674E-02   0.144547E+06   0.144528E+06   0.114832E-01
   0.550669E+00   0.286550E+06   0.285103E+06  -0.309815E-01  -0.313921E-01   0.000000E+00   0.286307E+06   0.286307E+06   0.286307E+06  -0.643171E-02   0.142443E+06   0.142424E+06   0.112105E-01
   0.556079E+00   0.282421E+06   0.280995E+06  -0.299458E-01  -0.303426E-01   0.000000E+00   0.282182E+06   0.282182E+06   0.282182E+06  -0.633905E-02   0.140390E+06   0.140372E+06   0.109450E-01
   0.561488E+00   0.278394E+06   0.276988E+06  -0.289515E-01  -0.293352E-01   0.000000E+00   0.278158E+06   0.278158E+06   0.278158E+06  -0.624866E-02   0.138388E+06   0.138370E+06   0.106860E-01
   0.566898E+00   0.274467E+06   0.273080E+06  -0.279991E-01  -0.283702E-01   0.000000E+00   0.274234E+06   0.274234E+06   0.274234E+06  -0.616051E-02   0.136436E+06   0.136419E+06   0.104332E-01
   0.572308E+00   0.270639E+06   0.269272E+06  -0.270902E-01  -0.274493E-01   0.000000E+00   0.270409E+06   0.270409E+06   0.270409E+06  -0.607458E-02   0.134533E+06   0.134516E+06   0.101872E-01
   0.577718E+00   0.266903E+06   0.265556E+06  -0.262203E-01  -0.265678E-01   0.000000E+00   0.266677E+06   0.266677E+06   0.266677E+06  -0.599074E-02   0.132676E+06   0.132659E+06   0.994851E-02
   0.583128E+00   0.263250E+06   0.261922E+06  -0.253827E-01  -0.257191E-01   0.000000E+00   0.263027E+06   0.263027E+06   0.263027E+06  -0.590875E-02   0.130861E+06   0.130844E+06   0.971751E-02
   0.588538E+00   0.259674E+06   0.258364E+06  -0.245780E-01  -0.249037E-01   0.000000E+00   0.259454E+06   0.259454E+06   0.259454E+06  -0.582848E-02   0.129083E+06   0.129066E+06   0.949455E-02
   0.593948E+00   0.256173E+06   0.254881E+06  -0.238079E-01  -0.241234E-01   0.000000E+00   0.255956E+06   0.255956E+06   0.255956E+06  -0.574989E-02   0.127342E+06   0.127326E+06   0.927969E-02
   0.599357E+00   0.252743E+06   0.251469E+06  -0.230686E-01  -0.233743E-01   0.000000E+00   0.252529E+06   0.252529E+06   0.252529E+06  -0.567292E-02   0.125638E+06   0.125621E+06   0.907262E-02
   0.604767E+00   0.249382E+06   0.248124E+06  -0.223555E-01  -0.226518E-01   0.000000E+00   0.249171E+06   0.249171E+06   0.249171E+06  -0.559747E-02   0.123967E+06   0.123950E+06   0.887271E-02
   0.654604E+00   0.221534E+06   0.220417E+06  -0.169505E-01  -0.171751E-01   0.000000E+00   0.221347E+06   0.221347E+06   0.221347E+06  -0.497242E-02   0.110124E+06   0.110110E+06   0.728105E-02
   0.708548E+00   0.196656E+06   0.195664E+06  -0.128433E-01  -0.130135E-01   0.000000E+00   0.196490E+06   0.196490E+06   0.196490E+06  -0.441403E-02   0.977571E+05   0.977444E+05   0.597011E-02
   0.766937E+00   0.174452E+06   0.173572E+06  -0.972359E-02  -0.985247E-02   0.000000E+00   0.174305E+06   0.174305E+06   0.174305E+06  -0.391565E-02   0.867195E+05   0.867082E+05   0.489075E-02
   0.830138E+00   0.154646E+06   0.153866E+06  -0.735712E-02  -0.745463E-02   0.000000E+00   0.154515E+06   0.154515E+06   0.154515E+06  -0.347108E-02   0.768737E+05   0.768637E+05   0.400364E-02
   0.898547E+00   0.136993E+06   0.136303E+06  -0.556277E-02  -0.563650E-02   0.000000E+00   0.136878E+06   0.136878E+06   0.136878E+06  -0.307487E-02   0.680989E+05   0.680901E+05   0.327516E-02
   0.972594E+00   0.121278E+06   0.120667E+06  -0.420354E-02  -0.425925E-02   0.000000E+00   0.121175E+06   0.121175E+06   0.121175E+06  -0.272213E-02   0.602867E+05   0.602789E+05   0.267742E-02
   0.105274E+01   0.107299E+06   0.106758E+06  -0.317436E-02  -0.321643E-02   0.000000E+00   0.107208E+06   0.107208E+06   0.107208E+06  -0.240837E-02   0.533380E+05   0.533311E+05   0.218733E-02
   0.113950E+01   0.948726E+05   0.943945E+05  -0.239565E-02  -0.242740E-02   0.000000E+00   0.947923E+05   0.947923E+05   0.947923E+05  -0.212945E-02   0.471608E+05   0.471547E+05   0.178574E-02
   0.123340E+01   0.838374E+05   0.834150E+05  -0.180682E-02  -0.183077E-02   0.000000E+00   0.837665E+05   0.837665E+05   0.837665E+05  -0.188176E-02   0.416752E+05   0.416698E+05   0.145696E-02
   0.133504E+01   0.740441E+05   0.736711E+05  -0.136201E-02  -0.138006E-02   0.000000E+00   0.739814E+05   0.739814E+05   0.739814E+05  -0.166195E-02   0.368070E+05   0.368023E+05   0.118794E-02
   0.144505E+01   0.653593E+05   0.650301E+05  -0.102621E-02  -0.103982E-02   0.000000E+00   0.653041E+05   0.653041E+05   0.653041E+05  -0.146702E-02   0.324899E+05   0.324857E+05   0.967982E-03
   0.156414E+01   0.576632E+05   0.573728E+05  -0.773240E-03  -0.783481E-03   0.000000E+00   0.576145E+05   0.576145E+05   0.576145E+05  -0.129428E-02   0.286642E+05   0.286605E+05   0.788248E-03
   0.169303E+01   0.508479E+05   0.505918E+05  -0.580986E-03  -0.588694E-03   0.000000E+00   0.508049E+05   0.508049E+05   0.508049E+05  -0.114130E-02   0.252763E+05   0.252730E+05   0.641477E-03
   0.183255E+01   0.448163E+05   0.445906E+05  -0.436226E-03  -0.442025E-03   0.000000E+00   0.447784E+05   0.447784E+05   0.447784E+05  -0.100592E-02   0.222780E+05   0.222751E+05   0.521697E-03
   0.198356E+01   0.394816E+05   0.392829E+05  -0.329912E-03  -0.334273E-03   0.000000E+00   0.394483E+05   0.394483E+05   0.394483E+05  -0.886182E-03   0.196262E+05   0.196237E+05   0.424002E-03
   0.214702E+01   0.347663E+05   0.345913E+05  -0.248033E-03  -0.251310E-03   0.000000E+00   0.347369E+05   0.347369E+05   0.347369E+05  -0.780344E-03   0.172822E+05   0.172800E+05   0.344368E-03
   0.232395E+01   0.306008E+05   0.304468E+05  -0.185708E-03  -0.188170E-03   0.000000E+00   0.305749E+05   0.305749E+05   0.305749E+05  -0.686848E-03   0.152115E+05   0.152096E+05   0.279493E-03
   0.251546E+01   0.269230E+05   0.267875E+05  -0.140284E-03  -0.142133E-03   0.000000E+00   0.269002E+05   0.269002E+05   0.269002E+05  -0.604298E-03   0.133833E+05   0.133816E+05   0.226673E-03
   0.272275E+01   0.236776E+05   0.235585E+05  -0.104183E-03  -0.105571E-03   0.000000E+00   0.236576E+05   0.236576E+05   0.236576E+05  -0.531454E-03   0.117701E+05   0.117686E+05   0.183691E-03
   0.294713E+01   0.208152E+05   0.207105E+05  -0.790923E-04  -0.801337E-04   0.000000E+00   0.207976E+05   0.207976E+05   0.207976E+05  -0.467206E-03   0.103472E+05   0.103459E+05   0.148736E-03
   0.318999E+01   0.182919E+05   0.181999E+05  -0.586178E-04  -0.593989E-04   0.000000E+00   0.182764E+05   0.182764E+05   0.182764E+05  -0.410569E-03   0.909283E+04   0.909168E+04   0.120323E-03
   0.345287E+01   0.160686E+05   0.159878E+05  -0.439116E-04  -0.444973E-04   0.000000E+00   0.160550E+05   0.160550E+05   0.160550E+05  -0.360666E-03   0.798763E+04   0.798663E+04   0.972431E-04
   0.373741E+01   0.141104E+05   0.140396E+05  -0.329581E-04  -0.333971E-04   0.000000E+00   0.140985E+05   0.140985E+05   0.140985E+05  -0.316715E-03   0.701426E+04   0.701338E+04   0.785047E-04
   0.404539E+01   0.123867E+05   0.123245E+05  -0.248437E-04  -0.251726E-04   0.000000E+00   0.123762E+05   0.123762E+05   0.123762E+05  -0.278025E-03   0.615739E+04   0.615662E+04   0.633009E-04
   0.437876E+01   0.108699E+05   0.108153E+05  -0.184283E-04  -0.186746E-04   0.000000E+00   0.108607E+05   0.108607E+05   0.108607E+05  -0.243980E-03   0.540339E+04   0.540272E+04   0.509723E-04
   0.473960E+01   0.953575E+04   0.948792E+04  -0.137726E-04  -0.139570E-04   0.000000E+00   0.952772E+04   0.952772E+04   0.952772E+04  -0.214034E-03   0.474020E+04   0.473961E+04   0.409819E-04
   0.513018E+01   0.836274E+04   0.832083E+04  -0.105453E-04  -0.106834E-04   0.000000E+00   0.835570E+04   0.835570E+04   0.835570E+04  -0.187706E-03   0.415710E+04   0.415659E+04   0.328916E-04
   0.555294E+01   0.733182E+04   0.729510E+04  -0.769696E-05  -0.780028E-05   0.000000E+00   0.732566E+04   0.732566E+04   0.732566E+04  -0.164567E-03   0.364463E+04   0.364419E+04   0.263449E-04
   0.601054E+01   0.642610E+04   0.639394E+04  -0.575601E-05  -0.583331E-05   0.000000E+00   0.642070E+04   0.642070E+04   0.642070E+04  -0.144237E-03   0.319440E+04   0.319402E+04   0.210514E-04
   0.650585E+01   0.563067E+04   0.560252E+04  -0.440120E-05  -0.445901E-05   0.000000E+00   0.562594E+04   0.562594E+04   0.562594E+04  -0.126383E-03   0.279900E+04   0.279867E+04   0.167749E-04
   0.704197E+01   0.493234E+04   0.490771E+04  -0.321454E-05  -0.325776E-05   0.000000E+00   0.492820E+04   0.492820E+04   0.492820E+04  -0.110709E-03   0.245186E+04   0.245158E+04   0.133232E-04
   0.762228E+01   0.431946E+04   0.429793E+04  -0.248323E-05  -0.251553E-05   0.000000E+00   0.431585E+04   0.431585E+04   0.431585E+04  -0.969529E-04   0.214720E+04   0.214696E+04   0.105402E-04
   0.825041E+01   0.378176E+04   0.376294E+04  -0.184928E-05  -0.187343E-05   0.000000E+00   0.377860E+04   0.377860E+04   0.377860E+04  -0.848841E-04   0.187991E+04   0.187971E+04   0.829897E-05
   0.893030E+01   0.331017E+04   0.329372E+04  -0.133428E-05  -0.135231E-05   0.000000E+00   0.330740E+04   0.330740E+04   0.330740E+04  -0.742989E-04   0.164548E+04   0.164531E+04   0.649639E-05
   0.966621E+01   0.289667E+04   0.288232E+04  -0.104042E-05  -0.105390E-05   0.000000E+00   0.289426E+04   0.289426E+04   0.289426E+04  -0.650178E-04   0.143994E+04   0.143979E+04   0.504883E-05
   0.104628E+02   0.253423E+04   0.252170E+04  -0.741043E-06  -0.751102E-06   0.000000E+00   0.253213E+04   0.253213E+04   0.253213E+04  -0.568827E-04   0.125977E+04   0.125965E+04   0.388839E-05
   0.113250E+02   0.221663E+04   0.220571E+04  -0.580772E-06  -0.588282E-06   0.000000E+00   0.221479E+04   0.221479E+04   0.221479E+04  -0.497540E-04   0.110189E+04   0.110179E+04   0.296000E-05
   0.122582E+02   0.193839E+04   0.192888E+04  -0.414425E-06  -0.420031E-06   0.000000E+00   0.193680E+04   0.193680E+04   0.193680E+04  -0.435090E-04   0.963582E+03   0.963501E+03   0.221900E-05
   0.132684E+02   0.169472E+04   0.168643E+04  -0.312300E-06  -0.316483E-06   0.000000E+00   0.169333E+04   0.169333E+04   0.169333E+04  -0.380396E-04   0.842452E+03   0.842387E+03   0.162924E-05
   0.143618E+02   0.148136E+04   0.147416E+04  -0.237070E-06  -0.240191E-06   0.000000E+00   0.148015E+04   0.148015E+04   0.148015E+04  -0.332507E-04   0.736393E+03   0.736343E+03   0.116140E-05
   0.155453E+02   0.129460E+04   0.128834E+04  -0.179247E-06  -0.181575E-06   0.000000E+00   0.129355E+04   0.129355E+04   0.129355E+04  -0.290587E-04   0.643554E+03   0.643517E+03   0.791756E-06
   0.168264E+02   0.113115E+04   0.112572E+04  -0.133913E-06  -0.135649E-06   0.000000E+00   0.113024E+04   0.113024E+04   0.113024E+04  -0.253902E-04   0.562307E+03   0.562281E+03   0.501114E-06
   0.182130E+02   0.988150E+03   0.983448E+03  -0.932486E-07  -0.945432E-07   0.000000E+00   0.987361E+03   0.987361E+03   0.987361E+03  -0.221805E-04   0.491221E+03   0.491206E+03   0.273948E-06
   0.197138E+02   0.863062E+03   0.858996E+03  -0.743062E-07  -0.752714E-07   0.000000E+00   0.862379E+03   0.862379E+03   0.862379E+03  -0.193728E-04   0.429041E+03   0.429035E+03   0.977075E-07
   0.213384E+02   0.753668E+03   0.750159E+03  -0.568401E-07  -0.575595E-07   0.000000E+00   0.753079E+03   0.753079E+03   0.753079E+03  -0.169175E-04   0.374662E+03   0.374664E+03  -0.377470E-07
   0.230968E+02   0.658021E+03   0.654999E+03  -0.427218E-07  -0.432579E-07   0.000000E+00   0.657513E+03   0.657513E+03   0.657513E+03  -0.147706E-04   0.327116E+03   0.327126E+03  -0.140601E-06
   0.250001E+02   0.574409E+03   0.571815E+03  -0.285415E-07  -0.289410E-07   0.000000E+00   0.573974E+03   0.573974E+03   0.573974E+03  -0.128940E-04   0.285553E+03   0.285570E+03  -0.217457E-06
   0.270603E+02   0.501335E+03   0.499115E+03  -0.238583E-07  -0.241559E-07   0.000000E+00   0.500962E+03   0.500962E+03   0.500962E+03  -0.112538E-04   0.249229E+03   0.249251E+03  -0.273640E-06
   0.292903E+02   0.437481E+03   0.435589E+03  -0.175005E-07  -0.177221E-07   0.000000E+00   0.437164E+03   0.437164E+03   0.437164E+03  -0.982062E-05   0.217488E+03   0.217515E+03  -0.313437E-06
   0.317040E+02   0.381697E+03   0.380092E+03  -0.132078E-07  -0.133729E-07   0.000000E+00   0.381427E+03   0.381427E+03   0.381427E+03  -0.856854E-05   0.189758E+03   0.189790E+03  -0.340299E-06
   0.343166E+02   0.332970E+03   0.331618E+03  -0.978147E-08  -0.990438E-08   0.000000E+00   0.332743E+03   0.332743E+03   0.332743E+03  -0.747487E-05   0.165536E+03   0.165573E+03  -0.356999E-06
   0.371446E+02   0.290416E+03   0.289285E+03  -0.699104E-08  -0.708256E-08   0.000000E+00   0.290227E+03   0.290227E+03   0.290227E+03  -0.651977E-05   0.144383E+03   0.144424E+03  -0.365762E-06
   0.402055E+02   0.253260E+03   0.252323E+03  -0.531287E-08  -0.538100E-08   0.000000E+00   0.253103E+03   0.253103E+03   0.253103E+03  -0.568580E-05   0.125913E+03   0.125958E+03  -0.368374E-06
   0.435187E+02   0.220822E+03   0.220055E+03  -0.363056E-08  -0.368126E-08   0.000000E+00   0.220693E+03   0.220693E+03   0.220693E+03  -0.495774E-05   0.109789E+03   0.109837E+03  -0.366263E-06
   0.471050E+02   0.192508E+03   0.191891E+03  -0.266806E-08  -0.270579E-08   0.000000E+00   0.192404E+03   0.192404E+03   0.192404E+03  -0.432225E-05   0.957145E+02   0.957654E+02  -0.360567E-06
