#          k/h    CDM            baryon         photon         nu             mass_nu        total          no_nu          total_de       Weyl           v_CDM          v_b            v_b-v_c     
   0.105664E-04   0.181906E+08   0.181906E+08   0.242416E+08   0.242413E+08   0.181907E+08   0.181906E+08   0.181906E+08   0.181966E+08  -0.504195E+00   0.909301E+07   0.909301E+07   0.567854E+01
   0.116736E-04   0.181906E+08   0.181906E+08   0.242389E+08   0.242384E+08   0.181907E+08   0.181906E+08   0.181906E+08   0.181966E+08  -0.504193E+00   0.909300E+07   0.909300E+07   0.627335E+01
   0.128968E-04   0.181905E+08   0.181905E+08   0.242355E+08   0.242349E+08   0.181906E+08   0.181906E+08   0.181905E+08   0.181966E+08  -0.504190E+00   0.909298E+07   0.909298E+07   0.693043E+01
   0.142481E-04   0.181905E+08   0.181905E+08   0.242314E+08   0.242307E+08   0.181906E+08   0.181905E+08   0.181905E+08   0.181966E+08  -0.504187E+00   0.909297E+07   0.909297E+07   0.765627E+01
   0.157410E-04   0.181905E+08   0.181905E+08   0.242263E+08   0.242255E+08   0.181906E+08   0.181905E+08   0.181905E+08   0.181966E+08  -0.504183E+00   0.909295E+07   0.909295E+07   0.845805E+01
   0.173904E-04   0.181905E+08   0.181905E+08   0.242202E+08   0.242192E+08   0.181905E+08   0.181905E+08   0.181905E+08   0.181965E+08  -0.504179E+00   0.909293E+07   0.909293E+07   0.934367E+01
   0.192126E-04   0.181904E+08   0.181904E+08   0.242127E+08   0.242114E+08   0.181905E+08   0.181904E+08   0.181904E+08   0.181965E+08  -0.504173E+00   0.909290E+07   0.909290E+07   0.103219E+02
   0.212258E-04   0.181904E+08   0.181904E+08   0.242036E+08   0.242020E+08   0.181905E+08   0.181904E+08   0.181904E+08   0.181964E+08  -0.504166E+00   0.909287E+07   0.909287E+07   0.114023E+02
   0.234498E-04   0.181903E+08   0.181903E+08   0.241924E+08   0.241905E+08   0.181904E+08   0.181903E+08   0.181903E+08   0.181964E+08  -0.504158E+00   0.909284E+07   0.909283E+07   0.125955E+02
   0.259069E-04   0.181902E+08   0.181902E+08   0.241788E+08   0.241765E+08   0.181903E+08   0.181902E+08   0.181902E+08   0.181963E+08  -0.504147E+00   0.909279E+07   0.909279E+07   0.139132E+02
   0.286215E-04   0.181901E+08   0.181901E+08   0.241622E+08   0.241594E+08   0.181902E+08   0.181901E+08   0.181901E+08   0.181962E+08  -0.504135E+00   0.909273E+07   0.909273E+07   0.153683E+02
   0.316205E-04   0.181900E+08   0.181900E+08   0.241419E+08   0.241385E+08   0.181901E+08   0.181900E+08   0.181900E+08   0.181961E+08  -0.504120E+00   0.909266E+07   0.909266E+07   0.169748E+02
   0.349338E-04   0.181899E+08   0.181899E+08   0.241172E+08   0.241131E+08   0.181900E+08   0.181899E+08   0.181899E+08   0.181959E+08  -0.504101E+00   0.909258E+07   0.909257E+07   0.187484E+02
   0.385942E-04   0.181897E+08   0.181897E+08   0.240871E+08   0.240820E+08   0.181898E+08   0.181897E+08   0.181897E+08   0.181957E+08  -0.504078E+00   0.909247E+07   0.909247E+07   0.207061E+02
   0.426382E-04   0.181895E+08   0.181895E+08   0.240504E+08   0.240442E+08   0.181896E+08   0.181895E+08   0.181895E+08   0.181955E+08  -0.504050E+00   0.909234E+07   0.909234E+07   0.228665E+02
   0.471059E-04   0.181893E+08   0.181892E+08   0.240057E+08   0.239982E+08   0.181893E+08   0.181893E+08   0.181893E+08   0.181953E+08  -0.504016E+00   0.909219E+07   0.909218E+07   0.252501E+02
   0.520417E-04   0.181889E+08   0.181889E+08   0.239512E+08   0.239420E+08   0.181890E+08   0.181890E+08   0.181889E+08   0.181949E+08  -0.503975E+00   0.909200E+07   0.909199E+07   0.278792E+02
   0.574948E-04   0.181886E+08   0.181886E+08   0.238849E+08   0.238737E+08   0.181887E+08   0.181886E+08   0.181886E+08   0.181945E+08  -0.503925E+00   0.909177E+07   0.909176E+07   0.307779E+02
   0.635192E-04   0.181881E+08   0.181881E+08   0.238041E+08   0.237905E+08   0.181882E+08   0.181881E+08   0.181881E+08   0.181941E+08  -0.503863E+00   0.909148E+07   0.909148E+07   0.339726E+02
   0.701748E-04   0.181876E+08   0.181875E+08   0.237059E+08   0.236893E+08   0.181876E+08   0.181876E+08   0.181876E+08   0.181935E+08  -0.503788E+00   0.909114E+07   0.909113E+07   0.374915E+02
   0.775278E-04   0.181869E+08   0.181868E+08   0.235865E+08   0.235664E+08   0.181870E+08   0.181869E+08   0.181869E+08   0.181928E+08  -0.503697E+00   0.909072E+07   0.909071E+07   0.413651E+02
   0.856514E-04   0.181860E+08   0.181860E+08   0.234416E+08   0.234171E+08   0.181861E+08   0.181860E+08   0.181860E+08   0.181919E+08  -0.503585E+00   0.909021E+07   0.909020E+07   0.456255E+02
   0.946261E-04   0.181850E+08   0.181850E+08   0.232658E+08   0.232361E+08   0.181851E+08   0.181850E+08   0.181850E+08   0.181908E+08  -0.503450E+00   0.908958E+07   0.908957E+07   0.503068E+02
   0.104541E-03   0.181838E+08   0.181837E+08   0.230529E+08   0.230169E+08   0.181839E+08   0.181838E+08   0.181838E+08   0.181896E+08  -0.503285E+00   0.908882E+07   0.908881E+07   0.554445E+02
   0.115495E-03   0.181823E+08   0.181822E+08   0.227955E+08   0.227519E+08   0.181824E+08   0.181823E+08   0.181823E+08   0.181880E+08  -0.503083E+00   0.908790E+07   0.908788E+07   0.610746E+02
   0.127597E-03   0.181805E+08   0.181804E+08   0.224849E+08   0.224323E+08   0.181805E+08   0.181805E+08   0.181805E+08   0.181861E+08  -0.502839E+00   0.908677E+07   0.908675E+07   0.672333E+02
   0.140967E-03   0.181782E+08   0.181781E+08   0.221112E+08   0.220478E+08   0.181783E+08   0.181782E+08   0.181782E+08   0.181837E+08  -0.502542E+00   0.908540E+07   0.908537E+07   0.739553E+02
   0.155738E-03   0.181755E+08   0.181754E+08   0.216628E+08   0.215867E+08   0.181756E+08   0.181755E+08   0.181755E+08   0.181809E+08  -0.502181E+00   0.908374E+07   0.908370E+07   0.812721E+02
   0.172056E-03   0.181722E+08   0.181721E+08   0.211271E+08   0.210360E+08   0.181723E+08   0.181722E+08   0.181722E+08   0.181775E+08  -0.501743E+00   0.908171E+07   0.908167E+07   0.892098E+02
   0.190084E-03   0.181682E+08   0.181680E+08   0.204898E+08   0.203813E+08   0.181682E+08   0.181682E+08   0.181682E+08   0.181733E+08  -0.501212E+00   0.907926E+07   0.907920E+07   0.977858E+02
   0.210002E-03   0.181634E+08   0.181631E+08   0.197364E+08   0.196078E+08   0.181634E+08   0.181633E+08   0.181633E+08   0.181683E+08  -0.500571E+00   0.907628E+07   0.907621E+07   0.107005E+03
   0.232006E-03   0.181575E+08   0.181572E+08   0.188518E+08   0.187005E+08   0.181575E+08   0.181575E+08   0.181575E+08   0.181622E+08  -0.499797E+00   0.907268E+07   0.907260E+07   0.116852E+03
   0.256316E-03   0.181504E+08   0.181500E+08   0.178225E+08   0.176457E+08   0.181503E+08   0.181503E+08   0.181503E+08   0.181548E+08  -0.498865E+00   0.906833E+07   0.906824E+07   0.127291E+03
   0.283173E-03   0.181418E+08   0.181414E+08   0.166377E+08   0.164333E+08   0.181417E+08   0.181417E+08   0.181417E+08   0.181459E+08  -0.497747E+00   0.906309E+07   0.906298E+07   0.138248E+03
   0.312845E-03   0.181314E+08   0.181309E+08   0.152923E+08   0.150589E+08   0.181313E+08   0.181313E+08   0.181313E+08   0.181351E+08  -0.496409E+00   0.905680E+07   0.905666E+07   0.149612E+03
   0.345625E-03   0.181190E+08   0.181184E+08   0.137899E+08   0.135275E+08   0.181188E+08   0.181189E+08   0.181189E+08   0.181223E+08  -0.494817E+00   0.904926E+07   0.904909E+07   0.161217E+03
   0.381840E-03   0.181041E+08   0.181033E+08   0.121471E+08   0.118577E+08   0.181038E+08   0.181039E+08   0.181040E+08   0.181070E+08  -0.492931E+00   0.904026E+07   0.904007E+07   0.172839E+03
   0.421850E-03   0.180863E+08   0.180854E+08   0.103977E+08   0.100859E+08   0.180859E+08   0.180861E+08   0.180861E+08   0.180887E+08  -0.490711E+00   0.902959E+07   0.902936E+07   0.184183E+03
   0.466053E-03   0.180652E+08   0.180641E+08   0.859571E+07   0.826984E+07   0.180647E+08   0.180650E+08   0.180650E+08   0.180671E+08  -0.488120E+00   0.901699E+07   0.901672E+07   0.194887E+03
   0.514886E-03   0.180402E+08   0.180390E+08   0.681728E+07   0.648939E+07   0.180397E+08   0.180400E+08   0.180400E+08   0.180417E+08  -0.485122E+00   0.900223E+07   0.900192E+07   0.204519E+03
   0.568837E-03   0.180110E+08   0.180095E+08   0.515634E+07   0.484206E+07   0.180103E+08   0.180107E+08   0.180107E+08   0.180120E+08  -0.481691E+00   0.898507E+07   0.898471E+07   0.212606E+03
   0.628441E-03   0.179769E+08   0.179752E+08   0.371359E+07   0.343073E+07   0.179760E+08   0.179766E+08   0.179766E+08   0.179775E+08  -0.477818E+00   0.896531E+07   0.896490E+07   0.218657E+03
   0.694290E-03   0.179376E+08   0.179357E+08   0.257600E+07   0.234165E+07   0.179365E+08   0.179373E+08   0.179373E+08   0.179379E+08  -0.473510E+00   0.894280E+07   0.894234E+07   0.222218E+03
   0.767039E-03   0.178928E+08   0.178905E+08   0.178907E+07   0.161518E+07   0.178914E+08   0.178923E+08   0.178924E+08   0.178928E+08  -0.468805E+00   0.891749E+07   0.891698E+07   0.222932E+03
   0.847411E-03   0.178421E+08   0.178396E+08   0.133037E+07   0.121889E+07   0.178404E+08   0.178416E+08   0.178417E+08   0.178419E+08  -0.463771E+00   0.888942E+07   0.888886E+07   0.220600E+03
   0.936204E-03   0.177856E+08   0.177827E+08   0.110129E+07   0.104100E+07   0.177834E+08   0.177850E+08   0.177851E+08   0.177852E+08  -0.458506E+00   0.885873E+07   0.885813E+07   0.215217E+03
   0.103430E-02   0.177233E+08   0.177202E+08   0.956569E+06   0.924514E+06   0.177207E+08   0.177226E+08   0.177228E+08   0.177229E+08  -0.453135E+00   0.882570E+07   0.882506E+07   0.206971E+03
   0.114268E-02   0.176556E+08   0.176523E+08   0.775542E+06   0.745086E+06   0.176524E+08   0.176549E+08   0.176550E+08   0.176551E+08  -0.447792E+00   0.879063E+07   0.878996E+07   0.196200E+03
   0.126241E-02   0.175829E+08   0.175793E+08   0.539045E+06   0.491886E+06   0.175789E+08   0.175820E+08   0.175823E+08   0.175822E+08  -0.442605E+00   0.875383E+07   0.875314E+07   0.183330E+03
   0.139469E-02   0.175054E+08   0.175017E+08   0.334959E+06   0.269185E+06   0.175006E+08   0.175045E+08   0.175048E+08   0.175046E+08  -0.437670E+00   0.871551E+07   0.871481E+07   0.168858E+03
   0.154082E-02   0.174236E+08   0.174198E+08   0.246546E+06   0.172775E+06   0.174177E+08   0.174226E+08   0.174229E+08   0.174226E+08  -0.433034E+00   0.867570E+07   0.867499E+07   0.153393E+03
   0.170227E-02   0.173373E+08   0.173334E+08   0.226013E+06   0.782251E+05   0.173300E+08   0.173362E+08   0.173366E+08   0.173362E+08  -0.428694E+00   0.863420E+07   0.863350E+07   0.137701E+03
   0.188064E-02   0.172461E+08   0.172422E+08   0.159374E+06   0.329059E+05   0.172372E+08   0.172449E+08   0.172454E+08   0.172449E+08  -0.424607E+00   0.859059E+07   0.858990E+07   0.122614E+03
   0.207770E-02   0.171492E+08   0.171454E+08   0.713906E+05   0.537986E+04   0.171385E+08   0.171479E+08   0.171486E+08   0.171479E+08  -0.420706E+00   0.854428E+07   0.854360E+07   0.108834E+03
   0.229540E-02   0.170456E+08   0.170418E+08   0.608557E+05  -0.103571E+05   0.170325E+08   0.170441E+08   0.170450E+08   0.170441E+08  -0.416919E+00   0.849457E+07   0.849390E+07   0.968168E+02
   0.253592E-02   0.169340E+08   0.169300E+08   0.557112E+05  -0.184856E+05   0.169181E+08   0.169322E+08   0.169333E+08   0.169322E+08  -0.413169E+00   0.844070E+07   0.844004E+07   0.867405E+02
   0.280164E-02   0.168127E+08   0.168086E+08   0.200276E+05  -0.218559E+05   0.167934E+08   0.168107E+08   0.168120E+08   0.168107E+08  -0.409379E+00   0.838184E+07   0.838118E+07   0.783946E+02
   0.309520E-02   0.166801E+08   0.166758E+08   0.241291E+05  -0.223675E+05   0.166568E+08   0.166778E+08   0.166794E+08   0.166778E+08  -0.405475E+00   0.831714E+07   0.831648E+07   0.712244E+02
   0.341952E-02   0.165346E+08   0.165300E+08   0.464602E+04  -0.212591E+05   0.165063E+08   0.165319E+08   0.165338E+08   0.165319E+08  -0.401386E+00   0.824572E+07   0.824506E+07   0.646469E+02
   0.377782E-02   0.163741E+08   0.163693E+08   0.515739E+04  -0.193209E+05   0.163401E+08   0.163710E+08   0.163733E+08   0.163710E+08  -0.397043E+00   0.816667E+07   0.816600E+07   0.583149E+02
   0.417367E-02   0.161970E+08   0.161918E+08  -0.419305E+04  -0.170426E+05   0.161559E+08   0.161933E+08   0.161961E+08   0.161933E+08  -0.392380E+00   0.807902E+07   0.807837E+07   0.523119E+02
   0.461099E-02   0.160010E+08   0.159954E+08   0.777562E+03  -0.147163E+05   0.159518E+08   0.159967E+08   0.160001E+08   0.159967E+08  -0.387331E+00   0.798180E+07   0.798116E+07   0.469293E+02
   0.509414E-02   0.157842E+08   0.157782E+08   0.301048E+04  -0.125066E+05   0.157253E+08   0.157792E+08   0.157832E+08   0.157792E+08  -0.381835E+00   0.787400E+07   0.787335E+07   0.422837E+02
   0.562792E-02   0.155445E+08   0.155379E+08  -0.145057E+04  -0.104973E+05   0.154743E+08   0.155386E+08   0.155434E+08   0.155386E+08  -0.375828E+00   0.775456E+07   0.775392E+07   0.381568E+02
   0.621762E-02   0.152797E+08   0.152724E+08  -0.182079E+04  -0.872268E+04   0.151963E+08   0.152728E+08   0.152785E+08   0.152728E+08  -0.369251E+00   0.762244E+07   0.762180E+07   0.343184E+02
   0.686911E-02   0.149877E+08   0.149795E+08  -0.323072E+04  -0.718719E+04   0.148892E+08   0.149796E+08   0.149863E+08   0.149796E+08  -0.362044E+00   0.747657E+07   0.747594E+07   0.308339E+02
   0.758887E-02   0.146663E+08   0.146571E+08  -0.223332E+04  -0.587883E+04   0.145506E+08   0.146568E+08   0.146647E+08   0.146568E+08  -0.354148E+00   0.731588E+07   0.731525E+07   0.277790E+02
   0.838405E-02   0.143134E+08   0.143030E+08  -0.185119E+04  -0.477717E+04   0.141784E+08   0.143025E+08   0.143117E+08   0.143025E+08  -0.345509E+00   0.713935E+07   0.713873E+07   0.250250E+02
   0.926254E-02   0.139272E+08   0.139154E+08  -0.106229E+04  -0.385839E+04   0.137707E+08   0.139145E+08   0.139252E+08   0.139145E+08  -0.336077E+00   0.694603E+07   0.694541E+07   0.225363E+02
   0.102331E-01   0.135059E+08   0.134924E+08  -0.173816E+04  -0.309820E+04   0.133259E+08   0.134913E+08   0.135036E+08   0.134913E+08  -0.325807E+00   0.673508E+07   0.673446E+07   0.203362E+02
   0.113053E-01   0.130481E+08   0.130327E+08  -0.132929E+04  -0.247355E+04   0.128428E+08   0.130315E+08   0.130455E+08   0.130315E+08  -0.314665E+00   0.650582E+07   0.650520E+07   0.183599E+02
   0.124899E-01   0.125530E+08   0.125353E+08  -0.102091E+04  -0.196343E+04   0.123208E+08   0.125341E+08   0.125500E+08   0.125341E+08  -0.302626E+00   0.625783E+07   0.625721E+07   0.166058E+02
   0.137986E-01   0.120202E+08   0.119999E+08  -0.738340E+03  -0.154925E+04   0.117600E+08   0.119990E+08   0.120167E+08   0.119990E+08  -0.289682E+00   0.599095E+07   0.599033E+07   0.150391E+02
   0.152445E-01   0.114501E+08   0.114269E+08  -0.746305E+03  -0.121483E+04   0.111613E+08   0.114265E+08   0.114462E+08   0.114265E+08  -0.275843E+00   0.570544E+07   0.570481E+07   0.136426E+02
   0.168418E-01   0.108552E+08   0.108288E+08  -0.639247E+03  -0.947281E+03   0.105371E+08   0.108291E+08   0.108508E+08   0.108291E+08  -0.261407E+00   0.540746E+07   0.540684E+07   0.123998E+02
   0.186065E-01   0.102179E+08   0.101879E+08  -0.366625E+03  -0.732905E+03   0.987121E+07   0.101892E+08   0.102129E+08   0.101892E+08  -0.245950E+00   0.508830E+07   0.508767E+07   0.112696E+02
   0.205562E-01   0.955181E+07   0.951810E+07  -0.332806E+03  -0.562843E+03   0.917784E+07   0.952068E+07   0.954615E+07   0.952068E+07  -0.229804E+00   0.475480E+07   0.475417E+07   0.102361E+02
   0.227101E-01   0.885551E+07   0.881807E+07  -0.348850E+03  -0.428499E+03   0.845694E+07   0.882210E+07   0.884923E+07   0.882210E+07  -0.212936E+00   0.440630E+07   0.440567E+07   0.927025E+01
   0.250897E-01   0.815227E+07   0.811132E+07  -0.204859E+03  -0.323824E+03   0.773206E+07   0.811681E+07   0.814540E+07   0.811681E+07  -0.195908E+00   0.405445E+07   0.405382E+07   0.835532E+01
   0.277186E-01   0.745153E+07   0.740759E+07  -0.191401E+03  -0.242923E+03   0.701308E+07   0.741434E+07   0.744415E+07   0.741434E+07  -0.178949E+00   0.370398E+07   0.370336E+07   0.746504E+01
   0.306230E-01   0.675885E+07   0.671287E+07  -0.116564E+03  -0.180807E+03   0.630591E+07   0.672034E+07   0.675113E+07   0.672034E+07  -0.162197E+00   0.335772E+07   0.335712E+07   0.657735E+01
   0.338318E-01   0.609214E+07   0.604551E+07  -0.900619E+02  -0.133718E+03   0.562809E+07   0.605276E+07   0.608431E+07   0.605276E+07  -0.146083E+00   0.302463E+07   0.302406E+07   0.568016E+01
   0.373767E-01   0.547236E+07   0.542688E+07  -0.695142E+02  -0.985508E+02   0.499983E+07   0.543258E+07   0.546473E+07   0.543258E+07  -0.131113E+00   0.271518E+07   0.271465E+07   0.477362E+01
   0.412931E-01   0.491909E+07   0.487683E+07  -0.538181E+02  -0.726844E+02   0.443772E+07   0.487920E+07   0.491200E+07   0.487920E+07  -0.117756E+00   0.243907E+07   0.243859E+07   0.387307E+01
   0.454224E-01   0.445212E+07   0.441488E+07   0.630681E+02  -0.544488E+02   0.396417E+07   0.441255E+07   0.444586E+07   0.441255E+07  -0.106493E+00   0.220626E+07   0.220584E+07   0.304175E+01
   0.495518E-01   0.408856E+07   0.405720E+07   0.485599E+02  -0.420787E+02   0.359293E+07   0.404938E+07   0.408329E+07   0.404938E+07  -0.977280E-01   0.202510E+07   0.202475E+07   0.234598E+01
   0.536811E-01   0.379809E+07   0.377262E+07   0.383565E+02  -0.333562E+02   0.329389E+07   0.375924E+07   0.379382E+07   0.375924E+07  -0.907254E-01   0.188040E+07   0.188011E+07   0.179162E+01
   0.578104E-01   0.355498E+07   0.353471E+07   0.308925E+02  -0.269594E+02   0.304248E+07   0.351637E+07   0.355158E+07   0.351637E+07  -0.848637E-01   0.175929E+07   0.175906E+07   0.137557E+01
   0.619397E-01   0.334140E+07   0.332513E+07   0.252424E+02  -0.221048E+02   0.282197E+07   0.330294E+07   0.333867E+07   0.330294E+07  -0.797125E-01   0.165287E+07   0.165267E+07   0.108608E+01
   0.660690E-01   0.314145E+07   0.312774E+07   0.208146E+02  -0.182900E+02   0.261798E+07   0.310310E+07   0.313915E+07   0.310310E+07  -0.748896E-01   0.155321E+07   0.155303E+07   0.902583E+00
   0.701983E-01   0.294567E+07   0.293312E+07   0.172516E+02  -0.152113E+02   0.242209E+07   0.290750E+07   0.294357E+07   0.290750E+07  -0.701689E-01   0.145563E+07   0.145546E+07   0.800113E+00
   0.743276E-01   0.275354E+07   0.274097E+07   0.143526E+02  -0.126984E+02   0.223387E+07   0.271564E+07   0.275143E+07   0.271564E+07  -0.655384E-01   0.135987E+07   0.135971E+07   0.752832E+00
   0.784569E-01   0.256196E+07   0.254857E+07   0.119583E+02  -0.106160E+02   0.205064E+07   0.252451E+07   0.255971E+07   0.252451E+07  -0.609256E-01   0.126444E+07   0.126427E+07   0.735117E+00
   0.825863E-01   0.237824E+07   0.236370E+07   0.999568E+01  -0.890363E+01   0.187816E+07   0.234138E+07   0.237580E+07   0.234138E+07  -0.565060E-01   0.117298E+07   0.117280E+07   0.727015E+00
   0.867156E-01   0.220743E+07   0.219181E+07   0.839621E+01  -0.750391E+01   0.172004E+07   0.217129E+07   0.220481E+07   0.217129E+07  -0.524010E-01   0.108801E+07   0.108783E+07   0.713650E+00
   0.918785E-01   0.201825E+07   0.200187E+07   0.681929E+01  -0.611963E+01   0.154661E+07   0.198307E+07   0.201550E+07   0.198307E+07  -0.478586E-01   0.993971E+06   0.993785E+06   0.676923E+00
   0.970414E-01   0.186110E+07   0.184494E+07   0.562231E+01  -0.506571E+01   0.140285E+07   0.182688E+07   0.185839E+07   0.182688E+07  -0.440892E-01   0.915933E+06   0.915754E+06   0.614605E+00
   0.102204E+00   0.173742E+07   0.172246E+07   0.472032E+01  -0.426961E+01   0.128849E+07   0.170403E+07   0.173491E+07   0.170403E+07  -0.411244E-01   0.854568E+06   0.854405E+06   0.533086E+00
   0.107367E+00   0.164270E+07   0.162964E+07   0.403494E+01  -0.366357E+01   0.119883E+07   0.160996E+07   0.164050E+07   0.160996E+07  -0.388540E-01   0.807601E+06   0.807458E+06   0.444315E+00
   0.112530E+00   0.156765E+07   0.155676E+07   0.349784E+01  -0.318775E+01   0.112601E+07   0.153540E+07   0.156582E+07   0.153540E+07  -0.370547E-01   0.770400E+06   0.770279E+06   0.360979E+00
   0.117693E+00   0.150208E+07   0.149316E+07   0.305747E+01  -0.279667E+01   0.106203E+07   0.147025E+07   0.150058E+07   0.147025E+07  -0.354824E-01   0.737898E+06   0.737795E+06   0.292956E+00
   0.122856E+00   0.143805E+07   0.143057E+07   0.268050E+01  -0.246088E+01   0.100091E+07   0.140665E+07   0.143679E+07   0.140665E+07  -0.339473E-01   0.706154E+06   0.706064E+06   0.245330E+00
   0.128019E+00   0.137096E+07   0.136424E+07   0.234836E+01  -0.216368E+01   0.939385E+06   0.134006E+07   0.136983E+07   0.134006E+07  -0.323403E-01   0.672894E+06   0.672811E+06   0.218022E+00
   0.133182E+00   0.129954E+07   0.129294E+07   0.205214E+01  -0.189756E+01   0.876646E+06   0.126927E+07   0.129843E+07   0.126927E+07  -0.306318E-01   0.637503E+06   0.637421E+06   0.206804E+00
   0.138345E+00   0.122533E+07   0.121837E+07   0.178907E+01  -0.166023E+01   0.813811E+06   0.119579E+07   0.122417E+07   0.119579E+07  -0.288585E-01   0.600746E+06   0.600660E+06   0.205155E+00
   0.143508E+00   0.115162E+07   0.114412E+07   0.155899E+01  -0.145185E+01   0.753091E+06   0.112289E+07   0.115036E+07   0.112289E+07  -0.270992E-01   0.564260E+06   0.564171E+06   0.206296E+00
   0.148671E+00   0.108240E+07   0.107443E+07   0.136214E+01  -0.127296E+01   0.697017E+06   0.105450E+07   0.108106E+07   0.105450E+07  -0.254488E-01   0.530023E+06   0.529931E+06   0.204845E+00
   0.153833E+00   0.102131E+07   0.101315E+07   0.119778E+01  -0.112318E+01   0.647738E+06   0.994200E+06   0.101994E+07   0.994200E+06  -0.239935E-01   0.499830E+06   0.499739E+06   0.197772E+00
   0.158996E+00   0.970438E+06   0.962458E+06   0.106317E+01  -0.100029E+01   0.606281E+06   0.944007E+06   0.969098E+06   0.944007E+06  -0.227821E-01   0.474706E+06   0.474618E+06   0.184539E+00
   0.164159E+00   0.929521E+06   0.922056E+06   0.953420E+00  -0.899940E+00   0.572150E+06   0.903640E+06   0.928268E+06   0.903640E+06  -0.218079E-01   0.454510E+06   0.454428E+06   0.166616E+00
   0.169322E+00   0.896380E+06   0.889653E+06   0.862604E+00  -0.816803E+00   0.543702E+06   0.870939E+06   0.895251E+06   0.870939E+06  -0.210188E-01   0.438159E+06   0.438085E+06   0.146638E+00
   0.174485E+00   0.868126E+06   0.862203E+06   0.785294E+00  -0.745916E+00   0.518956E+06   0.843053E+06   0.867132E+06   0.843053E+06  -0.203458E-01   0.424223E+06   0.424156E+06   0.127485E+00
   0.179648E+00   0.841967E+06   0.836761E+06   0.717199E+00  -0.683344E+00   0.496074E+06   0.817233E+06   0.841093E+06   0.817233E+06  -0.197226E-01   0.411319E+06   0.411259E+06   0.111477E+00
   0.184811E+00   0.815482E+06   0.810794E+06   0.655192E+00  -0.626166E+00   0.473611E+06   0.791107E+06   0.814695E+06   0.791107E+06  -0.190921E-01   0.398255E+06   0.398199E+06   0.998702E-01
   0.189974E+00   0.787068E+06   0.782654E+06   0.597365E+00  -0.572625E+00   0.450611E+06   0.763110E+06   0.786327E+06   0.763110E+06  -0.184165E-01   0.384242E+06   0.384189E+06   0.927471E-01
   0.195137E+00   0.756475E+06   0.752111E+06   0.543152E+00  -0.522219E+00   0.426963E+06   0.733005E+06   0.755743E+06   0.733005E+06  -0.176899E-01   0.369161E+06   0.369109E+06   0.892350E-01
   0.200300E+00   0.724710E+06   0.720241E+06   0.492933E+00  -0.475343E+00   0.403268E+06   0.701781E+06   0.723959E+06   0.701781E+06  -0.169364E-01   0.353508E+06   0.353456E+06   0.879051E-01
   0.205463E+00   0.693278E+06   0.688646E+06   0.447309E+00  -0.432612E+00   0.380373E+06   0.670915E+06   0.692500E+06   0.670915E+06  -0.161915E-01   0.338029E+06   0.337975E+06   0.872096E-01
   0.210626E+00   0.663589E+06   0.658827E+06   0.406667E+00  -0.394441E+00   0.359021E+06   0.641782E+06   0.662790E+06   0.641782E+06  -0.154884E-01   0.323416E+06   0.323361E+06   0.858700E-01
   0.215788E+00   0.636754E+06   0.631962E+06   0.371107E+00  -0.360968E+00   0.339754E+06   0.615465E+06   0.635949E+06   0.615465E+06  -0.148533E-01   0.310215E+06   0.310161E+06   0.831323E-01
   0.220951E+00   0.613439E+06   0.608748E+06   0.340423E+00  -0.332038E+00   0.322849E+06   0.592610E+06   0.612651E+06   0.592610E+06  -0.143017E-01   0.298753E+06   0.298700E+06   0.788398E-01
   0.226114E+00   0.593649E+06   0.589177E+06   0.314054E+00  -0.307148E+00   0.308214E+06   0.573210E+06   0.592898E+06   0.573210E+06  -0.138335E-01   0.289028E+06   0.288978E+06   0.733362E-01
   0.231277E+00   0.576717E+06   0.572542E+06   0.291171E+00  -0.285522E+00   0.295418E+06   0.556611E+06   0.576016E+06   0.556611E+06  -0.134329E-01   0.280710E+06   0.280663E+06   0.672683E-01
   0.236440E+00   0.561617E+06   0.557765E+06   0.270886E+00  -0.266323E+00   0.283867E+06   0.541807E+06   0.560970E+06   0.541807E+06  -0.130756E-01   0.273294E+06   0.273251E+06   0.613613E-01
   0.241603E+00   0.547310E+06   0.543749E+06   0.252443E+00  -0.248828E+00   0.272991E+06   0.527782E+06   0.546712E+06   0.527782E+06  -0.127372E-01   0.266268E+06   0.266227E+06   0.562224E-01
   0.246766E+00   0.532944E+06   0.529607E+06   0.235283E+00  -0.232504E+00   0.262343E+06   0.513709E+06   0.532384E+06   0.513709E+06  -0.123975E-01   0.259214E+06   0.259176E+06   0.522089E-01
   0.251929E+00   0.518001E+06   0.514800E+06   0.219078E+00  -0.217030E+00   0.251665E+06   0.499082E+06   0.517464E+06   0.499082E+06  -0.120445E-01   0.251878E+06   0.251841E+06   0.493836E-01
   0.257092E+00   0.502389E+06   0.499245E+06   0.203715E+00  -0.202312E+00   0.240915E+06   0.483815E+06   0.501861E+06   0.483815E+06  -0.116761E-01   0.244215E+06   0.244179E+06   0.475541E-01
   0.262255E+00   0.486416E+06   0.483271E+06   0.189258E+00  -0.188417E+00   0.230248E+06   0.468209E+06   0.485888E+06   0.468209E+06  -0.112995E-01   0.236379E+06   0.236342E+06   0.463673E-01
   0.267418E+00   0.470597E+06   0.467427E+06   0.175833E+00  -0.175476E+00   0.219905E+06   0.452764E+06   0.470064E+06   0.452764E+06  -0.109267E-01   0.228620E+06   0.228583E+06   0.454226E-01
   0.272581E+00   0.455453E+06   0.452266E+06   0.163544E+00  -0.163601E+00   0.210120E+06   0.437988E+06   0.454918E+06   0.437988E+06  -0.105701E-01   0.221196E+06   0.221160E+06   0.443741E-01
   0.277743E+00   0.441398E+06   0.438227E+06   0.152437E+00  -0.152847E+00   0.201065E+06   0.424282E+06   0.440865E+06   0.424282E+06  -0.102394E-01   0.214309E+06   0.214273E+06   0.430014E-01
   0.282906E+00   0.428672E+06   0.425559E+06   0.142487E+00  -0.143198E+00   0.192824E+06   0.411875E+06   0.428149E+06   0.411875E+06  -0.993994E-02   0.208075E+06   0.208040E+06   0.412366E-01
   0.288069E+00   0.417292E+06   0.414280E+06   0.133594E+00  -0.134563E+00   0.185376E+06   0.400783E+06   0.416786E+06   0.400783E+06  -0.967225E-02   0.202504E+06   0.202470E+06   0.391487E-01
   0.293232E+00   0.407059E+06   0.404177E+06   0.125604E+00  -0.126794E+00   0.178604E+06   0.390810E+06   0.406575E+06   0.390810E+06  -0.943156E-02   0.197495E+06   0.197463E+06   0.368982E-01
   0.298395E+00   0.397634E+06   0.394891E+06   0.118334E+00  -0.119715E+00   0.172337E+06   0.381625E+06   0.397174E+06   0.381625E+06  -0.920990E-02   0.192883E+06   0.192852E+06   0.346779E-01
   0.303558E+00   0.388644E+06   0.386032E+06   0.111615E+00  -0.113160E+00   0.166396E+06   0.372866E+06   0.388205E+06   0.372866E+06  -0.899852E-02   0.188485E+06   0.188455E+06   0.326585E-01
   0.308721E+00   0.379775E+06   0.377273E+06   0.105318E+00  -0.107001E+00   0.160639E+06   0.364230E+06   0.379355E+06   0.364230E+06  -0.879010E-02   0.184147E+06   0.184118E+06   0.309500E-01
   0.313884E+00   0.370835E+06   0.368412E+06   0.993579E-01  -0.101156E+00   0.154976E+06   0.355528E+06   0.370428E+06   0.355528E+06  -0.858011E-02   0.179774E+06   0.179746E+06   0.295859E-01
   0.319047E+00   0.361770E+06   0.359396E+06   0.936993E-01  -0.955917E-01   0.149385E+06   0.346711E+06   0.361371E+06   0.346711E+06  -0.836731E-02   0.175341E+06   0.175313E+06   0.285281E-01
   0.324210E+00   0.352651E+06   0.350305E+06   0.883408E-01  -0.903084E-01   0.143894E+06   0.337847E+06   0.352257E+06   0.337847E+06  -0.815341E-02   0.170883E+06   0.170856E+06   0.276885E-01
   0.329373E+00   0.343634E+06   0.341305E+06   0.833008E-01  -0.853270E-01   0.138562E+06   0.329088E+06   0.343243E+06   0.329088E+06  -0.794201E-02   0.166475E+06   0.166449E+06   0.269584E-01
   0.334536E+00   0.334902E+06   0.332589E+06   0.786012E-01  -0.806722E-01   0.133461E+06   0.320609E+06   0.334513E+06   0.320609E+06  -0.773739E-02   0.162209E+06   0.162183E+06   0.262377E-01
   0.339698E+00   0.326615E+06   0.324327E+06   0.742547E-01  -0.763593E-01   0.128646E+06   0.312566E+06   0.326230E+06   0.312566E+06  -0.754329E-02   0.158161E+06   0.158135E+06   0.254566E-01
   0.344861E+00   0.318867E+06   0.316618E+06   0.702567E-01  -0.723860E-01   0.124146E+06   0.305050E+06   0.318490E+06   0.305050E+06  -0.736188E-02   0.154378E+06   0.154353E+06   0.245855E-01
   0.350024E+00   0.311671E+06   0.309475E+06   0.665842E-01  -0.687310E-01   0.119954E+06   0.298069E+06   0.311302E+06   0.298069E+06  -0.719343E-02   0.150866E+06   0.150841E+06   0.236332E-01
   0.355187E+00   0.304964E+06   0.302831E+06   0.632007E-01  -0.653588E-01   0.116039E+06   0.291566E+06   0.304606E+06   0.291566E+06  -0.703646E-02   0.147593E+06   0.147569E+06   0.226372E-01
   0.360350E+00   0.298642E+06   0.296577E+06   0.600642E-01  -0.622280E-01   0.112350E+06   0.285436E+06   0.298296E+06   0.285436E+06  -0.688854E-02   0.144509E+06   0.144486E+06   0.216485E-01
   0.365513E+00   0.292586E+06   0.290588E+06   0.571340E-01  -0.592983E-01   0.108837E+06   0.279566E+06   0.292251E+06   0.279566E+06  -0.674689E-02   0.141555E+06   0.141532E+06   0.207166E-01
   0.370676E+00   0.286686E+06   0.284746E+06   0.543753E-01  -0.565349E-01   0.105453E+06   0.273849E+06   0.286360E+06   0.273849E+06  -0.660891E-02   0.138678E+06   0.138655E+06   0.198770E-01
   0.375839E+00   0.280856E+06   0.278966E+06   0.517617E-01  -0.539109E-01   0.102164E+06   0.268203E+06   0.280539E+06   0.268203E+06  -0.647264E-02   0.135835E+06   0.135813E+06   0.191448E-01
   0.381002E+00   0.275055E+06   0.273204E+06   0.492766E-01  -0.514107E-01   0.989513E+05   0.262587E+06   0.274744E+06   0.262587E+06  -0.633712E-02   0.133007E+06   0.132986E+06   0.185142E-01
   0.386165E+00   0.269294E+06   0.267472E+06   0.469142E-01  -0.490291E-01   0.958172E+05   0.257012E+06   0.268988E+06   0.257012E+06  -0.620257E-02   0.130198E+06   0.130178E+06   0.179642E-01
   0.391328E+00   0.263621E+06   0.261823E+06   0.446761E-01  -0.467683E-01   0.927773E+05   0.251525E+06   0.263319E+06   0.251525E+06  -0.607015E-02   0.127434E+06   0.127413E+06   0.174656E-01
   0.396491E+00   0.258099E+06   0.256323E+06   0.425654E-01  -0.446322E-01   0.898509E+05   0.246186E+06   0.257801E+06   0.246186E+06  -0.594130E-02   0.124743E+06   0.124723E+06   0.169890E-01
   0.401653E+00   0.252776E+06   0.251025E+06   0.405823E-01  -0.426220E-01   0.870517E+05   0.241042E+06   0.252482E+06   0.241042E+06  -0.581716E-02   0.122151E+06   0.122131E+06   0.165112E-01
   0.406816E+00   0.247682E+06   0.245959E+06   0.387237E-01  -0.407350E-01   0.843860E+05   0.236120E+06   0.247393E+06   0.236120E+06  -0.569838E-02   0.119670E+06   0.119651E+06   0.160194E-01
   0.411979E+00   0.242830E+06   0.241139E+06   0.369840E-01  -0.389662E-01   0.818546E+05   0.231433E+06   0.242546E+06   0.231433E+06  -0.558527E-02   0.117308E+06   0.117289E+06   0.155122E-01
   0.417142E+00   0.238215E+06   0.236560E+06   0.353552E-01  -0.373079E-01   0.794520E+05   0.226977E+06   0.237937E+06   0.226977E+06  -0.547772E-02   0.115062E+06   0.115043E+06   0.149973E-01
   0.422305E+00   0.233806E+06   0.232189E+06   0.338264E-01  -0.357491E-01   0.771642E+05   0.222721E+06   0.233535E+06   0.222721E+06  -0.537501E-02   0.112916E+06   0.112898E+06   0.144878E-01
   0.427468E+00   0.229556E+06   0.227976E+06   0.323845E-01  -0.342768E-01   0.749721E+05   0.218618E+06   0.229290E+06   0.218618E+06  -0.527600E-02   0.110848E+06   0.110830E+06   0.139973E-01
   0.432631E+00   0.225418E+06   0.223874E+06   0.310184E-01  -0.328797E-01   0.728585E+05   0.214626E+06   0.225159E+06   0.214626E+06  -0.517966E-02   0.108835E+06   0.108818E+06   0.135368E-01
   0.437794E+00   0.221367E+06   0.219855E+06   0.297203E-01  -0.315499E-01   0.708124E+05   0.210719E+06   0.221113E+06   0.210719E+06  -0.508536E-02   0.106865E+06   0.106848E+06   0.131127E-01
   0.442957E+00   0.217388E+06   0.215904E+06   0.284847E-01  -0.302819E-01   0.688277E+05   0.206882E+06   0.217139E+06   0.206882E+06  -0.499278E-02   0.104930E+06   0.104913E+06   0.127254E-01
   0.448120E+00   0.213474E+06   0.212014E+06   0.273071E-01  -0.290715E-01   0.669002E+05   0.203109E+06   0.213229E+06   0.203109E+06  -0.490171E-02   0.103027E+06   0.103010E+06   0.123702E-01
   0.453283E+00   0.209626E+06   0.208189E+06   0.261851E-01  -0.279162E-01   0.650295E+05   0.199402E+06   0.209385E+06   0.199402E+06  -0.481225E-02   0.101156E+06   0.101140E+06   0.120393E-01
   0.458446E+00   0.205863E+06   0.204446E+06   0.251176E-01  -0.268154E-01   0.632192E+05   0.195776E+06   0.205625E+06   0.195776E+06  -0.472475E-02   0.993267E+05   0.993106E+05   0.117240E-01
   0.463608E+00   0.202205E+06   0.200809E+06   0.241047E-01  -0.257692E-01   0.614745E+05   0.192254E+06   0.201970E+06   0.192254E+06  -0.463974E-02   0.975491E+05   0.975333E+05   0.114170E-01
   0.468771E+00   0.198668E+06   0.197293E+06   0.231451E-01  -0.247768E-01   0.597983E+05   0.188849E+06   0.198437E+06   0.188849E+06  -0.455757E-02   0.958306E+05   0.958150E+05   0.111131E-01
   0.473934E+00   0.195253E+06   0.193900E+06   0.222363E-01  -0.238357E-01   0.581893E+05   0.185563E+06   0.195026E+06   0.185563E+06  -0.447826E-02   0.941719E+05   0.941565E+05   0.108105E-01
   0.479097E+00   0.191956E+06   0.190626E+06   0.213750E-01  -0.229426E-01   0.566441E+05   0.182390E+06   0.191732E+06   0.182390E+06  -0.440169E-02   0.925702E+05   0.925551E+05   0.105099E-01
   0.484260E+00   0.188767E+06   0.187462E+06   0.205580E-01  -0.220942E-01   0.551588E+05   0.179324E+06   0.188548E+06   0.179324E+06  -0.432768E-02   0.910222E+05   0.910073E+05   0.102140E-01
   0.489423E+00   0.185679E+06   0.184397E+06   0.197820E-01  -0.212873E-01   0.537291E+05   0.176354E+06   0.185464E+06   0.176354E+06  -0.425602E-02   0.895229E+05   0.895083E+05   0.992669E-02
   0.494586E+00   0.182677E+06   0.181418E+06   0.190433E-01  -0.205183E-01   0.523493E+05   0.173467E+06   0.182465E+06   0.173467E+06  -0.418635E-02   0.880653E+05   0.880510E+05   0.965126E-02
   0.499749E+00   0.179744E+06   0.178507E+06   0.183385E-01  -0.197835E-01   0.510136E+05   0.170648E+06   0.179536E+06   0.170648E+06  -0.411831E-02   0.866416E+05   0.866276E+05   0.938981E-02
   0.504912E+00   0.176869E+06   0.175652E+06   0.176649E-01  -0.190801E-01   0.497178E+05   0.167885E+06   0.176665E+06   0.167885E+06  -0.405164E-02   0.852465E+05   0.852327E+05   0.914298E-02
   0.510075E+00   0.174050E+06   0.172852E+06   0.170206E-01  -0.184065E-01   0.484601E+05   0.165177E+06   0.173849E+06   0.165177E+06  -0.398629E-02   0.838786E+05   0.838649E+05   0.890998E-02
   0.515238E+00   0.171289E+06   0.170109E+06   0.164046E-01  -0.177616E-01   0.472402E+05   0.162526E+06   0.171091E+06   0.162526E+06  -0.392229E-02   0.825390E+05   0.825255E+05   0.868897E-02
   0.520401E+00   0.168588E+06   0.167425E+06   0.158157E-01  -0.171443E-01   0.460580E+05   0.159932E+06   0.168393E+06   0.159932E+06  -0.385971E-02   0.812288E+05   0.812156E+05   0.847744E-02
   0.525563E+00   0.165949E+06   0.164803E+06   0.152529E-01  -0.165535E-01   0.449128E+05   0.157399E+06   0.165756E+06   0.157399E+06  -0.379858E-02   0.799489E+05   0.799359E+05   0.827289E-02
   0.530726E+00   0.163375E+06   0.162246E+06   0.147153E-01  -0.159884E-01   0.438048E+05   0.154930E+06   0.163186E+06   0.154930E+06  -0.373898E-02   0.787009E+05   0.786880E+05   0.807341E-02
   0.535889E+00   0.160871E+06   0.159758E+06   0.142020E-01  -0.154483E-01   0.427342E+05   0.152528E+06   0.160685E+06   0.152528E+06  -0.368101E-02   0.774868E+05   0.774742E+05   0.787797E-02
   0.541052E+00   0.158438E+06   0.157342E+06   0.137122E-01  -0.149322E-01   0.417004E+05   0.150194E+06   0.158254E+06   0.150194E+06  -0.362469E-02   0.763073E+05   0.762949E+05   0.768633E-02
   0.546215E+00   0.156072E+06   0.154992E+06   0.132443E-01  -0.144387E-01   0.407014E+05   0.147924E+06   0.155891E+06   0.147924E+06  -0.356992E-02   0.751602E+05   0.751479E+05   0.749883E-02
   0.551378E+00   0.153765E+06   0.152702E+06   0.127968E-01  -0.139661E-01   0.397345E+05   0.145713E+06   0.153587E+06   0.145713E+06  -0.351655E-02   0.740423E+05   0.740302E+05   0.731621E-02
   0.556541E+00   0.151514E+06   0.150467E+06   0.123685E-01  -0.135131E-01   0.387979E+05   0.143555E+06   0.151338E+06   0.143555E+06  -0.346447E-02   0.729512E+05   0.729393E+05   0.713934E-02
   0.561704E+00   0.149314E+06   0.148283E+06   0.119581E-01  -0.130787E-01   0.378901E+05   0.141448E+06   0.149141E+06   0.141448E+06  -0.341361E-02   0.718857E+05   0.718740E+05   0.696897E-02
   0.566867E+00   0.147164E+06   0.146148E+06   0.115648E-01  -0.126618E-01   0.370095E+05   0.139387E+06   0.146993E+06   0.139387E+06  -0.336388E-02   0.708439E+05   0.708323E+05   0.680540E-02
   0.572030E+00   0.145057E+06   0.144055E+06   0.111873E-01  -0.122612E-01   0.361541E+05   0.137369E+06   0.144889E+06   0.137369E+06  -0.331518E-02   0.698233E+05   0.698119E+05   0.664848E-02
   0.577193E+00   0.142991E+06   0.142003E+06   0.108247E-01  -0.118761E-01   0.353228E+05   0.135391E+06   0.142825E+06   0.135391E+06  -0.326743E-02   0.688227E+05   0.688114E+05   0.649771E-02
   0.582356E+00   0.140967E+06   0.139993E+06   0.104766E-01  -0.115058E-01   0.345152E+05   0.133453E+06   0.140803E+06   0.133453E+06  -0.322066E-02   0.678424E+05   0.678313E+05   0.635243E-02
   0.587519E+00   0.138986E+06   0.138026E+06   0.101425E-01  -0.111501E-01   0.337313E+05   0.131557E+06   0.138825E+06   0.131557E+06  -0.317492E-02   0.668836E+05   0.668727E+05   0.621190E-02
   0.592681E+00   0.137051E+06   0.136103E+06   0.982186E-02  -0.108082E-01   0.329707E+05   0.129705E+06   0.136892E+06   0.129705E+06  -0.313022E-02   0.659464E+05   0.659356E+05   0.607543E-02
   0.597844E+00   0.135158E+06   0.134222E+06   0.951394E-02  -0.104796E-01   0.322325E+05   0.127894E+06   0.135001E+06   0.127894E+06  -0.308651E-02   0.650300E+05   0.650194E+05   0.594246E-02
   0.603007E+00   0.133307E+06   0.132384E+06   0.921823E-02  -0.101637E-01   0.315159E+05   0.126123E+06   0.133152E+06   0.126123E+06  -0.304378E-02   0.641342E+05   0.641237E+05   0.581269E-02
   0.608170E+00   0.131499E+06   0.130588E+06   0.893425E-02  -0.985996E-02   0.308206E+05   0.124394E+06   0.131346E+06   0.124394E+06  -0.300204E-02   0.632590E+05   0.632487E+05   0.568611E-02
   0.613333E+00   0.129732E+06   0.128834E+06   0.866151E-02  -0.956796E-02   0.301461E+05   0.122705E+06   0.129582E+06   0.122705E+06  -0.296129E-02   0.624044E+05   0.623942E+05   0.556281E-02
   0.618496E+00   0.128005E+06   0.127119E+06   0.839934E-02  -0.928699E-02   0.294910E+05   0.121054E+06   0.127856E+06   0.121054E+06  -0.292144E-02   0.615687E+05   0.615586E+05   0.544294E-02
   0.623659E+00   0.126313E+06   0.125439E+06   0.814710E-02  -0.901636E-02   0.288543E+05   0.119437E+06   0.126166E+06   0.119437E+06  -0.288241E-02   0.607502E+05   0.607402E+05   0.532659E-02
   0.628822E+00   0.124655E+06   0.123793E+06   0.790430E-02  -0.875560E-02   0.282351E+05   0.117852E+06   0.124510E+06   0.117852E+06  -0.284418E-02   0.599482E+05   0.599383E+05   0.521387E-02
   0.633985E+00   0.123031E+06   0.122180E+06   0.767057E-02  -0.850433E-02   0.276330E+05   0.116301E+06   0.122888E+06   0.116301E+06  -0.280673E-02   0.591626E+05   0.591529E+05   0.510480E-02
   0.682939E+00   0.109138E+06   0.108382E+06   0.583523E-02  -0.652151E-02   0.226719E+05   0.103040E+06   0.109011E+06   0.103040E+06  -0.248670E-02   0.524465E+05   0.524379E+05   0.421455E-02
   0.735674E+00   0.967585E+05   0.960876E+05   0.443732E-02  -0.499757E-02   0.185485E+05   0.912449E+05   0.966459E+05   0.912449E+05  -0.220205E-02   0.464683E+05   0.464606E+05   0.347705E-02
   0.792481E+00   0.857475E+05   0.851525E+05   0.337353E-02  -0.382767E-02   0.151345E+05   0.807712E+05   0.856476E+05   0.807712E+05  -0.194928E-02   0.411558E+05   0.411490E+05   0.286807E-02
   0.895965E+00   0.701450E+05   0.696577E+05   0.214392E-02  -0.246061E-02   0.107510E+05   0.659613E+05   0.700631E+05   0.659613E+05  -0.159187E-02   0.336370E+05   0.336314E+05   0.208588E-02
   0.125042E+01   0.403787E+05   0.400974E+05   0.623467E-03  -0.734731E-03   0.409756E+04   0.378256E+05   0.403314E+05   0.378256E+05  -0.912861E-03   0.193253E+05   0.193220E+05   0.878616E-03
   0.174510E+01   0.230281E+05   0.228673E+05   0.180874E-03  -0.216276E-03   0.148716E+04   0.215132E+05   0.230011E+05   0.215132E+05  -0.519235E-03   0.110065E+05   0.110046E+05   0.373028E-03
   0.243548E+01   0.130212E+05   0.129301E+05   0.529755E-04  -0.622196E-04   0.516071E+03   0.121422E+05   0.130059E+05   0.121422E+05  -0.293223E-03   0.621820E+04   0.621702E+04   0.162049E-03
