#          k/h    CDM            baryon         photon         nu             mass_nu        total          no_nu          total_de       Weyl           v_CDM          v_b            v_b-v_c     
   0.110953E-04   0.166880E+08   0.166880E+08   0.222394E+08   0.222390E+08   0.166881E+08   0.166880E+08   0.166880E+08   0.166935E+08  -0.550192E+00   0.824920E+07   0.824920E+07   0.545164E+01
   0.122507E-04   0.166879E+08   0.166879E+08   0.222368E+08   0.222364E+08   0.166880E+08   0.166879E+08   0.166879E+08   0.166935E+08  -0.550188E+00   0.824918E+07   0.824918E+07   0.601918E+01
   0.135265E-04   0.166879E+08   0.166879E+08   0.222338E+08   0.222333E+08   0.166880E+08   0.166879E+08   0.166879E+08   0.166935E+08  -0.550182E+00   0.824916E+07   0.824915E+07   0.664575E+01
   0.149351E-04   0.166879E+08   0.166879E+08   0.222301E+08   0.222294E+08   0.166880E+08   0.166879E+08   0.166879E+08   0.166934E+08  -0.550175E+00   0.824913E+07   0.824913E+07   0.733749E+01
   0.164904E-04   0.166878E+08   0.166878E+08   0.222255E+08   0.222247E+08   0.166879E+08   0.166878E+08   0.166878E+08   0.166934E+08  -0.550167E+00   0.824909E+07   0.824909E+07   0.810116E+01
   0.182076E-04   0.166878E+08   0.166878E+08   0.222200E+08   0.222190E+08   0.166879E+08   0.166878E+08   0.166878E+08   0.166933E+08  -0.550158E+00   0.824905E+07   0.824905E+07   0.894419E+01
   0.201037E-04   0.166877E+08   0.166877E+08   0.222133E+08   0.222121E+08   0.166878E+08   0.166877E+08   0.166877E+08   0.166932E+08  -0.550146E+00   0.824900E+07   0.824900E+07   0.987482E+01
   0.221972E-04   0.166876E+08   0.166876E+08   0.222051E+08   0.222036E+08   0.166877E+08   0.166876E+08   0.166876E+08   0.166932E+08  -0.550131E+00   0.824894E+07   0.824894E+07   0.109021E+02
   0.245088E-04   0.166875E+08   0.166875E+08   0.221951E+08   0.221933E+08   0.166876E+08   0.166875E+08   0.166875E+08   0.166931E+08  -0.550113E+00   0.824887E+07   0.824887E+07   0.120359E+02
   0.270611E-04   0.166874E+08   0.166874E+08   0.221829E+08   0.221807E+08   0.166875E+08   0.166874E+08   0.166874E+08   0.166929E+08  -0.550091E+00   0.824878E+07   0.824878E+07   0.132874E+02
   0.298791E-04   0.166872E+08   0.166872E+08   0.221680E+08   0.221654E+08   0.166873E+08   0.166872E+08   0.166872E+08   0.166928E+08  -0.550065E+00   0.824867E+07   0.824867E+07   0.146685E+02
   0.329906E-04   0.166870E+08   0.166870E+08   0.221500E+08   0.221468E+08   0.166871E+08   0.166870E+08   0.166870E+08   0.166926E+08  -0.550032E+00   0.824853E+07   0.824853E+07   0.161925E+02
   0.364261E-04   0.166868E+08   0.166868E+08   0.221279E+08   0.221240E+08   0.166869E+08   0.166868E+08   0.166868E+08   0.166923E+08  -0.549993E+00   0.824837E+07   0.824837E+07   0.178740E+02
   0.402194E-04   0.166865E+08   0.166865E+08   0.221011E+08   0.220964E+08   0.166866E+08   0.166865E+08   0.166865E+08   0.166920E+08  -0.549945E+00   0.824817E+07   0.824817E+07   0.197290E+02
   0.444077E-04   0.166862E+08   0.166862E+08   0.220684E+08   0.220626E+08   0.166863E+08   0.166862E+08   0.166862E+08   0.166917E+08  -0.549886E+00   0.824793E+07   0.824793E+07   0.217750E+02
   0.490322E-04   0.166858E+08   0.166857E+08   0.220287E+08   0.220216E+08   0.166858E+08   0.166858E+08   0.166857E+08   0.166913E+08  -0.549815E+00   0.824764E+07   0.824763E+07   0.240311E+02
   0.541382E-04   0.166852E+08   0.166852E+08   0.219803E+08   0.219717E+08   0.166853E+08   0.166852E+08   0.166852E+08   0.166907E+08  -0.549728E+00   0.824727E+07   0.824727E+07   0.265181E+02
   0.597760E-04   0.166846E+08   0.166846E+08   0.219214E+08   0.219110E+08   0.166847E+08   0.166846E+08   0.166846E+08   0.166901E+08  -0.549622E+00   0.824684E+07   0.824683E+07   0.292589E+02
   0.660009E-04   0.166839E+08   0.166838E+08   0.218498E+08   0.218372E+08   0.166839E+08   0.166839E+08   0.166839E+08   0.166893E+08  -0.549493E+00   0.824630E+07   0.824629E+07   0.322778E+02
   0.728740E-04   0.166829E+08   0.166829E+08   0.217629E+08   0.217475E+08   0.166830E+08   0.166829E+08   0.166829E+08   0.166884E+08  -0.549336E+00   0.824565E+07   0.824564E+07   0.356016E+02
   0.804628E-04   0.166818E+08   0.166818E+08   0.216573E+08   0.216386E+08   0.166819E+08   0.166818E+08   0.166818E+08   0.166872E+08  -0.549145E+00   0.824486E+07   0.824485E+07   0.392585E+02
   0.888420E-04   0.166804E+08   0.166804E+08   0.215293E+08   0.215066E+08   0.166805E+08   0.166804E+08   0.166804E+08   0.166858E+08  -0.548912E+00   0.824389E+07   0.824388E+07   0.432789E+02
   0.980937E-04   0.166788E+08   0.166787E+08   0.213741E+08   0.213466E+08   0.166788E+08   0.166788E+08   0.166788E+08   0.166841E+08  -0.548629E+00   0.824272E+07   0.824270E+07   0.476948E+02
   0.108309E-03   0.166767E+08   0.166767E+08   0.211864E+08   0.211531E+08   0.166768E+08   0.166767E+08   0.166767E+08   0.166820E+08  -0.548284E+00   0.824128E+07   0.824127E+07   0.525394E+02
   0.119588E-03   0.166743E+08   0.166742E+08   0.209596E+08   0.209194E+08   0.166743E+08   0.166743E+08   0.166743E+08   0.166795E+08  -0.547865E+00   0.823955E+07   0.823952E+07   0.578467E+02
   0.132041E-03   0.166713E+08   0.166712E+08   0.206862E+08   0.206377E+08   0.166713E+08   0.166713E+08   0.166713E+08   0.166764E+08  -0.547356E+00   0.823743E+07   0.823741E+07   0.636510E+02
   0.145791E-03   0.166676E+08   0.166675E+08   0.203574E+08   0.202990E+08   0.166677E+08   0.166676E+08   0.166676E+08   0.166727E+08  -0.546738E+00   0.823486E+07   0.823483E+07   0.699854E+02
   0.160974E-03   0.166632E+08   0.166630E+08   0.199632E+08   0.198931E+08   0.166632E+08   0.166632E+08   0.166632E+08   0.166681E+08  -0.545988E+00   0.823174E+07   0.823170E+07   0.768801E+02
   0.177737E-03   0.166578E+08   0.166576E+08   0.194923E+08   0.194084E+08   0.166578E+08   0.166578E+08   0.166578E+08   0.166626E+08  -0.545079E+00   0.822796E+07   0.822791E+07   0.843610E+02
   0.196246E-03   0.166513E+08   0.166511E+08   0.189323E+08   0.188323E+08   0.166513E+08   0.166512E+08   0.166512E+08   0.166559E+08  -0.543979E+00   0.822337E+07   0.822331E+07   0.924460E+02
   0.216682E-03   0.166433E+08   0.166431E+08   0.182701E+08   0.181515E+08   0.166433E+08   0.166433E+08   0.166433E+08   0.166478E+08  -0.542650E+00   0.821782E+07   0.821775E+07   0.101142E+03
   0.239247E-03   0.166337E+08   0.166335E+08   0.174923E+08   0.173525E+08   0.166337E+08   0.166337E+08   0.166337E+08   0.166381E+08  -0.541047E+00   0.821111E+07   0.821103E+07   0.110439E+03
   0.264161E-03   0.166222E+08   0.166218E+08   0.165864E+08   0.164230E+08   0.166221E+08   0.166221E+08   0.166221E+08   0.166262E+08  -0.539119E+00   0.820303E+07   0.820293E+07   0.120305E+03
   0.291670E-03   0.166082E+08   0.166078E+08   0.155421E+08   0.153528E+08   0.166081E+08   0.166081E+08   0.166081E+08   0.166120E+08  -0.536805E+00   0.819330E+07   0.819319E+07   0.130680E+03
   0.322043E-03   0.165914E+08   0.165909E+08   0.143537E+08   0.141370E+08   0.165912E+08   0.165913E+08   0.165913E+08   0.165949E+08  -0.534038E+00   0.818163E+07   0.818150E+07   0.141464E+03
   0.355580E-03   0.165712E+08   0.165706E+08   0.130225E+08   0.127779E+08   0.165710E+08   0.165711E+08   0.165711E+08   0.165743E+08  -0.530744E+00   0.816769E+07   0.816752E+07   0.152511E+03
   0.392609E-03   0.165471E+08   0.165464E+08   0.115607E+08   0.112894E+08   0.165468E+08   0.165469E+08   0.165470E+08   0.165498E+08  -0.526841E+00   0.815108E+07   0.815089E+07   0.163618E+03
   0.433494E-03   0.165183E+08   0.165175E+08   0.999469E+07   0.970034E+07   0.165180E+08   0.165182E+08   0.165182E+08   0.165207E+08  -0.522246E+00   0.813142E+07   0.813119E+07   0.174519E+03
   0.478636E-03   0.164843E+08   0.164833E+08   0.836871E+07   0.805800E+07   0.164838E+08   0.164841E+08   0.164841E+08   0.164862E+08  -0.516876E+00   0.810827E+07   0.810801E+07   0.184880E+03
   0.528480E-03   0.164442E+08   0.164430E+08   0.674627E+07   0.642940E+07   0.164436E+08   0.164439E+08   0.164440E+08   0.164456E+08  -0.510656E+00   0.808122E+07   0.808092E+07   0.194299E+03
   0.583514E-03   0.163972E+08   0.163958E+08   0.520806E+07   0.489866E+07   0.163965E+08   0.163970E+08   0.163970E+08   0.163982E+08  -0.503527E+00   0.804989E+07   0.804954E+07   0.202323E+03
   0.644279E-03   0.163427E+08   0.163411E+08   0.384367E+07   0.355783E+07   0.163418E+08   0.163424E+08   0.163425E+08   0.163434E+08  -0.495460E+00   0.801397E+07   0.801356E+07   0.208473E+03
   0.711372E-03   0.162801E+08   0.162782E+08   0.273545E+07   0.248945E+07   0.162790E+08   0.162797E+08   0.162798E+08   0.162804E+08  -0.486468E+00   0.797328E+07   0.797282E+07   0.212287E+03
   0.785452E-03   0.162089E+08   0.162068E+08   0.193514E+07   0.174174E+07   0.162075E+08   0.162085E+08   0.162086E+08   0.162090E+08  -0.476623E+00   0.792783E+07   0.792733E+07   0.213378E+03
   0.867246E-03   0.161291E+08   0.161266E+08   0.143914E+07   0.130316E+07   0.161273E+08   0.161286E+08   0.161286E+08   0.161289E+08  -0.466063E+00   0.787789E+07   0.787734E+07   0.211495E+03
   0.957558E-03   0.160407E+08   0.160380E+08   0.117573E+07   0.109039E+07   0.160386E+08   0.160401E+08   0.160403E+08   0.160404E+08  -0.455000E+00   0.782400E+07   0.782341E+07   0.206574E+03
   0.105727E-02   0.159445E+08   0.159416E+08   0.102145E+07   0.968291E+06   0.159419E+08   0.159439E+08   0.159440E+08   0.159442E+08  -0.443713E+00   0.776699E+07   0.776636E+07   0.198755E+03
   0.116738E-02   0.158416E+08   0.158384E+08   0.856068E+06   0.810354E+06   0.158384E+08   0.158409E+08   0.158411E+08   0.158411E+08  -0.432522E+00   0.770790E+07   0.770724E+07   0.188366E+03
   0.128894E-02   0.157333E+08   0.157299E+08   0.634837E+06   0.575786E+06   0.157293E+08   0.157325E+08   0.157327E+08   0.157326E+08  -0.421747E+00   0.764785E+07   0.764717E+07   0.175862E+03
   0.142317E-02   0.156211E+08   0.156175E+08   0.417364E+06   0.337271E+06   0.156162E+08   0.156202E+08   0.156205E+08   0.156203E+08  -0.411661E+00   0.758789E+07   0.758720E+07   0.161789E+03
   0.157137E-02   0.155064E+08   0.155028E+08   0.294637E+06   0.199345E+06   0.155005E+08   0.155054E+08   0.155058E+08   0.155055E+08  -0.402443E+00   0.752876E+07   0.752806E+07   0.146787E+03
   0.173501E-02   0.153903E+08   0.153866E+08   0.261250E+06   0.504807E+05   0.153831E+08   0.153892E+08   0.153897E+08   0.153893E+08  -0.394160E+00   0.747076E+07   0.747008E+07   0.131608E+03
   0.191569E-02   0.152733E+08   0.152696E+08   0.211087E+06   0.145121E+05   0.152644E+08   0.152721E+08   0.152726E+08   0.152721E+08  -0.386777E+00   0.741375E+07   0.741308E+07   0.117066E+03
   0.211518E-02   0.151550E+08   0.151513E+08   0.116051E+06  -0.557631E+04   0.151442E+08   0.151537E+08   0.151544E+08   0.151537E+08  -0.380193E+00   0.735718E+07   0.735652E+07   0.103860E+03
   0.233545E-02   0.150347E+08   0.150309E+08   0.746504E+05  -0.157335E+05   0.150216E+08   0.150332E+08   0.150340E+08   0.150332E+08  -0.374278E+00   0.730026E+07   0.729961E+07   0.924217E+02
   0.257865E-02   0.149111E+08   0.149072E+08   0.761852E+05  -0.199057E+05   0.148952E+08   0.149094E+08   0.149104E+08   0.149094E+08  -0.368890E+00   0.724207E+07   0.724143E+07   0.828738E+02
   0.284718E-02   0.147826E+08   0.147786E+08   0.404471E+05  -0.206479E+05   0.147634E+08   0.147806E+08   0.147819E+08   0.147806E+08  -0.363884E+00   0.718164E+07   0.718100E+07   0.749833E+02
   0.314368E-02   0.146474E+08   0.146432E+08   0.327325E+05  -0.195609E+05   0.146242E+08   0.146452E+08   0.146467E+08   0.146452E+08  -0.359120E+00   0.711792E+07   0.711728E+07   0.681876E+02
   0.347105E-02   0.145038E+08   0.144993E+08   0.198895E+05  -0.176116E+05   0.144757E+08   0.145011E+08   0.145030E+08   0.145011E+08  -0.354468E+00   0.704990E+07   0.704926E+07   0.619103E+02
   0.383252E-02   0.143495E+08   0.143448E+08   0.114649E+05  -0.153616E+05   0.143158E+08   0.143465E+08   0.143487E+08   0.143465E+08  -0.349812E+00   0.697655E+07   0.697591E+07   0.558473E+02
   0.423162E-02   0.141828E+08   0.141777E+08   0.276336E+04  -0.131192E+05   0.141422E+08   0.141792E+08   0.141819E+08   0.141792E+08  -0.345048E+00   0.689685E+07   0.689622E+07   0.501052E+02
   0.467229E-02   0.140014E+08   0.139960E+08   0.655753E+04  -0.110398E+05   0.139528E+08   0.139972E+08   0.140005E+08   0.139972E+08  -0.340081E+00   0.680978E+07   0.680915E+07   0.449795E+02
   0.515884E-02   0.138034E+08   0.137975E+08   0.398513E+04  -0.918966E+04   0.137453E+08   0.137985E+08   0.138024E+08   0.137985E+08  -0.334827E+00   0.671434E+07   0.671371E+07   0.405667E+02
   0.569607E-02   0.135866E+08   0.135801E+08   0.180143E+04  -0.758600E+04   0.135174E+08   0.135808E+08   0.135855E+08   0.135808E+08  -0.329211E+00   0.660952E+07   0.660889E+07   0.366363E+02
   0.628924E-02   0.133491E+08   0.133418E+08   0.207369E+04  -0.622004E+04   0.132671E+08   0.133423E+08   0.133479E+08   0.133423E+08  -0.323162E+00   0.649434E+07   0.649372E+07   0.329718E+02
   0.694418E-02   0.130887E+08   0.130806E+08   0.175992E+04  -0.507081E+04   0.129920E+08   0.130808E+08   0.130873E+08   0.130808E+08  -0.316617E+00   0.636782E+07   0.636720E+07   0.296509E+02
   0.766732E-02   0.128035E+08   0.127944E+08   0.120803E+04  -0.411275E+04   0.126901E+08   0.127942E+08   0.128020E+08   0.127942E+08  -0.309514E+00   0.622901E+07   0.622839E+07   0.267437E+02
   0.846577E-02   0.124915E+08   0.124812E+08  -0.236136E+03  -0.331977E+04   0.123595E+08   0.124808E+08   0.124898E+08   0.124808E+08  -0.301799E+00   0.607699E+07   0.607638E+07   0.241190E+02
   0.934736E-02   0.121511E+08   0.121394E+08  -0.593519E+03  -0.266727E+04   0.119984E+08   0.121387E+08   0.121492E+08   0.121387E+08  -0.293422E+00   0.591094E+07   0.591033E+07   0.217476E+02
   0.103208E-01   0.117807E+08   0.117672E+08   0.399372E+02  -0.213309E+04   0.116054E+08   0.117665E+08   0.117784E+08   0.117665E+08  -0.284340E+00   0.573012E+07   0.572951E+07   0.196519E+02
   0.113955E-01   0.113791E+08   0.113636E+08  -0.503646E+03  -0.169777E+04   0.111796E+08   0.113629E+08   0.113765E+08   0.113629E+08  -0.274521E+00   0.553396E+07   0.553335E+07   0.177684E+02
   0.125822E-01   0.109454E+08   0.109277E+08  -0.150407E+03  -0.134456E+04   0.107203E+08   0.109271E+08   0.109424E+08   0.109271E+08  -0.263941E+00   0.532210E+07   0.532149E+07   0.160971E+02
   0.138925E-01   0.104794E+08   0.104591E+08  -0.360581E+03  -0.105921E+04   0.102278E+08   0.104588E+08   0.104760E+08   0.104588E+08  -0.252590E+00   0.509441E+07   0.509380E+07   0.146033E+02
   0.153392E-01   0.998152E+07   0.995829E+07  -0.268846E+03  -0.829683E+03   0.970273E+07   0.995861E+07   0.997762E+07   0.995861E+07  -0.240478E+00   0.485110E+07   0.485049E+07   0.132711E+02
   0.169366E-01   0.946261E+07   0.943612E+07  -0.370790E+03  -0.646583E+03   0.915631E+07   0.943729E+07   0.945816E+07   0.943729E+07  -0.227865E+00   0.459750E+07   0.459688E+07   0.120843E+02
   0.187003E-01   0.890715E+07   0.887714E+07  -0.194125E+03  -0.500166E+03   0.857410E+07   0.887942E+07   0.890211E+07   0.887942E+07  -0.214376E+00   0.432608E+07   0.432546E+07   0.110032E+02
   0.206477E-01   0.832714E+07   0.829344E+07  -0.232529E+03  -0.384178E+03   0.796877E+07   0.829709E+07   0.832148E+07   0.829709E+07  -0.200302E+00   0.404273E+07   0.404211E+07   0.100123E+02
   0.227979E-01   0.772127E+07   0.768388E+07  -0.772981E+02  -0.292625E+03   0.734026E+07   0.768908E+07   0.771499E+07   0.768908E+07  -0.185613E+00   0.374685E+07   0.374623E+07   0.908325E+01
   0.251720E-01   0.710989E+07   0.706902E+07  -0.685457E+02  -0.221322E+03   0.670918E+07   0.707579E+07   0.710303E+07   0.707579E+07  -0.170800E+00   0.344838E+07   0.344776E+07   0.820006E+01
   0.277933E-01   0.650111E+07   0.645730E+07  -0.717033E+02  -0.166213E+03   0.608402E+07   0.646542E+07   0.649375E+07   0.646542E+07  -0.156061E+00   0.315131E+07   0.315070E+07   0.733703E+01
   0.306876E-01   0.589959E+07   0.585377E+07  -0.282451E+02  -0.123883E+03   0.546971E+07   0.586270E+07   0.589189E+07   0.586270E+07  -0.141508E+00   0.285794E+07   0.285735E+07   0.647304E+01
   0.338833E-01   0.532076E+07   0.527431E+07  -0.502036E+02  -0.917683E+02   0.488133E+07   0.528311E+07   0.531296E+07   0.528311E+07  -0.127515E+00   0.257582E+07   0.257525E+07   0.559659E+01
   0.374118E-01   0.478269E+07   0.473739E+07  -0.208554E+02  -0.677584E+02   0.433622E+07   0.474474E+07   0.477509E+07   0.474474E+07  -0.114518E+00   0.231374E+07   0.231322E+07   0.470830E+01
   0.413077E-01   0.430225E+07   0.426015E+07  -0.169700E+02  -0.500741E+02   0.384833E+07   0.426428E+07   0.429518E+07   0.426428E+07  -0.102920E+00   0.207987E+07   0.207939E+07   0.382370E+01
   0.454385E-01   0.389418E+07   0.385710E+07   0.576602E+02  -0.375230E+02   0.343505E+07   0.385664E+07   0.388796E+07   0.385664E+07  -0.930800E-01   0.188145E+07   0.188104E+07   0.300078E+01
   0.495692E-01   0.357648E+07   0.354525E+07   0.444075E+02  -0.290091E+02   0.311107E+07   0.353941E+07   0.357124E+07   0.353941E+07  -0.854229E-01   0.172707E+07   0.172672E+07   0.231137E+01
   0.537000E-01   0.332262E+07   0.329726E+07   0.350843E+02  -0.230052E+02   0.285006E+07   0.328597E+07   0.331836E+07   0.328597E+07  -0.793055E-01   0.160375E+07   0.160347E+07   0.176204E+01
   0.578308E-01   0.311011E+07   0.308993E+07   0.282623E+02  -0.186013E+02   0.263063E+07   0.307380E+07   0.310673E+07   0.307380E+07  -0.741843E-01   0.150053E+07   0.150030E+07   0.135006E+01
   0.619615E-01   0.292339E+07   0.290719E+07   0.230968E+02  -0.152582E+02   0.243824E+07   0.288731E+07   0.292067E+07   0.288731E+07  -0.696830E-01   0.140980E+07   0.140961E+07   0.106400E+01
   0.660923E-01   0.274854E+07   0.273489E+07   0.190477E+02  -0.126305E+02   0.226032E+07   0.271264E+07   0.274624E+07   0.271264E+07  -0.654672E-01   0.132482E+07   0.132464E+07   0.883439E+00
   0.702231E-01   0.257731E+07   0.256480E+07   0.157888E+02  -0.105088E+02   0.208977E+07   0.254164E+07   0.257521E+07   0.254164E+07  -0.613400E-01   0.124158E+07   0.124142E+07   0.783494E+00
   0.743539E-01   0.240927E+07   0.239674E+07   0.131368E+02  -0.877651E+01   0.192603E+07   0.237389E+07   0.240717E+07   0.237389E+07  -0.572915E-01   0.115990E+07   0.115974E+07   0.738363E+00
   0.784846E-01   0.224172E+07   0.222838E+07   0.109462E+02  -0.734047E+01   0.176686E+07   0.220680E+07   0.223948E+07   0.220680E+07  -0.532587E-01   0.107850E+07   0.107833E+07   0.722468E+00
   0.826154E-01   0.208108E+07   0.206659E+07   0.915053E+01  -0.615921E+01   0.161720E+07   0.204674E+07   0.207865E+07   0.204674E+07  -0.493957E-01   0.100050E+07   0.100032E+07   0.715864E+00
   0.867462E-01   0.193176E+07   0.191619E+07   0.768710E+01  -0.519334E+01   0.148014E+07   0.189809E+07   0.192914E+07   0.189809E+07  -0.458082E-01   0.928049E+06   0.927866E+06   0.703710E+00
   0.918698E-01   0.176759E+07   0.175128E+07   0.625433E+01  -0.424448E+01   0.133102E+07   0.173485E+07   0.176485E+07   0.173485E+07  -0.418685E-01   0.848469E+06   0.848285E+06   0.668550E+00
   0.969935E-01   0.163101E+07   0.161491E+07   0.516437E+01  -0.352024E+01   0.120727E+07   0.159919E+07   0.162831E+07   0.159919E+07  -0.385945E-01   0.782334E+06   0.782157E+06   0.607902E+00
   0.102117E+00   0.152328E+07   0.150834E+07   0.434121E+01  -0.297185E+01   0.110862E+07   0.149227E+07   0.152077E+07   0.149227E+07  -0.360139E-01   0.730218E+06   0.730057E+06   0.528014E+00
   0.107241E+00   0.144059E+07   0.142753E+07   0.371461E+01  -0.255354E+01   0.103111E+07   0.141023E+07   0.143840E+07   0.141023E+07  -0.340341E-01   0.690256E+06   0.690114E+06   0.440582E+00
   0.112364E+00   0.137507E+07   0.136415E+07   0.322310E+01  -0.222474E+01   0.968125E+06   0.134522E+07   0.137324E+07   0.134522E+07  -0.324651E-01   0.658605E+06   0.658484E+06   0.358095E+00
   0.117488E+00   0.131798E+07   0.130902E+07   0.282005E+01  -0.195441E+01   0.912887E+06   0.128856E+07   0.131647E+07   0.128856E+07  -0.310976E-01   0.631024E+06   0.630922E+06   0.290370E+00
   0.122612E+00   0.126242E+07   0.125492E+07   0.247510E+01  -0.172226E+01   0.860310E+06   0.123344E+07   0.126117E+07   0.123344E+07  -0.297674E-01   0.604184E+06   0.604095E+06   0.242598E+00
   0.127735E+00   0.120436E+07   0.119764E+07   0.217101E+01  -0.151677E+01   0.807542E+06   0.117587E+07   0.120323E+07   0.117587E+07  -0.283778E-01   0.576124E+06   0.576042E+06   0.214926E+00
   0.132859E+00   0.114256E+07   0.113598E+07   0.189970E+01  -0.133242E+01   0.753815E+06   0.111464E+07   0.114145E+07   0.111464E+07  -0.269003E-01   0.546262E+06   0.546181E+06   0.203391E+00
   0.137983E+00   0.107820E+07   0.107129E+07   0.165848E+01  -0.116751E+01   0.699985E+06   0.105096E+07   0.107704E+07   0.105096E+07  -0.253635E-01   0.515180E+06   0.515096E+06   0.201690E+00
   0.143106E+00   0.101403E+07   0.100660E+07   0.144671E+01  -0.102256E+01   0.647858E+06   0.987546E+06   0.101278E+07   0.987546E+06  -0.238330E-01   0.484210E+06   0.484123E+06   0.203147E+00
   0.148230E+00   0.953460E+06   0.945550E+06   0.126504E+01  -0.897596E+00   0.599548E+06   0.927748E+06   0.952132E+06   0.927748E+06  -0.223898E-01   0.454999E+06   0.454909E+06   0.202353E+00
   0.153354E+00   0.899665E+06   0.891540E+06   0.111284E+01  -0.792563E+00   0.556891E+06   0.874690E+06   0.898301E+06   0.874690E+06  -0.211094E-01   0.429078E+06   0.428988E+06   0.196136E+00
   0.158477E+00   0.854592E+06   0.846606E+06   0.987838E+00  -0.706107E+00   0.520839E+06   0.830263E+06   0.853252E+06   0.830263E+06  -0.200372E-01   0.407378E+06   0.407290E+06   0.183764E+00
   0.163601E+00   0.818212E+06   0.810703E+06   0.885802E+00  -0.635421E+00   0.491082E+06   0.794415E+06   0.816951E+06   0.794415E+06  -0.191720E-01   0.389876E+06   0.389794E+06   0.166523E+00
   0.168725E+00   0.788782E+06   0.781986E+06   0.801448E+00  -0.576902E+00   0.466310E+06   0.765419E+06   0.787641E+06   0.765419E+06  -0.184722E-01   0.375728E+06   0.375654E+06   0.146921E+00
   0.173848E+00   0.763858E+06   0.757858E+06   0.729814E+00  -0.527119E+00   0.444866E+06   0.740860E+06   0.762851E+06   0.740860E+06  -0.178796E-01   0.363751E+06   0.363684E+06   0.127799E+00
   0.178972E+00   0.741026E+06   0.735754E+06   0.666924E+00  -0.483313E+00   0.425194E+06   0.718360E+06   0.740141E+06   0.718360E+06  -0.173365E-01   0.352779E+06   0.352719E+06   0.111532E+00
   0.184096E+00   0.718156E+06   0.713427E+06   0.609837E+00  -0.443402E+00   0.406033E+06   0.695832E+06   0.717362E+06   0.695832E+06  -0.167928E-01   0.341787E+06   0.341732E+06   0.995000E-01
   0.189219E+00   0.693748E+06   0.689325E+06   0.556678E+00  -0.406077E+00   0.386512E+06   0.671810E+06   0.693006E+06   0.671810E+06  -0.162131E-01   0.330056E+06   0.330004E+06   0.919351E-01
   0.194343E+00   0.667414E+06   0.663070E+06   0.506784E+00  -0.370882E+00   0.366440E+06   0.645920E+06   0.666684E+06   0.645920E+06  -0.155883E-01   0.317402E+06   0.317351E+06   0.880963E-01
   0.199466E+00   0.639888E+06   0.635458E+06   0.460414E+00  -0.338030E+00   0.346249E+06   0.618889E+06   0.639144E+06   0.618889E+06  -0.149359E-01   0.304181E+06   0.304129E+06   0.866390E-01
   0.204590E+00   0.612436E+06   0.607848E+06   0.418112E+00  -0.307947E+00   0.326635E+06   0.591954E+06   0.611666E+06   0.591954E+06  -0.142859E-01   0.291001E+06   0.290948E+06   0.860380E-01
   0.209714E+00   0.586295E+06   0.581567E+06   0.380272E+00  -0.280950E+00   0.308238E+06   0.566327E+06   0.585501E+06   0.566327E+06  -0.136674E-01   0.278457E+06   0.278404E+06   0.849758E-01
   0.214837E+00   0.562466E+06   0.557687E+06   0.347028E+00  -0.257172E+00   0.291537E+06   0.542982E+06   0.561663E+06   0.542982E+06  -0.131040E-01   0.267030E+06   0.266977E+06   0.826150E-01
   0.219961E+00   0.541605E+06   0.536901E+06   0.318252E+00  -0.236550E+00   0.276806E+06   0.522558E+06   0.540816E+06   0.522558E+06  -0.126111E-01   0.257035E+06   0.256983E+06   0.786996E-01
   0.225085E+00   0.523834E+06   0.519326E+06   0.293501E+00  -0.218788E+00   0.264028E+06   0.505162E+06   0.523077E+06   0.505162E+06  -0.121913E-01   0.248524E+06   0.248475E+06   0.734872E-01
   0.230208E+00   0.508677E+06   0.504452E+06   0.272063E+00  -0.203384E+00   0.252887E+06   0.490327E+06   0.507968E+06   0.490327E+06  -0.118333E-01   0.241270E+06   0.241223E+06   0.675711E-01
   0.235332E+00   0.495293E+06   0.491385E+06   0.253135E+00  -0.189762E+00   0.242901E+06   0.477228E+06   0.494637E+06   0.477228E+06  -0.115171E-01   0.234866E+06   0.234822E+06   0.616640E-01
   0.240456E+00   0.482775E+06   0.479167E+06   0.236004E+00  -0.177406E+00   0.233583E+06   0.464978E+06   0.482169E+06   0.464978E+06  -0.112215E-01   0.228877E+06   0.228837E+06   0.563994E-01
   0.245579E+00   0.470349E+06   0.466980E+06   0.220128E+00  -0.165920E+00   0.224536E+06   0.452823E+06   0.469784E+06   0.452823E+06  -0.109282E-01   0.222933E+06   0.222895E+06   0.521882E-01
   0.250703E+00   0.457497E+06   0.454283E+06   0.205160E+00  -0.155054E+00   0.215504E+06   0.440259E+06   0.456957E+06   0.440259E+06  -0.106250E-01   0.216785E+06   0.216748E+06   0.491574E-01
   0.255827E+00   0.444050E+06   0.440909E+06   0.190961E+00  -0.144705E+00   0.206411E+06   0.427125E+06   0.443523E+06   0.427125E+06  -0.103080E-01   0.210353E+06   0.210317E+06   0.471702E-01
   0.260950E+00   0.430203E+06   0.427073E+06   0.177559E+00  -0.134898E+00   0.197351E+06   0.413610E+06   0.429677E+06   0.413610E+06  -0.998184E-02   0.203731E+06   0.203695E+06   0.459090E-01
   0.266074E+00   0.416369E+06   0.413217E+06   0.165060E+00  -0.125722E+00   0.188516E+06   0.400118E+06   0.415839E+06   0.400118E+06  -0.965624E-02   0.197118E+06   0.197082E+06   0.449829E-01
   0.271198E+00   0.403006E+06   0.399832E+06   0.153563E+00  -0.117266E+00   0.180105E+06   0.387095E+06   0.402473E+06   0.387095E+06  -0.934192E-02   0.190732E+06   0.190697E+06   0.440312E-01
   0.276321E+00   0.390498E+06   0.387330E+06   0.143134E+00  -0.109573E+00   0.172277E+06   0.374912E+06   0.389966E+06   0.374912E+06  -0.904791E-02   0.184759E+06   0.184724E+06   0.428011E-01
   0.281445E+00   0.379098E+06   0.375976E+06   0.133763E+00  -0.102652E+00   0.165121E+06   0.363812E+06   0.378574E+06   0.363812E+06  -0.878004E-02   0.179317E+06   0.179282E+06   0.411854E-01
   0.286569E+00   0.368876E+06   0.365841E+06   0.125385E+00  -0.964497E-01   0.158645E+06   0.353863E+06   0.368366E+06   0.353863E+06  -0.853992E-02   0.174440E+06   0.174406E+06   0.392179E-01
   0.291692E+00   0.359710E+06   0.356797E+06   0.117866E+00  -0.908785E-01   0.152772E+06   0.344944E+06   0.359221E+06   0.344944E+06  -0.832467E-02   0.170069E+06   0.170036E+06   0.370357E-01
   0.296816E+00   0.351335E+06   0.348559E+06   0.111049E+00  -0.858189E-01   0.147368E+06   0.336796E+06   0.350869E+06   0.336796E+06  -0.812803E-02   0.166076E+06   0.166045E+06   0.348248E-01
   0.301940E+00   0.343431E+06   0.340790E+06   0.104775E+00  -0.811534E-01   0.142282E+06   0.329108E+06   0.342988E+06   0.329108E+06  -0.794250E-02   0.162309E+06   0.162279E+06   0.327639E-01
   0.307063E+00   0.335708E+06   0.333182E+06   0.989145E-01  -0.767845E-01   0.137385E+06   0.321598E+06   0.335284E+06   0.321598E+06  -0.776126E-02   0.158628E+06   0.158599E+06   0.309824E-01
   0.312187E+00   0.327963E+06   0.325526E+06   0.933782E-01  -0.726462E-01   0.132588E+06   0.314071E+06   0.327554E+06   0.314071E+06  -0.757960E-02   0.154937E+06   0.154909E+06   0.295371E-01
   0.317310E+00   0.320112E+06   0.317733E+06   0.881207E-01  -0.687047E-01   0.127853E+06   0.306444E+06   0.319713E+06   0.306444E+06  -0.739555E-02   0.151196E+06   0.151169E+06   0.284122E-01
   0.322434E+00   0.312184E+06   0.309838E+06   0.831320E-01  -0.649541E-01   0.123192E+06   0.298747E+06   0.311790E+06   0.298747E+06  -0.720979E-02   0.147418E+06   0.147392E+06   0.275347E-01
   0.327558E+00   0.304291E+06   0.301965E+06   0.784247E-01  -0.614054E-01   0.118648E+06   0.291089E+06   0.303901E+06   0.291089E+06  -0.702498E-02   0.143659E+06   0.143633E+06   0.268017E-01
   0.332681E+00   0.296589E+06   0.294278E+06   0.740188E-01  -0.580762E-01   0.114277E+06   0.283620E+06   0.296201E+06   0.283620E+06  -0.684472E-02   0.139991E+06   0.139965E+06   0.261093E-01
   0.337805E+00   0.289227E+06   0.286936E+06   0.699301E-01  -0.549804E-01   0.110132E+06   0.276483E+06   0.288842E+06   0.276483E+06  -0.667248E-02   0.136486E+06   0.136461E+06   0.253768E-01
   0.342929E+00   0.282308E+06   0.280050E+06   0.661608E-01  -0.521213E-01   0.106245E+06   0.269779E+06   0.281929E+06   0.269779E+06  -0.651069E-02   0.133194E+06   0.133169E+06   0.245606E-01
   0.348052E+00   0.275869E+06   0.273659E+06   0.626959E-01  -0.494891E-01   0.102621E+06   0.263542E+06   0.275498E+06   0.263542E+06  -0.636018E-02   0.130132E+06   0.130107E+06   0.236561E-01
   0.353176E+00   0.269879E+06   0.267728E+06   0.595065E-01  -0.470625E-01   0.992415E+05   0.257742E+06   0.269518E+06   0.257742E+06  -0.622019E-02   0.127283E+06   0.127259E+06   0.226910E-01
   0.358300E+00   0.264259E+06   0.262174E+06   0.565558E-01  -0.448140E-01   0.960683E+05   0.252301E+06   0.263909E+06   0.252301E+06  -0.608889E-02   0.124612E+06   0.124589E+06   0.217122E-01
   0.363423E+00   0.258909E+06   0.256891E+06   0.538063E-01  -0.427153E-01   0.930593E+05   0.247124E+06   0.258570E+06   0.247124E+06  -0.596394E-02   0.122070E+06   0.122047E+06   0.207704E-01
   0.368547E+00   0.253730E+06   0.251774E+06   0.512242E-01  -0.407405E-01   0.901736E+05   0.242114E+06   0.253402E+06   0.242114E+06  -0.584302E-02   0.119609E+06   0.119587E+06   0.199071E-01
   0.373671E+00   0.248639E+06   0.246736E+06   0.487821E-01  -0.388688E-01   0.873780E+05   0.237189E+06   0.248319E+06   0.237189E+06  -0.572418E-02   0.117190E+06   0.117168E+06   0.191457E-01
   0.378794E+00   0.243582E+06   0.241722E+06   0.464613E-01  -0.370861E-01   0.846514E+05   0.232300E+06   0.243270E+06   0.232300E+06  -0.560620E-02   0.114788E+06   0.114767E+06   0.184886E-01
   0.383918E+00   0.238550E+06   0.236722E+06   0.442528E-01  -0.353858E-01   0.819885E+05   0.227437E+06   0.238243E+06   0.227437E+06  -0.548884E-02   0.112398E+06   0.112377E+06   0.179210E-01
   0.389042E+00   0.233573E+06   0.231771E+06   0.421560E-01  -0.337677E-01   0.793982E+05   0.222629E+06   0.233271E+06   0.222629E+06  -0.537281E-02   0.110034E+06   0.110014E+06   0.174163E-01
   0.394165E+00   0.228703E+06   0.226924E+06   0.401735E-01  -0.322349E-01   0.768962E+05   0.217927E+06   0.228404E+06   0.217927E+06  -0.525931E-02   0.107722E+06   0.107702E+06   0.169459E-01
   0.399289E+00   0.223989E+06   0.222232E+06   0.383066E-01  -0.307894E-01   0.744964E+05   0.213376E+06   0.223694E+06   0.213376E+06  -0.514948E-02   0.105484E+06   0.105464E+06   0.164829E-01
   0.404413E+00   0.219461E+06   0.217731E+06   0.365542E-01  -0.294302E-01   0.722065E+05   0.209007E+06   0.219171E+06   0.209007E+06  -0.504406E-02   0.103335E+06   0.103316E+06   0.160100E-01
   0.409536E+00   0.215139E+06   0.213438E+06   0.349126E-01  -0.281541E-01   0.700290E+05   0.204838E+06   0.214854E+06   0.204838E+06  -0.494344E-02   0.101285E+06   0.101266E+06   0.155209E-01
   0.414660E+00   0.211026E+06   0.209359E+06   0.333749E-01  -0.269581E-01   0.679622E+05   0.200872E+06   0.210746E+06   0.200872E+06  -0.484772E-02   0.993339E+05   0.993152E+05   0.150193E-01
   0.419784E+00   0.207107E+06   0.205477E+06   0.319335E-01  -0.258344E-01   0.659977E+05   0.197093E+06   0.206833E+06   0.197093E+06  -0.475653E-02   0.974754E+05   0.974572E+05   0.145161E-01
   0.424907E+00   0.203345E+06   0.201752E+06   0.305763E-01  -0.247753E-01   0.641212E+05   0.193468E+06   0.203078E+06   0.193468E+06  -0.466904E-02   0.956921E+05   0.956742E+05   0.140248E-01
   0.430031E+00   0.199698E+06   0.198142E+06   0.292925E-01  -0.237718E-01   0.623168E+05   0.189954E+06   0.199437E+06   0.189954E+06  -0.458424E-02   0.939637E+05   0.939462E+05   0.135579E-01
   0.435154E+00   0.196136E+06   0.194613E+06   0.280737E-01  -0.228174E-01   0.605728E+05   0.186523E+06   0.195880E+06   0.186523E+06  -0.450143E-02   0.922754E+05   0.922583E+05   0.131242E-01
   0.440278E+00   0.192642E+06   0.191149E+06   0.269138E-01  -0.219076E-01   0.588827E+05   0.183158E+06   0.192391E+06   0.183158E+06  -0.442023E-02   0.906196E+05   0.906028E+05   0.127270E-01
   0.445402E+00   0.189206E+06   0.187739E+06   0.258086E-01  -0.210391E-01   0.572421E+05   0.179851E+06   0.188960E+06   0.179851E+06  -0.434041E-02   0.889917E+05   0.889752E+05   0.123642E-01
   0.450525E+00   0.185825E+06   0.184381E+06   0.247546E-01  -0.202094E-01   0.556486E+05   0.176597E+06   0.185582E+06   0.176597E+06  -0.426188E-02   0.873898E+05   0.873736E+05   0.120294E-01
   0.455649E+00   0.182507E+06   0.181084E+06   0.237504E-01  -0.194175E-01   0.541036E+05   0.173405E+06   0.182268E+06   0.173405E+06  -0.418484E-02   0.858183E+05   0.858023E+05   0.117144E-01
   0.460773E+00   0.179270E+06   0.177868E+06   0.227957E-01  -0.186635E-01   0.526111E+05   0.170292E+06   0.179035E+06   0.170292E+06  -0.410972E-02   0.842855E+05   0.842698E+05   0.114110E-01
   0.465896E+00   0.176132E+06   0.174750E+06   0.218902E-01  -0.179473E-01   0.511750E+05   0.167275E+06   0.175900E+06   0.167275E+06  -0.403691E-02   0.827998E+05   0.827843E+05   0.111129E-01
   0.471020E+00   0.173101E+06   0.171740E+06   0.210323E-01  -0.172677E-01   0.497959E+05   0.164361E+06   0.172872E+06   0.164361E+06  -0.396658E-02   0.813646E+05   0.813493E+05   0.108166E-01
   0.476144E+00   0.170173E+06   0.168834E+06   0.202191E-01  -0.166227E-01   0.484716E+05   0.161547E+06   0.169948E+06   0.161547E+06  -0.389868E-02   0.799789E+05   0.799638E+05   0.105212E-01
   0.481267E+00   0.167343E+06   0.166028E+06   0.194478E-01  -0.160100E-01   0.471991E+05   0.158829E+06   0.167122E+06   0.158829E+06  -0.383308E-02   0.786399E+05   0.786252E+05   0.102286E-01
   0.486391E+00   0.164605E+06   0.163314E+06   0.187154E-01  -0.154275E-01   0.459753E+05   0.156199E+06   0.164388E+06   0.156199E+06  -0.376962E-02   0.773447E+05   0.773302E+05   0.994211E-02
   0.491515E+00   0.161949E+06   0.160681E+06   0.180189E-01  -0.148727E-01   0.447959E+05   0.153649E+06   0.161736E+06   0.153649E+06  -0.370807E-02   0.760882E+05   0.760740E+05   0.966533E-02
   0.496638E+00   0.159361E+06   0.158115E+06   0.173550E-01  -0.143432E-01   0.436561E+05   0.151164E+06   0.159151E+06   0.151164E+06  -0.364811E-02   0.748641E+05   0.748501E+05   0.940112E-02
   0.501762E+00   0.156828E+06   0.155603E+06   0.167208E-01  -0.138365E-01   0.425515E+05   0.148733E+06   0.156622E+06   0.148733E+06  -0.358944E-02   0.736662E+05   0.736525E+05   0.915098E-02
   0.506886E+00   0.154343E+06   0.153138E+06   0.161140E-01  -0.133512E-01   0.414793E+05   0.146350E+06   0.154141E+06   0.146350E+06  -0.353191E-02   0.724916E+05   0.724780E+05   0.891497E-02
   0.512009E+00   0.151908E+06   0.150721E+06   0.155336E-01  -0.128861E-01   0.404387E+05   0.144013E+06   0.151708E+06   0.144013E+06  -0.347553E-02   0.713401E+05   0.713267E+05   0.869189E-02
   0.517133E+00   0.149523E+06   0.148354E+06   0.149784E-01  -0.124407E-01   0.394297E+05   0.141727E+06   0.149327E+06   0.141727E+06  -0.342034E-02   0.702128E+05   0.701997E+05   0.847963E-02
   0.522257E+00   0.147191E+06   0.146038E+06   0.144475E-01  -0.120142E-01   0.384518E+05   0.139491E+06   0.146997E+06   0.139491E+06  -0.336638E-02   0.691105E+05   0.690976E+05   0.827565E-02
   0.527380E+00   0.144913E+06   0.143777E+06   0.139399E-01  -0.116059E-01   0.375048E+05   0.137307E+06   0.144722E+06   0.137307E+06  -0.331369E-02   0.680340E+05   0.680212E+05   0.807768E-02
   0.532504E+00   0.142693E+06   0.141573E+06   0.134549E-01  -0.112153E-01   0.365888E+05   0.135180E+06   0.142505E+06   0.135180E+06  -0.326235E-02   0.669850E+05   0.669724E+05   0.788414E-02
   0.537628E+00   0.140534E+06   0.139430E+06   0.129919E-01  -0.108418E-01   0.357039E+05   0.133111E+06   0.140348E+06   0.133111E+06  -0.321243E-02   0.659651E+05   0.659527E+05   0.769431E-02
   0.542751E+00   0.138435E+06   0.137348E+06   0.125497E-01  -0.104848E-01   0.348492E+05   0.131101E+06   0.138252E+06   0.131101E+06  -0.316392E-02   0.649738E+05   0.649616E+05   0.750818E-02
   0.547875E+00   0.136392E+06   0.135321E+06   0.121269E-01  -0.101430E-01   0.340227E+05   0.129145E+06   0.136212E+06   0.129145E+06  -0.311670E-02   0.640088E+05   0.639968E+05   0.732623E-02
   0.552998E+00   0.134398E+06   0.133344E+06   0.117223E-01  -0.981547E-02   0.332224E+05   0.127237E+06   0.134221E+06   0.127237E+06  -0.307065E-02   0.630677E+05   0.630558E+05   0.714928E-02
   0.558122E+00   0.132452E+06   0.131414E+06   0.113347E-01  -0.950137E-02   0.324469E+05   0.125374E+06   0.132278E+06   0.125374E+06  -0.302570E-02   0.621488E+05   0.621371E+05   0.697817E-02
   0.563246E+00   0.130551E+06   0.129527E+06   0.109632E-01  -0.919997E-02   0.316949E+05   0.123554E+06   0.130379E+06   0.123554E+06  -0.298178E-02   0.612510E+05   0.612395E+05   0.681353E-02
   0.568369E+00   0.128689E+06   0.127681E+06   0.106068E-01  -0.891043E-02   0.309651E+05   0.121774E+06   0.128520E+06   0.121774E+06  -0.293881E-02   0.603725E+05   0.603611E+05   0.665551E-02
   0.573493E+00   0.126865E+06   0.125871E+06   0.102646E-01  -0.863204E-02   0.302559E+05   0.120028E+06   0.126698E+06   0.120028E+06  -0.289669E-02   0.595114E+05   0.595002E+05   0.650386E-02
   0.578617E+00   0.125076E+06   0.124095E+06   0.993581E-02  -0.836427E-02   0.295666E+05   0.118317E+06   0.124911E+06   0.118317E+06  -0.285540E-02   0.586670E+05   0.586560E+05   0.635802E-02
   0.583740E+00   0.123323E+06   0.122356E+06   0.962002E-02  -0.810679E-02   0.288970E+05   0.116642E+06   0.123161E+06   0.116642E+06  -0.281496E-02   0.578401E+05   0.578292E+05   0.621732E-02
   0.588864E+00   0.121609E+06   0.120655E+06   0.931683E-02  -0.785929E-02   0.282471E+05   0.115003E+06   0.121449E+06   0.115003E+06  -0.277542E-02   0.570314E+05   0.570207E+05   0.608106E-02
   0.593988E+00   0.119933E+06   0.118991E+06   0.902568E-02  -0.762134E-02   0.276164E+05   0.113401E+06   0.119775E+06   0.113401E+06  -0.273676E-02   0.562407E+05   0.562301E+05   0.594856E-02
   0.599111E+00   0.118293E+06   0.117364E+06   0.874599E-02  -0.739251E-02   0.270040E+05   0.111835E+06   0.118137E+06   0.111835E+06  -0.269895E-02   0.554673E+05   0.554569E+05   0.581934E-02
   0.604235E+00   0.116690E+06   0.115774E+06   0.847729E-02  -0.717242E-02   0.264095E+05   0.110303E+06   0.116536E+06   0.110303E+06  -0.266199E-02   0.547113E+05   0.547010E+05   0.569320E-02
   0.609359E+00   0.115124E+06   0.114220E+06   0.821916E-02  -0.696077E-02   0.258328E+05   0.108808E+06   0.114972E+06   0.108808E+06  -0.262590E-02   0.539728E+05   0.539626E+05   0.557016E-02
   0.614482E+00   0.113594E+06   0.112702E+06   0.797112E-02  -0.675716E-02   0.252730E+05   0.107346E+06   0.113444E+06   0.107346E+06  -0.259063E-02   0.532513E+05   0.532412E+05   0.545032E-02
   0.619606E+00   0.112096E+06   0.111216E+06   0.773255E-02  -0.656112E-02   0.247292E+05   0.105917E+06   0.111948E+06   0.105917E+06  -0.255613E-02   0.525453E+05   0.525354E+05   0.533383E-02
   0.624730E+00   0.110629E+06   0.109760E+06   0.750289E-02  -0.637220E-02   0.242004E+05   0.104516E+06   0.110483E+06   0.104516E+06  -0.252233E-02   0.518536E+05   0.518439E+05   0.522079E-02
   0.629853E+00   0.109191E+06   0.108334E+06   0.728175E-02  -0.619009E-02   0.236860E+05   0.103144E+06   0.109047E+06   0.103144E+06  -0.248921E-02   0.511758E+05   0.511662E+05   0.511128E-02
   0.634977E+00   0.107782E+06   0.106936E+06   0.706879E-02  -0.601453E-02   0.231859E+05   0.101799E+06   0.107640E+06   0.101799E+06  -0.245676E-02   0.505118E+05   0.505023E+05   0.500531E-02
   0.640101E+00   0.106401E+06   0.105566E+06   0.686363E-02  -0.584522E-02   0.226993E+05   0.100482E+06   0.106261E+06   0.100482E+06  -0.242497E-02   0.498611E+05   0.498517E+05   0.490271E-02
   0.645224E+00   0.105046E+06   0.104221E+06   0.666584E-02  -0.568182E-02   0.222256E+05   0.991897E+05   0.104908E+06   0.991897E+05  -0.239378E-02   0.492227E+05   0.492134E+05   0.480325E-02
   0.650348E+00   0.103717E+06   0.102902E+06   0.647510E-02  -0.552411E-02   0.217644E+05   0.979219E+05   0.103580E+06   0.979219E+05  -0.236319E-02   0.485963E+05   0.485872E+05   0.470666E-02
   0.655472E+00   0.102413E+06   0.101609E+06   0.629121E-02  -0.537191E-02   0.213156E+05   0.966793E+05   0.102278E+06   0.966793E+05  -0.233320E-02   0.479824E+05   0.479733E+05   0.461273E-02
   0.660595E+00   0.101137E+06   0.100342E+06   0.611396E-02  -0.522505E-02   0.208790E+05   0.954624E+05   0.101004E+06   0.954624E+05  -0.230383E-02   0.473811E+05   0.473722E+05   0.452127E-02
   0.665719E+00   0.998862E+05   0.991011E+05   0.594304E-02  -0.508327E-02   0.204542E+05   0.942703E+05   0.997544E+05   0.942703E+05  -0.227506E-02   0.467920E+05   0.467832E+05   0.443211E-02
   0.717124E+00   0.885805E+05   0.878839E+05   0.452230E-02  -0.389913E-02   0.167564E+05   0.835045E+05   0.884635E+05   0.835045E+05  -0.201525E-02   0.414700E+05   0.414621E+05   0.365541E-02
   0.772498E+00   0.785195E+05   0.779016E+05   0.344027E-02  -0.298904E-02   0.136917E+05   0.739397E+05   0.784157E+05   0.739397E+05  -0.178441E-02   0.367383E+05   0.367314E+05   0.301485E-02
   0.832148E+00   0.695515E+05   0.690038E+05   0.261574E-02  -0.228938E-02   0.111562E+05   0.654275E+05   0.694596E+05   0.654275E+05  -0.157899E-02   0.325245E+05   0.325183E+05   0.248548E-02
   0.895965E+00   0.616245E+05   0.611390E+05   0.199173E-02  -0.175537E-02   0.907900E+04   0.579148E+05   0.615430E+05   0.579148E+05  -0.139768E-02   0.288030E+05   0.287975E+05   0.205112E-02
   0.125042E+01   0.354814E+05   0.352012E+05   0.580242E-03  -0.525361E-03   0.347591E+04   0.332242E+05   0.354344E+05   0.332242E+05  -0.801813E-03   0.165529E+05   0.165496E+05   0.862081E-03
   0.174510E+01   0.202380E+05   0.200778E+05   0.162704E-03  -0.160648E-03   0.126884E+04   0.189011E+05   0.202111E+05   0.189011E+05  -0.455647E-03   0.942938E+04   0.942747E+04   0.364511E-03
   0.243548E+01   0.114446E+05   0.113538E+05   0.513694E-04  -0.424319E-04   0.442910E+03   0.106696E+05   0.114294E+05   0.106696E+05  -0.258028E-03   0.532784E+04   0.532670E+04   0.157205E-03
