#           k/h    P           
    0.10000E-03    0.46642E+03
    0.10202E-03    0.47546E+03
    0.10408E-03    0.48467E+03
    0.10618E-03    0.49406E+03
    0.10833E-03    0.50363E+03
    0.11052E-03    0.51338E+03
    0.11275E-03    0.52332E+03
    0.11503E-03    0.53346E+03
    0.11735E-03    0.54379E+03
    0.11972E-03    0.55432E+03
    0.12214E-03    0.56505E+03
    0.12461E-03    0.57599E+03
    0.12712E-03    0.58715E+03
    0.12969E-03    0.59851E+03
    0.13231E-03    0.61010E+03
    0.13499E-03    0.62191E+03
    0.13771E-03    0.63395E+03
    0.14049E-03    0.64622E+03
    0.14333E-03    0.65873E+03
    0.14623E-03    0.67148E+03
    0.14918E-03    0.68447E+03
    0.15220E-03    0.69772E+03
    0.15527E-03    0.71122E+03
    0.15841E-03    0.72498E+03
    0.16161E-03    0.73901E+03
    0.16487E-03    0.75331E+03
    0.16820E-03    0.76788E+03
    0.17160E-03    0.78273E+03
    0.17507E-03    0.79787E+03
    0.17860E-03    0.81330E+03
    0.18221E-03    0.82903E+03
    0.18589E-03    0.84506E+03
    0.18965E-03    0.86140E+03
    0.19348E-03    0.87805E+03
    0.19739E-03    0.89503E+03
    0.20138E-03    0.91232E+03
    0.20544E-03    0.92996E+03
    0.20959E-03    0.94792E+03
    0.21383E-03    0.96624E+03
    0.21815E-03    0.98490E+03
    0.22255E-03    0.10039E+04
    0.22705E-03    0.10233E+04
    0.23164E-03    0.10431E+04
    0.23632E-03    0.10632E+04
    0.24109E-03    0.10837E+04
    0.24596E-03    0.11047E+04
    0.25093E-03    0.11260E+04
    0.25600E-03    0.11477E+04
    0.26117E-03    0.11698E+04
    0.26645E-03    0.11924E+04
    0.27183E-03    0.12154E+04
    0.27732E-03    0.12388E+04
    0.28292E-03    0.12627E+04
    0.28864E-03    0.12870E+04
    0.29447E-03    0.13118E+04
    0.30042E-03    0.13371E+04
    0.30649E-03    0.13628E+04
    0.31268E-03    0.13891E+04
    0.31899E-03    0.14158E+04
    0.32544E-03    0.14431E+04
    0.33201E-03    0.14708E+04
    0.33872E-03    0.14991E+04
    0.34556E-03    0.15279E+04
    0.35254E-03    0.15573E+04
    0.35966E-03    0.15872E+04
    0.36693E-03    0.16177E+04
    0.37434E-03    0.16487E+04
    0.38190E-03    0.16804E+04
    0.38962E-03    0.17126E+04
    0.39749E-03    0.17455E+04
    0.40552E-03    0.17789E+04
    0.41371E-03    0.18130E+04
    0.42207E-03    0.18477E+04
    0.43060E-03    0.18831E+04
    0.43929E-03    0.19191E+04
    0.44817E-03    0.19558E+04
    0.45722E-03    0.19932E+04
    0.46646E-03    0.20313E+04
    0.47588E-03    0.20701E+04
    0.48550E-03    0.21096E+04
    0.49530E-03    0.21499E+04
    0.50531E-03    0.21909E+04
    0.51552E-03    0.22326E+04
    0.52593E-03    0.22752E+04
    0.53656E-03    0.23185E+04
    0.54739E-03    0.23626E+04
    0.55845E-03    0.24075E+04
    0.56973E-03    0.24532E+04
    0.58124E-03    0.24998E+04
    0.59299E-03    0.25472E+04
    0.60496E-03    0.25955E+04
    0.61719E-03    0.26447E+04
    0.62965E-03    0.26948E+04
    0.64237E-03    0.27458E+04
    0.65535E-03    0.27977E+04
    0.66859E-03    0.28505E+04
    0.68210E-03    0.29043E+04
    0.69588E-03    0.29591E+04
    0.70993E-03    0.30148E+04
    0.72427E-03    0.30716E+04
    0.73891E-03    0.31294E+04
    0.75383E-03    0.31882E+04
    0.76906E-03    0.32480E+04
    0.78460E-03    0.33090E+04
    0.80045E-03    0.33710E+04
    0.81662E-03    0.34341E+04
    0.83311E-03    0.34983E+04
    0.84994E-03    0.35637E+04
    0.86711E-03    0.36302E+04
    0.88463E-03    0.36979E+04
    0.90250E-03    0.37668E+04
    0.92073E-03    0.38369E+04
    0.93933E-03    0.39082E+04
    0.95831E-03    0.39808E+04
    0.97767E-03    0.40546E+04
    0.99742E-03    0.41297E+04
    0.10176E-02    0.42061E+04
    0.10381E-02    0.42839E+04
    0.10591E-02    0.43630E+04
    0.10805E-02    0.44434E+04
    0.11023E-02    0.45253E+04
    0.11246E-02    0.46085E+04
    0.11473E-02    0.46932E+04
    0.11705E-02    0.47793E+04
    0.11941E-02    0.48668E+04
    0.12182E-02    0.49559E+04
    0.12429E-02    0.50465E+04
    0.12680E-02    0.51386E+04
    0.12936E-02    0.52322E+04
    0.13197E-02    0.53274E+04
    0.13464E-02    0.54243E+04
    0.13736E-02    0.55227E+04
    0.14013E-02    0.56227E+04
    0.14296E-02    0.57244E+04
    0.14585E-02    0.58278E+04
    0.14880E-02    0.59329E+04
    0.15180E-02    0.60397E+04
    0.15487E-02    0.61483E+04
    0.15800E-02    0.62586E+04
    0.16119E-02    0.63707E+04
    0.16445E-02    0.64845E+04
    0.16777E-02    0.66002E+04
    0.17116E-02    0.67178E+04
    0.17462E-02    0.68372E+04
    0.17814E-02    0.69584E+04
    0.18174E-02    0.70816E+04
    0.18541E-02    0.72067E+04
    0.18916E-02    0.73337E+04
    0.19298E-02    0.74626E+04
    0.19688E-02    0.75935E+04
    0.20086E-02    0.77263E+04
    0.20491E-02    0.78612E+04
    0.20905E-02    0.79980E+04
    0.21328E-02    0.81369E+04
    0.21758E-02    0.82778E+04
    0.22198E-02    0.84207E+04
    0.22646E-02    0.85656E+04
    0.23104E-02    0.87127E+04
    0.23571E-02    0.88617E+04
    0.24047E-02    0.90129E+04
    0.24533E-02    0.91661E+04
    0.25028E-02    0.93214E+04
    0.25534E-02    0.94788E+04
    0.26050E-02    0.96382E+04
    0.26576E-02    0.97998E+04
    0.27113E-02    0.99634E+04
    0.27660E-02    0.10129E+05
    0.28219E-02    0.10297E+05
    0.28789E-02    0.10467E+05
    0.29371E-02    0.10639E+05
    0.29964E-02    0.10813E+05
    0.30569E-02    0.10989E+05
    0.31187E-02    0.11167E+05
    0.31817E-02    0.11347E+05
    0.32460E-02    0.11529E+05
    0.33115E-02    0.11713E+05
    0.33784E-02    0.11899E+05
    0.34467E-02    0.12087E+05
    0.35163E-02    0.12276E+05
    0.35874E-02    0.12468E+05
    0.36598E-02    0.12662E+05
    0.37338E-02    0.12857E+05
    0.38092E-02    0.13054E+05
    0.38861E-02    0.13253E+05
    0.39646E-02    0.13453E+05
    0.40447E-02    0.13656E+05
    0.41264E-02    0.13859E+05
    0.42098E-02    0.14065E+05
    0.42948E-02    0.14271E+05
    0.43816E-02    0.14479E+05
    0.44701E-02    0.14689E+05
    0.45604E-02    0.14899E+05
    0.46525E-02    0.15111E+05
    0.47465E-02    0.15324E+05
    0.48424E-02    0.15538E+05
    0.49402E-02    0.15753E+05
    0.50400E-02    0.15969E+05
    0.51419E-02    0.16186E+05
    0.52457E-02    0.16403E+05
    0.53517E-02    0.16621E+05
    0.54598E-02    0.16839E+05
    0.55701E-02    0.17057E+05
    0.56826E-02    0.17276E+05
    0.57974E-02    0.17495E+05
    0.59145E-02    0.17714E+05
    0.60340E-02    0.17932E+05
    0.61559E-02    0.18150E+05
    0.62803E-02    0.18368E+05
    0.64072E-02    0.18585E+05
    0.65366E-02    0.18801E+05
    0.66686E-02    0.19016E+05
    0.68033E-02    0.19230E+05
    0.69408E-02    0.19443E+05
    0.70810E-02    0.19654E+05
    0.72240E-02    0.19864E+05
    0.73700E-02    0.20071E+05
    0.75189E-02    0.20277E+05
    0.76708E-02    0.20480E+05
    0.78257E-02    0.20680E+05
    0.79838E-02    0.20878E+05
    0.81451E-02    0.21073E+05
    0.83096E-02    0.21265E+05
    0.84775E-02    0.21453E+05
    0.86488E-02    0.21637E+05
    0.88235E-02    0.21818E+05
    0.90017E-02    0.21994E+05
    0.91836E-02    0.22166E+05
    0.93691E-02    0.22333E+05
    0.95583E-02    0.22495E+05
    0.97514E-02    0.22652E+05
    0.99484E-02    0.22804E+05
    0.10149E-01    0.22949E+05
    0.10354E-01    0.23089E+05
    0.10564E-01    0.23222E+05
    0.10777E-01    0.23349E+05
    0.10995E-01    0.23469E+05
    0.11217E-01    0.23581E+05
    0.11443E-01    0.23686E+05
    0.11675E-01    0.23783E+05
    0.11910E-01    0.23872E+05
    0.12151E-01    0.23953E+05
    0.12397E-01    0.24025E+05
    0.12647E-01    0.24089E+05
    0.12902E-01    0.24144E+05
    0.13163E-01    0.24189E+05
    0.13429E-01    0.24224E+05
    0.13700E-01    0.24248E+05
    0.13977E-01    0.24261E+05
    0.14259E-01    0.24264E+05
    0.14547E-01    0.24256E+05
    0.14841E-01    0.24240E+05
    0.15141E-01    0.24215E+05
    0.15447E-01    0.24183E+05
    0.15759E-01    0.24142E+05
    0.16077E-01    0.24091E+05
    0.16402E-01    0.24028E+05
    0.16734E-01    0.23951E+05
    0.17072E-01    0.23859E+05
    0.17416E-01    0.23752E+05
    0.17768E-01    0.23631E+05
    0.18127E-01    0.23498E+05
    0.18493E-01    0.23353E+05
    0.18867E-01    0.23197E+05
    0.19248E-01    0.23030E+05
    0.19637E-01    0.22851E+05
    0.20034E-01    0.22659E+05
    0.20438E-01    0.22453E+05
    0.20851E-01    0.22232E+05
    0.21272E-01    0.21998E+05
    0.21702E-01    0.21752E+05
    0.22141E-01    0.21495E+05
    0.22588E-01    0.21229E+05
    0.23044E-01    0.20955E+05
    0.23510E-01    0.20673E+05
    0.23985E-01    0.20384E+05
    0.24469E-01    0.20087E+05
    0.24964E-01    0.19784E+05
    0.25468E-01    0.19475E+05
    0.25982E-01    0.19158E+05
    0.26507E-01    0.18836E+05
    0.27043E-01    0.18508E+05
    0.27589E-01    0.18173E+05
    0.28146E-01    0.17833E+05
    0.28715E-01    0.17488E+05
    0.29295E-01    0.17139E+05
    0.29887E-01    0.16788E+05
    0.30490E-01    0.16434E+05
    0.31106E-01    0.16080E+05
    0.31735E-01    0.15725E+05
    0.32376E-01    0.15371E+05
    0.33030E-01    0.15019E+05
    0.33697E-01    0.14670E+05
    0.34378E-01    0.14324E+05
    0.35072E-01    0.13983E+05
    0.35781E-01    0.13648E+05
    0.36504E-01    0.13319E+05
    0.37241E-01    0.13000E+05
    0.37993E-01    0.12689E+05
    0.38761E-01    0.12387E+05
    0.39544E-01    0.12094E+05
    0.40343E-01    0.11810E+05
    0.41158E-01    0.11533E+05
    0.41989E-01    0.11263E+05
    0.42838E-01    0.11002E+05
    0.43703E-01    0.10750E+05
    0.44586E-01    0.10509E+05
    0.45486E-01    0.10280E+05
    0.46405E-01    0.10062E+05
    0.47343E-01    0.98566E+04
    0.48299E-01    0.96613E+04
    0.49275E-01    0.94758E+04
    0.50270E-01    0.92994E+04
    0.51286E-01    0.91310E+04
    0.52322E-01    0.89697E+04
    0.53379E-01    0.88146E+04
    0.54457E-01    0.86648E+04
    0.55557E-01    0.85195E+04
    0.56680E-01    0.83778E+04
    0.57825E-01    0.82389E+04
    0.58993E-01    0.81022E+04
    0.60184E-01    0.79659E+04
    0.61400E-01    0.78288E+04
    0.62641E-01    0.76893E+04
    0.63906E-01    0.75460E+04
    0.65197E-01    0.73972E+04
    0.66514E-01    0.72415E+04
    0.67858E-01    0.70785E+04
    0.69229E-01    0.69088E+04
    0.70627E-01    0.67334E+04
    0.72054E-01    0.65520E+04
    0.73510E-01    0.63632E+04
    0.74994E-01    0.61654E+04
    0.76509E-01    0.59594E+04
    0.78055E-01    0.57481E+04
    0.79632E-01    0.55342E+04
    0.81241E-01    0.53197E+04
    0.82882E-01    0.51062E+04
    0.84556E-01    0.48952E+04
    0.86264E-01    0.46888E+04
    0.88007E-01    0.44886E+04
    0.89785E-01    0.42966E+04
    0.91598E-01    0.41144E+04
    0.93449E-01    0.39434E+04
    0.95337E-01    0.37849E+04
    0.97263E-01    0.36400E+04
    0.99227E-01    0.35095E+04
    0.10123E+00    0.33933E+04
    0.10328E+00    0.32912E+04
    0.10536E+00    0.32020E+04
    0.10749E+00    0.31240E+04
    0.10966E+00    0.30553E+04
    0.11188E+00    0.29934E+04
    0.11414E+00    0.29356E+04
    0.11644E+00    0.28793E+04
    0.11880E+00    0.28220E+04
    0.12120E+00    0.27615E+04
    0.12365E+00    0.26958E+04
    0.12614E+00    0.26235E+04
    0.12869E+00    0.25440E+04
    0.13129E+00    0.24570E+04
    0.13394E+00    0.23632E+04
    0.13665E+00    0.22638E+04
    0.13941E+00    0.21608E+04
    0.14223E+00    0.20564E+04
    0.14510E+00    0.19533E+04
    0.14803E+00    0.18542E+04
    0.15102E+00    0.17617E+04
    0.15407E+00    0.16780E+04
    0.15718E+00    0.16045E+04
    0.16036E+00    0.15416E+04
    0.16360E+00    0.14888E+04
    0.16690E+00    0.14445E+04
    0.17028E+00    0.14068E+04
    0.17371E+00    0.13734E+04
    0.17722E+00    0.13419E+04
    0.18080E+00    0.13098E+04
    0.18446E+00    0.12749E+04
    0.18818E+00    0.12353E+04
    0.19198E+00    0.11902E+04
    0.19586E+00    0.11402E+04
    0.19982E+00    0.10871E+04
    0.20386E+00    0.10331E+04
    0.20797E+00    0.98024E+03
    0.21218E+00    0.93070E+03
    0.21646E+00    0.88610E+03
    0.22083E+00    0.84750E+03
    0.22530E+00    0.81505E+03
    0.22985E+00    0.78786E+03
    0.23449E+00    0.76427E+03
    0.23923E+00    0.74233E+03
    0.24406E+00    0.72012E+03
    0.24899E+00    0.69613E+03
    0.25402E+00    0.66956E+03
    0.25915E+00    0.64064E+03
    0.26439E+00    0.61048E+03
    0.26973E+00    0.58059E+03
    0.27518E+00    0.55244E+03
    0.28074E+00    0.52709E+03
    0.28641E+00    0.50503E+03
    0.29219E+00    0.48598E+03
    0.29810E+00    0.46901E+03
    0.30412E+00    0.45286E+03
    0.31026E+00    0.43645E+03
    0.31653E+00    0.41914E+03
    0.32292E+00    0.40096E+03
    0.32945E+00    0.38250E+03
    0.33610E+00    0.36461E+03
    0.34289E+00    0.34806E+03
    0.34982E+00    0.33320E+03
    0.35689E+00    0.31985E+03
    0.36409E+00    0.30749E+03
    0.37145E+00    0.29551E+03
    0.37895E+00    0.28343E+03
    0.38661E+00    0.27113E+03
    0.39442E+00    0.25893E+03
    0.40239E+00    0.24725E+03
    0.41052E+00    0.23637E+03
    0.41881E+00    0.22635E+03
    0.42727E+00    0.21701E+03
    0.43590E+00    0.20800E+03
    0.44471E+00    0.19914E+03
    0.45369E+00    0.19039E+03
    0.46286E+00    0.18189E+03
    0.47221E+00    0.17384E+03
    0.48174E+00    0.16628E+03
    0.49148E+00    0.15914E+03
    0.50141E+00    0.15230E+03
    0.51153E+00    0.14564E+03
    0.52187E+00    0.13919E+03
    0.53241E+00    0.13300E+03
    0.54317E+00    0.12712E+03
    0.55414E+00    0.12154E+03
    0.56533E+00    0.11620E+03
    0.57675E+00    0.11106E+03
    0.58840E+00    0.10610E+03
    0.60029E+00    0.10137E+03
    0.61242E+00    0.96848E+02
    0.62479E+00    0.92537E+02
    0.63741E+00    0.88403E+02
    0.65029E+00    0.84441E+02
    0.66342E+00    0.80648E+02
    0.67683E+00    0.77020E+02
    0.69050E+00    0.73551E+02
    0.70445E+00    0.70234E+02
    0.71868E+00    0.67064E+02
    0.73320E+00    0.64034E+02
    0.74801E+00    0.61137E+02
    0.76312E+00    0.58367E+02
    0.77854E+00    0.55717E+02
    0.79426E+00    0.53183E+02
    0.81031E+00    0.50759E+02
    0.82668E+00    0.48442E+02
    0.84338E+00    0.46226E+02
    0.86041E+00    0.44108E+02
    0.87780E+00    0.42085E+02
    0.89553E+00    0.40151E+02
    0.91362E+00    0.38304E+02
    0.93208E+00    0.36540E+02
    0.95091E+00    0.34855E+02
    0.97011E+00    0.33246E+02
    0.98971E+00    0.31709E+02
    0.10097E+01    0.30241E+02
    0.10301E+01    0.28840E+02
    0.10509E+01    0.27502E+02
    0.10721E+01    0.26224E+02
    0.10938E+01    0.25004E+02
    0.11159E+01    0.23840E+02
    0.11384E+01    0.22729E+02
    0.11614E+01    0.21668E+02
    0.11849E+01    0.20655E+02
    0.12088E+01    0.19689E+02
    0.12333E+01    0.18767E+02
    0.12582E+01    0.17887E+02
    0.12836E+01    0.17047E+02
    0.13095E+01    0.16246E+02
    0.13360E+01    0.15482E+02
    0.13630E+01    0.14753E+02
    0.13905E+01    0.14057E+02
    0.14186E+01    0.13393E+02
    0.14472E+01    0.12760E+02
    0.14765E+01    0.12156E+02
    0.15063E+01    0.11580E+02
    0.15367E+01    0.11030E+02
    0.15678E+01    0.10506E+02
    0.15994E+01    0.10006E+02
    0.16318E+01    0.95294E+01
    0.16647E+01    0.90749E+01
    0.16984E+01    0.86414E+01
    0.17327E+01    0.82281E+01
    0.17677E+01    0.78340E+01
    0.18034E+01    0.74583E+01
    0.18398E+01    0.71002E+01
    0.18770E+01    0.67589E+01
    0.19149E+01    0.64336E+01
    0.19536E+01    0.61238E+01
    0.19930E+01    0.58285E+01
    0.20333E+01    0.55473E+01
    0.20744E+01    0.52795E+01
    0.21163E+01    0.50244E+01
    0.21590E+01    0.47815E+01
    0.22026E+01    0.45502E+01
    0.22471E+01    0.43301E+01
    0.22925E+01    0.41205E+01
    0.23388E+01    0.39210E+01
    0.23861E+01    0.37311E+01
    0.24343E+01    0.35504E+01
