#          k/h    CDM            baryon         photon         nu             mass_nu        total          no_nu          total_de       Weyl           v_CDM          v_b            v_b-v_c     
   0.103026E-04   0.189855E+08   0.189855E+08   0.253008E+08   0.253004E+08   0.189856E+08   0.189855E+08   0.189855E+08   0.189918E+08  -0.476480E+00   0.960110E+07   0.960110E+07   0.579311E+01
   0.113856E-04   0.189855E+08   0.189855E+08   0.252979E+08   0.252974E+08   0.189855E+08   0.189855E+08   0.189855E+08   0.189918E+08  -0.476479E+00   0.960110E+07   0.960110E+07   0.640194E+01
   0.125826E-04   0.189854E+08   0.189854E+08   0.252943E+08   0.252937E+08   0.189855E+08   0.189855E+08   0.189854E+08   0.189918E+08  -0.476478E+00   0.960109E+07   0.960109E+07   0.707469E+01
   0.139054E-04   0.189854E+08   0.189854E+08   0.252900E+08   0.252893E+08   0.189855E+08   0.189854E+08   0.189854E+08   0.189918E+08  -0.476477E+00   0.960109E+07   0.960109E+07   0.781809E+01
   0.153672E-04   0.189854E+08   0.189854E+08   0.252847E+08   0.252838E+08   0.189855E+08   0.189854E+08   0.189854E+08   0.189917E+08  -0.476476E+00   0.960108E+07   0.960108E+07   0.863951E+01
   0.169827E-04   0.189854E+08   0.189854E+08   0.252782E+08   0.252771E+08   0.189855E+08   0.189854E+08   0.189854E+08   0.189917E+08  -0.476474E+00   0.960107E+07   0.960107E+07   0.954711E+01
   0.187681E-04   0.189854E+08   0.189854E+08   0.252703E+08   0.252690E+08   0.189855E+08   0.189854E+08   0.189854E+08   0.189917E+08  -0.476473E+00   0.960106E+07   0.960106E+07   0.105499E+02
   0.207411E-04   0.189854E+08   0.189854E+08   0.252606E+08   0.252590E+08   0.189854E+08   0.189854E+08   0.189854E+08   0.189917E+08  -0.476470E+00   0.960104E+07   0.960104E+07   0.116578E+02
   0.229216E-04   0.189853E+08   0.189853E+08   0.252488E+08   0.252468E+08   0.189854E+08   0.189853E+08   0.189853E+08   0.189916E+08  -0.476467E+00   0.960102E+07   0.960102E+07   0.128818E+02
   0.253313E-04   0.189853E+08   0.189853E+08   0.252344E+08   0.252320E+08   0.189854E+08   0.189853E+08   0.189853E+08   0.189916E+08  -0.476464E+00   0.960100E+07   0.960100E+07   0.142339E+02
   0.279943E-04   0.189852E+08   0.189852E+08   0.252168E+08   0.252139E+08   0.189853E+08   0.189852E+08   0.189852E+08   0.189915E+08  -0.476460E+00   0.960097E+07   0.960097E+07   0.157274E+02
   0.309373E-04   0.189852E+08   0.189852E+08   0.251953E+08   0.251918E+08   0.189853E+08   0.189852E+08   0.189852E+08   0.189915E+08  -0.476455E+00   0.960094E+07   0.960094E+07   0.173769E+02
   0.341896E-04   0.189851E+08   0.189851E+08   0.251691E+08   0.251648E+08   0.189852E+08   0.189851E+08   0.189851E+08   0.189914E+08  -0.476449E+00   0.960090E+07   0.960089E+07   0.191984E+02
   0.377839E-04   0.189850E+08   0.189850E+08   0.251372E+08   0.251319E+08   0.189851E+08   0.189850E+08   0.189850E+08   0.189913E+08  -0.476441E+00   0.960085E+07   0.960084E+07   0.212096E+02
   0.417560E-04   0.189849E+08   0.189849E+08   0.250982E+08   0.250918E+08   0.189850E+08   0.189849E+08   0.189849E+08   0.189912E+08  -0.476432E+00   0.960078E+07   0.960078E+07   0.234298E+02
   0.461457E-04   0.189848E+08   0.189848E+08   0.250506E+08   0.250428E+08   0.189848E+08   0.189848E+08   0.189848E+08   0.189910E+08  -0.476420E+00   0.960071E+07   0.960070E+07   0.258800E+02
   0.509969E-04   0.189846E+08   0.189846E+08   0.249927E+08   0.249832E+08   0.189847E+08   0.189846E+08   0.189846E+08   0.189908E+08  -0.476407E+00   0.960062E+07   0.960061E+07   0.285834E+02
   0.563581E-04   0.189844E+08   0.189844E+08   0.249221E+08   0.249105E+08   0.189845E+08   0.189844E+08   0.189844E+08   0.189906E+08  -0.476390E+00   0.960050E+07   0.960050E+07   0.315648E+02
   0.622829E-04   0.189842E+08   0.189841E+08   0.248361E+08   0.248220E+08   0.189842E+08   0.189842E+08   0.189842E+08   0.189904E+08  -0.476369E+00   0.960037E+07   0.960036E+07   0.348516E+02
   0.688306E-04   0.189839E+08   0.189838E+08   0.247315E+08   0.247143E+08   0.189839E+08   0.189839E+08   0.189839E+08   0.189900E+08  -0.476344E+00   0.960020E+07   0.960019E+07   0.384729E+02
   0.760665E-04   0.189835E+08   0.189835E+08   0.246043E+08   0.245833E+08   0.189836E+08   0.189835E+08   0.189835E+08   0.189896E+08  -0.476313E+00   0.960000E+07   0.959999E+07   0.424601E+02
   0.840632E-04   0.189831E+08   0.189830E+08   0.244497E+08   0.244242E+08   0.189831E+08   0.189830E+08   0.189830E+08   0.189892E+08  -0.476276E+00   0.959975E+07   0.959973E+07   0.468466E+02
   0.929006E-04   0.189825E+08   0.189825E+08   0.242621E+08   0.242312E+08   0.189826E+08   0.189825E+08   0.189825E+08   0.189886E+08  -0.476231E+00   0.959944E+07   0.959943E+07   0.516675E+02
   0.102667E-03   0.189819E+08   0.189818E+08   0.240349E+08   0.239974E+08   0.189819E+08   0.189818E+08   0.189818E+08   0.189879E+08  -0.476175E+00   0.959907E+07   0.959905E+07   0.569593E+02
   0.113460E-03   0.189810E+08   0.189810E+08   0.237599E+08   0.237146E+08   0.189811E+08   0.189810E+08   0.189810E+08   0.189870E+08  -0.476108E+00   0.959862E+07   0.959860E+07   0.627592E+02
   0.125388E-03   0.189801E+08   0.189800E+08   0.234281E+08   0.233733E+08   0.189801E+08   0.189801E+08   0.189801E+08   0.189859E+08  -0.476026E+00   0.959807E+07   0.959804E+07   0.691043E+02
   0.138570E-03   0.189789E+08   0.189788E+08   0.230287E+08   0.229627E+08   0.189789E+08   0.189789E+08   0.189789E+08   0.189846E+08  -0.475926E+00   0.959740E+07   0.959736E+07   0.760301E+02
   0.153137E-03   0.189774E+08   0.189773E+08   0.225494E+08   0.224701E+08   0.189775E+08   0.189774E+08   0.189774E+08   0.189830E+08  -0.475804E+00   0.959658E+07   0.959654E+07   0.835687E+02
   0.169236E-03   0.189757E+08   0.189755E+08   0.219765E+08   0.218816E+08   0.189757E+08   0.189756E+08   0.189756E+08   0.189811E+08  -0.475657E+00   0.959558E+07   0.959554E+07   0.917464E+02
   0.187028E-03   0.189735E+08   0.189733E+08   0.212951E+08   0.211820E+08   0.189735E+08   0.189735E+08   0.189735E+08   0.189788E+08  -0.475478E+00   0.959438E+07   0.959432E+07   0.100580E+03
   0.206689E-03   0.189709E+08   0.189706E+08   0.204895E+08   0.203555E+08   0.189709E+08   0.189708E+08   0.189708E+08   0.189760E+08  -0.475262E+00   0.959291E+07   0.959284E+07   0.110072E+03
   0.228418E-03   0.189677E+08   0.189674E+08   0.195440E+08   0.193863E+08   0.189677E+08   0.189677E+08   0.189677E+08   0.189725E+08  -0.475001E+00   0.959113E+07   0.959105E+07   0.120208E+03
   0.252431E-03   0.189639E+08   0.189635E+08   0.184443E+08   0.182603E+08   0.189638E+08   0.189638E+08   0.189638E+08   0.189684E+08  -0.474686E+00   0.958898E+07   0.958888E+07   0.130943E+03
   0.278969E-03   0.189592E+08   0.189588E+08   0.171796E+08   0.169672E+08   0.189591E+08   0.189591E+08   0.189591E+08   0.189634E+08  -0.474308E+00   0.958637E+07   0.958625E+07   0.142201E+03
   0.308296E-03   0.189536E+08   0.189531E+08   0.157453E+08   0.155031E+08   0.189534E+08   0.189535E+08   0.189535E+08   0.189574E+08  -0.473856E+00   0.958323E+07   0.958309E+07   0.153862E+03
   0.340706E-03   0.189468E+08   0.189462E+08   0.141464E+08   0.138747E+08   0.189466E+08   0.189467E+08   0.189467E+08   0.189502E+08  -0.473317E+00   0.957946E+07   0.957929E+07   0.165750E+03
   0.376524E-03   0.189387E+08   0.189379E+08   0.124026E+08   0.121037E+08   0.189384E+08   0.189385E+08   0.189385E+08   0.189416E+08  -0.472678E+00   0.957493E+07   0.957473E+07   0.177627E+03
   0.416107E-03   0.189289E+08   0.189280E+08   0.105517E+08   0.102312E+08   0.189286E+08   0.189288E+08   0.189288E+08   0.189314E+08  -0.471925E+00   0.956952E+07   0.956929E+07   0.189185E+03
   0.459852E-03   0.189173E+08   0.189162E+08   0.865416E+07   0.832104E+07   0.189168E+08   0.189171E+08   0.189171E+08   0.189192E+08  -0.471044E+00   0.956309E+07   0.956282E+07   0.200044E+03
   0.508195E-03   0.189034E+08   0.189022E+08   0.679327E+07   0.646069E+07   0.189029E+08   0.189032E+08   0.189032E+08   0.189049E+08  -0.470022E+00   0.955549E+07   0.955517E+07   0.209763E+03
   0.561620E-03   0.188871E+08   0.188856E+08   0.507052E+07   0.475521E+07   0.188864E+08   0.188868E+08   0.188868E+08   0.188880E+08  -0.468848E+00   0.954655E+07   0.954619E+07   0.217854E+03
   0.620662E-03   0.188679E+08   0.188661E+08   0.359247E+07   0.331311E+07   0.188670E+08   0.188675E+08   0.188676E+08   0.188684E+08  -0.467516E+00   0.953612E+07   0.953570E+07   0.223824E+03
   0.685911E-03   0.188454E+08   0.188434E+08   0.244770E+07   0.222162E+07   0.188443E+08   0.188450E+08   0.188451E+08   0.188456E+08  -0.466025E+00   0.952404E+07   0.952357E+07   0.227230E+03
   0.758019E-03   0.188194E+08   0.188171E+08   0.167663E+07   0.151505E+07   0.188180E+08   0.188190E+08   0.188190E+08   0.188194E+08  -0.464380E+00   0.951015E+07   0.950964E+07   0.227734E+03
   0.837707E-03   0.187895E+08   0.187869E+08   0.124459E+07   0.114760E+07   0.187878E+08   0.187890E+08   0.187891E+08   0.187893E+08  -0.462594E+00   0.949435E+07   0.949378E+07   0.225168E+03
   0.925774E-03   0.187553E+08   0.187525E+08   0.103720E+07   0.990971E+06   0.187532E+08   0.187547E+08   0.187549E+08   0.187550E+08  -0.460688E+00   0.947651E+07   0.947590E+07   0.219558E+03
   0.102310E-02   0.187166E+08   0.187135E+08   0.898257E+06   0.877604E+06   0.187140E+08   0.187160E+08   0.187161E+08   0.187162E+08  -0.458686E+00   0.945653E+07   0.945588E+07   0.211113E+03
   0.113065E-02   0.186730E+08   0.186696E+08   0.710086E+06   0.687961E+06   0.186698E+08   0.186723E+08   0.186725E+08   0.186725E+08  -0.456616E+00   0.943430E+07   0.943362E+07   0.200169E+03
   0.124952E-02   0.186243E+08   0.186206E+08   0.470253E+06   0.430543E+06   0.186203E+08   0.186234E+08   0.186236E+08   0.186235E+08  -0.454500E+00   0.940968E+07   0.940898E+07   0.187128E+03
   0.138088E-02   0.185699E+08   0.185661E+08   0.280262E+06   0.224601E+06   0.185650E+08   0.185689E+08   0.185692E+08   0.185690E+08  -0.452350E+00   0.938244E+07   0.938172E+07   0.172457E+03
   0.152604E-02   0.185094E+08   0.185055E+08   0.213123E+06   0.154161E+06   0.185034E+08   0.185083E+08   0.185087E+08   0.185084E+08  -0.450163E+00   0.935229E+07   0.935158E+07   0.156757E+03
   0.168647E-02   0.184421E+08   0.184382E+08   0.196995E+06  -0.106221E+06   0.184349E+08   0.184410E+08   0.184414E+08   0.184410E+08  -0.447922E+00   0.931887E+07   0.931816E+07   0.140806E+03
   0.186377E-02   0.183673E+08   0.183633E+08   0.122978E+06  -0.966867E+05   0.183584E+08   0.183660E+08   0.183666E+08   0.183660E+08  -0.445598E+00   0.928166E+07   0.928096E+07   0.125443E+03
   0.205970E-02   0.182838E+08   0.182799E+08   0.463171E+05  -0.858285E+05   0.182731E+08   0.182825E+08   0.182832E+08   0.182825E+08  -0.443153E+00   0.924012E+07   0.923943E+07   0.111367E+03
   0.227623E-02   0.181907E+08   0.181867E+08   0.509828E+05  -0.747669E+05   0.181776E+08   0.181892E+08   0.181900E+08   0.181892E+08  -0.440546E+00   0.919360E+07   0.919293E+07   0.990510E+02
   0.251553E-02   0.180865E+08   0.180824E+08   0.384556E+05  -0.641894E+05   0.180706E+08   0.180848E+08   0.180858E+08   0.180848E+08  -0.437735E+00   0.914144E+07   0.914077E+07   0.887035E+02
   0.277998E-02   0.179698E+08   0.179656E+08   0.911390E+04  -0.544793E+05   0.179505E+08   0.179678E+08   0.179691E+08   0.179678E+08  -0.434674E+00   0.908289E+07   0.908222E+07   0.801208E+02
   0.307223E-02   0.178392E+08   0.178347E+08   0.157557E+05  -0.458135E+05   0.178157E+08   0.178368E+08   0.178384E+08   0.178368E+08  -0.431316E+00   0.901716E+07   0.901650E+07   0.727578E+02
   0.339521E-02   0.176928E+08   0.176882E+08  -0.334063E+04  -0.382358E+05   0.176645E+08   0.176901E+08   0.176920E+08   0.176901E+08  -0.427616E+00   0.894343E+07   0.894276E+07   0.660253E+02
   0.375214E-02   0.175291E+08   0.175241E+08  -0.166056E+04  -0.317104E+05   0.174948E+08   0.175260E+08   0.175283E+08   0.175259E+08  -0.423523E+00   0.886080E+07   0.886014E+07   0.595563E+02
   0.414659E-02   0.173461E+08   0.173409E+08  -0.591436E+04  -0.261570E+05   0.173049E+08   0.173424E+08   0.173452E+08   0.173424E+08  -0.418987E+00   0.876836E+07   0.876769E+07   0.534192E+02
   0.458252E-02   0.171419E+08   0.171363E+08  -0.425752E+04  -0.214745E+05   0.170924E+08   0.171376E+08   0.171410E+08   0.171376E+08  -0.413958E+00   0.866509E+07   0.866443E+07   0.479066E+02
   0.506426E-02   0.169145E+08   0.169084E+08  -0.752290E+03  -0.175559E+05   0.168552E+08   0.169095E+08   0.169135E+08   0.169095E+08  -0.408380E+00   0.854997E+07   0.854932E+07   0.431425E+02
   0.559666E-02   0.166617E+08   0.166550E+08  -0.244650E+04  -0.142964E+05   0.165909E+08   0.166558E+08   0.166606E+08   0.166558E+08  -0.402200E+00   0.842193E+07   0.842128E+07   0.389150E+02
   0.618502E-02   0.163813E+08   0.163739E+08  -0.260529E+04  -0.115993E+05   0.162972E+08   0.163744E+08   0.163801E+08   0.163744E+08  -0.395362E+00   0.827985E+07   0.827920E+07   0.349884E+02
   0.683524E-02   0.160712E+08   0.160630E+08  -0.371146E+04  -0.937725E+04   0.159717E+08   0.160630E+08   0.160698E+08   0.160630E+08  -0.387810E+00   0.812261E+07   0.812197E+07   0.314210E+02
   0.755381E-02   0.157290E+08   0.157198E+08  -0.322130E+04  -0.755382E+04   0.156120E+08   0.157195E+08   0.157275E+08   0.157195E+08  -0.379488E+00   0.794908E+07   0.794844E+07   0.282917E+02
   0.834793E-02   0.153526E+08   0.153422E+08  -0.285588E+04  -0.606278E+04   0.152159E+08   0.153415E+08   0.153509E+08   0.153415E+08  -0.370343E+00   0.775815E+07   0.775752E+07   0.254726E+02
   0.922552E-02   0.149400E+08   0.149282E+08  -0.332619E+04  -0.484761E+04   0.147814E+08   0.149272E+08   0.149380E+08   0.149272E+08  -0.360323E+00   0.754882E+07   0.754818E+07   0.229251E+02
   0.101954E-01   0.144894E+08   0.144759E+08  -0.203060E+04  -0.386047E+04   0.143068E+08   0.144746E+08   0.144871E+08   0.144746E+08  -0.349385E+00   0.732016E+07   0.731953E+07   0.206723E+02
   0.112672E-01   0.139993E+08   0.139838E+08  -0.224829E+04  -0.306116E+04   0.137908E+08   0.139824E+08   0.139967E+08   0.139824E+08  -0.337493E+00   0.707145E+07   0.707082E+07   0.186495E+02
   0.124517E-01   0.134687E+08   0.134510E+08  -0.178268E+04  -0.241612E+04   0.132328E+08   0.134496E+08   0.134657E+08   0.134496E+08  -0.324624E+00   0.680223E+07   0.680160E+07   0.168542E+02
   0.137607E-01   0.128974E+08   0.128771E+08  -0.137116E+04  -0.189740E+04   0.126327E+08   0.128759E+08   0.128940E+08   0.128759E+08  -0.310770E+00   0.651232E+07   0.651169E+07   0.152510E+02
   0.152073E-01   0.122858E+08   0.122625E+08  -0.113377E+04  -0.148187E+04   0.119915E+08   0.122618E+08   0.122819E+08   0.122618E+08  -0.295942E+00   0.620199E+07   0.620136E+07   0.138225E+02
   0.168061E-01   0.116471E+08   0.116206E+08  -0.867537E+03  -0.115154E+04   0.113226E+08   0.116205E+08   0.116426E+08   0.116205E+08  -0.280460E+00   0.587794E+07   0.587730E+07   0.125516E+02
   0.185728E-01   0.109626E+08   0.109325E+08  -0.762173E+03  -0.888302E+03   0.106085E+08   0.109334E+08   0.109575E+08   0.109334E+08  -0.263874E+00   0.553072E+07   0.553009E+07   0.113970E+02
   0.205254E-01   0.102469E+08   0.102131E+08  -0.513211E+03  -0.680406E+03   0.986451E+07   0.102152E+08   0.102412E+08   0.102152E+08  -0.246537E+00   0.516776E+07   0.516713E+07   0.103423E+02
   0.226831E-01   0.949852E+07   0.946103E+07  -0.326186E+03  -0.516797E+03   0.909052E+07   0.946445E+07   0.949223E+07   0.946445E+07  -0.228417E+00   0.478838E+07   0.478774E+07   0.935784E+01
   0.250678E-01   0.874246E+07   0.870144E+07  -0.316330E+03  -0.389727E+03   0.831180E+07   0.870627E+07   0.873558E+07   0.870627E+07  -0.210118E+00   0.440521E+07   0.440457E+07   0.842684E+01
   0.277031E-01   0.798893E+07   0.794492E+07  -0.186261E+03  -0.291787E+03   0.753906E+07   0.795094E+07   0.798154E+07   0.795094E+07  -0.191888E+00   0.402347E+07   0.402285E+07   0.752264E+01
   0.306154E-01   0.724405E+07   0.719799E+07  -0.178086E+03  -0.216776E+03   0.677877E+07   0.720468E+07   0.723632E+07   0.720468E+07  -0.173877E+00   0.364630E+07   0.364569E+07   0.662271E+01
   0.338340E-01   0.652716E+07   0.648044E+07  -0.844450E+02  -0.160037E+03   0.604994E+07   0.648686E+07   0.651932E+07   0.648686E+07  -0.156552E+00   0.328349E+07   0.328291E+07   0.571472E+01
   0.373908E-01   0.586091E+07   0.581534E+07  -0.109124E+03  -0.117750E+03   0.537443E+07   0.582014E+07   0.585326E+07   0.582014E+07  -0.140462E+00   0.294650E+07   0.294596E+07   0.479872E+01
   0.413217E-01   0.526642E+07   0.522412E+07  -0.699853E+02  -0.867065E+02   0.477034E+07   0.522550E+07   0.525932E+07   0.522550E+07  -0.126110E+00   0.264596E+07   0.264547E+07   0.389008E+01
   0.454538E-01   0.476648E+07   0.472922E+07   0.657830E+02  -0.649193E+02   0.426305E+07   0.472584E+07   0.476022E+07   0.472584E+07  -0.114052E+00   0.239344E+07   0.239302E+07   0.305501E+01
   0.495860E-01   0.437732E+07   0.434595E+07   0.506628E+02  -0.501492E+02   0.386542E+07   0.433701E+07   0.437205E+07   0.433701E+07  -0.104668E+00   0.219697E+07   0.219662E+07   0.235684E+01
   0.537182E-01   0.406636E+07   0.404090E+07   0.400247E+02  -0.397388E+02   0.354508E+07   0.402633E+07   0.406209E+07   0.402633E+07  -0.971697E-01   0.204002E+07   0.203973E+07   0.180102E+01
   0.578503E-01   0.380602E+07   0.378575E+07   0.322398E+02  -0.321065E+02   0.327566E+07   0.376617E+07   0.380262E+07   0.376617E+07  -0.908911E-01   0.190861E+07   0.190837E+07   0.138413E+01
   0.619825E-01   0.357717E+07   0.356090E+07   0.263446E+02  -0.263155E+02   0.303920E+07   0.353743E+07   0.357444E+07   0.353743E+07  -0.853705E-01   0.179307E+07   0.179286E+07   0.109414E+01
   0.661147E-01   0.336281E+07   0.334909E+07   0.217233E+02  -0.217660E+02   0.282025E+07   0.332314E+07   0.336050E+07   0.332314E+07  -0.801990E-01   0.168482E+07   0.168464E+07   0.910271E+00
   0.702468E-01   0.315286E+07   0.314029E+07   0.180039E+02  -0.180953E+02   0.260983E+07   0.311334E+07   0.315075E+07   0.311334E+07  -0.751358E-01   0.157880E+07   0.157863E+07   0.807411E+00
   0.743790E-01   0.294683E+07   0.293422E+07   0.149774E+02  -0.151003E+02   0.240754E+07   0.290756E+07   0.294471E+07   0.290756E+07  -0.701696E-01   0.147477E+07   0.147460E+07   0.759645E+00
   0.785112E-01   0.274143E+07   0.272801E+07   0.124778E+02  -0.126195E+02   0.221053E+07   0.270262E+07   0.273918E+07   0.270262E+07  -0.652235E-01   0.137112E+07   0.137095E+07   0.741303E+00
   0.826433E-01   0.254455E+07   0.252996E+07   0.104292E+02  -0.105805E+02   0.202505E+07   0.250634E+07   0.254210E+07   0.250634E+07  -0.604867E-01   0.127183E+07   0.127164E+07   0.732457E+00
   0.867755E-01   0.236161E+07   0.234595E+07   0.875996E+01  -0.891465E+01   0.185502E+07   0.232413E+07   0.235898E+07   0.232413E+07  -0.560893E-01   0.117962E+07   0.117944E+07   0.718282E+00
   0.919345E-01   0.215940E+07   0.214300E+07   0.711679E+01  -0.727019E+01   0.166884E+07   0.212291E+07   0.215665E+07   0.212291E+07  -0.512332E-01   0.107779E+07   0.107760E+07   0.680620E+00
   0.970935E-01   0.199152E+07   0.197535E+07   0.586935E+01  -0.601836E+01   0.151454E+07   0.195601E+07   0.198881E+07   0.195601E+07  -0.472052E-01   0.993319E+06   0.993139E+06   0.617561E+00
   0.102253E+00   0.185943E+07   0.184447E+07   0.492910E+01  -0.507276E+01   0.139181E+07   0.182475E+07   0.185692E+07   0.182475E+07  -0.440376E-01   0.926909E+06   0.926745E+06   0.535548E+00
   0.107412E+00   0.175826E+07   0.174520E+07   0.421436E+01  -0.435274E+01   0.129559E+07   0.172422E+07   0.175606E+07   0.172422E+07  -0.416113E-01   0.876069E+06   0.875926E+06   0.446508E+00
   0.112571E+00   0.167804E+07   0.166715E+07   0.365396E+01  -0.378723E+01   0.121743E+07   0.164449E+07   0.167622E+07   0.164449E+07  -0.396871E-01   0.835772E+06   0.835649E+06   0.363062E+00
   0.117730E+00   0.160789E+07   0.159897E+07   0.319428E+01  -0.332226E+01   0.114868E+07   0.157474E+07   0.160640E+07   0.157474E+07  -0.380039E-01   0.800529E+06   0.800424E+06   0.295003E+00
   0.122889E+00   0.153933E+07   0.153185E+07   0.280065E+01  -0.292294E+01   0.108295E+07   0.150660E+07   0.153808E+07   0.150660E+07  -0.363595E-01   0.766082E+06   0.765991E+06   0.247350E+00
   0.128048E+00   0.146748E+07   0.146075E+07   0.245367E+01  -0.256963E+01   0.101670E+07   0.143525E+07   0.146635E+07   0.143525E+07  -0.346376E-01   0.729985E+06   0.729900E+06   0.219982E+00
   0.133207E+00   0.139100E+07   0.138438E+07   0.214423E+01  -0.225327E+01   0.949101E+06   0.135941E+07   0.138989E+07   0.135941E+07  -0.328071E-01   0.691579E+06   0.691496E+06   0.208656E+00
   0.138366E+00   0.131155E+07   0.130457E+07   0.186943E+01  -0.197120E+01   0.881360E+06   0.128071E+07   0.131038E+07   0.128071E+07  -0.309078E-01   0.651702E+06   0.651616E+06   0.206862E+00
   0.143525E+00   0.123265E+07   0.122513E+07   0.162911E+01  -0.172361E+01   0.815878E+06   0.120265E+07   0.123139E+07   0.120265E+07  -0.290242E-01   0.612133E+06   0.612043E+06   0.207840E+00
   0.148684E+00   0.115858E+07   0.115060E+07   0.142350E+01  -0.151108E+01   0.755393E+06   0.112945E+07   0.115724E+07   0.112945E+07  -0.272575E-01   0.575010E+06   0.574918E+06   0.206235E+00
   0.153843E+00   0.109321E+07   0.108504E+07   0.125182E+01  -0.133317E+01   0.702226E+06   0.106490E+07   0.109184E+07   0.106490E+07  -0.256996E-01   0.542273E+06   0.542181E+06   0.199030E+00
   0.159002E+00   0.103877E+07   0.103078E+07   0.111119E+01  -0.118718E+01   0.657495E+06   0.101116E+07   0.103743E+07   0.101116E+07  -0.244026E-01   0.515026E+06   0.514938E+06   0.185696E+00
   0.164161E+00   0.994986E+06   0.987508E+06   0.996509E+00  -0.106797E+01   0.620673E+06   0.967932E+06   0.993731E+06   0.967932E+06  -0.233595E-01   0.493122E+06   0.493039E+06   0.167699E+00
   0.169320E+00   0.959520E+06   0.952781E+06   0.901609E+00  -0.969206E+00   0.589988E+06   0.932912E+06   0.958389E+06   0.932912E+06  -0.225143E-01   0.475386E+06   0.475311E+06   0.147665E+00
   0.174479E+00   0.929281E+06   0.923347E+06   0.820812E+00  -0.884992E+00   0.563295E+06   0.903043E+06   0.928285E+06   0.903043E+06  -0.217935E-01   0.460267E+06   0.460200E+06   0.128464E+00
   0.179638E+00   0.901280E+06   0.896064E+06   0.749639E+00  -0.810660E+00   0.538602E+06   0.875384E+06   0.900404E+06   0.875384E+06  -0.211260E-01   0.446267E+06   0.446206E+06   0.112406E+00
   0.184797E+00   0.872937E+06   0.868240E+06   0.684835E+00  -0.742750E+00   0.514354E+06   0.847404E+06   0.872148E+06   0.847404E+06  -0.204507E-01   0.432095E+06   0.432039E+06   0.100744E+00
   0.189956E+00   0.842538E+06   0.838116E+06   0.624406E+00  -0.679180E+00   0.489514E+06   0.817433E+06   0.841795E+06   0.817433E+06  -0.197274E-01   0.416901E+06   0.416848E+06   0.935611E-01
   0.195115E+00   0.809806E+06   0.805434E+06   0.567752E+00  -0.619340E+00   0.463954E+06   0.785205E+06   0.809072E+06   0.785205E+06  -0.189497E-01   0.400548E+06   0.400495E+06   0.899890E-01
   0.200274E+00   0.775812E+06   0.771336E+06   0.515268E+00  -0.563696E+00   0.438324E+06   0.751773E+06   0.775060E+06   0.751773E+06  -0.181428E-01   0.383573E+06   0.383520E+06   0.886041E-01
   0.205433E+00   0.742168E+06   0.737529E+06   0.467581E+00  -0.512974E+00   0.413543E+06   0.718717E+06   0.741389E+06   0.718717E+06  -0.173451E-01   0.366782E+06   0.366728E+06   0.878627E-01
   0.210592E+00   0.710384E+06   0.705615E+06   0.425096E+00  -0.467663E+00   0.390422E+06   0.687511E+06   0.709583E+06   0.687511E+06  -0.165920E-01   0.350928E+06   0.350873E+06   0.864883E-01
   0.215751E+00   0.681646E+06   0.676846E+06   0.387917E+00  -0.427928E+00   0.369551E+06   0.659312E+06   0.680840E+06   0.659312E+06  -0.159114E-01   0.336601E+06   0.336546E+06   0.837253E-01
   0.220910E+00   0.656669E+06   0.651968E+06   0.355829E+00  -0.393581E+00   0.351230E+06   0.634811E+06   0.655880E+06   0.634811E+06  -0.153201E-01   0.324155E+06   0.324102E+06   0.794137E-01
   0.226069E+00   0.635463E+06   0.630981E+06   0.328251E+00  -0.364030E+00   0.335370E+06   0.614009E+06   0.634711E+06   0.614009E+06  -0.148181E-01   0.313593E+06   0.313543E+06   0.738931E-01
   0.231228E+00   0.617323E+06   0.613139E+06   0.304320E+00  -0.338358E+00   0.321503E+06   0.596211E+06   0.616621E+06   0.596211E+06  -0.143886E-01   0.304560E+06   0.304513E+06   0.678063E-01
   0.236387E+00   0.601154E+06   0.597292E+06   0.283110E+00  -0.315571E+00   0.308990E+06   0.580346E+06   0.600506E+06   0.580346E+06  -0.140057E-01   0.296510E+06   0.296466E+06   0.618762E-01
   0.241546E+00   0.585842E+06   0.582272E+06   0.263830E+00  -0.294814E+00   0.297209E+06   0.565323E+06   0.585243E+06   0.565323E+06  -0.136432E-01   0.288888E+06   0.288847E+06   0.567095E-01
   0.246705E+00   0.570477E+06   0.567132E+06   0.245897E+00  -0.275452E+00   0.285676E+06   0.550258E+06   0.569915E+06   0.550258E+06  -0.132796E-01   0.281240E+06   0.281201E+06   0.526650E-01
   0.251864E+00   0.554499E+06   0.551292E+06   0.228961E+00  -0.257108E+00   0.274106E+06   0.534607E+06   0.553961E+06   0.534607E+06  -0.129019E-01   0.273289E+06   0.273252E+06   0.498083E-01
   0.257023E+00   0.537804E+06   0.534654E+06   0.212908E+00  -0.239659E+00   0.262453E+06   0.518270E+06   0.537276E+06   0.518270E+06  -0.125076E-01   0.264984E+06   0.264947E+06   0.479498E-01
   0.262182E+00   0.520716E+06   0.517566E+06   0.197799E+00  -0.223185E+00   0.250880E+06   0.501563E+06   0.520187E+06   0.501563E+06  -0.121044E-01   0.256487E+06   0.256450E+06   0.467388E-01
   0.267341E+00   0.503784E+06   0.500610E+06   0.183765E+00  -0.207839E+00   0.239652E+06   0.485022E+06   0.503251E+06   0.485022E+06  -0.117052E-01   0.248071E+06   0.248034E+06   0.457758E-01
   0.272500E+00   0.487569E+06   0.484377E+06   0.170916E+00  -0.193757E+00   0.229024E+06   0.469190E+06   0.487033E+06   0.469190E+06  -0.113231E-01   0.240014E+06   0.239977E+06   0.447147E-01
   0.277659E+00   0.472513E+06   0.469336E+06   0.159301E+00  -0.181003E+00   0.219184E+06   0.454497E+06   0.471979E+06   0.454497E+06  -0.109685E-01   0.232536E+06   0.232500E+06   0.433336E-01
   0.282818E+00   0.458874E+06   0.455755E+06   0.148894E+00  -0.169557E+00   0.210224E+06   0.441191E+06   0.458351E+06   0.441191E+06  -0.106474E-01   0.225765E+06   0.225730E+06   0.415624E-01
   0.287977E+00   0.446676E+06   0.443657E+06   0.139593E+00  -0.159315E+00   0.202125E+06   0.429292E+06   0.446170E+06   0.429292E+06  -0.103603E-01   0.219712E+06   0.219678E+06   0.394678E-01
   0.293136E+00   0.435711E+06   0.432821E+06   0.131235E+00  -0.150101E+00   0.194763E+06   0.418596E+06   0.435226E+06   0.418596E+06  -0.101021E-01   0.214271E+06   0.214239E+06   0.372086E-01
   0.298295E+00   0.425617E+06   0.422866E+06   0.123634E+00  -0.141708E+00   0.187951E+06   0.408751E+06   0.425155E+06   0.408751E+06  -0.986454E-02   0.209264E+06   0.209233E+06   0.349771E-01
   0.303454E+00   0.415995E+06   0.413376E+06   0.116611E+00  -0.133939E+00   0.181496E+06   0.399368E+06   0.415555E+06   0.399368E+06  -0.963811E-02   0.204492E+06   0.204462E+06   0.329439E-01
   0.308613E+00   0.406508E+06   0.403999E+06   0.110030E+00  -0.126642E+00   0.175240E+06   0.390122E+06   0.406087E+06   0.390122E+06  -0.941498E-02   0.199788E+06   0.199759E+06   0.312202E-01
   0.313772E+00   0.396948E+06   0.394519E+06   0.103802E+00  -0.119719E+00   0.169088E+06   0.380811E+06   0.396540E+06   0.380811E+06  -0.919025E-02   0.195048E+06   0.195020E+06   0.298407E-01
   0.318931E+00   0.387254E+06   0.384876E+06   0.978901E-01  -0.113128E+00   0.163011E+06   0.371375E+06   0.386855E+06   0.371375E+06  -0.896253E-02   0.190243E+06   0.190216E+06   0.287687E-01
   0.324090E+00   0.377500E+06   0.375150E+06   0.922909E-01  -0.106871E+00   0.157040E+06   0.361887E+06   0.377106E+06   0.361887E+06  -0.873356E-02   0.185410E+06   0.185383E+06   0.279171E-01
   0.329249E+00   0.367851E+06   0.365517E+06   0.870236E-01  -0.100970E+00   0.151239E+06   0.352506E+06   0.367459E+06   0.352506E+06  -0.850716E-02   0.180630E+06   0.180603E+06   0.271777E-01
   0.334408E+00   0.358501E+06   0.356184E+06   0.821109E-01  -0.954548E-01   0.145686E+06   0.343421E+06   0.358112E+06   0.343421E+06  -0.828792E-02   0.175999E+06   0.175973E+06   0.264503E-01
   0.339567E+00   0.349624E+06   0.347332E+06   0.775666E-01  -0.903443E-01   0.140442E+06   0.334800E+06   0.349239E+06   0.334800E+06  -0.807985E-02   0.171605E+06   0.171579E+06   0.256643E-01
   0.344726E+00   0.341323E+06   0.339069E+06   0.733861E-01  -0.856359E-01   0.135540E+06   0.326739E+06   0.340944E+06   0.326739E+06  -0.788532E-02   0.167496E+06   0.167471E+06   0.247891E-01
   0.349885E+00   0.333611E+06   0.331410E+06   0.695460E-01  -0.813048E-01   0.130973E+06   0.319254E+06   0.333242E+06   0.319254E+06  -0.770467E-02   0.163681E+06   0.163656E+06   0.238328E-01
   0.355044E+00   0.326426E+06   0.324287E+06   0.660084E-01  -0.773093E-01   0.126707E+06   0.312280E+06   0.326066E+06   0.312280E+06  -0.753636E-02   0.160127E+06   0.160102E+06   0.228320E-01
   0.360203E+00   0.319654E+06   0.317584E+06   0.627295E-01  -0.736006E-01   0.122688E+06   0.305709E+06   0.319307E+06   0.305709E+06  -0.737780E-02   0.156778E+06   0.156754E+06   0.218374E-01
   0.365362E+00   0.313171E+06   0.311167E+06   0.596672E-01  -0.701311E-01   0.118862E+06   0.299420E+06   0.312835E+06   0.299420E+06  -0.722602E-02   0.153573E+06   0.153550E+06   0.208986E-01
   0.370521E+00   0.306857E+06   0.304913E+06   0.567847E-01  -0.668593E-01   0.115177E+06   0.293298E+06   0.306531E+06   0.293298E+06  -0.707826E-02   0.150451E+06   0.150429E+06   0.200515E-01
   0.375680E+00   0.300622E+06   0.298727E+06   0.540540E-01  -0.637535E-01   0.111595E+06   0.287253E+06   0.300304E+06   0.287253E+06  -0.693239E-02   0.147369E+06   0.147348E+06   0.193116E-01
   0.380839E+00   0.294418E+06   0.292562E+06   0.514579E-01  -0.607946E-01   0.108096E+06   0.281242E+06   0.294106E+06   0.281242E+06  -0.678733E-02   0.144303E+06   0.144282E+06   0.186738E-01
   0.385998E+00   0.288254E+06   0.286428E+06   0.489900E-01  -0.579757E-01   0.104682E+06   0.275273E+06   0.287947E+06   0.275273E+06  -0.664327E-02   0.141258E+06   0.141237E+06   0.181173E-01
   0.391157E+00   0.282183E+06   0.280381E+06   0.466516E-01  -0.552997E-01   0.101369E+06   0.269397E+06   0.281880E+06   0.269397E+06  -0.650146E-02   0.138259E+06   0.138238E+06   0.176134E-01
   0.396316E+00   0.276271E+06   0.274492E+06   0.444460E-01  -0.527710E-01   0.981783E+05   0.263677E+06   0.275972E+06   0.263677E+06  -0.636342E-02   0.135340E+06   0.135319E+06   0.171324E-01
   0.401475E+00   0.270572E+06   0.268817E+06   0.423736E-01  -0.503912E-01   0.951255E+05   0.258164E+06   0.270277E+06   0.258164E+06  -0.623038E-02   0.132525E+06   0.132505E+06   0.166512E-01
   0.406634E+00   0.265116E+06   0.263389E+06   0.404311E-01  -0.481571E-01   0.922176E+05   0.252889E+06   0.264826E+06   0.252889E+06  -0.610306E-02   0.129832E+06   0.129813E+06   0.161564E-01
   0.411793E+00   0.259918E+06   0.258223E+06   0.386129E-01  -0.460631E-01   0.894559E+05   0.247865E+06   0.259634E+06   0.247865E+06  -0.598182E-02   0.127268E+06   0.127248E+06   0.156464E-01
   0.416952E+00   0.254974E+06   0.253315E+06   0.369106E-01  -0.440999E-01   0.868340E+05   0.243087E+06   0.254696E+06   0.243087E+06  -0.586651E-02   0.124828E+06   0.124809E+06   0.151285E-01
   0.422111E+00   0.250253E+06   0.248631E+06   0.353129E-01  -0.422548E-01   0.843378E+05   0.238525E+06   0.249980E+06   0.238525E+06  -0.575642E-02   0.122499E+06   0.122481E+06   0.146156E-01
   0.427270E+00   0.245702E+06   0.244118E+06   0.338064E-01  -0.405125E-01   0.819464E+05   0.234130E+06   0.245436E+06   0.234130E+06  -0.565035E-02   0.120255E+06   0.120237E+06   0.141214E-01
   0.432429E+00   0.241274E+06   0.239726E+06   0.323794E-01  -0.388595E-01   0.796407E+05   0.229854E+06   0.241014E+06   0.229854E+06  -0.554716E-02   0.118072E+06   0.118054E+06   0.136569E-01
   0.437588E+00   0.236939E+06   0.235423E+06   0.310235E-01  -0.372862E-01   0.774086E+05   0.225669E+06   0.236684E+06   0.225669E+06  -0.544617E-02   0.115934E+06   0.115917E+06   0.132286E-01
   0.442747E+00   0.232682E+06   0.231194E+06   0.297328E-01  -0.357862E-01   0.752433E+05   0.221561E+06   0.232432E+06   0.221561E+06  -0.534702E-02   0.113835E+06   0.113818E+06   0.128374E-01
   0.447906E+00   0.228493E+06   0.227030E+06   0.285030E-01  -0.343545E-01   0.731403E+05   0.217521E+06   0.228247E+06   0.217521E+06  -0.524951E-02   0.111771E+06   0.111754E+06   0.124785E-01
   0.453065E+00   0.224376E+06   0.222936E+06   0.273311E-01  -0.329880E-01   0.710990E+05   0.213551E+06   0.224134E+06   0.213551E+06  -0.515371E-02   0.109742E+06   0.109726E+06   0.121444E-01
   0.458224E+00   0.220348E+06   0.218928E+06   0.262161E-01  -0.316858E-01   0.691229E+05   0.209668E+06   0.220109E+06   0.209668E+06  -0.505999E-02   0.107758E+06   0.107741E+06   0.118263E-01
   0.463383E+00   0.216431E+06   0.215032E+06   0.251579E-01  -0.304482E-01   0.672179E+05   0.205894E+06   0.216196E+06   0.205894E+06  -0.496891E-02   0.105828E+06   0.105812E+06   0.115168E-01
   0.468542E+00   0.212644E+06   0.211265E+06   0.241555E-01  -0.292741E-01   0.653874E+05   0.202245E+06   0.212412E+06   0.202245E+06  -0.488085E-02   0.103963E+06   0.103947E+06   0.112107E-01
   0.473701E+00   0.208987E+06   0.207631E+06   0.232061E-01  -0.281608E-01   0.636301E+05   0.198723E+06   0.208759E+06   0.198723E+06  -0.479585E-02   0.102162E+06   0.102147E+06   0.109060E-01
   0.478860E+00   0.205456E+06   0.204123E+06   0.223064E-01  -0.271043E-01   0.619423E+05   0.195323E+06   0.205232E+06   0.195323E+06  -0.471380E-02   0.100424E+06   0.100409E+06   0.106033E-01
   0.484019E+00   0.202042E+06   0.200733E+06   0.214530E-01  -0.261008E-01   0.603198E+05   0.192036E+06   0.201822E+06   0.192036E+06  -0.463449E-02   0.987437E+05   0.987287E+05   0.103053E-01
   0.489178E+00   0.198736E+06   0.197450E+06   0.206424E-01  -0.251464E-01   0.587580E+05   0.188854E+06   0.198520E+06   0.188854E+06  -0.455769E-02   0.971164E+05   0.971017E+05   0.100157E-01
   0.494337E+00   0.195521E+06   0.194259E+06   0.198709E-01  -0.242370E-01   0.572509E+05   0.185762E+06   0.195310E+06   0.185762E+06  -0.448306E-02   0.955349E+05   0.955205E+05   0.973795E-02
   0.499496E+00   0.192383E+06   0.191142E+06   0.191350E-01  -0.233681E-01   0.557921E+05   0.182743E+06   0.192174E+06   0.182743E+06  -0.441020E-02   0.939906E+05   0.939764E+05   0.947416E-02
   0.504655E+00   0.189306E+06   0.188087E+06   0.184315E-01  -0.225366E-01   0.543767E+05   0.179784E+06   0.189101E+06   0.179784E+06  -0.433880E-02   0.924772E+05   0.924632E+05   0.922501E-02
   0.509814E+00   0.186289E+06   0.185089E+06   0.177588E-01  -0.217402E-01   0.530028E+05   0.176884E+06   0.186087E+06   0.176884E+06  -0.426880E-02   0.909933E+05   0.909795E+05   0.898980E-02
   0.514973E+00   0.183334E+06   0.182151E+06   0.171156E-01  -0.209777E-01   0.516701E+05   0.174044E+06   0.183135E+06   0.174044E+06  -0.420026E-02   0.895400E+05   0.895264E+05   0.876672E-02
   0.520132E+00   0.180443E+06   0.179278E+06   0.165007E-01  -0.202478E-01   0.503783E+05   0.171266E+06   0.180247E+06   0.171266E+06  -0.413323E-02   0.881185E+05   0.881052E+05   0.855330E-02
   0.525291E+00   0.177618E+06   0.176470E+06   0.159131E-01  -0.195494E-01   0.491269E+05   0.168553E+06   0.177425E+06   0.168553E+06  -0.406775E-02   0.867298E+05   0.867167E+05   0.834702E-02
   0.530450E+00   0.174863E+06   0.173731E+06   0.153517E-01  -0.188813E-01   0.479159E+05   0.165907E+06   0.174673E+06   0.165907E+06  -0.400390E-02   0.853755E+05   0.853626E+05   0.814595E-02
   0.535609E+00   0.172182E+06   0.171066E+06   0.148158E-01  -0.182427E-01   0.467456E+05   0.163333E+06   0.171995E+06   0.163333E+06  -0.394178E-02   0.840580E+05   0.840452E+05   0.794899E-02
   0.540768E+00   0.169577E+06   0.168478E+06   0.143043E-01  -0.176326E-01   0.456155E+05   0.160833E+06   0.169393E+06   0.160833E+06  -0.388143E-02   0.827778E+05   0.827652E+05   0.775587E-02
   0.545927E+00   0.167043E+06   0.165961E+06   0.138157E-01  -0.170491E-01   0.445233E+05   0.158401E+06   0.166862E+06   0.158401E+06  -0.382276E-02   0.815330E+05   0.815206E+05   0.756691E-02
   0.551086E+00   0.164574E+06   0.163508E+06   0.133485E-01  -0.164905E-01   0.434664E+05   0.156032E+06   0.164395E+06   0.156032E+06  -0.376558E-02   0.803199E+05   0.803077E+05   0.738282E-02
   0.556245E+00   0.162164E+06   0.161114E+06   0.129013E-01  -0.159551E-01   0.424425E+05   0.153720E+06   0.161988E+06   0.153720E+06  -0.370979E-02   0.791361E+05   0.791241E+05   0.720447E-02
   0.561404E+00   0.159810E+06   0.158776E+06   0.124729E-01  -0.154417E-01   0.414500E+05   0.151463E+06   0.159636E+06   0.151463E+06  -0.365532E-02   0.779800E+05   0.779682E+05   0.703261E-02
   0.566563E+00   0.157508E+06   0.156489E+06   0.120623E-01  -0.149490E-01   0.404872E+05   0.149256E+06   0.157337E+06   0.149256E+06  -0.360206E-02   0.768497E+05   0.768380E+05   0.686757E-02
   0.571722E+00   0.155253E+06   0.154249E+06   0.116683E-01  -0.144756E-01   0.395521E+05   0.147095E+06   0.155085E+06   0.147095E+06  -0.354990E-02   0.757426E+05   0.757311E+05   0.670924E-02
   0.576881E+00   0.153042E+06   0.152052E+06   0.112899E-01  -0.140205E-01   0.386432E+05   0.144976E+06   0.152876E+06   0.144976E+06  -0.349876E-02   0.746571E+05   0.746457E+05   0.655712E-02
   0.582040E+00   0.150876E+06   0.149899E+06   0.109265E-01  -0.135830E-01   0.377601E+05   0.142900E+06   0.150712E+06   0.142900E+06  -0.344867E-02   0.735936E+05   0.735824E+05   0.641055E-02
   0.587199E+00   0.148756E+06   0.147793E+06   0.105777E-01  -0.131626E-01   0.369028E+05   0.140870E+06   0.148594E+06   0.140870E+06  -0.339967E-02   0.725533E+05   0.725422E+05   0.626880E-02
   0.592358E+00   0.146684E+06   0.145733E+06   0.102430E-01  -0.127586E-01   0.360710E+05   0.138886E+06   0.146524E+06   0.138886E+06  -0.335178E-02   0.715364E+05   0.715255E+05   0.613118E-02
   0.597517E+00   0.144657E+06   0.143720E+06   0.992162E-02  -0.123703E-01   0.352635E+05   0.136946E+06   0.144500E+06   0.136946E+06  -0.330496E-02   0.705421E+05   0.705314E+05   0.599711E-02
   0.602676E+00   0.142676E+06   0.141751E+06   0.961297E-02  -0.119970E-01   0.344797E+05   0.135049E+06   0.142521E+06   0.135049E+06  -0.325919E-02   0.695701E+05   0.695595E+05   0.586628E-02
   0.607835E+00   0.140740E+06   0.139828E+06   0.931657E-02  -0.116382E-01   0.337192E+05   0.133197E+06   0.140587E+06   0.133197E+06  -0.321448E-02   0.686205E+05   0.686100E+05   0.573866E-02
   0.612994E+00   0.138850E+06   0.137949E+06   0.903189E-02  -0.112931E-01   0.329813E+05   0.131387E+06   0.138698E+06   0.131387E+06  -0.317082E-02   0.676930E+05   0.676827E+05   0.561434E-02
   0.618153E+00   0.137000E+06   0.136112E+06   0.875826E-02  -0.109612E-01   0.322647E+05   0.129618E+06   0.136851E+06   0.129618E+06  -0.312813E-02   0.667862E+05   0.667760E+05   0.549343E-02
   0.665885E+00   0.121557E+06   0.120768E+06   0.666212E-02  -0.840548E-02   0.264980E+05   0.114860E+06   0.121424E+06   0.114860E+06  -0.277195E-02   0.592166E+05   0.592075E+05   0.453520E-02
   0.717303E+00   0.107786E+06   0.107086E+06   0.506535E-02  -0.644094E-02   0.216968E+05   0.101723E+06   0.107668E+06   0.101723E+06  -0.245492E-02   0.524737E+05   0.524656E+05   0.374162E-02
   0.772691E+00   0.955335E+05   0.949126E+05   0.385036E-02  -0.493286E-02   0.177164E+05   0.900549E+05   0.954293E+05   0.900549E+05  -0.217333E-02   0.464801E+05   0.464729E+05   0.308708E-02
   0.895965E+00   0.749939E+05   0.745058E+05   0.222793E-02  -0.289443E-02   0.117332E+05   0.705428E+05   0.749120E+05   0.705428E+05  -0.170244E-02   0.364462E+05   0.364406E+05   0.210359E-02
   0.125042E+01   0.431649E+05   0.428832E+05   0.647260E-03  -0.863441E-03   0.446226E+04   0.404444E+05   0.431176E+05   0.404444E+05  -0.976060E-03   0.209360E+05   0.209327E+05   0.887150E-03
   0.174510E+01   0.246152E+05   0.244542E+05   0.186352E-03  -0.255344E-03   0.161495E+04   0.229994E+05   0.245882E+05   0.229994E+05  -0.554982E-03   0.119226E+05   0.119206E+05   0.377497E-03
   0.243548E+01   0.139180E+05   0.138267E+05   0.539817E-04  -0.741254E-04   0.558789E+03   0.129799E+05   0.139027E+05   0.129799E+05  -0.313273E-03   0.673528E+04   0.673408E+04   0.164637E-03
